9.225602893149067790e-04 1.177563586909853631e-04 3.813162073070390273e-06 3.558399041210592623e-06 7.311881526334728298e-06 6.957777166713546564e-06 9.585673756421175763e-06 8.884493406748718075e-06
1.014816318246397446e-02 1.199959140011656520e-04 3.884071694889993428e-06 3.621127248120106410e-06 7.439526596126060532e-06 7.096646059437570716e-06 9.767764717299591863e-06 9.059884288456217065e-06
1.937376607561304073e-02 1.223808494684187334e-04 3.958460823806961683e-06 3.688022067068654343e-06 7.575729612614338178e-06 7.240490587165636675e-06 9.961848516120086700e-06 9.246528645979191206e-06
2.859936896876210874e-02 1.249277442448620736e-04 4.037856417030041400e-06 3.759573053132753725e-06 7.739457652792034554e-06 7.378849823314620623e-06 1.016930060726019790e-05 9.445694453489141343e-06
3.782497186191117328e-02 1.276491544100667069e-04 4.122642128124285633e-06 3.836131628965873744e-06 7.918241496339054183e-06 7.542575120666263370e-06 1.039115622142753399e-05 9.658363698771357288e-06
4.705057475506025516e-02 1.305593269278617708e-04 4.213253371659517969e-06 3.918097131572776054e-06 8.109208123209109709e-06 7.717353495010546805e-06 1.062859024492646934e-05 9.885649861079951633e-06
5.627617764820931623e-02 1.336702514630388539e-04 4.310054221010837247e-06 4.005790904136006256e-06 8.313183591103311511e-06 7.903915581692868208e-06 1.088257854427640537e-05 1.012852010478444459e-05
6.550178054135838424e-02 1.370137781239518123e-04 4.414033110108813709e-06 4.100163221187696182e-06 8.532135708885188767e-06 8.103787059232566434e-06 1.115577989996925558e-05 1.038937915556794309e-05
7.472738343450743836e-02 1.405925323182086759e-04 4.525253092455537064e-06 4.199826602138765751e-06 8.766397708466993179e-06 8.317342632721682694e-06 1.144836610804310872e-05 1.066854813220870311e-05
8.395298632765652025e-02 1.444436512389433731e-04 4.644864121324643975e-06 4.307050308516925967e-06 9.018284387282834384e-06 8.546827284715757594e-06 1.176343236949342792e-05 1.096884580833434853e-05
9.317858922080557438e-02 1.485889016630750220e-04 4.772278415997289157e-06 4.423449622950587469e-06 9.289270264689289012e-06 8.793546362095291209e-06 1.210275939660107668e-05 1.129201025286890670e-05
1.024041921139546424e-01 1.530617802143880953e-04 4.908920079917746026e-06 4.561840277112199239e-06 9.581524917922756152e-06 9.052578009578440181e-06 1.246911925483105911e-05 1.164064147770693496e-05
1.116297950071036965e-01 1.579038944576515097e-04 5.063582093616094760e-06 4.711800753344263853e-06 9.897743084822952777e-06 9.328467758227892374e-06 1.286594140208200039e-05 1.201798177600190321e-05
1.208553979002527506e-01 1.631566396097501950e-04 5.227643908565230346e-06 4.874640156522227433e-06 1.024062928879157790e-05 9.627663023182209037e-06 1.329664855351434904e-05 1.242726022793709398e-05
1.300810007934018186e-01 1.688609046983747337e-04 5.404708339164590331e-06 5.038672154883091277e-06 1.061291800529280791e-05 9.952302155049409836e-06 1.376460285887340308e-05 1.287171400180575132e-05
1.393066036865509005e-01 1.750900732327875700e-04 5.593772681216561786e-06 5.212644780264408207e-06 1.101904270448767560e-05 1.030686518091591605e-05 1.427588213013248459e-05 1.335700841138834035e-05
1.485322065796999824e-01 1.819092765902808261e-04 5.797213319157055881e-06 5.405867731766642037e-06 1.146347545248653987e-05 1.069504829175993259e-05 1.483586413491381497e-05 1.388824444218186849e-05
1.577578094728490643e-01 1.893635427332537749e-04 6.032566817053091040e-06 5.629091340158848700e-06 1.194990205054288052e-05 1.111927810081936394e-05 1.544822020851048918e-05 1.446910538401428620e-05
1.669834123659981462e-01 1.975890463264266578e-04 6.291737005617353742e-06 5.881634988263528905e-06 1.249163171893825420e-05 1.158749449697800199e-05 1.612423842155494302e-05 1.511007285224204365e-05
1.762090152591472003e-01 2.066696692779131290e-04 6.572336216568357235e-06 6.161305697521899782e-06 1.308962674163044611e-05 1.210434428619875736e-05 1.687084963701657799e-05 1.581779069777507836e-05
1.854346181522962822e-01 2.167446676624770871e-04 6.886159533097183354e-06 6.464771038075100163e-06 1.375295373699247123e-05 1.267791703630992656e-05 1.769955880578347358e-05 1.660315294385391487e-05
1.946602210454453641e-01 2.279654692217382092e-04 7.238769178081241309e-06 6.812952925224733140e-06 1.448279723971043396e-05 1.332824716128013583e-05 1.862289205267100129e-05 1.747803682678765653e-05
2.038858239385944460e-01 2.405129812816883561e-04 7.652506829203525179e-06 7.202268680786755913e-06 1.528501126213502358e-05 1.403879896123150098e-05 1.965579687914496051e-05 1.845667526767291516e-05
2.131114268317435001e-01 2.546208021875679436e-04 8.076750410764379270e-06 7.639955832516745569e-06 1.620627386064320188e-05 1.483728714541911664e-05 2.081762930547851036e-05 1.955734704022494262e-05
2.223370297248925820e-01 2.705584933061920723e-04 8.585076848342603709e-06 8.128614622613370734e-06 1.724745663452356172e-05 1.574295029653217893e-05 2.213065570415094887e-05 2.080131599239168306e-05
2.315626326180416361e-01 2.886706626104652883e-04 9.163043278802599986e-06 8.656718363389938678e-06 1.843074643397300599e-05 1.677454936894318517e-05 2.362346523671413068e-05 2.221558605834065420e-05
2.407882355111907180e-01 3.093805512931679046e-04 9.814253496538997631e-06 9.258009747118692203e-06 1.977790571711199753e-05 1.795401268185983258e-05 2.533108637198006226e-05 2.383350628398724124e-05
2.500138384043397721e-01 3.332224229601818953e-04 1.056074929422476426e-05 9.949901429845843092e-06 2.127608387649248005e-05 1.934627122541799369e-05 2.729783408097054363e-05 2.569708804564578781e-05
2.592394412974888818e-01 3.608738082212300667e-04 1.142736846494046832e-05 1.077523572686270303e-05 2.301213615090482974e-05 2.096714290213862663e-05 2.957989391831291649e-05 2.785971608707980222e-05
2.684650441906379359e-01 3.932424398481093510e-04 1.239593289836137717e-05 1.172624211656723547e-05 2.504251138316738795e-05 2.286668410139756739e-05 3.225257223935976787e-05 3.033252157106725369e-05
2.776906470837869900e-01 4.314525246254100380e-04 1.360665366458799772e-05 1.286272265645283961e-05 2.743703530144823554e-05 2.511174643989434827e-05 3.540923333972820827e-05 3.324946482688808692e-05
2.869162499769360997e-01 4.770452324199092706e-04 1.505246660275767019e-05 1.413990174548452466e-05 3.029135754989848708e-05 2.779416678867871904e-05 3.917792787482612124e-05 3.672797545386976680e-05
2.961418528700851538e-01 5.321062997339711135e-04 1.679598684635355381e-05 1.572394669884348908e-05 3.373475433423353109e-05 3.103849529794246772e-05 4.373213507226337247e-05 4.092627477331862128e-05
3.053674557632342079e-01 5.994958818922464230e-04 1.892650433619991971e-05 1.766020102559966685e-05 3.794434239053491153e-05 3.501588711211369668e-05 4.926175613089020175e-05 4.606120702918548027e-05
3.145930586563833176e-01 6.832772298489710574e-04 2.158375899056022042e-05 2.005739310448394295e-05 4.317136142945336621e-05 3.997015402032238693e-05 5.608390075893202736e-05 5.244059384728271510e-05
3.238186615495323717e-01 7.893223667230906586e-04 2.500167699342906256e-05 2.312509795561750077e-05 4.986737084101261746e-05 4.619364334056976461e-05 6.470859947536693451e-05 6.050887161169473619e-05
3.330442644426814813e-01 9.264102322468803800e-04 2.948398855562664195e-05 2.704583810046550223e-05 5.854013793717973650e-05 5.419552245446569542e-05 7.584251685761433503e-05 7.092990367414057484e-05
3.422698673358305355e-01 1.108011271591701711e-03 3.543740821439884080e-05 3.240782359326382228e-05 7.004378412883791732e-05 6.478511263870688486e-05 9.056742035240257331e-05 8.472096339441040520e-05
3.514954702289795896e-01 1.355845287736545147e-03 4.337285292220992815e-05 3.943366855854615709e-05 8.590953974614784841e-05 7.922176722020986793e-05 1.106234186564743031e-04 1.035199185663601782e-04
3.607210731221286992e-01 1.706428301820201929e-03 5.452647239602361091e-05 4.937591942430225728e-05 1.084341825228153557e-04 9.953924360986692206e-05 1.389272502802093787e-04 1.300749526952724860e-04
3.699466760152777534e-01 2.224192736896773038e-03 7.049300515717202981e-05 6.447162197101502859e-05 1.415450805103183295e-04 1.289792413469628002e-04 1.806040926816670361e-04 1.692216074451503849e-04
3.791722789084268630e-01 3.030211369843137555e-03 9.543990006319726452e-05 8.816223650423430161e-05 1.923333711602035270e-04 1.743496458903536460e-04 2.452443140933042477e-04 2.300093450680789145e-04
3.883978818015759171e-01 4.365665673847209279e-03 1.357212384415999035e-04 1.282655650162584093e-04 2.761347454280742297e-04 2.520613564630210315e-04 3.518620080971163883e-04 3.303472780166460954e-04
3.976234846947249713e-01 6.726188004142940463e-03 2.069689935646134779e-04 1.997832939908536151e-04 4.250407719971188020e-04 3.829174884421400124e-04 5.393860419874649259e-04 5.066018042599951601e-04
4.068490875878740809e-01 1.100319637416383688e-02 3.390245709493904663e-04 3.310999885445097685e-04 6.974637796587010441e-04 6.207886278807028813e-04 8.784232823761430053e-04 8.223851948137503309e-04
4.160746904810231350e-01 1.729240133149569092e-02 5.324457462043338807e-04 5.159417667646368222e-04 1.059838701516827714e-03 9.792471041893575923e-04 1.385651372430546369e-03 1.290547408468196294e-03
4.253002933741722447e-01 1.931808212374534414e-02 6.033396283687195161e-04 5.631712924176815460e-04 1.190602352398262287e-03 1.085878866970702017e-03 1.581605612084962392e-03 1.418650459740562059e-03
4.345258962673212988e-01 1.332331844397353915e-02 4.099895125638363530e-04 3.830880910095924019e-04 8.217376150835738191e-04 7.561556464480510137e-04 1.111477216543784244e-03 9.846485087716492363e-04
4.437514991604703529e-01 7.681916684313503003e-03 2.340694765342330244e-04 2.204853557666456090e-04 4.785789110936756671e-04 4.367658008321969806e-04 6.431694360851470185e-04 5.715051334770349101e-04
4.529771020536194626e-01 4.550958173950504955e-03 1.385173547125686730e-04 1.308733306288429807e-04 2.851461819188281024e-04 2.580305497808556281e-04 3.802691482725269884e-04 3.396176902890728211e-04
4.622027049467684612e-01 2.886534574539257811e-03 8.833213447965700474e-05 8.260022781758418961e-05 1.810204375132483390e-04 1.629372159008038966e-04 2.404792539709280953e-04 2.157563945728948641e-04
4.714283078399175708e-01 1.948883065311895211e-03 5.945472265152305751e-05 5.536798111698600783e-05 1.232824520131516836e-04 1.101920878915534693e-04 1.619076301094819325e-04 1.470411400208823573e-04
4.806539107330666249e-01 1.383648444493760067e-03 4.242699303294182253e-05 3.925200959305989029e-05 8.747511490587393107e-05 7.844783464865524684e-05 1.146655747093618203e-04 1.051055233988842149e-04
4.898795136262157346e-01 1.022188782442932540e-03 3.148572111598716902e-05 2.906448750350639973e-05 6.446595434260872330e-05 5.798975141522739324e-05 8.452719075929685313e-05 7.804893463860809386e-05
4.991051165193647332e-01 7.793932512808252186e-04 2.411763390064718300e-05 2.231642863209919603e-05 4.919880561281536179e-05 4.417624341395256019e-05 6.432564416179839713e-05 5.975292787990468552e-05
5.083307194125139539e-01 6.096681927080043438e-04 1.890769782741193086e-05 1.756709070834948545e-05 3.851249206684808322e-05 3.459803542459570763e-05 5.022998408494205782e-05 4.689629993908761129e-05
5.175563223056629525e-01 4.870407093088399068e-04 1.512647352017870575e-05 1.400376009809758959e-05 3.078274026749853618e-05 2.767264217303866489e-05 4.006241834117869839e-05 3.756813209672833472e-05
5.267819251988120621e-01 3.959672421207290635e-04 1.220655622101310747e-05 1.136073934052047327e-05 2.503366559194710643e-05 2.252464513474494506e-05 3.252214167188114714e-05 3.061603165629224509e-05
5.360075280919610607e-01 3.267385140776640925e-04 1.003116842009229778e-05 9.392485488007103374e-06 2.066394708515154359e-05 1.860753111102524246e-05 2.679800350024915930e-05 2.531571831964138245e-05
5.452331309851101704e-01 2.730595613896482851e-04 8.429644886295795895e-06 7.852768708889923312e-06 1.727430172653000254e-05 1.556700923309938759e-05 2.236492104770704779e-05 2.119535278633926127e-05
5.544587338782591690e-01 2.307389533425339024e-04 7.143914955571467346e-06 6.631952258752914480e-06 1.461227161510638469e-05 1.316703025269592856e-05 1.887375905090235345e-05 1.793940216488434003e-05
5.636843367714083897e-01 1.968713572800915722e-04 6.046203638827103623e-06 5.674465308135934801e-06 1.251705162139262828e-05 1.124349121562010097e-05 1.608280641137566341e-05 1.532843396806127440e-05
5.729099396645573883e-01 1.694090634686321549e-04 5.199480265728284676e-06 4.873325092312328537e-06 1.081317221358554792e-05 9.681340628438776146e-06 1.382189337325120558e-05 1.320729209004770283e-05
5.821355425577064979e-01 1.469111441937399865e-04 4.495966450886120002e-06 4.217196939482317558e-06 9.364212247626172618e-06 8.373130116899537038e-06 1.197142185968471523e-05 1.146655255408553687e-05
5.913611454508554965e-01 1.282612601569543939e-04 3.924334078194156904e-06 3.693501625013099945e-06 8.161127021042683012e-06 7.281269430312777425e-06 1.043878210034619399e-05 1.002121092395212327e-05
6.005867483440046062e-01 1.126837625222890902e-04 3.437483130827446282e-06 3.244443555276002654e-06 7.155866170374908068e-06 6.423673599199696124e-06 9.159722120059574720e-06 8.812087748262360733e-06
6.098123512371537158e-01 9.955069379371759306e-05 3.025879876235055416e-06 2.884857715819872130e-06 6.307621795534636123e-06 5.681728606192118893e-06 8.082240911903905444e-06 7.791231364439698930e-06
6.190379541303028255e-01 8.840831352586092434e-05 2.699583033106300227e-06 2.577972965022459718e-06 5.587903619033005487e-06 5.021084805788563030e-06 7.168807385907747295e-06 6.923867646605930582e-06
6.282635570234518241e-01 7.889432857600568510e-05 2.426227276696845542e-06 2.303858930182616036e-06 4.973373808679642681e-06 4.497821752143431133e-06 6.389470854794779405e-06 6.182228775001346525e-06
6.374891599166009337e-01 7.071104114677078582e-05 2.178149717893551347e-06 2.067072245309566915e-06 4.446255817775780772e-06 4.045995280162328488e-06 5.718510185400885832e-06 5.543467840966512629e-06
6.467147628097499323e-01 6.364265278839728297e-05 1.952534705417337734e-06 1.866790825673540831e-06 3.996184837287626882e-06 3.639658735243968344e-06 5.138994616857276332e-06 4.990984444079610987e-06
6.559403657028991530e-01 5.750429700556257661e-05 1.763984529029370512e-06 1.678068889757572911e-06 3.607301210265376386e-06 3.292145249779822921e-06 4.636484229211206671e-06 4.510563082517478025e-06
6.651659685960481516e-01 5.214361167363548759e-05 1.600833521961384019e-06 1.518943711719177383e-06 3.277431425140833754e-06 2.992229640738812489e-06 4.198266992415707478e-06 4.090461155068616302e-06
6.743915714891972613e-01 4.744986413263012245e-05 1.448511170690943675e-06 1.383269818939337039e-06 2.988169223010806754e-06 2.719234798295476821e-06 3.815169283794762520e-06 3.722121321590132997e-06
6.836171743823462599e-01 4.332140120531126343e-05 1.322059056276496261e-06 1.261176225878182940e-06 2.733389253663531554e-06 2.479460778535811402e-06 3.478732945380660641e-06 3.397721541072748052e-06
6.928427772754953695e-01 3.967798968357903278e-05 1.207717767719145442e-06 1.154331557481227499e-06 2.508222489226055014e-06 2.268101995446355947e-06 3.182288622996438151e-06 3.111034095236716126e-06
7.020683801686443681e-01 3.644977372705066661e-05 1.103458849753826093e-06 1.057472206811203256e-06 2.307930637861895439e-06 2.081196131129413210e-06 2.920033769412090836e-06 2.856669176195847674e-06
7.112939830617935888e-01 3.358349297459372999e-05 1.016441124339562607e-06 9.763477523826885086e-07 2.119027205480433556e-06 1.915623195233906765e-06 2.688712631672563597e-06 2.630505618721255649e-06
7.205195859549425874e-01 3.103290321785161617e-05 9.407585833091184897e-07 8.994846515735589786e-07 1.967045882205068548e-06 1.768637754432178066e-06 2.481231387179374148e-06 2.428944896791426891e-06
7.297451888480916971e-01 2.874392700571985922e-05 8.727081020079452563e-07 8.300996501134720303e-07 1.829958212311186229e-06 1.637022431376768204e-06 2.296058294217875125e-06 2.247837128771969630e-06
7.389707917412406957e-01 2.670441183696260109e-05 8.072961689688231085e-07 7.751886639373290573e-07 1.694613564080691234e-06 1.519981420367903465e-06 2.131504817952482460e-06 2.086176720772706518e-06
7.481963946343899163e-01 2.487096249534795985e-05 7.495582428123811721e-07 7.273322975246932452e-07 1.572903887106683827e-06 1.413026410444606477e-06 1.983812241530474928e-06 1.940630893526458761e-06
7.574219975275389150e-01 2.322290743807967035e-05 7.029237978314588765e-07 6.758059519321280386e-07 1.463400161172822981e-06 1.317117211100320384e-06 1.851288835959588179e-06 1.809584077033455420e-06
7.666476004206880246e-01 2.173606185714680876e-05 6.599907851010149899e-07 6.294135169714652289e-07 1.364490102013767790e-06 1.230700847821746609e-06 1.731933183301409134e-06 1.691155122334819046e-06
7.758732033138370232e-01 2.039576932920770397e-05 6.210467195779231970e-07 5.935026927868575415e-07 1.275277471693733966e-06 1.153010066215185862e-06 1.624533705417442449e-06 1.584208977712474846e-06
7.850988062069861328e-01 1.918463030458494815e-05 5.846016701709572984e-07 5.613999190479510200e-07 1.194609559501001370e-06 1.085367076629181385e-06 1.527665730437191598e-06 1.487384906198464509e-06
7.943244091001351315e-01 1.808711785131780048e-05 5.521132125538954279e-07 5.291572737600497203e-07 1.132009031191076831e-06 1.023659283284717250e-06 1.440051866009374617e-06 1.399463958657172865e-06
8.035500119932843521e-01 1.709293011209484507e-05 5.257239183014357823e-07 4.990924933147343565e-07 1.077166854078131033e-06 9.634807258089126845e-07 1.360841094349462871e-06 1.319653938615767362e-06
8.127756148864333507e-01 1.619061100538573419e-05 4.987829836723789803e-07 4.715774938692593595e-07 1.023206098470809389e-06 9.118220091285491116e-07 1.289085301188822291e-06 1.247061204974018192e-06
8.220012177795824604e-01 1.537345707963409745e-05 4.740345263603804613e-07 4.479805063856015859e-07 9.782198265521807102e-07 8.640840395951331104e-07 1.227812563048232876e-06 1.181146719634852221e-06
8.312268206727314590e-01 1.462936346291422540e-05 4.522200117348624344e-07 4.263931112731282662e-07 9.362126464376466310e-07 8.210360636561044262e-07 1.177238558752146446e-06 1.120982072259197292e-06
8.404524235658805686e-01 1.395128820152155082e-05 4.308181599937446467e-07 4.098774673714516726e-07 8.903252485803080687e-07 7.809121509681567924e-07 1.131261509067704721e-06 1.066014604472451764e-06
8.496780264590296783e-01 1.333511714422694973e-05 4.104851092986119474e-07 3.912546375742710256e-07 8.493481204551274537e-07 7.482484866085616277e-07 1.089639494959815410e-06 1.015908558816041500e-06
8.589036293521787879e-01 1.277399463613090855e-05 3.949269737848731511e-07 3.753596573920359853e-07 8.130730249777634550e-07 7.172911262038580608e-07 1.051863850527061156e-06 9.701380217868953002e-07
8.681292322453277865e-01 1.226398346897725704e-05 3.766159808282642548e-07 3.640913042536527431e-07 7.786422102370566353e-07 6.892702827024214420e-07 1.017680012637434150e-06 9.283876374855940574e-07
8.773548351384768962e-01 1.179792435905270927e-05 3.617466469400882809e-07 3.506663939431451879e-07 7.522242959613890766e-07 6.616469704439177575e-07 9.792251800191879960e-07 8.901035969474250701e-07
8.865804380316258948e-01 1.137475164905266107e-05 3.506750786179726862e-07 3.409177230581475514e-07 7.262660236131614634e-07 6.377165984635965008e-07 9.432532797676434762e-07 8.551945038851790226e-07
8.958060409247751155e-01 1.099062435864579138e-05 3.413733445954079395e-07 3.320801653402045457e-07 7.007448559058361939e-07 6.147746013566822979e-07 9.102890982451343434e-07 8.233571679454596340e-07
9.050316438179241141e-01 1.063936086192981469e-05 3.303222806659199072e-07 3.223525793897712198e-07 6.769055464051729502e-07 5.970217930259964214e-07 8.798546313431771963e-07 7.997907683393577386e-07
9.142572467110732237e-01 1.032050403148982859e-05 3.202417533024425045e-07 3.123126855679386824e-07 6.562059957025973141e-07 5.794295089918618266e-07 8.519233132397387214e-07 7.790216027102403934e-07
9.234828496042222223e-01 1.003138399445991979e-05 3.112229218308030663e-07 3.034706728835062450e-07 6.396297761928975648e-07 5.635309521662982201e-07 8.262993631727230936e-07 7.601340425027879207e-07
9.327084524973712210e-01 9.769820893323422081e-06 3.019884966099251484e-07 2.949108053401138446e-07 6.206660652778690307e-07 5.491613587872794098e-07 8.028165339663721685e-07 7.429957053507329508e-07
9.419340553905202196e-01 9.532677925800155268e-06 2.943588711623818053e-07 2.874309710846378635e-07 6.085376992526562030e-07 5.361877875798752666e-07 7.888436136058874236e-07 7.273986766234847299e-07
9.511596582836694402e-01 9.319975697130306657e-06 2.877078545466425834e-07 2.823375605218016393e-07 5.954851506920642227e-07 5.246109309365741460e-07 7.795521776904468085e-07 7.133696779306061223e-07
9.603852611768185499e-01 9.127322753247058866e-06 2.842399360849377001e-07 2.747670279160316489e-07 5.837862138941738138e-07 5.141711401768240674e-07 7.716022561487416112e-07 7.005957370575277327e-07
9.696108640699675485e-01 8.956322623163575321e-06 2.795605098004864123e-07 2.685612124125996681e-07 5.741758647293835141e-07 5.049288690978886686e-07 7.651264574243612121e-07 6.892219782022562233e-07
9.788364669631165471e-01 8.802008126561196392e-06 2.730111691368237065e-07 2.631480024139004549e-07 5.665434977910475858e-07 4.960713772349009107e-07 7.597752644717253179e-07 6.788913924831091392e-07
9.880620698562656568e-01 8.671490794170963611e-06 2.672618428318145550e-07 2.592085588145093305e-07 5.603147561173980385e-07 4.897354357337842723e-07 7.560913839415118792e-07 6.701788383946212713e-07
9.972876727494148774e-01 8.546654549913675839e-06 2.637041403001180620e-07 2.553202739481196296e-07 5.554734036010225970e-07 4.838247933228516601e-07 7.474461953867533387e-07 6.616742092820186569e-07
1.006513275642563876e+00 8.442426898571156650e-06 2.583129318409471540e-07 2.520213042825097027e-07 5.527530982604845859e-07 4.776371455903741827e-07 7.377473731585183498e-07 6.545717458672109079e-07
1.015738878535712875e+00 8.352789227703010964e-06 2.570466590586030259e-07 2.490958280171816206e-07 5.493302075302112510e-07 4.729561360159289645e-07 7.292851671695607814e-07 6.484189142217432829e-07
1.024964481428862095e+00 8.277112120292360033e-06 2.554820513370730927e-07 2.458203622896863299e-07 5.432437045396111027e-07 4.690435509934814332e-07 7.220084314873935748e-07 6.431727577336781313e-07
1.034190084322011094e+00 8.213846365607822773e-06 2.544939372953173873e-07 2.421964280321924908e-07 5.410672799188615429e-07 4.658060703821559058e-07 7.157734962353993357e-07 6.387232383753534766e-07
1.043415687215160093e+00 8.163610477261454360e-06 2.536423972568482886e-07 2.386699463516516259e-07 5.395557544654150628e-07 4.632715088516160931e-07 7.106321684993803782e-07 6.351340315729021239e-07
1.052641290108309091e+00 8.124797633449744747e-06 2.549201501545889364e-07 2.374861712829697506e-07 5.386991190994470745e-07 4.613488619090919108e-07 7.064381415533453406e-07 6.322838608831582349e-07
1.061866893001458312e+00 8.097584432212111922e-06 2.544964038768591320e-07 2.382474492101685314e-07 5.385971128352040507e-07 4.600427359759458069e-07 7.032044833886040585e-07 6.301971569543983687e-07
1.071092495894607532e+00 8.081156088540964976e-06 2.535212223674355824e-07 2.392830783627361465e-07 5.391996430964875740e-07 4.625299387023717768e-07 7.008436413190607348e-07 6.288170651585334221e-07
1.080318098787756531e+00 8.075741736215194882e-06 2.538511798522865122e-07 2.406655870449120988e-07 5.404532879534116143e-07 4.660983280265108022e-07 6.993740424729926142e-07 6.281663336516571004e-07
1.089543701680905530e+00 8.080357607444366001e-06 2.567919167591047074e-07 2.410693916112686735e-07 5.421887485498106985e-07 4.682830466351874064e-07 6.987068585490669516e-07 6.281771111589328746e-07
1.098769304574054528e+00 8.095145828419677314e-06 2.577390955406688890e-07 2.408966551521888802e-07 5.418535080439400108e-07 4.667441032624045769e-07 6.988546742068927757e-07 6.288615977648109864e-07
1.107994907467203749e+00 8.120797328564831083e-06 2.598022989232050403e-07 2.402074739281026262e-07 5.450942520170516052e-07 4.657473978612397335e-07 6.998755783023289197e-07 6.302826818402226840e-07
1.117220510360352748e+00 8.155827097126428402e-06 2.611418984328313717e-07 2.404004559983019323e-07 5.494349819200250917e-07 4.666400883878924416e-07 7.016278908894273028e-07 6.316980480914608558e-07
1.126446113253501746e+00 8.200737837079268765e-06 2.637776575582257029e-07 2.442160764526404366e-07 5.513277513925325332e-07 4.725886351652619483e-07 7.041519652638762765e-07 6.338472557260543778e-07
1.135671716146650967e+00 8.255922907393518163e-06 2.673817134217667380e-07 2.477879567681770594e-07 5.571999959427498093e-07 4.791715996760614632e-07 7.074739221977826772e-07 6.368296119946491218e-07
1.144897319039799966e+00 8.321451074377882623e-06 2.700743482010617777e-07 2.475777706857913398e-07 5.621139760109639604e-07 4.864094271302589619e-07 7.115935028870650273e-07 6.406459117809216547e-07
1.154122921932948964e+00 8.397390672675226182e-06 2.731737623916033345e-07 2.506696525415492597e-07 5.660685664391637914e-07 4.943198042084674334e-07 7.165099728324563633e-07 6.452985980294062156e-07
1.163348524826097963e+00 8.483956241902619887e-06 2.767769634131632053e-07 2.545512241647726370e-07 5.704627224406993459e-07 5.029254369122538806e-07 7.222273776444389091e-07 6.508016925806906113e-07
1.172574127719247183e+00 8.581644180214665138e-06 2.793160610113559002e-07 2.595834903622489459e-07 5.754169091005807793e-07 5.089346899306573942e-07 7.287866866769681062e-07 6.571903177151606731e-07
1.181799730612396404e+00 8.691151911426817835e-06 2.814927233744382655e-07 2.648306335363379168e-07 5.823917443408344535e-07 5.127968035417562737e-07 7.362364889012439550e-07 6.645189602177191353e-07
1.191025333505545403e+00 8.811979363701428271e-06 2.856271619019639031e-07 2.693427610221394412e-07 5.911844081893666357e-07 5.193287706557985476e-07 7.445073059690005620e-07 6.727495418696872288e-07
1.200250936398694401e+00 8.946483386468672116e-06 2.911393746194110049e-07 2.714843008499874782e-07 5.976725618183067811e-07 5.261108519866760768e-07 7.538251363450854635e-07 6.820508076946226681e-07
1.209476539291843622e+00 9.094623667650444766e-06 2.968429326120115310e-07 2.741082957098980681e-07 6.046997610843142832e-07 5.369878380551209191e-07 7.641428301088595701e-07 6.923737620094450924e-07
1.218702142184992621e+00 9.257370444473649409e-06 3.050850716207968011e-07 2.801510202474133193e-07 6.156099404738485864e-07 5.454916563387347437e-07 7.755422085274713819e-07 7.039819291699659926e-07
1.227927745078141619e+00 9.435919437098625804e-06 3.124218742577513941e-07 2.866003149112456808e-07 6.315070670490628181e-07 5.584732091507976375e-07 7.881057776113132218e-07 7.167735083573205298e-07
1.237153347971290618e+00 9.631340575824945635e-06 3.212120733351985234e-07 2.927051738972871921e-07 6.487088599408040278e-07 5.706067004693073319e-07 8.019113620116172979e-07 7.308872096756059087e-07
1.246378950864439838e+00 9.846642849296385078e-06 3.287677677738321463e-07 2.989929016282456018e-07 6.644211549588762566e-07 5.863244944773504154e-07 8.172137156824369489e-07 7.502723135222763665e-07
1.255604553757589059e+00 1.008053374047361538e-05 3.378198163760320823e-07 3.071113549503958384e-07 6.791350277507957024e-07 6.016894033663081743e-07 8.338333580614967636e-07 7.716631676585169401e-07
1.264830156650738058e+00 1.033877863259806752e-05 3.499654555395174043e-07 3.140566182905637024e-07 6.968787533452891231e-07 6.148772564214034537e-07 8.522972775114008511e-07 7.950957045693153016e-07
1.274055759543887056e+00 1.062124572162697399e-05 3.627517587728140811e-07 3.261754169857787648e-07 7.211964722337513279e-07 6.294872759095517829e-07 8.744679689572968463e-07 8.205753706597798431e-07
1.283281362437036055e+00 1.093253134650695084e-05 3.760191045469792883e-07 3.387695500807661971e-07 7.427555162233734956e-07 6.456884765519475637e-07 9.075018422825802545e-07 8.484897325696432396e-07
1.292506965330185276e+00 1.127555407229446712e-05 3.899241107555888254e-07 3.493914169072406665e-07 7.641785277216025694e-07 6.641532796301458840e-07 9.438474032135457680e-07 8.790926515072087290e-07
1.301732568223334052e+00 1.165539858011081708e-05 4.041071532287489560e-07 3.593814565109497227e-07 7.912567360562066955e-07 6.858247194273203414e-07 9.839954008370926578e-07 9.127769048853519144e-07
1.310958171116483273e+00 1.207551795643609509e-05 4.208081552801869565e-07 3.749646709557468371e-07 8.160268359669918070e-07 7.097789143200004960e-07 1.028382482490586188e-06 9.498910287229664047e-07
1.320183774009632494e+00 1.254296121026944766e-05 4.358513534723728705e-07 3.912382057274108797e-07 8.455241198391239124e-07 7.364251995977849120e-07 1.077701680354324921e-06 9.910065319423025485e-07
1.329409376902781492e+00 1.306504243356354916e-05 4.540550430185484289e-07 4.089094701426948330e-07 8.752971017814830545e-07 7.697516190766807981e-07 1.132698819347346429e-06 1.036708910292847335e-06
1.338634979795930713e+00 1.364975664343350692e-05 4.782842953105777934e-07 4.283079880972871957e-07 9.150810339462451230e-07 8.011309779165784532e-07 1.194239965984141705e-06 1.087700235386134247e-06
1.347860582689079489e+00 1.430892428662047930e-05 5.033321824321146740e-07 4.511334316723964014e-07 9.602034891745235014e-07 8.405941738047422682e-07 1.263501270719039922e-06 1.144948388332000090e-06
1.357086185582228710e+00 1.505438121916607942e-05 5.297942523271032662e-07 4.761834983960724503e-07 1.011618265866513284e-06 8.920190641451524453e-07 1.341743108853114109e-06 1.209460855832033698e-06
1.366311788475377931e+00 1.590307832492259080e-05 5.588587015390338367e-07 5.042585127375503844e-07 1.070591515113703370e-06 9.500158557844717605e-07 1.430648137756760339e-06 1.282634460947487955e-06
1.375537391368526707e+00 1.687490954371072458e-05 5.924215960071561838e-07 5.350258297076735325e-07 1.138481717213856174e-06 1.009220211659681281e-06 1.532266971439826377e-06 1.366130974702071997e-06
1.384762994261675928e+00 1.799559923407372796e-05 6.239413867689128578e-07 5.705305710096052684e-07 1.217284943873792719e-06 1.070669477698008406e-06 1.625755194352984521e-06 1.462078418334462188e-06
1.393988597154824927e+00 1.929738001874600927e-05 6.683308352501569547e-07 6.150148172797952084e-07 1.311891229877703522e-06 1.150063921285942334e-06 1.732507819773055230e-06 1.573155757558736761e-06
1.403214200047974147e+00 2.082228505219429335e-05 7.191602250383772211e-07 6.656914685990752804e-07 1.418442714911936410e-06 1.240232041172800731e-06 1.856947358424835317e-06 1.702826813157475060e-06
1.412439802941123368e+00 2.262496772938136594e-05 7.785066632878306556e-07 7.239392035905030669e-07 1.543229039028098508e-06 1.346920904099586713e-06 2.003315422233285776e-06 1.855611840170567271e-06
1.421665405834272145e+00 2.477728956472620769e-05 8.482864700562534044e-07 7.990521957143274681e-07 1.695067441775891529e-06 1.476945594433044117e-06 2.177177848748165773e-06 2.037027537422457242e-06
1.430891008727421365e+00 2.737696719632667076e-05 9.331683188632513757e-07 8.907010947120300301e-07 1.871967929679535628e-06 1.633453869362425028e-06 2.386062593590969013e-06 2.252706449660263495e-06
1.440116611620570364e+00 3.055624929192191400e-05 1.053044108481893386e-06 1.004764689463838863e-06 2.071857978423097453e-06 1.824137270956088357e-06 2.640081891750035807e-06 2.516001027822650836e-06
1.449342214513719362e+00 3.450036643341099706e-05 1.204798962068146483e-06 1.126867750550474294e-06 2.316326066825222338e-06 2.060048670649450991e-06 2.953380578806218690e-06 2.841915011358547545e-06
1.458567817406868583e+00 3.947175388629100179e-05 1.366692003199514247e-06 1.298152538458372841e-06 2.681721558080297607e-06 2.356432697931320694e-06 3.345836923192060919e-06 3.251575037819431002e-06
1.467793420300017582e+00 4.585300666077476539e-05 1.575700375628272492e-06 1.514881364318238161e-06 3.125170320754856355e-06 2.735275802645384033e-06 3.846139195877822906e-06 3.775558002464733751e-06
1.477019023193166802e+00 5.421303127650996419e-05 1.875014423552323248e-06 1.797723428685184884e-06 3.710551191417706856e-06 3.237692396300731728e-06 4.520720202752128824e-06 4.458938948852381992e-06
1.486244626086316023e+00 6.542208918410249746e-05 2.255609233420789858e-06 2.170632288232135563e-06 4.445223212159736168e-06 3.924757081877141315e-06 5.496324115659905287e-06 5.369832755428642873e-06
1.495470228979464800e+00 8.084549587967943007e-05 2.789517212108756812e-06 2.671931676841838004e-06 5.489475812357234928e-06 4.875924504821151149e-06 6.847059118825365195e-06 6.613385628077213013e-06
1.504695831872614020e+00 1.026709165463516368e-04 3.578282751869686748e-06 3.365787225424082037e-06 7.030931775714967442e-06 6.236427738168600797e-06 8.538821658099339062e-06 8.354244569227603457e-06
1.513921434765763019e+00 1.344320030910683386e-04 4.685019739383345684e-06 4.409519112507026897e-06 9.263504662245528260e-06 8.229823405169628143e-06 1.101999035772255808e-05 1.084924066241640451e-05
1.523147037658912017e+00 1.816440155118203550e-04 6.286424352870592213e-06 5.963958154649992354e-06 1.222449878704589686e-05 1.110521995959640445e-05 1.499782617936029562e-05 1.457296601515981407e-05
1.532372640552061016e+00 2.515635786193094249e-04 8.517288197497374386e-06 8.065804607931576376e-06 1.684811503800020182e-05 1.523007528007782729e-05 2.077429861309550152e-05 2.026083257565568837e-05
1.541598243445210237e+00 3.474243736350638464e-04 1.152546924857746329e-05 1.110823875294803800e-05 2.333658358580418786e-05 2.120096808215656643e-05 2.808668252936394761e-05 2.794225376941692277e-05
1.550823846338359457e+00 4.468837024379238780e-04 1.457543389005644049e-05 1.443364583592900933e-05 2.905302006935749299e-05 2.705153462193775294e-05 3.515933470586176095e-05 3.603055304485545474e-05
1.560049449231508456e+00 4.836421231227525552e-04 1.563980052011630434e-05 1.566482782909892199e-05 3.240882284711574029e-05 2.956522858127625438e-05 3.845879367186223015e-05 3.915635855973310887e-05
1.569275052124657455e+00 4.214398176756502939e-04 1.374780683426881853e-05 1.343899522865827636e-05 2.822475763692024837e-05 2.550729867003789135e-05 3.448549333240200814e-05 3.382230770836532801e-05
1.578500655017806453e+00 3.176873707213826109e-04 1.051510815622540718e-05 1.025038719383103902e-05 2.101423511164204113e-05 1.945810179248641612e-05 2.568946150061177797e-05 2.523249013932726912e-05
1.587726257910955674e+00 2.284838895174186541e-04 7.590705280920118873e-06 7.344996007197266774e-06 1.517042830554614580e-05 1.404552997378064570e-05 1.861777525088837543e-05 1.808602456838002081e-05
1.596951860804104451e+00 1.657251973521206513e-04 5.498406326272074632e-06 5.261061588467211845e-06 1.094608087837321245e-05 1.021729840283038654e-05 1.360482817421677319e-05 1.329399154754488618e-05
1.606177463697253671e+00 1.236744004669643540e-04 3.977553424521846270e-06 3.902674299329620300e-06 8.094447499115773725e-06 7.573004321441293221e-06 1.022439397599413775e-05 9.994270449171642782e-06
1.615403066590402892e+00 9.532735730373895450e-05 3.059074351210896688e-06 2.977072895066741414e-06 6.175015486612400392e-06 5.809231313699150085e-06 7.931610891049608409e-06 7.731315906276626441e-06
1.624628669483551890e+00 7.575531386493703347e-05 2.398979881736731891e-06 2.311085156504717004e-06 4.939794659684085742e-06 4.683546143641957290e-06 6.339305354760135162e-06 6.151299379071029061e-06
1.633854272376701111e+00 6.185844749433243187e-05 1.946020301699176078e-06 1.865538607416740359e-06 4.042428662706784234e-06 3.814539987571409236e-06 5.202123836517587308e-06 5.021055632702103996e-06
1.643079875269850110e+00 5.172025374667236868e-05 1.611037663560389637e-06 1.574850449649141577e-06 3.328925586770828643e-06 3.182125679287890481e-06 4.373938858677068047e-06 4.192298878469909347e-06
1.652305478162999108e+00 4.414023546682167381e-05 1.376887129372269820e-06 1.350254315389499624e-06 2.829179829445838698e-06 2.727078314961052486e-06 3.740535177244712090e-06 3.570427933913444720e-06
1.661531081056148329e+00 3.834753951527057061e-05 1.190553066404753722e-06 1.184759321218370389e-06 2.501353477643601046e-06 2.363449124463650592e-06 3.258319087694616244e-06 3.093964213041426722e-06
1.670756683949297106e+00 3.383576168737201955e-05 1.035049645742336952e-06 1.044325980214493423e-06 2.199686029304365534e-06 2.101617872217818709e-06 2.880303110916818121e-06 2.722133131596620110e-06
1.679982286842446326e+00 3.026216972361926588e-05 9.194906915046533911e-07 9.350722787626906734e-07 1.934730564880958941e-06 1.882088317491574747e-06 2.582632463356758604e-06 2.427185418293551622e-06
1.689207889735595547e+00 2.738965127094942329e-05 8.339280162323756075e-07 8.412133717472397598e-07 1.756744253805657044e-06 1.703807644198600306e-06 2.363034906118036013e-06 2.189827090445399987e-06
1.698433492628744546e+00 2.505106714541506678e-05 7.722602680623124824e-07 7.728740850489379175e-07 1.611009858899902506e-06 1.557658735141055818e-06 2.182477447829753365e-06 1.996396773623155472e-06
1.707659095521893766e+00 2.312508221870061099e-05 7.118871642814609353e-07 7.213774572698692018e-07 1.489946810089483201e-06 1.436487075589321848e-06 2.032384476490917667e-06 1.836961840977535324e-06
1.716884698415042543e+00 2.152312522337476754e-05 6.666615246906610151e-07 6.667210112480578257e-07 1.376830882624342160e-06 1.335033002827253876e-06 1.882011707162413645e-06 1.704250209332673085e-06
1.726110301308191763e+00 2.017868163273255633e-05 6.268953803956072194e-07 6.234882856282602246e-07 1.297988053988298425e-06 1.249299946664458026e-06 1.773066982729307959e-06 1.592790865445951437e-06
1.735335904201340984e+00 1.904153872096192999e-05 5.996678685824955227e-07 5.884490213687879816e-07 1.231630571490092659e-06 1.182217091893195121e-06 1.671311550417125782e-06 1.498448488402531704e-06
1.744561507094489761e+00 1.807305294736862822e-05 5.711150230663467075e-07 5.623443353031726732e-07 1.169565119235592036e-06 1.121980956018676619e-06 1.584530018953172185e-06 1.418033918458972662e-06
1.753787109987638981e+00 1.724302088519705901e-05 5.451643600569051353e-07 5.433036773522243032e-07 1.114179160517726931e-06 1.065056635858520096e-06 1.510058422357484647e-06 1.349061455516223351e-06
1.763012712880787980e+00 1.652745290923325922e-05 5.235841186838670217e-07 5.175063983827829137e-07 1.064494471076851819e-06 1.017523479138512905e-06 1.445753375861387349e-06 1.289550888209468755e-06
1.772238315773937201e+00 1.590789900525954050e-05 5.015511065935277153e-07 4.952577648353632066e-07 1.024171621231415908e-06 9.784529956855536219e-07 1.389982732078510498e-06 1.237972401888900927e-06
1.781463918667086421e+00 1.536876979444140628e-05 4.904806887878770559e-07 4.764345746419938597e-07 9.942686995606934736e-07 9.415848314792141238e-07 1.341373446571710824e-06 1.198697434501334942e-06
1.790689521560235198e+00 1.489827319995782318e-05 4.767550165547867959e-07 4.655818392717223639e-07 9.634459556107682530e-07 9.141163399972673066e-07 1.298859043279785300e-06 1.159304810332332890e-06
1.799915124453384419e+00 1.448574874018692604e-05 4.637539213696008572e-07 4.575321610027735552e-07 9.361594485645922421e-07 8.899996792149584884e-07 1.261523800023525973e-06 1.124777575744064534e-06
1.809140727346533417e+00 1.412329671922555006e-05 4.555522725956784704e-07 4.493353391034164284e-07 9.120107312274766041e-07 8.687617087942488785e-07 1.228638930827551142e-06 1.094471890760836922e-06
1.818366330239682416e+00 1.380412098716054377e-05 4.502432727315516494e-07 4.435265533381009745e-07 8.905825495728827995e-07 8.492778887446079304e-07 1.199604390504240790e-06 1.067810863179163017e-06
1.827591933132831414e+00 1.352238494177902448e-05 4.382724256911042684e-07 4.360425449072797497e-07 8.712289496402494401e-07 8.317550998579707771e-07 1.173902813670001192e-06 1.044302225281168589e-06
1.836817536025980635e+00 1.327314566426123139e-05 4.318829998813224289e-07 4.282889965242770678e-07 8.523039578417823317e-07 8.151486537441178363e-07 1.151102639762577643e-06 1.023523233471578312e-06
1.846043138919129634e+00 1.305263936522280666e-05 4.285052233587762627e-07 4.192899644892707608e-07 8.353982063452134989e-07 7.989401431056975574e-07 1.130855260308845538e-06 1.005166276873358081e-06
1.855268741812278410e+00 1.285717347216964696e-05 4.207454656295683745e-07 4.112922659526604800e-07 8.202513604801958550e-07 7.898937187352620017e-07 1.112840697630169105e-06 9.889144856174411689e-07
1.864494344705427187e+00 1.268387282281121584e-05 4.160383789822998780e-07 4.035015772035730760e-07 8.101369937194053295e-07 7.782597608590950786e-07 1.096798111903883103e-06 9.745291691825847100e-07
1.873719947598576185e+00 1.253010322898303675e-05 4.095741364446639770e-07 3.969908788404717426e-07 8.014815843697112232e-07 7.677592396767942865e-07 1.082498563150979587e-06 9.617841754558677632e-07
1.882945550491724962e+00 1.239393782457831685e-05 4.077067724869049578e-07 3.941963021027958144e-07 7.939107013404546180e-07 7.584273810575630073e-07 1.069764073644174403e-06 9.505201759464208984e-07
1.892171153384873961e+00 1.227318452319894045e-05 4.041921714933737776e-07 3.908536429106799679e-07 7.854147468706889371e-07 7.501747158326231210e-07 1.058407952716728729e-06 9.405477842452061350e-07
1.901396756278022737e+00 1.216646505179365448e-05 3.985680287261540879e-07 3.854567185763634280e-07 7.778347755569199617e-07 7.428429861787042373e-07 1.048298167150458891e-06 9.317565363765273285e-07
1.910622359171171736e+00 1.207197387246522001e-05 3.974305771356354466e-07 3.810653958813779973e-07 7.709512979499793709e-07 7.371846608243953075e-07 1.039281731504670123e-06 9.239911859687605431e-07
1.919847962064320512e+00 1.198902729080838157e-05 3.937486799716351081e-07 3.767809851649574324e-07 7.647910351664365249e-07 7.310569312752308830e-07 1.031295547870245697e-06 9.171896479106007708e-07
1.929073564957469289e+00 1.191613007294907751e-05 3.919195124761384565e-07 3.735352295056232943e-07 7.593038584376236969e-07 7.256865448872407463e-07 1.024199757206900653e-06 9.112365461758356388e-07
1.938299167850618288e+00 1.185240329240105050e-05 3.915056620653714387e-07 3.716487758065172166e-07 7.530742568710762285e-07 7.213070307582567653e-07 1.017919593540715610e-06 9.060535737720778712e-07
1.947524770743767064e+00 1.179699259621533326e-05 3.899665530559632355e-07 3.706250577451442475e-07 7.502112919163139064e-07 7.174869836005601394e-07 1.014132176236765185e-06 9.015595528742589127e-07
1.956750373636916063e+00 1.174903199315191111e-05 3.879464006548097191e-07 3.689637326469124418e-07 7.475586081439177118e-07 7.141871937033112555e-07 1.011155963681261165e-06 8.976971762770295614e-07
1.965975976530064839e+00 1.170810261507899983e-05 3.854143325488142981e-07 3.663961332456038206e-07 7.483639571201506903e-07 7.113663892193574197e-07 1.008705518364857832e-06 8.944155356661282966e-07
1.975201579423213616e+00 1.167343335310030658e-05 3.845122781130671971e-07 3.647214563469819518e-07 7.493651147109336557e-07 7.089763001280988158e-07 1.006723304621433211e-06 8.916579699325211995e-07
1.984427182316362615e+00 1.164322779958224400e-05 3.851107359399173145e-07 3.635410557673613991e-07 7.505061551897280119e-07 7.068094851948948155e-07 1.005037046700303584e-06 8.892016432138089292e-07
1.993652785209511391e+00 1.162083775141402718e-05 3.853514298629347618e-07 3.646647045807096437e-07 7.516050691293895748e-07 7.053455597210177747e-07 1.004012547315045358e-06 8.875408610456341830e-07
2.002878388102660168e+00 1.160195242133154239e-05 3.850912170784756273e-07 3.640769898010431856e-07 7.524533039529075214e-07 7.040439794411592478e-07 1.003214024265895534e-06 8.861037209670666429e-07
2.012103990995809166e+00 1.158765391415618392e-05 3.862984734355941885e-07 3.642901673346166189e-07 7.530372344979736313e-07 7.030590219431504271e-07 1.002762135154194225e-06 8.850497746947325338e-07
2.021329593888958165e+00 1.157723926813585691e-05 3.876095235861817709e-07 3.652242697938580833e-07 7.524474199010473374e-07 7.023437494919357934e-07 1.002601108383995333e-06 8.843198511611804791e-07
2.030555196782107164e+00 1.157069611994662796e-05 3.893343696668227430e-07 3.663075962841857118e-07 7.520551391312121480e-07 7.015147498713275543e-07 1.002732762479798206e-06 8.839112196654403661e-07
2.039780799675255718e+00 1.156768354318984669e-05 3.886365470441554957e-07 3.668500776080602772e-07 7.518708461451686031e-07 7.007889383487882917e-07 1.003131969101664288e-06 8.837967127427486300e-07
2.049006402568404717e+00 1.156782811630692191e-05 3.891815822830376636e-07 3.656300422100445494e-07 7.507357965418064323e-07 7.002534955466058848e-07 1.003771397640129830e-06 8.839492684163324852e-07
2.058232005461553715e+00 1.157096147493363831e-05 3.890360500199714617e-07 3.641355382506213697e-07 7.496319619379574769e-07 6.999003410699930125e-07 1.004636612922956660e-06 8.843475028325129949e-07
2.067457608354702270e+00 1.157714496737710313e-05 3.896235259985562818e-07 3.645579043627008285e-07 7.487677568746774160e-07 6.997325571067309068e-07 1.005735400224917788e-06 8.849965890686734194e-07
2.076683211247851268e+00 1.158527370217336770e-05 3.899885444449790437e-07 3.661408599161379855e-07 7.480744768554234821e-07 7.022908314514485705e-07 1.006980172483198756e-06 8.858159047638298984e-07
2.085908814141000267e+00 1.159615542698279276e-05 3.908462343347570886e-07 3.677690985427122477e-07 7.475954591537254578e-07 7.038489702414174284e-07 1.008435471057703251e-06 8.868560772312371874e-07
2.095134417034148822e+00 1.160920235547480763e-05 3.923085695271167500e-07 3.692706050479581533e-07 7.472943399841586149e-07 7.048339289132495895e-07 1.010057891907244820e-06 8.880810455977746306e-07
2.104360019927297820e+00 1.162442746784133055e-05 3.921977457087429640e-07 3.705789483686293433e-07 7.471688119731060337e-07 7.059709157947762539e-07 1.011848747967028828e-06 8.894880958744186121e-07
2.113585622820446819e+00 1.164150902232872180e-05 3.915177452073670861e-07 3.701272284641682808e-07 7.471962583539098460e-07 7.072012767713562207e-07 1.013781506750130657e-06 8.910482131198372728e-07
2.122811225713595817e+00 1.166061446420086175e-05 3.915820009657417747e-07 3.689447183192126069e-07 7.473844680333373319e-07 7.085478865488810916e-07 1.015871033050521431e-06 8.927733971127020820e-07
2.132036828606744372e+00 1.168123219602840141e-05 3.915510956268610632e-07 3.676700356200320654e-07 7.477012158969828162e-07 7.100066968972396824e-07 1.018077358239866039e-06 8.946270474015599432e-07
2.141262431499893371e+00 1.170337933912744813e-05 3.923444187614085209e-07 3.676756708005290752e-07 7.481455006086727613e-07 7.115779700329822103e-07 1.020402770761662291e-06 8.966102697381806401e-07
2.150488034393042369e+00 1.172723521684687962e-05 3.928959813098198867e-07 3.681380826983606560e-07 7.487250555923649381e-07 7.132628132698461772e-07 1.022860665883632307e-06 8.987295421695024972e-07
2.159713637286190924e+00 1.175228038440618883e-05 3.932915926276642264e-07 3.689943633299982875e-07 7.494077881171123186e-07 7.150370118993122832e-07 1.025410941391100675e-06 9.009496147238166595e-07
2.168939240179339922e+00 1.177862600331383054e-05 3.947610975210682306e-07 3.706913348241213556e-07 7.501991319232696764e-07 7.163947392999099183e-07 1.028063460100136619e-06 9.032796534406766046e-07
2.178164843072488921e+00 1.180624969546243350e-05 3.960424677311419990e-07 3.726877519315541085e-07 7.510912415484997712e-07 7.174545601918434664e-07 1.030815648783167885e-06 9.057126270095306315e-07
2.187390445965637920e+00 1.183491182953824666e-05 3.969134659655993433e-07 3.733314607288537167e-07 7.520555609123829287e-07 7.185707683277738398e-07 1.033648312003396244e-06 9.082296440568312583e-07
2.196616048858786474e+00 1.186500533467472949e-05 3.982673762405771460e-07 3.739069502674946375e-07 7.531342234014290184e-07 7.197585243289657595e-07 1.036598279677875976e-06 9.108718519020694366e-07
2.205841651751935473e+00 1.189577675508307377e-05 3.997209051754100240e-07 3.745294329108217381e-07 7.542776997180249783e-07 7.209826408986766346e-07 1.039599045113216960e-06 9.135670543992533750e-07
2.215067254645084471e+00 1.192752223949621184e-05 4.005258751069266525e-07 3.752811452980591751e-07 7.555030232488229853e-07 7.222615409227429604e-07 1.042676021833843303e-06 9.163390122799160940e-07
2.224292857538233026e+00 1.196047562254926017e-05 4.011409487445616030e-07 3.760507991255358106e-07 7.571831240303249553e-07 7.235990006960915899e-07 1.045853120609511992e-06 9.192173083924135533e-07
2.233518460431382024e+00 1.199406446634960917e-05 4.016234788839368321e-07 3.768513268680177472e-07 7.595816534622527102e-07 7.249695434467802295e-07 1.049079389455927688e-06 9.221461341976101270e-07
2.242744063324531023e+00 1.202849025600309371e-05 4.021413490699461772e-07 3.776882712830438056e-07 7.620314726093193919e-07 7.263832843714818348e-07 1.052373111642038959e-06 9.251439034228222850e-07
2.251969666217680022e+00 1.205938430112556905e-05 4.040219851848381416e-07 3.784213862494434952e-07 7.642045624171879255e-07 7.276624099065032852e-07 1.055338117807009765e-06 9.277671628911963227e-07
2.261195269110828576e+00 1.209603033747148325e-05 4.046518234154907926e-07 3.793483142172220665e-07 7.668000288170679984e-07 7.291821666570566301e-07 1.058818483090696215e-06 9.309615915317047830e-07
2.270420872003977575e+00 1.213334204867376178e-05 4.050767878724883153e-07 3.803074037488841144e-07 7.694367469121247705e-07 7.307331281059811301e-07 1.062353666909356405e-06 9.342126202838567551e-07
2.279646474897126573e+00 1.217331797666394929e-05 4.055577681116610611e-07 3.813623851580111285e-07 7.722656467004855547e-07 7.323956107422337203e-07 1.066125360705673665e-06 9.377240208741937266e-07
2.288872077790275128e+00 1.220993009389165589e-05 4.061351938675848141e-07 3.823169052486731446e-07 7.748303455063249999e-07 7.339324461555949103e-07 1.069584900324508235e-06 9.408765674861918089e-07
2.298097680683424127e+00 1.224911778078048398e-05 4.074173450573875761e-07 3.833647730209687398e-07 7.775817374661596126e-07 7.362387817417965206e-07 1.073274222593261285e-06 9.442824240425415821e-07
2.307323283576573125e+00 1.228884800454601866e-05 4.081462691890014034e-07 3.844399868592785776e-07 7.803652112265706042e-07 7.390446920739289884e-07 1.077008739915993776e-06 9.477333804794356919e-07
2.316548886469722124e+00 1.232911420271594348e-05 4.096296471344079682e-07 3.855214693913112310e-07 7.831504303959425266e-07 7.418905124900051048e-07 1.080788414372890581e-06 9.512299066295413081e-07
2.325774489362870678e+00 1.236986742978296533e-05 4.109120065315990315e-07 3.866114771448187615e-07 7.859648463042418810e-07 7.447563284378754033e-07 1.084608736940356592e-06 9.547660793536549265e-07
2.335000092256019677e+00 1.241110778881050755e-05 4.133931634066800100e-07 3.876726495749472279e-07 7.888088407066836722e-07 7.476559223652215914e-07 1.088470226272088189e-06 9.583426750357690430e-07
2.344225695149168676e+00 1.245318186162487293e-05 4.144838901901917380e-07 3.888254383180275627e-07 7.917117117978637430e-07 7.506305719698765463e-07 1.092407682698047933e-06 9.620046413915736555e-07
2.353451298042317230e+00 1.249490493542633816e-05 4.155239434010029871e-07 3.904104748186566938e-07 7.945762369733574986e-07 7.535492445939767506e-07 1.096305214852431569e-06 9.656044749812983045e-07
2.362676900935466229e+00 1.253743895144852170e-05 4.165968827536474360e-07 3.922576605397859088e-07 7.974987290897231655e-07 7.565423443975707456e-07 1.100277544868731537e-06 9.692888419794740102e-07
2.371902503828615227e+00 1.258032856545463374e-05 4.176811350842561736e-07 3.938911029048402617e-07 8.003603944758869339e-07 7.595620577534741388e-07 1.104280979167660315e-06 9.730035145406912853e-07
2.381128106721764226e+00 1.262359273283554552e-05 4.187769753524395373e-07 3.950747467912121136e-07 8.034684013304860549e-07 7.626084408319958128e-07 1.108317051463488128e-06 9.767490159203512010e-07
2.390353709614912781e+00 1.266724873337722537e-05 4.198849033154850144e-07 3.962706238677884019e-07 8.065063029956787784e-07 7.656817534340987913e-07 1.112387019727145766e-06 9.805260013992048862e-07
2.399579312508061779e+00 1.271119137164762497e-05 4.221724257225260754e-07 3.973812092500539930e-07 8.095617339857090136e-07 7.687775142102281918e-07 1.116483042385825545e-06 9.843282471712375776e-07
2.408804915401210778e+00 1.275544300585712527e-05 4.246878267768308847e-07 3.985026701235992849e-07 8.126357898157382303e-07 7.718958626053699950e-07 1.120606789061799391e-06 9.881563960006148713e-07
2.418030518294359332e+00 1.279999412487752669e-05 4.272170637870965486e-07 3.996347747313262272e-07 8.157279311909003400e-07 7.750361177521235739e-07 1.124757592506043868e-06 9.920096838581600636e-07
2.427256121187508331e+00 1.284488236747982693e-05 4.296825261885535820e-07 4.007569013663627979e-07 8.188402089481973270e-07 7.781994044195256535e-07 1.128938246069982219e-06 9.958899737530436442e-07
2.436481724080657330e+00 1.289001289972271279e-05 4.309075370876595432e-07 4.018746377091111254e-07 8.219674218633360116e-07 7.813819304195906209e-07 1.133141784606618905e-06 9.997918785089479165e-07
2.445707326973806328e+00 1.293539520200340171e-05 4.320103234825967262e-07 4.032361814157615362e-07 8.251096804760336929e-07 7.845828052699285016e-07 1.137368683256065167e-06 1.003714804905719773e-06
2.454932929866954883e+00 1.298103380040526259e-05 4.331069840329631969e-07 4.046168543191771047e-07 8.282674782746446640e-07 7.878025143324899861e-07 1.141619490950592444e-06 1.007659350347529819e-06
2.464158532760103881e+00 1.302690114455128512e-05 4.338805983088844510e-07 4.060159288257438108e-07 8.314391255938189475e-07 7.910393769869952232e-07 1.145892066807880678e-06 1.011623436349256750e-06
2.473384135653252880e+00 1.307298299551681743e-05 4.345324339422632190e-07 4.074326298496572642e-07 8.346074913255230050e-07 7.942919170824217780e-07 1.150185181565983121e-06 1.015605442982843784e-06
2.482609738546401434e+00 1.311929489522616428e-05 4.351915845471668163e-07 4.088671659931162933e-07 8.376911940635906501e-07 7.975612969443256851e-07 1.154500249437554428e-06 1.019606813755815535e-06
2.491835341439550433e+00 1.316582171087143977e-05 4.358577153900912394e-07 4.101328572239569618e-07 8.399049886385053854e-07 8.008464751218560119e-07 1.158836195809932832e-06 1.023625883704598226e-06
2.501060944332699432e+00 1.321252999126821317e-05 4.365300082304060720e-07 4.113158018054146399e-07 8.421266504293388277e-07 8.041450509185007182e-07 1.163190130607479877e-06 1.027658828335501772e-06
2.510286547225848430e+00 1.325940915527159340e-05 4.372070963539404821e-07 4.125105471811872345e-07 8.443551985745248949e-07 8.074578155798536297e-07 1.167561829384785864e-06 1.031707575317167950e-06
2.519512150118996985e+00 1.330648783898615443e-05 4.385239770756122613e-07 4.137175579960023327e-07 8.465927632311067753e-07 8.107839558120126462e-07 1.171952933294682982e-06 1.035771984185826654e-06
2.528737753012145983e+00 1.335371711649749335e-05 4.411439875379856727e-07 4.148743244750360587e-07 8.488357790968629926e-07 8.141227265031198118e-07 1.176360166495769231e-06 1.039850396914024827e-06
2.537963355905294982e+00 1.340112232365134132e-05 4.424292779460964114e-07 4.158654266119299087e-07 8.510861244896564606e-07 8.174733926020797504e-07 1.180785048521316337e-06 1.043942682394177692e-06
2.547188958798443537e+00 1.344869389820250713e-05 4.438564440265045842e-07 4.169421399313413693e-07 8.533427965530216385e-07 8.208377361533073814e-07 1.185227540978907139e-06 1.048050337331133048e-06
2.556414561691592535e+00 1.349638469841520734e-05 4.463683409588595138e-07 4.181182041752738124e-07 8.556028146506840947e-07 8.242111033601827853e-07 1.189683404227729211e-06 1.052168100057820766e-06
2.565640164584741534e+00 1.354414904549152600e-05 4.479207661922050398e-07 4.195092337328307767e-07 8.578631145923865738e-07 8.274133115905873850e-07 1.194148960221084779e-06 1.056292656569071453e-06
2.574865767477890532e+00 1.359219431766822820e-05 4.494536020781977984e-07 4.205533422234017539e-07 8.601372556446451909e-07 8.302185908130872542e-07 1.198641297762497403e-06 1.060439976650119179e-06
2.584091370371039087e+00 1.364025981850276002e-05 4.509923019386559976e-07 4.218206262781647685e-07 8.624078831948704129e-07 8.330245390188207330e-07 1.203139422989865182e-06 1.064591074335957365e-06
2.593316973264188086e+00 1.368848237122023619e-05 4.525426549193537254e-07 4.230843133609202912e-07 8.653936162218217658e-07 8.358410502098703553e-07 1.207654010665545265e-06 1.068754374801626604e-06
2.602542576157337084e+00 1.373680538596665504e-05 4.540266624442736095e-07 4.251051784610047798e-07 8.691001883115210500e-07 8.386632031365643086e-07 1.212181163779210572e-06 1.072927617859821501e-06
2.611768179050485639e+00 1.378526366850955288e-05 4.554017219954090959e-07 4.270691431639534841e-07 8.728024584013036199e-07 8.414939521705098389e-07 1.216723365635230330e-06 1.077112307565206549e-06
2.620993781943634637e+00 1.383379234706167489e-05 4.567843724196193498e-07 4.286115272811738623e-07 8.764942331962741949e-07 8.443292830198003850e-07 1.221275376982263554e-06 1.081303431763293979e-06
2.630219384836783636e+00 1.388240855294643476e-05 4.581739566792375034e-07 4.302594535194320663e-07 8.801740529881612961e-07 8.471695866962861913e-07 1.225838950002651451e-06 1.085503306029502105e-06
2.639444987729932635e+00 1.393115788381811474e-05 4.595742505868779908e-07 4.319469886583189095e-07 8.838518018553653013e-07 8.500191547374312637e-07 1.230417217359822341e-06 1.089713280780879484e-06
2.648670590623081189e+00 1.397996543693303936e-05 4.609805149323704059e-07 4.336871729585611661e-07 8.877366666536576643e-07 8.528717794938355949e-07 1.235004844813368711e-06 1.093929885933097115e-06
2.657896193516230188e+00 1.402886888077086037e-05 4.623955219731664925e-07 4.351956049202566369e-07 8.916483360019219898e-07 8.557308567816744376e-07 1.239604438952236307e-06 1.098154486826285925e-06
2.667121796409379186e+00 1.407786134574929402e-05 4.638182769363054816e-07 4.369958383989547935e-07 8.955651008113588624e-07 8.585954263151147355e-07 1.244215779148835171e-06 1.102387317136139657e-06
2.676347399302527741e+00 1.412693838531203086e-05 4.658276172962704935e-07 4.383321751183728908e-07 8.994856095697349236e-07 8.614659048408124584e-07 1.248838209418607725e-06 1.106627053865929730e-06
2.685573002195676739e+00 1.417606753208183446e-05 4.686374206144443218e-07 4.397632752025809361e-07 9.034099908987558805e-07 8.643390987565601732e-07 1.253469646431734546e-06 1.110872927638682718e-06
2.694798605088825738e+00 1.422527179865043191e-05 4.714504238975829228e-07 4.412948651567559624e-07 9.073383009211646334e-07 8.672172030517704132e-07 1.258111771957126372e-06 1.115125566853554588e-06
2.704024207981974737e+00 1.427455498848926854e-05 4.742659305581351328e-07 4.429208874266713403e-07 9.112703176638983543e-07 8.701010472720106836e-07 1.262764699236706704e-06 1.119384771644517273e-06
2.713249810875123291e+00 1.432387683072494861e-05 4.770829936861581888e-07 4.445546912209739720e-07 9.152037328294507945e-07 8.730070996654481071e-07 1.267425245403811017e-06 1.123647613120844023e-06
2.722475413768272290e+00 1.437327260228389540e-05 4.793847490219657517e-07 4.461978124779681612e-07 9.191425564276974459e-07 8.759173658072661747e-07 1.272096849667643195e-06 1.127918212035830582e-06
2.731701016661421288e+00 1.442270402679744847e-05 4.811117730421879293e-07 4.478486099125693820e-07 9.230828557628826175e-07 8.788303486464567435e-07 1.276775940719271333e-06 1.132192332206512209e-06
2.740926619554569843e+00 1.447221927892498873e-05 4.828353851842777242e-07 4.495081885603031339e-07 9.270276184818166911e-07 8.817490820230379424e-07 1.281466552999079741e-06 1.136473601144349129e-06
2.750152222447718842e+00 1.452173670151639052e-05 4.845528018746434460e-07 4.511750364111850371e-07 9.304969541692130317e-07 8.846680420549987868e-07 1.286162274332645734e-06 1.140756495524262993e-06
2.759377825340867840e+00 1.457135339077604021e-05 4.862689168267001443e-07 4.528504416814105240e-07 9.336785098568940234e-07 8.875942330778629992e-07 1.290870545571776021e-06 1.145046966213179087e-06
