9.225602893149067790e-04 1.415760856567001855e-03 4.584679520925846220e-05 4.264311503647142884e-05 8.768750550635284399e-05 8.384081364951620832e-05 1.150702999385135820e-04 1.070048951182568132e-04
1.014816318246397446e-02 1.444765238512069451e-03 4.671033576595707594e-05 4.346055570356773673e-05 8.959151683644644634e-05 8.558992090273629359e-05 1.174312147090878378e-04 1.092697561084481506e-04
1.937376607561304073e-02 1.475579948441024369e-03 4.763118048551045342e-05 4.432979070635701367e-05 9.161252317943079787e-05 8.744525839069470542e-05 1.199414014252428006e-04 1.116748726675347806e-04
2.859936896876210874e-02 1.508402061023548894e-03 4.861588206269123330e-05 4.524971526726102866e-05 9.376300818254986943e-05 8.941817843907727895e-05 1.226171923115594673e-04 1.142353639024028603e-04
3.782497186191117328e-02 1.543392771012855758e-03 4.966944497799110139e-05 4.622181097288188302e-05 9.605352719583735641e-05 9.151818926765977261e-05 1.254718852670528521e-04 1.169638145810539612e-04
4.705057475506025516e-02 1.580738229196155045e-03 5.079768799717940438e-05 4.726089292861855584e-05 9.849622710899111865e-05 9.375438632221243067e-05 1.285208455492469620e-04 1.198747314609780075e-04
5.627617764820931623e-02 1.620597830923444730e-03 5.200519418578717495e-05 4.837116394154996647e-05 1.011019787200244380e-04 9.613544523339422054e-05 1.317770780710617907e-04 1.229808948297701418e-04
6.550178054135838424e-02 1.663369371702370968e-03 5.334787512372893802e-05 4.956465543515644126e-05 1.038953844520449678e-04 9.868649489988535160e-05 1.352737784402252477e-04 1.263123566336659103e-04
7.472738343450743836e-02 1.709093993869993102e-03 5.488225032586400813e-05 5.087061934882955265e-05 1.068810739073540548e-04 1.013504441834888695e-04 1.390138091993274507e-04 1.298737257006215250e-04
8.395298632765652025e-02 1.758236091953217653e-03 5.657394072148625233e-05 5.228261195054911131e-05 1.100880188963958891e-04 1.041551722639206656e-04 1.430358644587306337e-04 1.337002681437214711e-04
9.317858922080557438e-02 1.811071897947581777e-03 5.825307249018862876e-05 5.387163071841807177e-05 1.135348954413243749e-04 1.071703570749895501e-04 1.473625555564201522e-04 1.378140148331451209e-04
1.024041921139546424e-01 1.868020987428785189e-03 5.989688505874399618e-05 5.563288061892859328e-05 1.172488914595068259e-04 1.104172316174914861e-04 1.520286018082284835e-04 1.422475419999421828e-04
1.116297950071036965e-01 1.929607567266172687e-03 6.185133153959864599e-05 5.753944018166944063e-05 1.212639484090881695e-04 1.139274037346893389e-04 1.570772138757147059e-04 1.470416906995720713e-04
1.208553979002527506e-01 1.996351101957134951e-03 6.386427097053708896e-05 5.945181014264271958e-05 1.256140112666386845e-04 1.177312846518333966e-04 1.625513421671565158e-04 1.522369869621819412e-04
1.300810007934018186e-01 2.068767406626964307e-03 6.601876413814180417e-05 6.149961771441609173e-05 1.303309381769078047e-04 1.218577908500388402e-04 1.684934079714812787e-04 1.578742516971018677e-04
1.393066036865509005e-01 2.147777055503200579e-03 6.835129868200916226e-05 6.375196251083136562e-05 1.354753470944338421e-04 1.263601450199672294e-04 1.749796472981625731e-04 1.640245691238426985e-04
1.485322065796999824e-01 2.234199065080062080e-03 7.115377508565799702e-05 6.641870194597915278e-05 1.411014486485963858e-04 1.312848297566377061e-04 1.820776848033634279e-04 1.707520825767997082e-04
1.577578094728490643e-01 2.328605266759557237e-03 7.417090027639957478e-05 6.932417611839629054e-05 1.472495756558471133e-04 1.366627135775413081e-04 1.898341709967443780e-04 1.781035049760312447e-04
1.669834123659981462e-01 2.432700965799125016e-03 7.740967755979436676e-05 7.252485236012001096e-05 1.540745385896925140e-04 1.425931997663804074e-04 1.983904402894391336e-04 1.862101415883109755e-04
1.762090152591472003e-01 2.547553429156156936e-03 8.111725615200836639e-05 7.598687790868726213e-05 1.616295510690917737e-04 1.491780139185809421e-04 2.078347003652515276e-04 1.951564465358722293e-04
1.854346181522962822e-01 2.674904575389564203e-03 8.508425680953893983e-05 7.993584342000587331e-05 1.700057689221364486e-04 1.565508029516640177e-04 2.183108389486160782e-04 2.050787483876097272e-04
1.946602210454453641e-01 2.816666643831419389e-03 8.947782523977725402e-05 8.433131986298981683e-05 1.790476473802916219e-04 1.645861864120923453e-04 2.299770435153693920e-04 2.161269989280167718e-04
2.038858239385944460e-01 2.975120706007493721e-03 9.445096501765502459e-05 8.924424628024840711e-05 1.893859568815377953e-04 1.735628565341508327e-04 2.430217908750429215e-04 2.284806385253533405e-04
2.131114268317435001e-01 3.153208580248077243e-03 9.987269764434635391e-05 9.476285217404570999e-05 2.010088729364231490e-04 1.836552383007853707e-04 2.576888295443423467e-04 2.423698639193974831e-04
2.223370297248925820e-01 3.354328324487036803e-03 1.061485437413977467e-04 1.006532307324240795e-04 2.141410800622317416e-04 1.951166152162741446e-04 2.742588479363494876e-04 2.580626980129294493e-04
2.315626326180416361e-01 3.582824130874310165e-03 1.134308784590115637e-04 1.072892177746780605e-04 2.290583558616915427e-04 2.081364555381643063e-04 2.930922323456743896e-04 2.758995471736571010e-04
2.407882355111907180e-01 3.844032867514726552e-03 1.216484242268899701e-04 1.148634769043677638e-04 2.458516002050836063e-04 2.230186412878502542e-04 3.146306694612292787e-04 2.963008940258574607e-04
2.500138384043397721e-01 4.144693682385575638e-03 1.310715668355758382e-04 1.235907332420606297e-04 2.647443679337493569e-04 2.405404562452217489e-04 3.394331302651026200e-04 3.197966293862933122e-04
2.592394412974888818e-01 4.493349594070973618e-03 1.420088870190206257e-04 1.342792573207438750e-04 2.866340560283963529e-04 2.609797322795535598e-04 3.682080388336056789e-04 3.469427525598514986e-04
2.684650441906379359e-01 4.901447843518256728e-03 1.547113994414617624e-04 1.462820548259495188e-04 3.122325354406041420e-04 2.849306887904136734e-04 4.019050379867909403e-04 3.781149415328982286e-04
2.776906470837869900e-01 5.383179962206707629e-03 1.699983744858444418e-04 1.603549578763335121e-04 3.424212470326190583e-04 3.132373041980695758e-04 4.417026982936177876e-04 4.148912415046475746e-04
2.869162499769360997e-01 5.957994710203884728e-03 1.882153356930309218e-04 1.765380089040965994e-04 3.784072370464179602e-04 3.470585948922568983e-04 4.892169066607219771e-04 4.587481094070955043e-04
2.961418528700851538e-01 6.652212384105068294e-03 2.101841614052246676e-04 1.965674897416854958e-04 4.218218780186614239e-04 3.879663886867789485e-04 5.466367508149610685e-04 5.116822269301190759e-04
3.053674557632342079e-01 7.501939197183178643e-03 2.370310557633084278e-04 2.211073945522935152e-04 4.749010669457386785e-04 4.381214943913226689e-04 6.164025593799384722e-04 5.764310838985708951e-04
3.145930586563833176e-01 8.558476081229563631e-03 2.704088559498489530e-04 2.513429044225610337e-04 5.408168577431121671e-04 5.006024272048402446e-04 7.024427390950258032e-04 6.568812252082910363e-04
3.238186615495323717e-01 9.895972452081619811e-03 3.136851906954864905e-04 2.898079379759083141e-04 6.252692622494820246e-04 5.792700216700787108e-04 8.112326408576727571e-04 7.586449864400903603e-04
3.330442644426814813e-01 1.162530624130513578e-02 3.702140385927286254e-04 3.394500397454341956e-04 7.346889281085629275e-04 6.801947607987957750e-04 9.516985066768558071e-04 8.901072351637211860e-04
3.422698673358305355e-01 1.391664423269345710e-02 4.453326091881874144e-04 4.069582893802166368e-04 8.798554080203038752e-04 8.137825934078357637e-04 1.137507591621423134e-03 1.064119251956702553e-03
3.514954702289795896e-01 1.704441221268255049e-02 5.452254763808686566e-04 4.956985522989662551e-04 1.079999970106628598e-03 9.959386004651828161e-04 1.390648679006237926e-03 1.301376007768091647e-03
3.607210731221286992e-01 2.147007796371249930e-02 6.859308195010793696e-04 6.213161878198293631e-04 1.364270462680630680e-03 1.252407674759752065e-03 1.747986677424141072e-03 1.636608883059373354e-03
3.699466760152777534e-01 2.800810390241818479e-02 8.878111171960675896e-04 8.121397477005680432e-04 1.782315245253122959e-03 1.624125316289172505e-03 2.274317038477382397e-03 2.130944776415889114e-03
3.791722789084268630e-01 3.818930871116757442e-02 1.203218801740631172e-03 1.111602260960443955e-03 2.424155355719749549e-03 2.197197878411438765e-03 3.090914549878046036e-03 2.898809342444672033e-03
3.883978818015759171e-01 5.506411660289124016e-02 1.712052104522944485e-03 1.617926225273610963e-03 3.481198394737650137e-03 3.178384540045521567e-03 4.438303725028992786e-03 4.166728641727672489e-03
3.976234846947249713e-01 8.490398610151486669e-02 2.612468079469201787e-03 2.523126924741367350e-03 5.362939093279797675e-03 4.833612216225677272e-03 6.809147220320763139e-03 6.394901536559374766e-03
4.068490875878740809e-01 1.389984712605969452e-01 4.283470162775582235e-03 4.186184458904090855e-03 8.804479068110993012e-03 7.845832151509496422e-03 1.109779402751612243e-02 1.038907940689301479e-02
4.160746904810231350e-01 2.186097962058552446e-01 6.719397606794491606e-03 6.527832272782113643e-03 1.339575860249889172e-02 1.237438570820198480e-02 1.751933171448130655e-02 1.631410314574924247e-02
4.253002933741722447e-01 2.443949525727034111e-01 7.643206894575510502e-03 7.130302221864726064e-03 1.505837576271248923e-02 1.373819419552790855e-02 2.001666363714990626e-02 1.794823224133443307e-02
4.345258962673212988e-01 1.686727662506464775e-01 5.195330416669530216e-03 4.843488070890328290e-03 1.039861015610249462e-02 9.576045626185858417e-03 1.407329769083609516e-02 1.246626832281386155e-02
4.437514991604703529e-01 9.731873567696629201e-02 2.963687487436014734e-03 2.792248777201730703e-03 6.059826115810892921e-03 5.530227170528478897e-03 8.149344951458317721e-03 7.240605023460577883e-03
4.529771020536194626e-01 5.769174746788410801e-02 1.756694068636821537e-03 1.657509629032306864e-03 3.610329672723837369e-03 3.266331464843716392e-03 4.821483064922083006e-03 4.305610945815489810e-03
4.622027049467684612e-01 3.661514522609840561e-02 1.120075461345161616e-03 1.049127914935187034e-03 2.294978878775805198e-03 2.067796321036964591e-03 3.051047146723766257e-03 2.736571316226614481e-03
4.714283078399175708e-01 2.473611096716984981e-02 7.557501359629209547e-04 7.038411601970780140e-04 1.564803654660464755e-03 1.396271027580109347e-03 2.055460467897098076e-03 1.866147256587513681e-03
4.806539107330666249e-01 1.757199477771053883e-02 5.383432065020274382e-04 4.993668675497831000e-04 1.110637866936919210e-03 9.958702240722254462e-04 1.456577725561770953e-03 1.334708361146151601e-03
4.898795136262157346e-01 1.298863354498417180e-02 4.000082648627847903e-04 3.692679779216910541e-04 8.182913247645161314e-04 7.364097748555342715e-04 1.074344335705194192e-03 9.916786425404645888e-04
4.991051165193647332e-01 9.908609846140673666e-03 3.065352829312254640e-04 2.837602311117227299e-04 6.244966798374228939e-04 5.605351627908372603e-04 8.180213494319021894e-04 7.596177607772092166e-04
5.083307194125139539e-01 7.754597526328330971e-03 2.405004067982672092e-04 2.234721803765259487e-04 4.890625096466106811e-04 4.391808158750983362e-04 6.390917037590688674e-04 5.964782402552723864e-04
5.175563223056629525e-01 6.197629758805351524e-03 1.924888207797169695e-04 1.782400116809830862e-04 3.910618907141576520e-04 3.514065085451966927e-04 5.099672394882339907e-04 4.780608180528170964e-04
5.267819251988120621e-01 5.040788954856398850e-03 1.557821507163032956e-04 1.445938884442376018e-04 3.181404191951939242e-04 2.861366436102269484e-04 4.141654194559727525e-04 3.897685401311858436e-04
5.360075280919610607e-01 4.161037333871600748e-03 1.276912403113620448e-04 1.195368959543263027e-04 2.630016347940902430e-04 2.364553442602765343e-04 3.414052768027338661e-04 3.224247192735829430e-04
5.452331309851101704e-01 3.478586884456128653e-03 1.072655893620514007e-04 1.001571781008860594e-04 2.201088243183120692e-04 1.978784480332063112e-04 2.850301563251064242e-04 2.700498527230007877e-04
5.544587338782591690e-01 2.940299323008531331e-03 9.105157484132686205e-05 8.447360244548699978e-05 1.863344465473275660e-04 1.674177797866310997e-04 2.406128924314328635e-04 2.286443598236973830e-04
5.636843367714083897e-01 2.509332201918864410e-03 7.712538409706181861e-05 7.221992693727400173e-05 1.596730562054837765e-04 1.429978766670004543e-04 2.050877197614714084e-04 1.954261052915990705e-04
5.729099396645573883e-01 2.159712075297983824e-03 6.637253484680907464e-05 6.222191654482473605e-05 1.379897376371417260e-04 1.231566856315095999e-04 1.762957199293929342e-04 1.684274139148434456e-04
5.821355425577064979e-01 1.873157984902638906e-03 5.736703592567260132e-05 5.394148000848787705e-05 1.196625558428326790e-04 1.068479341332264753e-04 1.527192255513405705e-04 1.462602903609085472e-04
5.913611454508554965e-01 1.635504321164851088e-03 5.002877117865839676e-05 4.705800919475844855e-05 1.043356336893645417e-04 9.293705487985084827e-05 1.331828136164772778e-04 1.278462733678555150e-04
6.005867483440046062e-01 1.436905325511762766e-03 4.386254519435426984e-05 4.139563822088657315e-05 9.152110244048839056e-05 8.169432243358937078e-05 1.168707047768749192e-04 1.124343182677997165e-04
6.098123512371537158e-01 1.269388886015485355e-03 3.864191241705300199e-05 3.679768950028074366e-05 8.070502148671511097e-05 7.252229004099729030e-05 1.031225725473395964e-04 9.941577112730615694e-05
6.190379541303028255e-01 1.127192598175988728e-03 3.454794373680767500e-05 3.288868603039114651e-05 7.152356189364726495e-05 6.401357060184997491e-05 9.146166172140871714e-05 8.834910240543020904e-05
6.282635570234518241e-01 1.005714532809680057e-03 3.107125517047212848e-05 2.940487078252748340e-05 6.368032919269153887e-05 5.737207303403290149e-05 8.150743616765795778e-05 7.888166965549071961e-05
6.374891599166009337e-01 9.011727337473703688e-04 2.778420429029463193e-05 2.639490546772369980e-05 5.693183016277855463e-05 5.149315563054914120e-05 7.294727778513231727e-05 7.072328569447683139e-05
6.467147628097499323e-01 8.108242788408249156e-04 2.483773960758935834e-05 2.377675219922823543e-05 5.110066840631661850e-05 4.631761126858624164e-05 6.555246744737938669e-05 6.366298582010157785e-05
6.559403657028991530e-01 7.323197383092836573e-04 2.246529550406853055e-05 2.143010684734511593e-05 4.603251637005250675e-05 4.191049461454803265e-05 5.911545620840990851e-05 5.752015543976178851e-05
6.651659685960481516e-01 6.637218016785907367e-04 2.038684409052800121e-05 1.934953188728345125e-05 4.168251202427261572e-05 3.806871718923382497e-05 5.349846692333931619e-05 5.214551464732548446e-05
6.743915714891972613e-01 6.036222474523237702e-04 1.844870426510978201e-05 1.755959363908005805e-05 3.797582971445175471e-05 3.464598458607557035e-05 4.858472122701751501e-05 4.743026585852985061e-05
6.836171743823462599e-01 5.507277261454290385e-04 1.674519639398742033e-05 1.602033111983613891e-05 3.470855218572926372e-05 3.157159637588724532e-05 4.426649186270263919e-05 4.327491384593235013e-05
6.928427772754953695e-01 5.040175569326723389e-04 1.525707330622737366e-05 1.467958038971954680e-05 3.181873192509884329e-05 2.886159571566151300e-05 4.045885401402263791e-05 3.960024299209615774e-05
7.020683801686443681e-01 4.626025721696841908e-04 1.402281523195722654e-05 1.346339564565850449e-05 2.925430292265049316e-05 2.646223674283274029e-05 3.708786550425522592e-05 3.633766856555833069e-05
7.112939830617935888e-01 4.258049574640353609e-04 1.297689556208888933e-05 1.241703772330887863e-05 2.690844728782821596e-05 2.433500239574837081e-05 3.412855371033254480e-05 3.343475139201695793e-05
7.205195859549425874e-01 3.930356106439838581e-04 1.193783970474280925e-05 1.144609632391615410e-05 2.494131929071848877e-05 2.244494067726187812e-05 3.146236790425578460e-05 3.084566947335370046e-05
7.297451888480916971e-01 3.636054954111210612e-04 1.110261328140035733e-05 1.055551548054977544e-05 2.311496209130291550e-05 2.075109890910194254e-05 2.906919412760044456e-05 2.851754874879427332e-05
7.389707917412406957e-01 3.373606900432084819e-04 1.036403206111462510e-05 9.780578347726620776e-06 2.147769806820035588e-05 1.924450551029537396e-05 2.693648670531789474e-05 2.643765692931018948e-05
7.481963946343899163e-01 3.137472731268919424e-04 9.630527339274733145e-06 9.105673539167447993e-06 1.991133074435275617e-05 1.789228768291171046e-05 2.502676414532491135e-05 2.456346327252571706e-05
7.574219975275389150e-01 2.925020250569644099e-04 8.946058424476105095e-06 8.499862114843788948e-06 1.850144819452660856e-05 1.667891081003753089e-05 2.331440222030618879e-05 2.287440147037960326e-05
7.666476004206880246e-01 2.733156304074955685e-04 8.375710597028078637e-06 7.900696529602850311e-06 1.722771335742556914e-05 1.558611690483043032e-05 2.177050701471472090e-05 2.134642831132650513e-05
7.758732033138370232e-01 2.560041784538052783e-04 7.845297000416153431e-06 7.358240352327348553e-06 1.607780804237658300e-05 1.460240215834067976e-05 2.037992099784060327e-05 1.996525965685977768e-05
7.850988062069861328e-01 2.403434794037781356e-04 7.368720647119562407e-06 6.950956459474073911e-06 1.509566850642249077e-05 1.371624175988691934e-05 1.912421664531971420e-05 1.871340560695100249e-05
7.943244091001351315e-01 2.261339911342723631e-04 6.925710694540698894e-06 6.591992491718765609e-06 1.423308769665137044e-05 1.289030685558330844e-05 1.798692883165132236e-05 1.757522563354663018e-05
8.035500119932843521e-01 2.132459693729768090e-04 6.620534161999071243e-06 6.242209777483631594e-06 1.344913628318876735e-05 1.213344082574670181e-05 1.695736827968353047e-05 1.654071586280547669e-05
8.127756148864333507e-01 2.015339401437092441e-04 6.230992045134326699e-06 5.888420651960050729e-06 1.273595125692315909e-05 1.147839235524555695e-05 1.602349025171603283e-05 1.559852383915992448e-05
8.220012177795824604e-01 1.909108608404401909e-04 5.908131414590470955e-06 5.613200152240012310e-06 1.208980226029754065e-05 1.081584789223660292e-05 1.517830393079263869e-05 1.474167657523542526e-05
8.312268206727314590e-01 1.812228780247973528e-04 5.522610917764637787e-06 5.324211466487514550e-06 1.150072974711032294e-05 1.024244868524107560e-05 1.440896334369741742e-05 1.395836267211180174e-05
8.404524235658805686e-01 1.723801572672688416e-04 5.268732021622820000e-06 5.083380126893549894e-06 1.096221630743709845e-05 9.692884600386161495e-06 1.370808862234158690e-05 1.324152480774079392e-05
8.496780264590296783e-01 1.643281489020354663e-04 5.035029109321773099e-06 4.844363249362443422e-06 1.046990632591073521e-05 9.239070799580036131e-06 1.310011564908931080e-05 1.258675314478289878e-05
8.589036293521787879e-01 1.569813696526870883e-04 4.787173960402825229e-06 4.624404369802618143e-06 1.002168409514243592e-05 8.806834728849853447e-06 1.259656480448407894e-05 1.198746333401466148e-05
8.681292322453277865e-01 1.502887354309853380e-04 4.565607994538254657e-06 4.436272463124513784e-06 9.591378128728480145e-06 8.408292169200703081e-06 1.213899279505669315e-05 1.143957372446119218e-05
8.773548351384768962e-01 1.441584405920091634e-04 4.340745233284427603e-06 4.232249568020474617e-06 9.220854107668376501e-06 8.042675961762897618e-06 1.172045190070132407e-05 1.093597841223280026e-05
8.865804380316258948e-01 1.385771391270425128e-04 4.169624830154542361e-06 4.108683167559912253e-06 8.914824386672861711e-06 7.709061424037545003e-06 1.134057158362061367e-05 1.047553473220344642e-05
8.958060409247751155e-01 1.334956005321529448e-04 4.037934904968412241e-06 3.939813058801902709e-06 8.584438865874316916e-06 7.410216452491305127e-06 1.099587776781673666e-05 1.005435610930166968e-05
9.050316438179241141e-01 1.288344180465043215e-04 3.914672199928467995e-06 3.816021384359959395e-06 8.297686918676066507e-06 7.155534076269830690e-06 1.068018707661521184e-05 9.753838470461965527e-06
9.142572467110732237e-01 1.245872323368328019e-04 3.793615669259344089e-06 3.707794685059345231e-06 8.023228714568945551e-06 6.918250720438460111e-06 1.039358965289642264e-05 9.479590523353911835e-06
9.234828496042222223e-01 1.207208640448123252e-04 3.684444335117650579e-06 3.624902568140388735e-06 7.743788277810414035e-06 6.712819281390247010e-06 1.013370245240163175e-05 9.229538383718184310e-06
9.327084524973712210e-01 1.172068973102498686e-04 3.556650164075902021e-06 3.528529102556551551e-06 7.488733160462225018e-06 6.507727621213793339e-06 9.898590416944453110e-06 9.001952233362464249e-06
9.419340553905202196e-01 1.140048005719776898e-04 3.466555383613932465e-06 3.428738196752730179e-06 7.293139452353134032e-06 6.290585427889050160e-06 9.685201801802468115e-06 8.794150631048606743e-06
9.511596582836694402e-01 1.111151110880329062e-04 3.397989201368422502e-06 3.325868800211934529e-06 7.182140333892198338e-06 6.123833620806819330e-06 9.472681713487967215e-06 8.606492154920934680e-06
9.603852611768185499e-01 1.084807466212505338e-04 3.335131565807735376e-06 3.243080267132725843e-06 7.042584942999532689e-06 6.006343965439691116e-06 9.237755439396808381e-06 8.434965560417855891e-06
9.696108640699675485e-01 1.061234278601228876e-04 3.270137625197887059e-06 3.185821220050868941e-06 6.896599290998563681e-06 5.909088302996087045e-06 9.024770327073519086e-06 8.281494942458366695e-06
9.788364669631165471e-01 1.039778190719506694e-04 3.177513232015087563e-06 3.121384923697543418e-06 6.758945405599081050e-06 5.822874319685227094e-06 8.828435684981586137e-06 8.141371750064897023e-06
9.880620698562656568e-01 1.021377549543648803e-04 3.131889600332479913e-06 3.075304449183779423e-06 6.640083361723737409e-06 5.753309241984406867e-06 8.656757594602631730e-06 8.022119737961474453e-06
9.972876727494148774e-01 1.003653183104970525e-04 3.103864839359496961e-06 3.044714459815670579e-06 6.525771705174950857e-06 5.687379666942837982e-06 8.489727017947138973e-06 7.905349894692320981e-06
1.006513275642563876e+00 9.885580242375153733e-05 3.081468506189877633e-06 2.988117081897514256e-06 6.446385447793825788e-06 5.592537080271041297e-06 8.343899076823269750e-06 7.806577783381319323e-06
1.015738878535712875e+00 9.753341269796488922e-05 3.036925133731723067e-06 2.926790029274034446e-06 6.353234382846855918e-06 5.512503152113178585e-06 8.225510575544242586e-06 7.720132190702178542e-06
1.024964481428862095e+00 9.638689778475984611e-05 2.978646319018321900e-06 2.898372457356458991e-06 6.269419987300434366e-06 5.474696020793906018e-06 8.198124731979131489e-06 7.645242905560315871e-06
1.034190084322011094e+00 9.539651553662401690e-05 2.974639758333158263e-06 2.877722218056998874e-06 6.205916423981296267e-06 5.440746210825879968e-06 8.181451490003744244e-06 7.580513812141290403e-06
1.043415687215160093e+00 9.457103744969811386e-05 2.948798994737667433e-06 2.864967519499797837e-06 6.153284519953746692e-06 5.388172836871682947e-06 8.176213259627823030e-06 7.526799549539676492e-06
1.052641290108309091e+00 9.388853816298755488e-05 2.945741666649258133e-06 2.856195770081367230e-06 6.110114720668966492e-06 5.344581561462461317e-06 8.180947750064307259e-06 7.482502487693375409e-06
1.061866893001458312e+00 9.335127104293864373e-05 2.932575424804828991e-06 2.835224762262508443e-06 6.076587829360383911e-06 5.310056583615182179e-06 8.187298679733853593e-06 7.447942866450955835e-06
1.071092495894607532e+00 9.294888744436273866e-05 2.907104295379371334e-06 2.822479720743646431e-06 6.067175995835033422e-06 5.299506025191873270e-06 8.146740533738496513e-06 7.422410049203357154e-06
1.080318098787756531e+00 9.268297070777891950e-05 2.908874676457585246e-06 2.803554082670295941e-06 6.062028084733713873e-06 5.309369515406513131e-06 8.117736759130026597e-06 7.406112741646195155e-06
1.089543701680905530e+00 9.254226623871673776e-05 2.918392154650049507e-06 2.799489876718669508e-06 6.053716151318793543e-06 5.325624191993035667e-06 8.099171953539804469e-06 7.398293120566040346e-06
1.098769304574054528e+00 9.252679368253600880e-05 2.915207642941762610e-06 2.788079897035196614e-06 6.059405720365958420e-06 5.348352960290664380e-06 8.091060619363601492e-06 7.398994966032306224e-06
1.107994907467203749e+00 9.264532464755955907e-05 2.908659021614209950e-06 2.793407650134960112e-06 6.096501239995666833e-06 5.378001941092606280e-06 8.094152377264297025e-06 7.409028804831522511e-06
1.117220510360352748e+00 9.287785367484244377e-05 2.928061836690874819e-06 2.797514379825036842e-06 6.128651516865664460e-06 5.415487383203824653e-06 8.106499889739431954e-06 7.426794969880946081e-06
1.126446113253501746e+00 9.323016883183932397e-05 2.941918359327736474e-06 2.799151516032032366e-06 6.123969171272921025e-06 5.462495280022841549e-06 8.128698206155774699e-06 7.452798620759620526e-06
1.135671716146650967e+00 9.370736248999200497e-05 2.959760112337055755e-06 2.820594039936520940e-06 6.159574436551975250e-06 5.516076523457512219e-06 8.161140275952168555e-06 7.487564860152729472e-06
1.144897319039799966e+00 9.430893833392200228e-05 2.984299745701970703e-06 2.850632955495729925e-06 6.195723981284459382e-06 5.576306396261107427e-06 8.203740590917126593e-06 7.531051849123904739e-06
1.154122921932948964e+00 9.503554550869726945e-05 3.013652561685534908e-06 2.858865913333392354e-06 6.253273991311148351e-06 5.628175247001515613e-06 8.256517993968800714e-06 7.583315675819589179e-06
1.163348524826097963e+00 9.588848486297161849e-05 3.047049068118044541e-06 2.885000990079936091e-06 6.317041290161123771e-06 5.688852902044878672e-06 8.319467385278807975e-06 7.644518330064331763e-06
1.172574127719247183e+00 9.687247291478101542e-05 3.099764010444826180e-06 2.918845353245617101e-06 6.387403725588040653e-06 5.760723293189812743e-06 8.393009507333206473e-06 7.714959164029967526e-06
1.181799730612396404e+00 9.799554930492066786e-05 3.174408555035241925e-06 2.941256495377791470e-06 6.464865423360210256e-06 5.816882336981174626e-06 8.477766918971383335e-06 7.795341147474407913e-06
1.191025333505545403e+00 9.925394749882743718e-05 3.227217807826680547e-06 2.981330007447750776e-06 6.549536525003239024e-06 5.893524441883508328e-06 8.573203297934124797e-06 7.885480622102944512e-06
1.200250936398694401e+00 1.006665173770611980e-04 3.302200091770223075e-06 3.024837910692873707e-06 6.617586258655033327e-06 5.977355896990250799e-06 8.681191595313514950e-06 7.986362507703367625e-06
1.209476539291843622e+00 1.022404514367882846e-04 3.382608333180503642e-06 3.090449451778826476e-06 6.691886375177907051e-06 6.068978153976392338e-06 8.802010846410346302e-06 8.099111656373361137e-06
1.218702142184992621e+00 1.039816727656816983e-04 3.444011743920387175e-06 3.115970700952926803e-06 6.780992176215277188e-06 6.168937406846007067e-06 8.936194643490883794e-06 8.223792169482089446e-06
1.227927745078141619e+00 1.059046272252787084e-04 3.504392386636135271e-06 3.163550465110461429e-06 6.917828558755204104e-06 6.278044074361751117e-06 9.084862522697710607e-06 8.361633355283512614e-06
1.237153347971290618e+00 1.080186356216488152e-04 3.575914537202239747e-06 3.221832187855384888e-06 7.064765601295371978e-06 6.392175936972187495e-06 9.248743804129308196e-06 8.513093863902386699e-06
1.246378950864439838e+00 1.103564815945049828e-04 3.632811341118023589e-06 3.283845514405101494e-06 7.223738686813169327e-06 6.532228095592094519e-06 9.430721234330867084e-06 8.680647081527959399e-06
1.255604553757589059e+00 1.129089932632877912e-04 3.716788568101906287e-06 3.344560506221108437e-06 7.393626527599496900e-06 6.671722537801092335e-06 9.629446317439981800e-06 8.863883416024089554e-06
1.264830156650738058e+00 1.157320577608145733e-04 3.816453532867123940e-06 3.435937110616343253e-06 7.578250077863434042e-06 6.854221677699036939e-06 9.850139282090454563e-06 9.066480041455341463e-06
1.274055759543887056e+00 1.188296227921009141e-04 3.949290150054263985e-06 3.547010063856308659e-06 7.774722188383771876e-06 7.008940594005119902e-06 1.009261763153460468e-05 9.289026151389727501e-06
1.283281362437036055e+00 1.222475068347553143e-04 4.052000640190856970e-06 3.653599014395256142e-06 7.980596230256614947e-06 7.179944728088626018e-06 1.036094053950752602e-05 9.534534877839198033e-06
1.292506965330185276e+00 1.260182995584013983e-04 4.167761654656949605e-06 3.770605859498718732e-06 8.206242551807600358e-06 7.417405370038697670e-06 1.065767138462494091e-05 9.805370596519433451e-06
1.301732568223334052e+00 1.301996435788407239e-04 4.290128411565155260e-06 3.874034760983490356e-06 8.444054632503791413e-06 7.687832075060148547e-06 1.098765604689574482e-05 1.010605133569556977e-05
1.310958171116483273e+00 1.348251211897037640e-04 4.426745109194397823e-06 4.008168187588997825e-06 8.673102066075619393e-06 8.023244347303229050e-06 1.135350819173174962e-05 1.043837204052914581e-05
1.320183774009632494e+00 1.399716544616560576e-04 4.596248826800060751e-06 4.182932769435077601e-06 8.975942751077793701e-06 8.395622972462532963e-06 1.176177057043089366e-05 1.080793511696825459e-05
1.329409376902781492e+00 1.457212679430431560e-04 4.811855323684564693e-06 4.379713009704114604e-06 9.366334656508415370e-06 8.756458056293262536e-06 1.221924680389459500e-05 1.122097389983140359e-05
1.338634979795930713e+00 1.521576333099388745e-04 5.036527633480862879e-06 4.599315210469340177e-06 9.781202961270857093e-06 9.129020456755755674e-06 1.273288681674037554e-05 1.173328391904386505e-05
1.347860582689079489e+00 1.594071027632499497e-04 5.287350347756860323e-06 4.850835072902547019e-06 1.021579810959379075e-05 9.540874795586819918e-06 1.331352538836347017e-05 1.234678668648818943e-05
1.357086185582228710e+00 1.675982112037048381e-04 5.599212747632917710e-06 5.125876398274321422e-06 1.068758536422353858e-05 1.000400838419666515e-05 1.397181484450523044e-05 1.303891420444637712e-05
1.366311788475377931e+00 1.769132455909385685e-04 5.859145932872027738e-06 5.446645828791556827e-06 1.132219150483894832e-05 1.054989661630829543e-05 1.472332890719099414e-05 1.382476786637905092e-05
1.375537391368526707e+00 1.875652060118311809e-04 6.183759779278383186e-06 5.817747085715396218e-06 1.199402500583066555e-05 1.115633516854958453e-05 1.558618606058455162e-05 1.472224688376077553e-05
1.384762994261675928e+00 1.998299555254881609e-04 6.601109840592933554e-06 6.243299645701766258e-06 1.281170928999056163e-05 1.186765216428805432e-05 1.658404380171988983e-05 1.575432471123496317e-05
1.393988597154824927e+00 2.140512644836059292e-04 7.070772716796824061e-06 6.663285206174636302e-06 1.379773808623236775e-05 1.275953350190835883e-05 1.774644563484981141e-05 1.694980650455440063e-05
1.403214200047974147e+00 2.306785812599342848e-04 7.571162409984630000e-06 7.162374431251043120e-06 1.494121277933579527e-05 1.381840641764776802e-05 1.911224865486211124e-05 1.834600153664557023e-05
1.412439802941123368e+00 2.502930516958084520e-04 8.233787571200706749e-06 7.860440910255838375e-06 1.620202054633952367e-05 1.507615497740858097e-05 2.073195166513690105e-05 1.999143008793734288e-05
1.421665405834272145e+00 2.736610619111516825e-04 9.089831636727304601e-06 8.656797595537311669e-06 1.760586281043005456e-05 1.639554690389916991e-05 2.267284290629744282e-05 2.194950398780602706e-05
1.430891008727421365e+00 3.018190787925662129e-04 1.007890970800202381e-05 9.545365789202493820e-06 1.918138401191271398e-05 1.798113645435619936e-05 2.502613456571229278e-05 2.430618750230858181e-05
1.440116611620570364e+00 3.361675109314014170e-04 1.139134645198670078e-05 1.068312957187633272e-05 2.156803930888272170e-05 1.990312011913164406e-05 2.791496714016334204e-05 2.717742372487254570e-05
1.449342214513719362e+00 3.786676907533268366e-04 1.270703298187887773e-05 1.203832832245025014e-05 2.455201744812964297e-05 2.235531845872179395e-05 3.151343325929188179e-05 3.072430982992971002e-05
1.458567817406868583e+00 4.320900216372713931e-04 1.453585701262946443e-05 1.368399198749768991e-05 2.792484677972942352e-05 2.526365498966117373e-05 3.606878119804071171e-05 3.517381980638065522e-05
1.467793420300017582e+00 5.004648838622118793e-04 1.689740173024855199e-05 1.572181688671040953e-05 3.215814554444890172e-05 2.902879620217754678e-05 4.194274999925443233e-05 4.085391440226905559e-05
1.477019023193166802e+00 5.897747379159752265e-04 1.999954187303985657e-05 1.858389257651939068e-05 3.762585712831917339e-05 3.420363393853243037e-05 4.967475134131694742e-05 4.824652389763864867e-05
1.486244626086316023e+00 7.091454987764968850e-04 2.373158419348507086e-05 2.237529500003193183e-05 4.540509611275749934e-05 4.136693740402965381e-05 5.935089030814297024e-05 5.807776195218571948e-05
1.495470228979464800e+00 8.728564301273471302e-04 2.912316763393791186e-05 2.742698606249531924e-05 5.626828911846901756e-05 5.124241790428220571e-05 7.163066232328718815e-05 7.136092487859257028e-05
1.504695831872614020e+00 1.103715790918416168e-03 3.637977825325764032e-05 3.439360724479499642e-05 7.165061540218183034e-05 6.503968529455376839e-05 8.911707141467852672e-05 8.972084485561119920e-05
1.513921434765763019e+00 1.438415017384586138e-03 4.724026794107561919e-05 4.461420224594146028e-05 9.301197631427881966e-05 8.521825431241896592e-05 1.164778654903259221e-04 1.159280567913883835e-04
1.523147037658912017e+00 1.933872029338817725e-03 6.319864486807971228e-05 5.967489099317074830e-05 1.214631308038922799e-04 1.128039490525523363e-04 1.537401783194430622e-04 1.538546006740854847e-04
1.532372640552061016e+00 2.664053787605133016e-03 8.530139150756234703e-05 8.218115770125978409e-05 1.649501373051087683e-04 1.566637958342305750e-04 2.119319425043079443e-04 2.079171617384452907e-04
1.541598243445210237e+00 3.658642905915027600e-03 1.157941644261972769e-04 1.156862018374758133e-04 2.260628795255955475e-04 2.159904742975735439e-04 2.836402408714377467e-04 2.772850619671817646e-04
1.550823846338359457e+00 4.678556024057405754e-03 1.468672578917957702e-04 1.444202207522178594e-04 2.965210698771337042e-04 2.776185201370604677e-04 3.531872250128803223e-04 3.465718854998960097e-04
1.560049449231508456e+00 5.032838223644656162e-03 1.557289099893771969e-04 1.572676152428332391e-04 3.263123322722908878e-04 2.956689366295948626e-04 3.855633332407511910e-04 3.702137286009776068e-04
1.569275052124657455e+00 4.358450572065460799e-03 1.371626946275522271e-04 1.322179574586917691e-04 2.797266590529702904e-04 2.552522830699607836e-04 3.412780586598352164e-04 3.271318627378330332e-04
1.578500655017806453e+00 3.264881890673667492e-03 1.065332297222288879e-04 1.003162623583321415e-04 2.097203581532644696e-04 1.918809360797022086e-04 2.601245768906420598e-04 2.520912645158691380e-04
1.587726257910955674e+00 2.333375129473671747e-03 7.636559079775328066e-05 7.207295465458873548e-05 1.496435600093176492e-04 1.359185346940139545e-04 1.821700154724815307e-04 1.801199876675647731e-04
1.596951860804104451e+00 1.681891394702576207e-03 5.329438900585656107e-05 5.107483692844312639e-05 1.090008893647033492e-04 1.005983784923252921e-04 1.304010839867136753e-04 1.301874760142210201e-04
1.606177463697253671e+00 1.247432564646791487e-03 3.920840462056469564e-05 3.776654202894869257e-05 8.058375010732885500e-05 7.537557232405915977e-05 9.956641404585200861e-05 9.803587320491831750e-05
1.615403066590402892e+00 9.557761982547513524e-04 3.019402231168688382e-05 2.963659018562160487e-05 6.086267190949013785e-05 5.748894035725036263e-05 7.649277270859898212e-05 7.584720916451077877e-05
1.624628669483551890e+00 7.551814538212675175e-04 2.389242521285404354e-05 2.309553661594785246e-05 4.747836803702652243e-05 4.560445655840640253e-05 6.011039271963409397e-05 6.028706274196311485e-05
1.633854272376701111e+00 6.132755076286500922e-04 1.938697287068703954e-05 1.873743692375033371e-05 3.817941379233931627e-05 3.718110192442263245e-05 4.889649397645683994e-05 4.912456579348985827e-05
1.643079875269850110e+00 5.101201376957301180e-04 1.607521257360124307e-05 1.571634316844888139e-05 3.163164623535478885e-05 3.089421089679363292e-05 4.136514297744891232e-05 4.092586672349406022e-05
1.652305478162999108e+00 4.332616185476325450e-04 1.356073371563140889e-05 1.329845957956821579e-05 2.706123281062124911e-05 2.615893255911036714e-05 3.566956870249606568e-05 3.476924515914643415e-05
1.661531081056148329e+00 3.747297181213600351e-04 1.179495842249704898e-05 1.149815388700131755e-05 2.350925534588344315e-05 2.259238296640304552e-05 3.127336207470692410e-05 3.005166339872366449e-05
1.670756683949297106e+00 3.292951274748682914e-04 1.018863433299043624e-05 1.009546771591423404e-05 2.077969588103396100e-05 1.992627224830432987e-05 2.783985879656179383e-05 2.637206825900140824e-05
1.679982286842446326e+00 2.934307438076470538e-04 9.111625489993311049e-06 8.960210384183675460e-06 1.828217214325911872e-05 1.779163521587530817e-05 2.514734727155991910e-05 2.344961142687737501e-05
1.689207889735595547e+00 2.647010088312031829e-04 8.092482275616431821e-06 8.067490675149060434e-06 1.655517565521429828e-05 1.608489912117852874e-05 2.296892917757147436e-05 2.108657559875764349e-05
1.698433492628744546e+00 2.413906071585274660e-04 7.433365897256769689e-06 7.415244191626591420e-06 1.513140016171543763e-05 1.470328191092865402e-05 2.100749895160455806e-05 1.916790087230107499e-05
1.707659095521893766e+00 2.222591119062408802e-04 6.709772282030405672e-06 6.823677634296425494e-06 1.397782364462977242e-05 1.357203241414374137e-05 1.949636477720456760e-05 1.759234039223791894e-05
1.716884698415042543e+00 2.064015873489734039e-04 6.263486872305686634e-06 6.309710722203877922e-06 1.289059424034434361e-05 1.263702715513257487e-05 1.819561609348171669e-05 1.628582195550688327e-05
1.726110301308191763e+00 1.931397852408718596e-04 5.924049521968346608e-06 5.899097810883679278e-06 1.198627427078565182e-05 1.185642856229646635e-05 1.699156770821889559e-05 1.519273100356079696e-05
1.735335904201340984e+00 1.819627688995950122e-04 5.620543191485054572e-06 5.586471795932830683e-06 1.135351383694540271e-05 1.116007478588161095e-05 1.597724863381934325e-05 1.427112518553649693e-05
1.744561507094489761e+00 1.724773776132701973e-04 5.315797013726432461e-06 5.295561264307460094e-06 1.073333717487576829e-05 1.057662667866259162e-05 1.511671725685774406e-05 1.348866701201761691e-05
1.753787109987638981e+00 1.643785232006200801e-04 5.010265115083865472e-06 5.065044335120569416e-06 1.024544005201629120e-05 1.009003045119436144e-05 1.438234537009462329e-05 1.282033660042041770e-05
1.763012712880787980e+00 1.574232014323720982e-04 4.823756946316164976e-06 4.861849090947095242e-06 9.827166855611995126e-06 9.671096459470669530e-06 1.375194960482868742e-05 1.224614348653763800e-05
1.772238315773937201e+00 1.514244073585139919e-04 4.693856941025413999e-06 4.682850533551920430e-06 9.476223376971070009e-06 9.298292011018614725e-06 1.320838719492614536e-05 1.175063966732376288e-05
1.781463918667086421e+00 1.462256583428887661e-04 4.548899069000940723e-06 4.535220431957771815e-06 9.159876248701024357e-06 8.944138471492126940e-06 1.273754408084268623e-05 1.132101134125062017e-05
1.790689521560235198e+00 1.417070055800767690e-04 4.436343075219271277e-06 4.409267884787599441e-06 8.946812724510105723e-06 8.635781139661120919e-06 1.232827172396454458e-05 1.094727929011306560e-05
1.799915124453384419e+00 1.377636743857885886e-04 4.315161832165386813e-06 4.267929587661910620e-06 8.733877356109122359e-06 8.366067828790890769e-06 1.197140926225873743e-05 1.066296600835001324e-05
1.809140727346533417e+00 1.343144700808611067e-04 4.207908803793798452e-06 4.172371055093538478e-06 8.502872031284876893e-06 8.174246687673957087e-06 1.165925334017684444e-05 1.037618992170231741e-05
1.818366330239682416e+00 1.312917387538798883e-04 4.106007883265415295e-06 4.068656052463279519e-06 8.284440585035554193e-06 7.970118857848903452e-06 1.138569975976259962e-05 1.012460542940989334e-05
1.827591933132831414e+00 1.286369302127651933e-04 4.019413656933051252e-06 3.999152745365401303e-06 8.131523438802292338e-06 7.789415494305766186e-06 1.114545049773514726e-05 9.903391149359528104e-06
1.836817536025980635e+00 1.263009158701661726e-04 3.966300520551635945e-06 3.916428990995797152e-06 7.981012150925153670e-06 7.651130363673833796e-06 1.093413602695926913e-05 9.708426717207151559e-06
1.846043138919129634e+00 1.242466059429082653e-04 3.883304784849908771e-06 3.865107353558908283e-06 7.843583474730417412e-06 7.531869477448867290e-06 1.074821839958559305e-05 9.536784865956445412e-06
1.855268741812278410e+00 1.224367413080048542e-04 3.829367836906719894e-06 3.792454543733646223e-06 7.721386331707594339e-06 7.425901246965475248e-06 1.058442490306231204e-05 9.385321611727964145e-06
1.864494344705427187e+00 1.208428825205150602e-04 3.797859985690710152e-06 3.723963211608365218e-06 7.612724376839010158e-06 7.326435484914233399e-06 1.044011430856337604e-05 9.251740616191580883e-06
1.873719947598576185e+00 1.194388437720447240e-04 3.770724061123259486e-06 3.702744749164153023e-06 7.514806567618056467e-06 7.223273045039196763e-06 1.031297817014764249e-05 9.133829451810900968e-06
1.882945550491724962e+00 1.182055090859162558e-04 3.730624257916375849e-06 3.688845743532250692e-06 7.427670502437096092e-06 7.128148766587472053e-06 1.020120715326254025e-05 9.030056439513815488e-06
1.892171153384873961e+00 1.171218810283923231e-04 3.712981209134702575e-06 3.665330054810291460e-06 7.354765202326481286e-06 7.046236583593630987e-06 1.010299828517042229e-05 8.938617008562787462e-06
1.901396756278022737e+00 1.161736060293238248e-04 3.708552649230509031e-06 3.603249214511385643e-06 7.282822689193057869e-06 7.025274274046164097e-06 1.001694415369373792e-05 8.858408260810956615e-06
1.910622359171171736e+00 1.153436248489081531e-04 3.700867739742387508e-06 3.587765573835410100e-06 7.239885178949957765e-06 6.998219707321702045e-06 9.941590826328269522e-06 8.787966345406481548e-06
1.919847962064320512e+00 1.146245011104875022e-04 3.689527617804167696e-06 3.565996892371980009e-06 7.229454311474014833e-06 6.953137279763741438e-06 9.876244219240816534e-06 8.726642594559090604e-06
1.929073564957469289e+00 1.140018774528549851e-04 3.677142536420789079e-06 3.558708614267045377e-06 7.222364601624085725e-06 6.913136487611597431e-06 9.819526451138117285e-06 8.673364486425799193e-06
1.938299167850618288e+00 1.134666948497443126e-04 3.656956377593974586e-06 3.527762343750025448e-06 7.219108045538959770e-06 6.876825390742956259e-06 9.770659234016289751e-06 8.627338992245390907e-06
1.947524770743767064e+00 1.130115643869689286e-04 3.638868907789355911e-06 3.508358758954233277e-06 7.219469698159123672e-06 6.872253756087090873e-06 9.729094734937059324e-06 8.587829339384240386e-06
1.956750373636916063e+00 1.126275565474352578e-04 3.643614505122546752e-06 3.490554997757870236e-06 7.215279548802364779e-06 6.873116259890820422e-06 9.693840002038741905e-06 8.554290917593549413e-06
1.965975976530064839e+00 1.123098677867749861e-04 3.652195302805257763e-06 3.460851844391924252e-06 7.196179119820772367e-06 6.842050241510374111e-06 9.664561588368521770e-06 8.526211066126903227e-06
1.975201579423213616e+00 1.120519382584557266e-04 3.661629978998103734e-06 3.444051659900400114e-06 7.180826446491464965e-06 6.815019320337357728e-06 9.640657228643804478e-06 8.503064628037062742e-06
1.984427182316362615e+00 1.118403423303192566e-04 3.667358173004402482e-06 3.425257002882302272e-06 7.167303293852578423e-06 6.790099128117370623e-06 9.622026768034576795e-06 8.482782149984107291e-06
1.993652785209511391e+00 1.116950160856426720e-04 3.654208177725738684e-06 3.436319640517083670e-06 7.158438690124823323e-06 6.770637151169082817e-06 9.607173803289094090e-06 8.469851139832797605e-06
2.002878388102660168e+00 1.115864112797277210e-04 3.633300551440381320e-06 3.427034699233794807e-06 7.151468489714903846e-06 6.752905868772252507e-06 9.596697590253839573e-06 8.459025778429854763e-06
2.012103990995809166e+00 1.115210630220619801e-04 3.628232976062785073e-06 3.440248814559078959e-06 7.147257405091617328e-06 6.762165148201362201e-06 9.590092420374299537e-06 8.451767339432585992e-06
2.021329593888958165e+00 1.114924734316742171e-04 3.630174680555018382e-06 3.446324011200974135e-06 7.140264021664058467e-06 6.784659974841698643e-06 9.586821161953253687e-06 8.447494273461754813e-06
2.030555196782107164e+00 1.114998330393985004e-04 3.633113522861247560e-06 3.440357901219410954e-06 7.126254458644665376e-06 6.808065603615279585e-06 9.586796568448259677e-06 8.446149794496258297e-06
2.039780799675255718e+00 1.115402728143794376e-04 3.636992731493693225e-06 3.455951717498307479e-06 7.126068499439057436e-06 6.828828056526067467e-06 9.589746659939340709e-06 8.447524636600949564e-06
2.049006402568404717e+00 1.116105711628006191e-04 3.641098587156628061e-06 3.465527358748095722e-06 7.134418638388823584e-06 6.825165984687654123e-06 9.595341750142581368e-06 8.451397701614049877e-06
2.058232005461553715e+00 1.117085763597692728e-04 3.641395210467326471e-06 3.464733721545129098e-06 7.144218820542928014e-06 6.823160199739052652e-06 9.603475723320880394e-06 8.457506145078124045e-06
2.067457608354702270e+00 1.118350642780995555e-04 3.656751039437570691e-06 3.462098173594743656e-06 7.155490590505362192e-06 6.822852240528443427e-06 9.614182489055476109e-06 8.465918994946569263e-06
2.076683211247851268e+00 1.119791607775567612e-04 3.666791499943130488e-06 3.465886498337040415e-06 7.167442699456975301e-06 6.823556071145319281e-06 9.626447672077704252e-06 8.475865959374441396e-06
2.085908814141000267e+00 1.121494007330162959e-04 3.684174363165643737e-06 3.469280736749700785e-06 7.180912592464063176e-06 6.825842756563282442e-06 9.641131780688044425e-06 8.487856881247816693e-06
2.095134417034148822e+00 1.123396198957912838e-04 3.702273532257011209e-06 3.473252118360977076e-06 7.195257185381391377e-06 6.829174452156847475e-06 9.657567851704452772e-06 8.501538188471156865e-06
2.104360019927297820e+00 1.125496632882280491e-04 3.714791971518217493e-06 3.484515182280498841e-06 7.210562231771698626e-06 6.833466997424245256e-06 9.684502902189534557e-06 8.516856455127410535e-06
2.113585622820446819e+00 1.127768829386260673e-04 3.710528215097194334e-06 3.492795868784503792e-06 7.226789041783572760e-06 6.838799393193788732e-06 9.713771824199679051e-06 8.533558078494516991e-06
2.122811225713595817e+00 1.130226195350417202e-04 3.717603527391059415e-06 3.499779823771314246e-06 7.244037149120450192e-06 6.845032748176369517e-06 9.744479199331928577e-06 8.551736560076568668e-06
2.132036828606744372e+00 1.132825657231532635e-04 3.730032340617400483e-06 3.512564326360966926e-06 7.261962727228826048e-06 6.851992227986574498e-06 9.776291614797179307e-06 8.571099123750355441e-06
2.141262431499893371e+00 1.135564883196149772e-04 3.743124239597919864e-06 3.526181489692692839e-06 7.280550330618585026e-06 6.859774724449126679e-06 9.809200053703014599e-06 8.591627669925393164e-06
2.150488034393042369e+00 1.138457930235370612e-04 3.752240043708991073e-06 3.543427628583493559e-06 7.299719061223486436e-06 6.868496294467778046e-06 9.843301911107734227e-06 8.613338880511251915e-06
2.159713637286190924e+00 1.141466835673554713e-04 3.763874832682666044e-06 3.556311120131926910e-06 7.319211403507616806e-06 6.877901571035067714e-06 9.878312690972130411e-06 8.636002222617221685e-06
2.168939240179339922e+00 1.144587737295520342e-04 3.770787607287656631e-06 3.569448255082879103e-06 7.339430261532909889e-06 6.887959298188767545e-06 9.914211223169435002e-06 8.659599041114157464e-06
2.178164843072488921e+00 1.147825179374799325e-04 3.792778584476249096e-06 3.583564297738551173e-06 7.360378445182795136e-06 6.898719175836383528e-06 9.951024341717037308e-06 8.684099817193505601e-06
2.187390445965637920e+00 1.151160942803643183e-04 3.808679953388774647e-06 3.598606091394251395e-06 7.381938781360553514e-06 6.910072195747793042e-06 9.988604458601796831e-06 8.709356822233707681e-06
2.196616048858786474e+00 1.154623295341652007e-04 3.821593845039755050e-06 3.610287198050498745e-06 7.404353499465036949e-06 6.922129692394274249e-06 1.002724571266134905e-05 8.735727227565686552e-06
2.205841651751935473e+00 1.158150383469867611e-04 3.836214683704402563e-06 3.623828149550701303e-06 7.427154824575450719e-06 6.934587406851334935e-06 1.006637488029234434e-05 8.762559464876751194e-06
2.215067254645084471e+00 1.161766106744044298e-04 3.840071653256154054e-06 3.636625847286664216e-06 7.450502224330162100e-06 6.947581300281849065e-06 1.010620410541692219e-05 8.790047282542819270e-06
2.224292857538233026e+00 1.165489730554103724e-04 3.840770350394250585e-06 3.649617337573413632e-06 7.473754989335075656e-06 6.961166376579508972e-06 1.014695279738582370e-05 8.818486008097288086e-06
2.233518460431382024e+00 1.169270620697517639e-04 3.855018367370730828e-06 3.662795801453522845e-06 7.489818772953512368e-06 6.975093839855191278e-06 1.018815180858845054e-05 8.847342000843205073e-06
2.242744063324531023e+00 1.173129593489780157e-04 3.887146847158956552e-06 3.678052484561389291e-06 7.523940619360493134e-06 6.989471776373958967e-06 1.022999466858782395e-05 8.876809715391661320e-06
2.251969666217680022e+00 1.176691802933680590e-04 3.899573797258687707e-06 3.689243286075311263e-06 7.546409081562148327e-06 7.013384581315465060e-06 1.026890665542642619e-05 8.902673050668777170e-06
2.261195269110828576e+00 1.180743051099161545e-04 3.908471188153683990e-06 3.701555644139637499e-06 7.572658485807765775e-06 7.039768436080227768e-06 1.031242609328263820e-05 8.933855383638314462e-06
2.270420872003977575e+00 1.184859275217955624e-04 3.916964479558726164e-06 3.715133275559724365e-06 7.605444183974384279e-06 7.066530777185200539e-06 1.035649816410499945e-05 8.965558356982861773e-06
2.279646474897126573e+00 1.189202790559177843e-04 3.926204905279934328e-06 3.729232287186289366e-06 7.630601038398365527e-06 7.094265674638806614e-06 1.040269176869954688e-05 8.999657094069992021e-06
2.288872077790275128e+00 1.193265536375266679e-04 3.934072987003708844e-06 3.741270837930170986e-06 7.653793954589508015e-06 7.121096060354469731e-06 1.044612322391989291e-05 9.030310114055366114e-06
2.298097680683424127e+00 1.197547839131617658e-04 3.940509021431429682e-06 3.751905533902689027e-06 7.681472150770666195e-06 7.148855863505927644e-06 1.049161882128007148e-05 9.063294492421284580e-06
2.307323283576573125e+00 1.201879802282192520e-04 3.944336860216683693e-06 3.768591919317931089e-06 7.697825864934888080e-06 7.176914651002398531e-06 1.053755009125061082e-05 9.096661507250149896e-06
2.316548886469722124e+00 1.206264693067468727e-04 3.954714374087658869e-06 3.783857405473308312e-06 7.712986568789929453e-06 7.205286425110730563e-06 1.058394983727175935e-05 9.130445291372692737e-06
2.325774489362870678e+00 1.210689014115124361e-04 3.966477684553691881e-06 3.799232484082693787e-06 7.728499517135856926e-06 7.233904130461216902e-06 1.063070315938930126e-05 9.164520130269755488e-06
2.335000092256019677e+00 1.215158278676835226e-04 3.974032265929253616e-06 3.813002256919070018e-06 7.744489693121216255e-06 7.262797463639962992e-06 1.067786064889354888e-05 9.198933598212846079e-06
2.344225695149168676e+00 1.219694802765526289e-04 3.981722075990445854e-06 3.825548365191537071e-06 7.779827824059851941e-06 7.291959547985605553e-06 1.072568948735139855e-05 9.234092788943426056e-06
2.353451298042317230e+00 1.224212125054220310e-04 3.990201296561146594e-06 3.839419814236801737e-06 7.815718990602669915e-06 7.321301592206998286e-06 1.077323738195640397e-05 9.268616507523207517e-06
2.362676900935466229e+00 1.228798931418856452e-04 4.009966724571374262e-06 3.853359965792598125e-06 7.851852351701578544e-06 7.350920757347458013e-06 1.082148320166392646e-05 9.303911501606440949e-06
2.371902503828615227e+00 1.233417789434815043e-04 4.043004331623318648e-06 3.867293960057435948e-06 7.888284172673758069e-06 7.381085485682364780e-06 1.087003972020242413e-05 9.339447283157926321e-06
2.381128106721764226e+00 1.238070473490728257e-04 4.079739665762300302e-06 3.881232933038606205e-06 7.925033619517017494e-06 7.414294662905085843e-06 1.091892101680436004e-05 9.375227997433660814e-06
2.390353709614912781e+00 1.242754640403957614e-04 4.112644161761926272e-06 3.895172438172575936e-06 7.962094798592128913e-06 7.447852829914041058e-06 1.096810724919184831e-05 9.411226232722397201e-06
2.399579312508061779e+00 1.247469487425481615e-04 4.129637352171596377e-06 3.907229561224279525e-06 7.999440651851232736e-06 7.481666647921197152e-06 1.101760135870419972e-05 9.447457526672519649e-06
2.408804915401210778e+00 1.252212422260926580e-04 4.140386535819110675e-06 3.913117135859878063e-06 8.035220499570439089e-06 7.515704064363530677e-06 1.106738021973928659e-05 9.483888127443133517e-06
2.418030518294359332e+00 1.256982457637459037e-04 4.150779625240253509e-06 3.919023947342509446e-06 8.066139267887438092e-06 7.549961323666576937e-06 1.111743857699529995e-05 9.520511761241934995e-06
2.427256121187508331e+00 1.261779137998807025e-04 4.173294218882278323e-06 3.931312149080983843e-06 8.097705077998387660e-06 7.584418955630998051e-06 1.116777012813145622e-05 9.557312017217527199e-06
2.436481724080657330e+00 1.266602021291551123e-04 4.197832852525959198e-06 3.953821384823581796e-06 8.129371939854894685e-06 7.619101177337974577e-06 1.120465262463788076e-05 9.594305864028728685e-06
2.445707326973806328e+00 1.271448696683570372e-04 4.220417470929228518e-06 3.976513218666936217e-06 8.161190134143366144e-06 7.653979312238767818e-06 1.124163259115854279e-05 9.631462853108233718e-06
2.454932929866954883e+00 1.276318269328149328e-04 4.242904075382704018e-06 3.992415121894892210e-06 8.193281966928356568e-06 7.689045552324567413e-06 1.127883948127175176e-05 9.668774021510611965e-06
2.464158532760103881e+00 1.281208324792481202e-04 4.264812320301707236e-06 4.006221819167609527e-06 8.225590295050222824e-06 7.724293074101942921e-06 1.131625236820162474e-05 9.706225950740531082e-06
2.473384135653252880e+00 1.286119233385533132e-04 4.277111494171954116e-06 4.020001363535429450e-06 8.258144113467254721e-06 7.759711430025220159e-06 1.135387211016915384e-05 9.743811041318568584e-06
2.482609738546401434e+00 1.291050786008435172e-04 4.289485604595691219e-06 4.033753485190765334e-06 8.290928096150025585e-06 7.795305818228816068e-06 1.139169637327672397e-05 9.781658420108873620e-06
2.491835341439550433e+00 1.296002252258092544e-04 4.301327150701831411e-06 4.047476227268933862e-06 8.323945890682181133e-06 7.831069522490574858e-06 1.142971786617617293e-05 9.827192278066934931e-06
2.501060944332699432e+00 1.300970359821730497e-04 4.310475247743303763e-06 4.061159768552392467e-06 8.357187456197010152e-06 7.866979406225265304e-06 1.146790691282102270e-05 9.872888843024670924e-06
2.510286547225848430e+00 1.305958832412650440e-04 4.319691333077099607e-06 4.079261807897992254e-06 8.390631734664518414e-06 7.903078789511883834e-06 1.150629719986459359e-05 9.918782893999678768e-06
2.519512150118996985e+00 1.310961511627020725e-04 4.328974278372066473e-06 4.103791921032423802e-06 8.424319100103585568e-06 7.939295376731693010e-06 1.154483068988807490e-05 9.964824429839339633e-06
2.528737753012145983e+00 1.315983094870475036e-04 4.352423196996003073e-06 4.122291744187550058e-06 8.458210544172082256e-06 7.975688908211798610e-06 1.158355051368977016e-05 1.001105632278086730e-05
2.537963355905294982e+00 1.321016013614232244e-04 4.361376821773147068e-06 4.138204019721032460e-06 8.492326026239533461e-06 8.012185590419365752e-06 1.162238742319072864e-05 1.005742106898454560e-05
2.547188958798443537e+00 1.326069210849503742e-04 4.370347138657948091e-06 4.153705574253224557e-06 8.526653384175939248e-06 8.048868582128342313e-06 1.166142102276851054e-05 1.010399089775999826e-05
2.556414561691592535e+00 1.331133687081222994e-04 4.383183682192911450e-06 4.169282479297569148e-06 8.562184174592261032e-06 8.085662365601401121e-06 1.170057053136383811e-05 1.015069884545012602e-05
2.565640164584741534e+00 1.336205377655953308e-04 4.403014833309648081e-06 4.184921469370302691e-06 8.605165817845067183e-06 8.122549551571242848e-06 1.173980093019500012e-05 1.019752075101903175e-05
2.574865767477890532e+00 1.341304418017038550e-04 4.422746613113963648e-06 4.200681417554374703e-06 8.648252547173023190e-06 8.159639880446088647e-06 1.177928347302273490e-05 1.024459584200447157e-05
2.584091370371039087e+00 1.346409140793321626e-04 4.442507728672048968e-06 4.213649284495751693e-06 8.691292785721789482e-06 8.196828063558993325e-06 1.181883381288047685e-05 1.029178153872466043e-05
2.593316973264188086e+00 1.351525101386983837e-04 4.462324148207704724e-06 4.226651163579569267e-06 8.734343513416782711e-06 8.234119008117274244e-06 1.185849575588982505e-05 1.033911175012556193e-05
2.602542576157337084e+00 1.356654491117099081e-04 4.482196090392664197e-06 4.239702401142957100e-06 8.777407467601883086e-06 8.271551495176419650e-06 1.189829041975000294e-05 1.038660965364194676e-05
2.611768179050485639e+00 1.361797491344175564e-04 4.497485622576474816e-06 4.255188241440249980e-06 8.820499777832007445e-06 8.309109615739111243e-06 1.193821668393521920e-05 1.043427385028384159e-05
2.620993781943634637e+00 1.366947824406336629e-04 4.519597917613751457e-06 4.276072086814732389e-06 8.863580728828591038e-06 8.346759854005025153e-06 1.197822035942750917e-05 1.048206368687226242e-05
2.630219384836783636e+00 1.372110721298481400e-04 4.541716416949035523e-06 4.288777111040661819e-06 8.906537548676428254e-06 8.384545926223098194e-06 1.201834709628230458e-05 1.053001991150042272e-05
2.639444987729932635e+00 1.377282720033988831e-04 4.563776352581631283e-06 4.309705829537099648e-06 8.949184692061840779e-06 8.422414473618873099e-06 1.205856276744956971e-05 1.057811175605028863e-05
2.648670590623081189e+00 1.382464977584525018e-04 4.585835932913667019e-06 4.335626928415517835e-06 8.991835014497023045e-06 8.460407781678524726e-06 1.209888083622084843e-05 1.062635873877958419e-05
2.657896193516230188e+00 1.387657228127490571e-04 4.607859860515748241e-06 4.360910658633346390e-06 9.034502910510404513e-06 8.498501875557997517e-06 1.213929581686654015e-05 1.067475407508255460e-05
2.667121796409379186e+00 1.392858343180852733e-04 4.629198125720852515e-06 4.382438154576056817e-06 9.077176523816121072e-06 8.536702416049953999e-06 1.217979864563307232e-05 1.072329531180514625e-05
2.676347399302527741e+00 1.398068766792637122e-04 4.649117995663982605e-06 4.404088735699676540e-06 9.119871103259978573e-06 8.574996539166497350e-06 1.222039089556755742e-05 1.077198200474230230e-05
2.685573002195676739e+00 1.403288457634835557e-04 4.670863740157408161e-06 4.425871584785693886e-06 9.159450774238450449e-06 8.613407923810216266e-06 1.226107429726989821e-05 1.082082201592313858e-05
2.694798605088825738e+00 1.408516407283782015e-04 4.693122558128688757e-06 4.447780573578843412e-06 9.184319801086273305e-06 8.651919387570803895e-06 1.230183863282905050e-05 1.086980853886663069e-05
2.704024207981974737e+00 1.413753117886562885e-04 4.714138548534525189e-06 4.467710425814662347e-06 9.209127990449713242e-06 8.690249626872232659e-06 1.234268590194668807e-05 1.091894085693452272e-05
2.713249810875123291e+00 1.418995041795835987e-04 4.731037005199285233e-06 4.483533300401294167e-06 9.233852091438435024e-06 8.728465001440322392e-06 1.238358591420694269e-05 1.096819826575687416e-05
2.722475413768272290e+00 1.424248004674493948e-04 4.746328255771466902e-06 4.499333178214278296e-06 9.258544047594327196e-06 8.766804872568960882e-06 1.242459037725505999e-05 1.101762805326252028e-05
2.731701016661421288e+00 1.429505884176408164e-04 4.758740099774106530e-06 4.515074488362465699e-06 9.297145864730114269e-06 8.805214819285157521e-06 1.246564412719173968e-05 1.106718417918074412e-05
2.740926619554569843e+00 1.434772920876321660e-04 4.772802412013652613e-06 4.530772435854712099e-06 9.347582177610309385e-06 8.843720135060304096e-06 1.250678313783828858e-05 1.111689772221268174e-05
2.750152222447718842e+00 1.440046023336110606e-04 4.788014427424921353e-06 4.554850455234539779e-06 9.398190451306073084e-06 8.882314409916898480e-06 1.254798163315598678e-05 1.116675085477639314e-05
2.759377825340867840e+00 1.445324570473064459e-04 4.801019782363407035e-06 4.580908259260675283e-06 9.448990693592328963e-06 8.920969279617251392e-06 1.258923097770340551e-05 1.121673492724672701e-05
2.768603428234016395e+00 1.450611425071433327e-04 4.809480166946067739e-06 4.606219828854517728e-06 9.499977980746216388e-06 8.959729936706002087e-06 1.263055872192763015e-05 1.126687891388547524e-05
2.777829031127165393e+00 1.455906000723247772e-04 4.817907927568418954e-06 4.631608496018035188e-06 9.550850290543529391e-06 8.998588007004900855e-06 1.267825267955576224e-05 1.131717696520713684e-05
2.787054634020314392e+00 1.461207650902531321e-04 4.826302034198904755e-06 4.655409495252541777e-06 9.601901523719180145e-06 9.037533250828546022e-06 1.272830970307220607e-05 1.136762683172273239e-05
2.796280236913463391e+00 1.466513022346462209e-04 4.834654765815732304e-06 4.674028073907567993e-06 9.644895518626461989e-06 9.076533968677737976e-06 1.277848555392637636e-05 1.141820096778472268e-05
2.805505839806611945e+00 1.471825815240288698e-04 4.850424436702644631e-06 4.692659484858475484e-06 9.676103624630679563e-06 9.115628505694750800e-06 1.282879840029262195e-05 1.146893325312901141e-05
2.814731442699760944e+00 1.477145464684587704e-04 4.874271918004668058e-06 4.709715729379800866e-06 9.707325765808338339e-06 9.154807968764797164e-06 1.287924897658371758e-05 1.151981703230450598e-05
2.823957045592909942e+00 1.482470133174498231e-04 4.898292628936117216e-06 4.726641114413980202e-06 9.738546927694018661e-06 9.194065613358679782e-06 1.292981877104657906e-05 1.157084356068126762e-05
2.833182648486058497e+00 1.487801126324436772e-04 4.917614558567996383e-06 4.743571025645637335e-06 9.769630982731254947e-06 9.233399532784200862e-06 1.298052820514748219e-05 1.162202043748170868e-05
2.842408251379207496e+00 1.493137909546945476e-04 4.934014744288123993e-06 4.760501652515726229e-06 9.800637863857647588e-06 9.272824712986137185e-06 1.303135793367693777e-05 1.167334956517047874e-05
2.851633854272356494e+00 1.498478652973126335e-04 4.950455414348849375e-06 4.777429926303296791e-06 9.831638896610117497e-06 9.312310198902814000e-06 1.308231093187996901e-05 1.172481440100636122e-05
2.860859457165505493e+00 1.503826453951378431e-04 4.966080130877186796e-06 4.794364756261621213e-06 9.862650002826487457e-06 9.351885404987390731e-06 1.313340386888483895e-05 1.177644125514149247e-05
2.870085060058654047e+00 1.509179301129921378e-04 4.980082269701410118e-06 4.811299843935127295e-06 9.893658701919718365e-06 9.391538992555996434e-06 1.318462110988177587e-05 1.182821641192345228e-05
2.879310662951803046e+00 1.514536868841456329e-04 4.994083928518133764e-06 4.828234646212848681e-06 9.924663183906304916e-06 9.431266503144109057e-06 1.323596221540731849e-05 1.188013909773837453e-05
2.888536265844952045e+00 1.519901550064772853e-04 5.008092682262828277e-06 4.845177146389149491e-06 9.955680223948479724e-06 9.471083593048679758e-06 1.328744740021169644e-05 1.193222667011795807e-05
2.897761868738100599e+00 1.525267408977136192e-04 5.024506422620484379e-06 4.862107454299210724e-06 9.986667004753887892e-06 9.510959442994218601e-06 1.333902366949639168e-05 1.198444122509480323e-05
2.906987471631249598e+00 1.530640903491181713e-04 5.049379020308816367e-06 4.878522204695599166e-06 1.002478357327584195e-05 9.550912812150182118e-06 1.339076307893180811e-05 1.203682355977459396e-05
2.916213074524398596e+00 1.536022200809891291e-04 5.064698186703022907e-06 4.901256854738053224e-06 1.006758053149613575e-05 9.590967828593710727e-06 1.344264765875530492e-05 1.208938145932328834e-05
2.925438677417547595e+00 1.541404232986209389e-04 5.077985239256477181e-06 4.917979305665484951e-06 1.011058993332972201e-05 9.631072818849870792e-06 1.349462809041839656e-05 1.214206552523652925e-05
2.934664280310696149e+00 1.546791654086119791e-04 5.097573390186292555e-06 4.935438911010854319e-06 1.015382544414735627e-05 9.671261399224012579e-06 1.354673863997819718e-05 1.219490941733786162e-05
2.943889883203845148e+00 1.552185948076925106e-04 5.131480647837600084e-06 4.956986183475212268e-06 1.019724376671675686e-05 9.709043256225829066e-06 1.359899695598161019e-05 1.224792531339497729e-05
2.953115486096994147e+00 1.557584281507675610e-04 5.165657006189994195e-06 4.978662271417467295e-06 1.024076423164881349e-05 9.736811740501357445e-06 1.365139082427032128e-05 1.230109012292351770e-05
2.962341088990142701e+00 1.562987029939643378e-04 5.200088616713133749e-06 5.000454116432947148e-06 1.028449223727399744e-05 9.764520418065246541e-06 1.370390066206597906e-05 1.235441625208847250e-05
2.971566691883291700e+00 1.568394099364420311e-04 5.234791957240818869e-06 5.020288177450546799e-06 1.032847495155710094e-05 9.792166072213737528e-06 1.375654631962131848e-05 1.240789700168921277e-05
2.980792294776440698e+00 1.573807194212656574e-04 5.269760132081701982e-06 5.038919180488140703e-06 1.037268696922204235e-05 9.819761577090909766e-06 1.380931657900437426e-05 1.246155033445703005e-05
2.990017897669589697e+00 1.579224589479250030e-04 5.301622009660963411e-06 5.061935519638208376e-06 1.041983459719274382e-05 9.847292491473589367e-06 1.386218154274216708e-05 1.251536037643203583e-05
2.999243500562738252e+00 1.584643963156655126e-04 5.331387421120460266e-06 5.085071199894310992e-06 1.047178789993652589e-05 9.874743692224902678e-06 1.391515254780140848e-05 1.256931718344135780e-05
3.008469103455887250e+00 1.590072684496713100e-04 5.361289835228386655e-06 5.108345204671521731e-06 1.052402412663822409e-05 9.902165032877826862e-06 1.396829552910165066e-05 1.262347176749075914e-05
3.017694706349036249e+00 1.595503056407846290e-04 5.388452015041712406e-06 5.131738986657662744e-06 1.057650552220164276e-05 9.929503023023943109e-06 1.402154740967322078e-05 1.267777125040799426e-05
3.026920309242184803e+00 1.600938570337450653e-04 5.401152266430297305e-06 5.155263381892075244e-06 1.062925639170876320e-05 9.956780674679995610e-06 1.407494049087047272e-05 1.273224213723690972e-05
3.036145912135333802e+00 1.606379522601508736e-04 5.415317545022464230e-06 5.178918630865302292e-06 1.068227965624415649e-05 9.984000320231625324e-06 1.412847828628752589e-05 1.278688588872097832e-05
3.045371515028482801e+00 1.611823391345809078e-04 5.450487202592800779e-06 5.202409621115423920e-06 1.073557240104702337e-05 1.001948458566432015e-05 1.418214715645166389e-05 1.284168407088905365e-05
3.054597117921631799e+00 1.617272515167766358e-04 5.479120894608471588e-06 5.213309650823759640e-06 1.078914666152491937e-05 1.006779010132710715e-05 1.423596500130811177e-05 1.289665559844050519e-05
3.063822720814780354e+00 1.622728379943427616e-04 5.500525121523817951e-06 5.219404936220099463e-06 1.083957142581590824e-05 1.011625681039224301e-05 1.428990769026906925e-05 1.295182617043567149e-05
3.073048323707929352e+00 1.628187567794558456e-04 5.516543537564924703e-06 5.225328895191224537e-06 1.087551669896506075e-05 1.016484060560794126e-05 1.434398679343564182e-05 1.300715970388010428e-05
3.082273926601078351e+00 1.633648492226478404e-04 5.532377340854486127e-06 5.244068471570135321e-06 1.091139790784114816e-05 1.021351088195801343e-05 1.439822249921831601e-05 1.306263159695211155e-05
3.091499529494226906e+00 1.639115519363620757e-04 5.539059728344383760e-06 5.263257733760013822e-06 1.094736534535558736e-05 1.026234862034871220e-05 1.445257261176185635e-05 1.311830472835640482e-05
3.100725132387375904e+00 1.644589562819918015e-04 5.545193369938580114e-06 5.282522470905198081e-06 1.098334529653325503e-05 1.031132359639226636e-05 1.450709645020730625e-05 1.317416810250524300e-05
3.109950735280524903e+00 1.650064969577908489e-04 5.551202899421427616e-06 5.301847302532751178e-06 1.102087406118319930e-05 1.036015114043239310e-05 1.456174251109827234e-05 1.323018586179842537e-05
3.119176338173673901e+00 1.655546550228200223e-04 5.556629509225819493e-06 5.318660591991514197e-06 1.106950533140914870e-05 1.040898966209885274e-05 1.461654879287180666e-05 1.328639349668707891e-05
3.128401941066822456e+00 1.661034474668945840e-04 5.581002187621882278e-06 5.343159645371893182e-06 1.111833736786051988e-05 1.045799638562560285e-05 1.467147540762926109e-05 1.334280923460210723e-05
3.137627543959971455e+00 1.666525837662319310e-04 5.608512979671915165e-06 5.357825644936394958e-06 1.116756265970197579e-05 1.050709369941480375e-05 1.472658723726183645e-05 1.339938114300787304e-05
3.146853146853120453e+00 1.672021167612350691e-04 5.642223055523146440e-06 5.382938078148970240e-06 1.121699254840613112e-05 1.055134576042376557e-05 1.478180653836951757e-05 1.345614555398318775e-05
3.156078749746269008e+00 1.677519276159190821e-04 5.672626072874718470e-06 5.411976004721547355e-06 1.126679542826899754e-05 1.057801072435534274e-05 1.483719818892346391e-05 1.351306769391049929e-05
3.165304352639418006e+00 1.683027194263246140e-04 5.698105925006828696e-06 5.441166185413890940e-06 1.131680113801417542e-05 1.060464090453598065e-05 1.489275036026320139e-05 1.357022423780550953e-05
3.174529955532567005e+00 1.688536906390126179e-04 5.735746771338246864e-06 5.459599186228197886e-06 1.136684676430790831e-05 1.063113194197141411e-05 1.494843765431091054e-05 1.362754677709440958e-05
3.183755558425716004e+00 1.694051650126490206e-04 5.760095964805464269e-06 5.476515421741040253e-06 1.141719363007822827e-05 1.065751155959724391e-05 1.500428261545840047e-05 1.368506091765534860e-05
3.192981161318864558e+00 1.699718991225091826e-04 5.766386488552464190e-06 5.500789873483214430e-06 1.146506593224639703e-05 1.068659237874990662e-05 1.505998830741197550e-05 1.374433500254151788e-05
3.202206764212013557e+00 1.705094405558572608e-04 5.773138464722286619e-06 5.526930582605468203e-06 1.151879955872130872e-05 1.070991541348144892e-05 1.511643706252305025e-05 1.380065436239099729e-05
3.211432367105162555e+00 1.710623148158211268e-04 5.782582142948368724e-06 5.552335745711022051e-06 1.157006370857872218e-05 1.073594377060758790e-05 1.517275348344472845e-05 1.385874073559840340e-05
3.220657969998311110e+00 1.716160079282086316e-04 5.796172601824810732e-06 5.577854298781853353e-06 1.162157923850567370e-05 1.076191661760134751e-05 1.522922411729686382e-05 1.391706015691556385e-05
3.229883572891460108e+00 1.721698211006707842e-04 5.815187195162526204e-06 5.603049202649191401e-06 1.167339004407946757e-05 1.078771320836774752e-05 1.528582649913990689e-05 1.397555067422781637e-05
3.239109175784609107e+00 1.727241274437163552e-04 5.834024076651695345e-06 5.625839832189673609e-06 1.172561618372093680e-05 1.081316931788610706e-05 1.534263427945955160e-05 1.403422397496610478e-05
3.248334778677758106e+00 1.732791513933291396e-04 5.870398792840624729e-06 5.648702081432891483e-06 1.177808339737450435e-05 1.083856371339334077e-05 1.539958606352920148e-05 1.409312743552566219e-05
3.257560381570906660e+00 1.738347132170105864e-04 5.911382606077996132e-06 5.671654996631972194e-06 1.183087277256830109e-05 1.086383777420483468e-05 1.545670604775594152e-05 1.415223466955773486e-05
3.266785984464055659e+00 1.743905932870692282e-04 5.952625629843978639e-06 5.694694370664391036e-06 1.188398434011632854e-05 1.088897051148871400e-05 1.551398041525832200e-05 1.421153332225197851e-05
3.276011587357204657e+00 1.749470483974638292e-04 5.994133921621456682e-06 5.717829024810713824e-06 1.193743326304605012e-05 1.091631370091217246e-05 1.557143156958302565e-05 1.427104070848717195e-05
3.285237190250353212e+00 1.755039719667110315e-04 6.035906015820329809e-06 5.741058140874084805e-06 1.199122592776492770e-05 1.096735579134464717e-05 1.562905523888895223e-05 1.433075062941177027e-05
3.294462793143502211e+00 1.760616641371528862e-04 6.076794206630244544e-06 5.761174686140784363e-06 1.204773582639851208e-05 1.101862764956080577e-05 1.568683292236581583e-05 1.439070146744259298e-05
3.303688396036651209e+00 1.766196341575731717e-04 6.105288142934571461e-06 5.770357960364875345e-06 1.211089021814062213e-05 1.107009273313458073e-05 1.574479681488749920e-05 1.445283254970382270e-05
3.312913998929800208e+00 1.771782339213456760e-04 6.117022088290271966e-06 5.796873163069513968e-06 1.217445544316264421e-05 1.112178260266301691e-05 1.580291826255167203e-05 1.451736578072539401e-05
3.322139601822948762e+00 1.777373449515503385e-04 6.143620405233790561e-06 5.827744589145410128e-06 1.223844992504172246e-05 1.117368881030367245e-05 1.586120709908214895e-05 1.458214554046397514e-05
3.331365204716097761e+00 1.782972192080715663e-04 6.166727816537311826e-06 5.857489516967063353e-06 1.229421618273939497e-05 1.122582296955148954e-05 1.591969544237811763e-05 1.464718647454030112e-05
3.340590807609246760e+00 1.788574803842412145e-04 6.187137080544452723e-06 5.886093166986906301e-06 1.234203752770670248e-05 1.127793091342367895e-05 1.597835932478955628e-05 1.471246536978871580e-05
3.349816410502395314e+00 1.794182494662971297e-04 6.202020139668950596e-06 5.914891922227845118e-06 1.238990192410719662e-05 1.133015852325996368e-05 1.603719347992131616e-05 1.477799598693539315e-05
3.359042013395544313e+00 1.799794311927485049e-04 6.216880838367573213e-06 5.943906231911704136e-06 1.243940734492067338e-05 1.138259863146980078e-05 1.609620631026675223e-05 1.484376889648690578e-05
3.368267616288693311e+00 1.805417803760216069e-04 6.241339745988324327e-06 5.971022850800557702e-06 1.249940405842001338e-05 1.143529763373830844e-05 1.615541707709989097e-05 1.490985081818477459e-05
3.377493219181842310e+00 1.811041190794463558e-04 6.271588528846013238e-06 5.997914289336124961e-06 1.255134887629140417e-05 1.148818959446716971e-05 1.621480664644103981e-05 1.497614419183689689e-05
3.386718822074990864e+00 1.816674455175951131e-04 6.305650752969619481e-06 6.024930461237716379e-06 1.259573504971549544e-05 1.154133039924981944e-05 1.627437807481606994e-05 1.504273319623475997e-05
3.395944424968139863e+00 1.822312261338575269e-04 6.341883676790283303e-06 6.052103742004694533e-06 1.263201412566314699e-05 1.159469437023917483e-05 1.633413403591518938e-05 1.510957730905743211e-05
3.405170027861288862e+00 1.827955104238676153e-04 6.376326263438189968e-06 6.079434225549567401e-06 1.267713404547627125e-05 1.164828570499311876e-05 1.639407682403650466e-05 1.517668220799700800e-05
3.414395630754437416e+00 1.833603421493131740e-04 6.408491825272874228e-06 6.111454544227936693e-06 1.272565243074945179e-05 1.170210865901206293e-05 1.645421135390616680e-05 1.524405309187812124e-05
3.423621233647586415e+00 1.839260589768303372e-04 6.443005221587884239e-06 6.152238146733417278e-06 1.277431889076880898e-05 1.175618131465399241e-05 1.651456898335194141e-05 1.531171372455068205e-05
3.432846836540735413e+00 1.844918096879573670e-04 6.477631538932002511e-06 6.189424726636217136e-06 1.285522698883575241e-05 1.181046476593695547e-05 1.657506991805537760e-05 1.537961244186687704e-05
3.442072439433883968e+00 1.850582095902875244e-04 6.512419045030332304e-06 6.222861847963881508e-06 1.293928113896896325e-05 1.186242011277558427e-05 1.663573252680088771e-05 1.544779345212402098e-05
3.451298042327032967e+00 1.856270156471235199e-04 6.547307066578493843e-06 6.255843808026828904e-06 1.302081058989081703e-05 1.189359853613107467e-05 1.669680347142241486e-05 1.551636407512535878e-05
3.460523645220181965e+00 1.861944912871459610e-04 6.594712231507669775e-06 6.279214350869531539e-06 1.308222206374332389e-05 1.192463625228730928e-05 1.675786595683334220e-05 1.558509132669632139e-05
3.469749248113330964e+00 1.867628962302275220e-04 6.651906225710129371e-06 6.281768984493069606e-06 1.314385767344365187e-05 1.195567242223786195e-05 1.681915140622038183e-05 1.565413328550455054e-05
3.478974851006479518e+00 1.873334049467596948e-04 6.709616325357428343e-06 6.285983442189688273e-06 1.321102191383604057e-05 1.198677582932888472e-05 1.688080105447862362e-05 1.572353960027669090e-05
3.488200453899628517e+00 1.879027308546424757e-04 6.753276954570437132e-06 6.293847909925745845e-06 1.329157939227891072e-05 1.201770273186053973e-05 1.694245839703028287e-05 1.579312732888813148e-05
3.497426056792777516e+00 1.884745679138085620e-04 6.763287374523445448e-06 6.322149073319320014e-06 1.335333425165027605e-05 1.205783685488144965e-05 1.699859879588093729e-05 1.586311762919937049e-05
3.506651659685926070e+00 1.890452854115259461e-04 6.771571844981340640e-06 6.350556511913258350e-06 1.339217194973107506e-05 1.211067190868463312e-05 1.704239368548418642e-05 1.593329931433109018e-05
3.515877262579075069e+00 1.896162841142657327e-04 6.775873286962751704e-06 6.377601646501048762e-06 1.344926388317267750e-05 1.216373579387999252e-05 1.708616192822961957e-05 1.600373237088374852e-05
3.525102865472224067e+00 1.901904041360407338e-04 6.809445768102831897e-06 6.399638048163109379e-06 1.349332036690634434e-05 1.221718214203742310e-05 1.713016807927558879e-05 1.607464675702300065e-05
3.534328468365373066e+00 1.907631647516797090e-04 6.848301485008805251e-06 6.404071541908954671e-06 1.353722654665216805e-05 1.227077489743277645e-05 1.717399019557819435e-05 1.614572113066715920e-05
3.543554071258521621e+00 1.913381977494714101e-04 6.887322402635286415e-06 6.408469536034764940e-06 1.358114552877127544e-05 1.232470928988694181e-05 1.721797304533631665e-05 1.621719375944006268e-05
3.552779674151670619e+00 1.919140575788266681e-04 6.926525338262238748e-06 6.412746692537193375e-06 1.362520902682877000e-05 1.237891950159203673e-05 1.726197827806391313e-05 1.628899124705331515e-05
3.562005277044819618e+00 1.924889257497404741e-04 6.965906575119362515e-06 6.441226575935464667e-06 1.366926204669554820e-05 1.242559330687554339e-05 1.730583118572523926e-05 1.636099090089832096e-05
3.571230879937968172e+00 1.930663106723093684e-04 6.999954332290105226e-06 6.467687620871176261e-06 1.371359269789732167e-05 1.246184747713484343e-05 1.734986662706787769e-05 1.643341308745155729e-05
3.580456482831117171e+00 1.936424013093370530e-04 7.032734584345551017e-06 6.496764670543803783e-06 1.375791546860504052e-05 1.249806060385857563e-05 1.739372245404508877e-05 1.650600948158634077e-05
3.589682085724266170e+00 1.942214949030343619e-04 7.065699805704623833e-06 6.531641481214551202e-06 1.380251760328972508e-05 1.253450175802157799e-05 1.743780312586892573e-05 1.657909319694673349e-05
3.598907688617415168e+00 1.947993052259360544e-04 7.098667273554423382e-06 6.556237936993603932e-06 1.388428361079609391e-05 1.257964997675319507e-05 1.748170690673542292e-05 1.665235653447238529e-05
3.608133291510563723e+00 1.953797027656485998e-04 7.131759374470324642e-06 6.592219845275888853e-06 1.396676791381846572e-05 1.263385410992974036e-05 1.752579629244645633e-05 1.672605510992758275e-05
3.617358894403712721e+00 1.959587920850492803e-04 7.164894572493190868e-06 6.632199736327453301e-06 1.401879662137482294e-05 1.268821505352049433e-05 1.756970428703498975e-05 1.679994591369886304e-05
3.626584497296861720e+00 1.965409623001041970e-04 7.198181737300292761e-06 6.649260693420067829e-06 1.406931476707524195e-05 1.274274324897939218e-05 1.761384347883653586e-05 1.687432001162803789e-05
3.635810100190010274e+00 1.971240902798531650e-04 7.231601895081992077e-06 6.668662560861221512e-06 1.411952022711728937e-05 1.279699881621162820e-05 1.765801272579398291e-05 1.694904865360508735e-05
3.645035703083159273e+00 1.977057071303393691e-04 7.264973191501469503e-06 6.691638027902450502e-06 1.417881449048259907e-05 1.285137985530858742e-05 1.770198398196257280e-05 1.702394151155843028e-05
3.654261305976308272e+00 1.982903521178017408e-04 7.295015874915575932e-06 6.706582990383412645e-06 1.425551681066985306e-05 1.289696840543064086e-05 1.775227051570123162e-05 1.709933048806515756e-05
3.663486908869457270e+00 1.988738125950253034e-04 7.318536345687535289e-06 6.721437303506942480e-06 1.433265950510345318e-05 1.292390387705815943e-05 1.785555997912047135e-05 1.717493216543762146e-05
3.672712511762605825e+00 1.994602575183233070e-04 7.342094213252893173e-06 6.736338740757745209e-06 1.437970389454838066e-05 1.298173959934641013e-05 1.795959383789257828e-05 1.725101094204737262e-05
3.681938114655754823e+00 2.000455176875203878e-04 7.365572346694027137e-06 6.751146153649665443e-06 1.442533399030070562e-05 1.305442405064906070e-05 1.806418891556386508e-05 1.731382884659690832e-05
