2.306400723287267349e-02 5.572493953409604800e+16 0.000000000000000000e+00 0.000000000000000000e+00 0.000000000000000000e+00 0.000000000000000000e+00 0.000000000000000000e+00 0.000000000000000000e+00
3.228961012602173802e-02 1.163078255395948906e+14 2.968750000000000000e-01 3.125000000000000000e-01 5.781250000000000000e-01 6.562500000000000000e-01 7.968750000000000000e-01 8.750000000000000000e-01
4.151521301917080603e-02 2.104248557356606445e+12 2.841796875000000000e-01 2.819824218750000000e-01 5.324707031250000000e-01 5.927734375000000000e-01 7.270507812500000000e-01 8.046875000000000000e-01
5.074081591231988098e-02 1.178572736912622528e+11 2.630310058593750000e-01 2.630157470703125000e-01 4.917755126953125000e-01 5.494079589843750000e-01 6.744384765625000000e-01 7.489471435546875000e-01
5.996641880546894204e-02 1.301894237005053139e+10 2.479343414306640625e-01 2.461738586425781250e-01 4.618797302246093750e-01 5.156497955322265625e-01 6.356277465820312500e-01 7.044792175292968750e-01
6.919202169861800311e-02 2.246726876339129448e+09 2.345771789550781250e-01 2.336869239807128906e-01 4.376773834228515625e-01 4.871091842651367188e-01 6.036071777343750000e-01 6.707458496093750000e-01
7.841762459176707112e-02 5.296187498489205837e+08 2.232103943824768066e-01 2.249151468276977539e-01 4.162183403968811035e-01 4.638106226921081543e-01 5.782161951065063477e-01 6.439025998115539551e-01
8.764322748491613913e-02 1.568588156673068106e+08 2.136647999286651611e-01 2.177349030971527100e-01 3.999961316585540771e-01 4.450331926345825195e-01 5.574336349964141846e-01 6.222190856933593750e-01
9.686883037806519325e-02 5.523747223781321943e+07 2.059310078620910645e-01 2.126308903098106384e-01 3.845684453845024109e-01 4.292818158864974976e-01 5.403959378600120544e-01 6.044653803110122681e-01
1.060944332712142474e-01 2.226400586376690492e+07 1.997791342437267303e-01 2.081062979996204376e-01 3.730785064399242401e-01 4.156576879322528839e-01 5.267106741666793823e-01 5.895810201764106750e-01
1.153200361643633154e-01 9.994976450298324227e+06 1.965660154819488525e-01 2.028983291238546371e-01 3.644455485045909882e-01 4.031221922487020493e-01 5.164853893220424652e-01 5.764234494417905807e-01
1.245456390575123834e-01 4.898245404451172799e+06 1.950825881212949753e-01 1.965970005840063095e-01 3.606364047154784203e-01 3.951988480985164642e-01 5.083794509992003441e-01 5.655731912702322006e-01
1.337712419506614514e-01 2.580949202940560412e+06 1.916782124899327755e-01 1.932988585904240608e-01 3.595578740350902081e-01 3.898674948140978813e-01 5.013939677737653255e-01 5.574690275825560093e-01
1.429968448438105333e-01 1.445108596691462211e+06 1.897656379733234644e-01 1.896637594327330589e-01 3.564731616061180830e-01 3.854643828235566616e-01 4.964167571160942316e-01 5.508098725695163012e-01
1.522224477369596152e-01 8.519079285018374212e+05 1.884743493283167481e-01 1.864827919052913785e-01 3.520548891974613070e-01 3.824527906253933907e-01 4.926849505864083767e-01 5.462825723225250840e-01
1.614480506301086971e-01 5.248665609096715925e+05 1.883689156966283917e-01 1.858712203102186322e-01 3.522159508429467678e-01 3.798325110692530870e-01 4.910684799542650580e-01 5.432790968334302306e-01
1.706736535232577512e-01 3.359446695722644799e+05 1.884134279680438340e-01 1.846687843790277839e-01 3.524175143102183938e-01 3.791175928199663758e-01 4.899479571613483131e-01 5.425681206979788840e-01
1.798992564164068331e-01 2.222856123680506134e+05 1.874802472302690148e-01 1.834992279473226517e-01 3.534109317697584629e-01 3.788246670155785978e-01 4.900599402026273310e-01 5.433364362106658518e-01
1.891248593095559150e-01 1.514264172773469472e+05 1.889772522263228893e-01 1.809961974795442075e-01 3.564530009462032467e-01 3.755156720289960504e-01 4.929289395513478667e-01 5.415484168333932757e-01
1.983504622027049968e-01 1.058383535068880301e+05 1.884438830311410129e-01 1.834563810552936047e-01 3.570414301502751186e-01 3.760980753286276013e-01 4.941614332201424986e-01 5.441782412963220850e-01
2.075760650958540787e-01 7.567699488055435359e+04 1.910212906950619072e-01 1.843726656661601737e-01 3.595452453300822526e-01 3.759933921683114022e-01 4.983642229635734111e-01 5.480470586771843955e-01
2.168016679890031329e-01 5.521675140197690052e+04 1.918546109591261484e-01 1.859725583344697952e-01 3.625622791951172985e-01 3.790612487500766292e-01 5.034334584634052590e-01 5.539028814455377869e-01
2.260272708821522147e-01 4.102170089534537692e+04 1.932667371656862088e-01 1.885611063189571723e-01 3.654857814472052269e-01 3.860604840301675722e-01 5.090586114238249138e-01 5.622090659453533590e-01
2.352528737753012689e-01 3.097106230592710199e+04 1.976201028955983929e-01 1.919975872770010028e-01 3.710607043067284394e-01 3.925889787969936151e-01 5.180851798577350564e-01 5.703240017828647979e-01
2.444784766684503230e-01 2.372205957775531715e+04 2.012641034234547988e-01 1.949088117180508561e-01 3.773253365070559084e-01 4.014377372041053604e-01 5.283681687542411964e-01 5.806531272428401280e-01
2.537040795615994049e-01 1.840461498714697882e+04 2.051652185909915715e-01 1.987688740919111297e-01 3.834835972484142985e-01 4.126464092696551234e-01 5.391689878924807999e-01 5.942594128027849365e-01
2.629296824547484590e-01 1.444291339709814565e+04 2.107790284517250257e-01 2.050015647473628633e-01 3.922672045955550857e-01 4.227592926326906309e-01 5.532105867150676204e-01 6.088175081567896996e-01
2.721552853478975686e-01 1.144843663777454640e+04 2.160143222226906801e-01 2.107374648785480531e-01 4.017644100113102468e-01 4.343142268553492613e-01 5.687586067688243929e-01 6.265352362388512120e-01
2.813808882410466228e-01 9.154312359853873204e+03 2.227903588354820386e-01 2.201634979282971472e-01 4.120870528586237924e-01 4.491477350948116509e-01 5.860476354300772073e-01 6.477562720010610064e-01
2.906064911341957324e-01 7.374158456998327893e+03 2.286979034388423315e-01 2.288663824147079140e-01 4.276835552036573063e-01 4.689555894947261550e-01 6.057993390240881126e-01 6.724495867238147184e-01
2.998320940273447865e-01 5.975758362548949663e+03 2.398412985367031069e-01 2.375879429037013324e-01 4.496640907009350485e-01 4.886941000149818137e-01 6.317275397013872862e-01 6.976971423846407561e-01
3.090576969204938407e-01 4.863922608202536139e+03 2.502517124294172390e-01 2.473659476800094126e-01 4.708134856073229457e-01 5.137741292855935171e-01 6.588924478610351798e-01 7.293261867480396177e-01
3.182832998136429503e-01 3.969100584670406533e+03 2.639512280061353522e-01 2.612488973104518664e-01 4.893208954899819219e-01 5.418889592388040910e-01 6.895646484776989382e-01 7.660346402203686011e-01
3.275089027067920044e-01 3.239721296793648435e+03 2.787646918277459918e-01 2.785382527285946708e-01 5.158822704079284449e-01 5.738444895664542855e-01 7.222623328980262158e-01 8.101750062533028540e-01
3.367345055999411141e-01 2.636924482198800433e+03 2.928089189326783526e-01 2.957199989832588471e-01 5.500300160606457212e-01 6.134588109093783714e-01 7.612560595853210543e-01 8.579118490565633692e-01
3.459601084930901682e-01 2.130914560232434724e+03 3.195655717904628546e-01 3.170650175193259201e-01 5.885454121125803795e-01 6.582273885992435680e-01 8.084376470101233281e-01 9.038090624744654633e-01
3.551857113862392223e-01 1.698404230881159947e+03 3.370154842182273569e-01 3.487730916579039331e-01 6.275837855098416185e-01 7.064394644048661576e-01 8.479127257398886286e-01 9.566522466484457254e-01
3.644113142793883320e-01 1.320943060657828937e+03 3.602337817494571937e-01 3.746052995052195911e-01 6.750107963403024769e-01 7.355706959383496724e-01 9.003493810871532332e-01 1.014954347917182531e+00
3.736369171725373861e-01 9.843850961065801357e+02 3.716743942759421770e-01 4.033937329961645446e-01 6.977399192523989768e-01 7.670439056290661028e-01 9.540033641628724581e-01 1.057431340408243159e+00
3.828625200656864958e-01 6.808667025490533433e+02 3.630641557804210606e-01 4.043522763212195059e-01 6.952918091116089272e-01 7.532597976162378473e-01 9.766901430884900037e-01 1.028697907072682938e+00
3.920881229588355499e-01 4.193574163091162745e+02 2.954694995478917008e-01 3.303841435660501702e-01 5.535781353873971966e-01 6.029329126021707452e-01 8.100246445740140189e-01 8.292302230706809496e-01
4.013137258519846040e-01 2.674419091733412870e+02 1.204328851730451788e-02 1.535314808506882400e-02 2.327366355967797062e-02 2.961458706295161392e-02 3.252104450189108320e-02 3.905833178828288510e-02
4.105393287451337136e-01 4.790445675759182222e+02 9.575982235652986674e-01 9.366869414695884188e-01 1.822291661790814032e+00 1.890341968578240994e+00 2.461536563441939052e+00 2.601946611311291235e+00
4.197649316382827678e-01 1.449155860804505892e+03 2.084568769043244174e+00 2.030837104822921901e+00 3.910309081437844725e+00 4.311824469938983384e+00 5.200679023326983952e+00 7.376207681966889140e+00
4.289905345314318219e-01 2.362304792373832242e+03 1.016052016841058503e+00 1.003051125040201441e+00 1.928678528857744823e+00 2.327808597096463927e+00 2.590856317709040013e+00 4.313900387765443156e+00
4.382161374245809315e-01 2.329877621834257752e+03 1.393896239742389298e-01 1.262539649324025959e-01 3.119436593096907018e-01 2.393368878470027994e-01 4.956843750896950951e-01 3.319538902301246708e-01
4.474417403177299857e-01 1.978814094880038738e+03 4.367319698419578344e-01 4.059741923340425274e-01 9.823217082278006274e-01 7.735837234611153690e-01 1.726164677421138549e+00 1.022313409649314053e+00
4.566673432108790953e-01 1.654160360108339319e+03 4.483941915800642164e-01 4.203012519958519988e-01 9.925451215115117520e-01 8.009243738708846649e-01 1.826744937564171778e+00 1.100927083776014115e+00
4.658929461040280939e-01 1.401039983879664760e+03 4.071243370647152915e-01 3.851924867076377268e-01 9.211281526727361779e-01 7.349964498134795576e-01 1.552072855718961364e+00 9.632154374592118984e-01
4.751185489971772036e-01 1.206140457525099919e+03 3.666434197036778642e-01 3.387676112899953296e-01 8.007738538906323811e-01 6.482642306668822130e-01 1.288944621629298126e+00 8.452996950613851368e-01
4.843441518903262577e-01 1.053308735668741974e+03 3.116450950315083901e-01 3.029318578135189455e-01 7.137348264543561527e-01 5.711234805673939263e-01 1.070535396558398133e+00 7.516400713091115904e-01
4.935697547834753673e-01 9.307206737967472918e+02 2.718393032399717413e-01 2.673473076499703893e-01 6.250875336206718202e-01 5.041621001749945208e-01 9.077326348052565663e-01 6.767157505580598809e-01
5.027953576766244215e-01 8.303514876617941809e+02 2.441588393107849697e-01 2.365590055329676034e-01 5.342959785776884019e-01 4.463576700782141415e-01 7.826980838563031284e-01 6.078594976000886163e-01
5.120209605697735311e-01 7.467295914533948462e+02 2.220478239172507529e-01 2.149593332140966595e-01 4.613797695041057523e-01 4.014921071382104856e-01 6.809313238494496545e-01 5.546829969515556513e-01
5.212465634629225297e-01 6.760341776109057719e+02 1.975018417201681586e-01 1.944337359045675839e-01 4.146904356732648012e-01 3.644892398936008249e-01 6.106120410111088859e-01 4.997495149876840514e-01
5.304721663560716394e-01 6.155341994043315026e+02 1.790426989107345435e-01 1.745897106952725153e-01 3.763089338533518458e-01 3.310693694298834089e-01 5.565907554441764660e-01 4.519997318700461619e-01
5.396977692492206380e-01 5.632289603617075500e+02 1.634173451139986355e-01 1.589563043025918887e-01 3.425593715888908264e-01 3.013983951909722236e-01 5.088505798631786092e-01 4.121688643974721344e-01
5.489233721423698587e-01 5.176132403300127862e+02 1.516314796378992469e-01 1.465243222687604430e-01 3.085157289121980284e-01 2.766544417736440664e-01 4.605703012807680352e-01 3.781651011150870545e-01
5.581489750355188573e-01 4.775333270341383241e+02 1.395457268874906731e-01 1.352807921578005335e-01 2.799736348122792151e-01 2.554643050876848065e-01 4.197312854136612259e-01 3.488828613430428049e-01
5.673745779286679669e-01 4.420882299093721031e+02 1.277147802566673818e-01 1.254242067319069065e-01 2.612909484046781472e-01 2.372111976398514344e-01 3.848218074669489397e-01 3.234835954295363081e-01
5.766001808218169655e-01 4.105622766423931012e+02 1.191133397444446018e-01 1.169600655844078574e-01 2.455574934011792720e-01 2.211858839668821020e-01 3.598412038330707219e-01 3.006550948948074620e-01
5.858257837149661862e-01 3.823806398476273785e+02 1.109173742279949693e-01 1.091773597786414030e-01 2.291204056108426812e-01 2.079020838151564021e-01 3.377368836310097322e-01 2.805096978444794331e-01
5.950513866081151848e-01 3.570747449004107921e+02 1.029967923798267293e-01 1.026218454614422626e-01 2.143337263638045442e-01 1.950618518452529315e-01 3.174976323980445159e-01 2.629477705906992924e-01
6.042769895012642944e-01 3.342578714834222069e+02 9.699243202169327560e-02 9.674513855424038411e-02 1.996703542738487158e-01 1.839656826783766519e-01 2.993181919947573988e-01 2.471464305366453118e-01
6.135025923944132931e-01 3.136085744113682381e+02 9.135082934619731532e-02 9.132777272100156551e-02 1.884029833336171578e-01 1.735711585494073006e-01 2.831758867466760421e-01 2.326087167660375599e-01
6.227281952875624027e-01 2.948579932506635259e+02 8.608675061606163581e-02 8.662152130062850119e-02 1.782337611535922406e-01 1.643302842012985820e-01 2.682754066750021593e-01 2.196972758591755337e-01
6.319537981807114013e-01 2.777779606436823769e+02 8.183645680526296928e-02 8.193564592130542223e-02 1.691422568525808856e-01 1.557009831705045144e-01 2.548549491535823108e-01 2.078113731166695288e-01
6.411794010738606220e-01 2.621750317995861224e+02 7.719961410458608952e-02 7.755185215330584469e-02 1.606330911428699437e-01 1.478792381844868942e-01 2.416972121247340510e-01 1.971867171400845109e-01
6.504050039670096206e-01 2.478830762251636486e+02 7.278686346350582426e-02 7.371634559905260176e-02 1.527521215455749370e-01 1.407980558776955604e-01 2.291569313259742557e-01 1.875577247319881735e-01
6.596306068601587302e-01 2.347589960592109435e+02 6.898699421029164114e-02 7.048632440074698025e-02 1.455652084366647614e-01 1.339692887823105139e-01 2.177006171038442517e-01 1.786715320527605400e-01
6.688562097533077289e-01 2.226790827035013081e+02 6.654610712527642136e-02 6.744536627135744311e-02 1.389686986343861008e-01 1.274320981322318858e-01 2.071787794496913193e-01 1.704717662013877089e-01
6.780818126464568385e-01 2.115356541417083918e+02 6.366755892358355595e-02 6.454657261829765957e-02 1.329649427544268292e-01 1.213219539835108662e-01 1.975545961988132149e-01 1.628184284830922479e-01
6.873074155396059481e-01 2.012350469043462340e+02 6.095806035270356915e-02 6.180746683213556025e-02 1.271627267201438372e-01 1.159289090089998808e-01 1.884031940661259341e-01 1.559837567843942452e-01
6.965330184327550578e-01 1.916944123735939343e+02 5.807929348395646230e-02 5.922763738271896727e-02 1.219283180004424594e-01 1.107925277889307836e-01 1.814607689617275810e-01 1.494981742433765248e-01
7.057586213259040564e-01 1.828411379671297823e+02 5.608403957822361008e-02 5.679521286270983182e-02 1.172720821238613098e-01 1.058204304875118851e-01 1.762061654202113914e-01 1.432612212929029738e-01
7.149842242190531660e-01 1.746120204458361513e+02 5.361382717717333435e-02 5.475113103216244781e-02 1.122709911365689095e-01 1.018639202771680630e-01 1.707136207249391191e-01 1.381170357664700532e-01
7.242098271122021647e-01 1.669492810696768856e+02 5.120525978247769672e-02 5.272903062237332961e-02 1.078884441823220186e-01 9.790383207828767809e-02 1.648708271282828264e-01 1.330400775705982142e-01
7.334354300053513853e-01 1.598027259668946840e+02 4.953525832323180111e-02 5.100329396134384297e-02 1.053730564954378224e-01 9.436133227055165662e-02 1.588795615385834026e-01 1.282781783764619377e-01
7.426610328985003839e-01 1.531273144114725255e+02 4.758111462450642648e-02 4.922908816431004198e-02 1.024246595868589793e-01 9.115904219933668173e-02 1.533350857545485724e-01 1.235053157780612310e-01
7.518866357916494936e-01 1.468830863947368641e+02 4.553242332880813592e-02 4.804602356173859334e-02 9.857965323715234263e-02 8.791198775739417215e-02 1.479595817510244160e-01 1.189355080483949223e-01
7.611122386847984922e-01 1.410336750281871332e+02 4.387824559483988196e-02 4.637094225699911476e-02 9.509118804794525204e-02 8.504630636980436975e-02 1.430686816498507596e-01 1.144608264188207158e-01
7.703378415779476018e-01 1.355467055499665321e+02 4.275998479425879850e-02 4.466133968270469268e-02 9.199038201938947168e-02 8.223505257183205686e-02 1.393548596033440390e-01 1.100376216986092004e-01
7.795634444710966005e-01 1.303933087583395718e+02 4.123982851882601608e-02 4.307127806481503285e-02 8.900890537384498202e-02 7.963055014695896716e-02 1.364375329814322413e-01 1.058994006279760924e-01
7.887890473642458211e-01 1.255472273075068870e+02 4.034245920432510957e-02 4.166204665952477626e-02 8.611938509577043988e-02 7.723537211550990378e-02 1.337065077584753681e-01 1.020421357361129822e-01
7.980146502573948197e-01 1.209844985641654063e+02 3.908509433203732897e-02 4.020179770525089680e-02 8.424079663743100355e-02 7.482455747891947340e-02 1.313580219946857142e-01 9.823489225840376093e-02
8.072402531505439294e-01 1.166838539052598946e+02 3.821714310835488959e-02 3.895402633644096113e-02 8.165527384862514282e-02 7.262936562999300349e-02 1.291351558183180259e-01 9.470350914845937496e-02
8.164658560436929280e-01 1.126257736577799733e+02 3.716200374516631655e-02 3.785048493820397653e-02 7.979848201203765257e-02 7.063978278735305594e-02 1.270249594359000866e-01 9.143304181760925076e-02
8.256914589368421487e-01 1.087922294059826243e+02 3.611765898089913662e-02 3.678467572517263307e-02 8.011905379680683836e-02 6.856292152532716955e-02 1.252997405892841698e-01 8.829220139222115904e-02
8.349170618299911473e-01 1.051673777710060733e+02 3.506336167990298236e-02 3.582670204683324755e-02 7.791660633246522139e-02 6.670594331066581617e-02 1.236338731755495246e-01 8.580519585514423397e-02
8.441426647231402569e-01 1.017364648367117184e+02 3.431212722020404726e-02 3.499535198898229282e-02 7.711608962517857435e-02 6.504086010883725066e-02 1.220331424291742906e-01 8.354824245424197215e-02
8.533682676162892555e-01 9.848576847286493319e+01 3.369644034160046431e-02 3.400415676337331661e-02 7.655333871635150444e-02 6.330592975294280222e-02 1.207437365100219040e-01 8.125568529874271917e-02
8.625938705094383652e-01 9.540313873911750875e+01 3.294355014219263467e-02 3.291268299821581422e-02 7.602116538258485434e-02 6.094519302371281810e-02 1.195893867479469463e-01 7.909009560268032146e-02
8.718194734025873638e-01 9.247706306074084637e+01 3.241955908697491395e-02 3.160690257359988209e-02 7.578696503006199237e-02 5.927468470099483966e-02 1.187873754483206312e-01 7.682128127230214432e-02
8.810450762957365844e-01 8.969746984400173062e+01 3.209273955152980307e-02 3.070506425751773349e-02 7.555306072136147577e-02 5.779299625214662228e-02 1.180437713879882722e-01 7.473074632184761867e-02
8.902706791888855831e-01 8.705487463394682379e+01 3.150122991563364394e-02 3.029124971359919982e-02 7.353799248858194915e-02 5.615826470027229789e-02 1.173185211897589397e-01 7.284737224664183941e-02
8.994962820820346927e-01 8.454030856741661637e+01 3.121164514644192423e-02 2.942230048807914500e-02 7.144459276851478080e-02 5.449292885488432603e-02 1.168172514137211238e-01 7.095550486212687247e-02
9.087218849751836913e-01 8.214591916748486256e+01 3.079148718474300495e-02 2.866508072149542841e-02 7.025440633388768674e-02 5.337528936800595147e-02 1.164184172847910759e-01 6.926672197421623878e-02
9.179474878683329120e-01 7.986417897513564412e+01 3.021023017129209620e-02 2.816693782742163421e-02 6.904219232447417198e-02 5.199710851795202871e-02 1.163749914738758662e-01 6.769183681042534317e-02
9.271730907614816886e-01 7.768807381438963944e+01 2.963301554909492097e-02 2.743747281348873912e-02 6.777271079064917103e-02 5.085114596452910973e-02 1.165465449320208791e-01 6.608584831143105021e-02
9.363986936546309092e-01 7.561148864102642619e+01 2.897910012342208574e-02 2.697748332440141894e-02 6.746352629524210442e-02 4.976005111490167110e-02 1.156431945094169578e-01 6.468458078703065439e-02
9.456242965477800189e-01 7.362843857575001039e+01 2.832211942309470487e-02 2.644086933598543965e-02 6.726231820448447252e-02 4.858305583118749382e-02 1.153829155280874375e-01 6.343192592561308629e-02
9.548498994409290175e-01 7.173330736516476236e+01 2.782439177504159034e-02 2.601633764570010499e-02 6.773642917410427344e-02 4.732099022004376820e-02 1.155043253267393766e-01 6.214934278723660555e-02
9.640755023340780161e-01 6.992126299882841067e+01 2.721170352074864240e-02 2.565002298729268659e-02 6.701112789724561480e-02 4.619603673528160925e-02 1.156486620076719873e-01 6.101286737889211054e-02
9.733011052272271257e-01 6.818735132460581383e+01 2.686140639274015030e-02 2.496953292913417499e-02 6.704726753446266230e-02 4.515520309151099809e-02 1.160766644045310159e-01 5.975844835474219963e-02
9.825267081203763464e-01 6.652744076836663112e+01 2.628846570620169132e-02 2.445830838833273901e-02 6.680836984037341608e-02 4.437173210320111139e-02 1.165586794586062069e-01 5.861304243396148195e-02
9.917523110135253450e-01 6.493762593256977311e+01 2.561599362239519451e-02 2.414383707225908893e-02 6.807134708752471397e-02 4.375512548361371046e-02 1.169438904165787108e-01 5.772536510932013698e-02
1.000977913906674344e+00 6.341375509167490065e+01 2.524854810611287803e-02 2.367742089310809206e-02 6.932440394000849437e-02 4.300426941711066320e-02 1.176082248642131844e-01 5.671796667854778207e-02
1.010203516799823564e+00 6.195228397821301769e+01 2.486568341717543262e-02 2.299970098037107391e-02 6.934579907085236528e-02 4.209260450691232336e-02 1.185782771838574945e-01 5.556329878088916985e-02
1.019429119692972563e+00 6.055030975768524115e+01 2.454302736278890507e-02 2.255732504133334260e-02 6.898805127770657464e-02 4.144481575206526713e-02 1.194771076117788766e-01 5.495739271502486645e-02
1.028654722586121562e+00 5.920454504610961521e+01 2.405413822855706485e-02 2.207352257664041417e-02 7.071541865366981483e-02 4.080170059806675908e-02 1.205318523642517903e-01 5.446569920017196864e-02
1.037880325479270560e+00 5.791212292931465555e+01 2.347683740688211174e-02 2.159837764179428632e-02 7.162258663618814580e-02 4.000846862012963356e-02 1.217519983415797924e-01 5.397136204705077489e-02
1.047105928372419781e+00 5.667013086993041782e+01 2.344701908939583745e-02 2.100504403174596746e-02 7.288690729784264022e-02 3.933404384562066980e-02 1.233802704097470837e-01 5.323377410976348756e-02
1.056331531265569001e+00 5.547675400775391807e+01 2.269011395316056223e-02 2.082323421299747679e-02 7.373866691469999068e-02 3.878664382776264574e-02 1.247354781566443194e-01 5.293685516864599094e-02
1.065557134158718000e+00 5.432912011126865082e+01 2.237110209637194203e-02 2.028517612258440295e-02 7.484587574905532392e-02 3.795598780649100945e-02 1.263549333002984554e-01 5.214068010919703511e-02
1.074782737051866999e+00 5.322528796109486393e+01 2.184169451803086304e-02 2.005376810145520494e-02 7.591965118363219744e-02 3.772846372437044238e-02 1.279912029277738839e-01 5.137163616959838919e-02
1.084008339945015997e+00 5.216314039658101365e+01 2.160266398622212591e-02 1.988637137989712755e-02 7.757652744871279538e-02 3.734587393505961472e-02 1.297185064194792403e-01 5.068580030052771690e-02
1.093233942838165218e+00 5.114064055228777761e+01 2.133031036742494280e-02 1.924479294839187560e-02 7.966930650309933526e-02 3.690533080957436596e-02 1.316569388758423997e-01 4.996748831153752235e-02
1.102459545731314217e+00 5.015599865924770739e+01 2.095351649892762680e-02 1.924465318014512150e-02 8.228659383190262133e-02 3.660485443229788416e-02 1.338001641124577645e-01 4.922818943244777756e-02
1.111685148624463215e+00 4.920754553340026405e+01 2.080090426626668432e-02 1.876259210651198828e-02 8.588820073796199495e-02 3.639636218687058999e-02 1.361338937774974056e-01 4.848814528102707300e-02
1.120910751517612436e+00 4.829373392025532752e+01 2.056221616009423769e-02 1.860476243700048826e-02 8.735067499758031317e-02 3.606213118893464298e-02 1.386271871830970781e-01 4.778291822646707487e-02
1.130136354410761435e+00 4.741314955537990983e+01 2.012161671530776630e-02 1.860791600420697023e-02 8.850319288410446461e-02 3.562645626168858826e-02 1.416446843397096700e-01 4.718755901646431994e-02
1.139361957303910433e+00 4.656435654778708511e+01 2.001676152026732325e-02 1.870339704279899706e-02 8.969423472343152071e-02 3.535566933791756128e-02 1.446569848014291892e-01 4.666240935588916727e-02
1.148587560197059654e+00 4.574590768626620729e+01 1.996235876537610920e-02 1.841192104895839066e-02 9.108835960264372034e-02 3.520853507622234702e-02 1.488717525832043975e-01 4.607062176344101090e-02
1.157813163090208652e+00 4.495676503377034550e+01 1.978877944167578562e-02 1.828601727160616974e-02 9.450881431364166474e-02 3.518432927199910409e-02 1.532275306051573693e-01 4.560424894763315251e-02
1.167038765983357873e+00 4.419575231777648838e+01 1.940694527736752661e-02 1.837399991764954166e-02 9.835666970029421918e-02 3.517677331129931417e-02 1.577624508384261048e-01 4.552448214983684238e-02
1.176264368876506872e+00 4.346140803433755195e+01 1.953023505441819907e-02 1.858077710442529451e-02 1.031340641681310899e-01 3.503280594667756986e-02 1.628727257792519367e-01 4.540558543919814838e-02
1.185489971769655870e+00 4.275295340773281083e+01 1.965400036954179086e-02 1.837135712158755041e-02 1.083824212711945734e-01 3.499238186146413909e-02 1.683407651483790346e-01 4.574957154827075101e-02
1.194715574662805091e+00 4.206944500533130338e+01 1.995654442194449985e-02 1.822157862296336361e-02 1.128581356700308902e-01 3.469348277843664619e-02 1.741789694445401437e-01 4.615495192814478287e-02
1.203941177555954090e+00 4.141020517292378145e+01 1.998262180399734689e-02 1.805164107570789156e-02 1.174972150457449516e-01 3.450776372970665307e-02 1.801942793942856724e-01 4.559207624510719370e-02
1.213166780449103088e+00 4.077430740986677904e+01 2.000178649311834533e-02 1.823591062638030280e-02 1.228172898341313157e-01 3.455651372789958486e-02 1.870574218656813059e-01 4.565979460012670188e-02
1.222392383342252087e+00 4.016106928058752601e+01 2.010559771441933208e-02 1.880705698541618176e-02 1.282046748908598488e-01 3.481692484999854287e-02 1.932886352221458992e-01 4.756101278376689834e-02
1.231617986235401307e+00 3.956938447795988623e+01 2.018344526860005317e-02 1.870180269184373856e-02 1.324736239836923346e-01 3.508654896579344040e-02 2.002064530537879250e-01 4.937631206681203366e-02
1.240843589128550528e+00 3.899894033912086400e+01 2.016967728755503231e-02 1.915759188388221901e-02 1.368570936339494892e-01 3.571294309274009038e-02 2.076682143964561078e-01 5.149004327349615551e-02
1.250069192021699527e+00 3.844876289388070489e+01 2.049212911739317633e-02 1.917599209698295226e-02 1.417118164010418013e-01 3.667426729693090692e-02 2.157972957810372350e-01 5.358234395537664341e-02
1.259294794914848525e+00 3.791842399524720975e+01 2.065162171056300622e-02 1.959683502193598770e-02 1.468929190113925642e-01 3.700546989836084322e-02 2.244672555407589698e-01 5.540137092114605366e-02
1.268520397807997524e+00 3.740715117402665157e+01 2.108947261153559793e-02 1.956582475677492994e-02 1.526412343542560279e-01 3.733989202630283444e-02 2.339357193691284920e-01 5.630948127158319494e-02
1.277746000701146745e+00 3.691487374752248485e+01 2.155463381842537274e-02 2.021897333002442565e-02 1.584752647806055847e-01 3.827816610600365266e-02 2.438086820667777488e-01 5.727364870134721286e-02
1.286971603594295521e+00 3.644093766602898654e+01 2.192951257179487357e-02 2.075747617624301711e-02 1.646398970773645942e-01 3.919694254381056453e-02 2.543086184222218549e-01 5.845378821453550700e-02
1.296197206487444742e+00 3.598481154786347247e+01 2.211160528985089968e-02 2.153340692716199101e-02 1.712426950355805388e-01 4.078583234721122608e-02 2.655693399957712586e-01 5.980408038106332924e-02
1.305422809380593963e+00 3.554587550448643896e+01 2.246923217519736227e-02 2.230268085751418994e-02 1.784993041217219911e-01 4.222391937372549364e-02 2.778423456252809842e-01 6.117363820277432751e-02
1.314648412273742961e+00 3.512342174710205001e+01 2.287752540636489584e-02 2.281035085919569383e-02 1.867168763337261339e-01 4.346099282353321769e-02 2.914899157149193343e-01 6.311416499966071569e-02
1.323874015166892182e+00 3.471718257148069853e+01 2.381137284552892197e-02 2.328962602461359666e-02 1.957922540852976567e-01 4.443283113478457835e-02 3.057986139894239841e-01 6.545513327039742535e-02
1.333099618060040958e+00 3.432713898862188273e+01 2.490805923372363395e-02 2.429123743242911360e-02 2.053814043127673017e-01 4.571451686000926884e-02 3.209854047811049327e-01 6.832766262046874317e-02
1.342325220953190179e+00 3.395231349049113589e+01 2.581231240987591491e-02 2.489133405457977233e-02 2.166477606330943217e-01 4.775206439755663723e-02 3.378184383981448491e-01 7.128907670345796532e-02
1.351550823846339400e+00 3.359236705095839426e+01 2.677748654941325412e-02 2.617972400376800124e-02 2.289655620791890556e-01 5.019953893799566913e-02 3.562662834547936086e-01 7.460352153749028048e-02
1.360776426739488176e+00 3.324671889499941813e+01 2.799675263133849512e-02 2.720452658027028292e-02 2.424031663891312860e-01 5.300717116489295222e-02 3.764741486798399706e-01 7.840049698380369136e-02
1.370002029632637397e+00 3.291406821628310553e+01 2.941451971437913926e-02 2.789123929066761320e-02 2.576253065595608405e-01 5.581214927595823383e-02 3.991974078990523367e-01 8.225076336810133171e-02
1.379227632525786396e+00 3.259418213919015272e+01 3.065985845223906381e-02 2.955929230724763102e-02 2.728290831835877839e-01 5.918674331034878833e-02 4.239490265113374790e-01 8.703086926466596651e-02
1.388453235418935616e+00 3.228489209760658696e+01 3.286318821621847519e-02 3.099270914341900607e-02 2.890121469108137831e-01 6.273395081844768129e-02 4.519090567118695390e-01 9.202889729176177980e-02
1.397678838312084837e+00 3.198439007497455222e+01 3.534980155447797756e-02 3.248025404584709008e-02 3.073357698264906901e-01 6.595759368358500296e-02 4.834899130915353282e-01 9.739872245215153157e-02
1.406904441205233613e+00 3.169089101376930273e+01 3.664307391493082378e-02 3.480054527249265561e-02 3.283256307603821256e-01 7.002080252419773387e-02 5.184679792122963704e-01 1.040535437765122140e-01
1.416130044098382834e+00 3.140014980429433678e+01 3.865899260401661763e-02 3.804754586318281895e-02 3.525882006506328992e-01 7.559455861537500709e-02 5.581564906535589898e-01 1.115254135481862363e-01
1.425355646991532055e+00 3.110668156045671395e+01 4.154409178633855504e-02 3.970579586334821443e-02 3.804456450463398198e-01 8.018487318635436623e-02 6.037119777392696562e-01 1.197005025108524023e-01
1.434581249884680831e+00 3.080300158719607140e+01 4.524003277504107245e-02 4.343000940638930274e-02 4.124646452591207435e-01 8.675842580029069495e-02 6.561611277743431003e-01 1.288453306302024259e-01
1.443806852777830052e+00 3.047797386287899357e+01 4.910462842727270072e-02 4.603458399838800119e-02 4.494436473793363973e-01 9.293037324928477005e-02 7.168976605382688660e-01 1.391728778246665854e-01
1.453032455670979051e+00 3.011483131834317817e+01 5.336475196224910178e-02 4.978204282352294285e-02 4.925525965201451584e-01 1.011133234809946657e-01 7.878108065691336037e-01 1.535949109158636361e-01
1.462258058564128271e+00 2.968867315414754415e+01 5.946059487164845336e-02 5.403926848017448492e-02 5.428039611326411773e-01 1.097486919823751350e-01 8.703039709554261094e-01 1.643622571666050192e-01
1.471483661457277492e+00 2.916080510405443960e+01 6.537167240416152936e-02 6.041100776155516883e-02 6.016168904411642870e-01 1.205084210045939130e-01 9.631145932141187416e-01 1.805313816933171722e-01
1.480709264350426269e+00 2.847001652487666234e+01 7.297483187081965639e-02 6.905204438908185693e-02 6.710735272718508782e-01 1.340961257568693554e-01 1.080895376862070378e+00 2.004576767014398797e-01
1.489934867243575489e+00 2.751924735111602871e+01 8.034574478688938370e-02 8.021451742794027950e-02 7.523859034310724780e-01 1.514078275125179118e-01 1.218910873760922442e+00 2.213130367878726190e-01
1.499160470136724488e+00 2.614773162275361784e+01 9.503925743221230960e-02 9.087020748671648107e-02 8.501594876292521974e-01 1.673843354978785669e-01 1.379313567182418154e+00 2.439880408542514090e-01
1.508386073029873486e+00 2.410010145705197360e+01 1.156482365960762593e-01 1.044849271031225157e-01 9.603759640169329259e-01 1.887897209076356830e-01 1.560108405709520696e+00 2.662517894117790718e-01
1.517611675923022485e+00 2.098319492018983823e+01 1.351067548194393453e-01 1.249882297377382656e-01 1.073698773399613060e+00 2.192597692724973513e-01 1.731724542721909899e+00 3.007942534754910469e-01
1.526837278816171706e+00 1.624629087777134373e+01 1.473566866102196116e-01 1.458144045907943109e-01 1.150934149095114378e+00 2.619257015693250423e-01 1.829557982336414312e+00 3.506674315205398074e-01
1.536062881709320926e+00 9.545055530935281141e+00 1.571248891548400195e-01 1.395998267579869889e-01 1.086709798675713046e+00 2.621074773971781013e-01 1.679628578567776032e+00 3.571772047128511929e-01
1.545288484602469925e+00 2.335115094798520197e+00 1.019360885427196273e-01 8.187577795541045589e-02 6.627682460560335720e-01 1.620618007276100059e-01 9.766012137221231626e-01 2.310271314128899967e-01
1.554514087495618924e+00 9.591444899090907361e-01 4.805053379066281938e-02 5.994242360677826120e-02 1.010781641271528697e-01 1.063227406002122954e-01 1.503618931016325044e-01 1.546770053632540165e-01
1.563739690388767922e+00 1.370258634543938570e+01 1.715220551272889082e-01 1.932654068106565148e-01 3.470157586766955404e-01 3.723886269181768682e-01 5.187431963169881755e-01 5.566981155148287286e-01
1.572965293281917143e+00 3.843123578069700841e+01 2.382799856173178910e-01 2.189165021213668183e-01 5.096960968939754366e-01 4.208314917941038402e-01 1.111817393524553665e+00 6.451568340691622438e-01
1.582190896175066142e+00 6.576895658148004031e+01 2.398268137742292083e-01 2.296702900941056669e-01 6.858491249768547959e-01 4.050137634196175895e-01 1.933344772055576755e+00 5.611465777399615718e-01
1.591416499068215140e+00 8.694085412564426463e+01 1.894045262676229413e-01 1.966421117431877974e-01 4.169983458009909327e-01 3.605217095481805245e-01 1.075203833783589857e+00 5.422491418384112194e-01
1.600642101961364361e+00 8.925230294782761575e+01 1.989496782218509452e-01 2.345567170403484170e-01 3.977057981170730727e-01 6.567580622993602901e-01 5.562514857912219668e-01 8.729627045054257906e-01
1.609867704854513359e+00 6.924590716743388441e+01 2.425231590374465895e-01 2.231877825387584835e-01 4.567138603980822609e-01 4.905413369108231336e-01 5.981521576739083912e-01 7.398784686681239009e-01
1.619093307747662580e+00 4.509314168220210206e+01 2.398326359062181723e-01 2.242900498460542735e-01 6.523401599747842283e-01 4.407036028287762974e-01 1.246712606468221907e+00 6.285835816720677371e-01
1.628318910640811579e+00 2.896961740897124571e+01 1.989916427420865830e-01 1.931308921627064024e-01 9.877937942568735252e-01 3.538267714345018078e-01 1.497522608602956495e+00 5.027007591417316235e-01
1.637544513533960577e+00 2.027229667440087013e+01 1.417846062179926037e-01 1.384877854471433523e-01 8.601663710842402111e-01 2.619472292983076045e-01 1.348484430549760305e+00 3.503185137493680656e-01
1.646770116427109798e+00 1.587064831875975202e+01 9.683278897070124458e-02 9.309709000478250118e-02 6.642347889258104487e-01 1.806846496816891801e-01 1.061374404015417383e+00 2.310316504840770335e-01
1.655995719320258575e+00 1.369256625761626545e+01 6.239654521473703142e-02 6.134569175291026966e-02 4.954788354889778645e-01 1.190779529560028749e-01 7.598956841270680940e-01 1.561886095754143611e-01
1.665221322213407795e+00 1.264449186420753968e+01 4.090869718420897527e-02 3.901270296576164753e-02 3.413466405482203925e-01 7.629078634530905845e-02 5.134273407890965757e-01 9.830003747356741428e-02
1.674446925106557016e+00 1.217735179796725475e+01 2.840489273962987227e-02 2.550889510243159464e-02 2.268298681331071265e-01 4.848312259236564614e-02 3.557793222633272023e-01 6.348812373394885356e-02
1.683672527999706015e+00 1.200987444567791051e+01 1.990788812586430367e-02 1.797586804162953911e-02 1.431994957394913115e-01 3.514701609563353202e-02 2.423367668709648370e-01 4.163009620298119273e-02
1.692898130892855235e+00 1.199736701744777889e+01 1.660354951632392329e-02 1.639369531554635273e-02 8.046004067225354106e-02 2.883740413279056725e-02 1.525514803375855877e-01 3.844215065170963896e-02
1.702123733786004012e+00 1.206025257707928944e+01 1.561267205958749571e-02 1.527018659476198081e-02 3.769946525394907155e-02 2.906967417727734926e-02 7.735285515535572642e-02 4.043973401316591776e-02
1.711349336679153232e+00 1.215665141439498598e+01 1.524425778970694978e-02 1.591059673780748085e-02 3.281786988404888916e-02 3.048161838564489301e-02 4.170503823930182818e-02 4.434544933793915789e-02
1.720574939572302453e+00 1.226284836413087831e+01 1.669776431703162700e-02 1.756362087551188722e-02 3.634237970317144573e-02 3.542915841306992775e-02 4.603076838262509796e-02 4.850171034674666259e-02
1.729800542465451230e+00 1.236856368120913352e+01 1.855892349525767315e-02 2.022861703053990823e-02 3.841607402895519385e-02 4.682296665192886564e-02 4.864716227070786658e-02 6.706580929026451088e-02
1.739026145358600450e+00 1.246602180318915742e+01 1.964285310259761275e-02 2.165419141942592773e-02 4.045805760212140001e-02 5.635319303401331581e-02 5.245650213221964009e-02 9.048406399109865106e-02
1.748251748251749449e+00 1.255256315343122431e+01 1.974612995034163987e-02 2.221963851190444927e-02 4.187633405631885353e-02 6.747524671165727739e-02 5.523763313804330721e-02 1.092628481246187278e-01
1.757477351144898670e+00 1.262636953078865254e+01 2.010668655965197615e-02 2.254724178284384095e-02 4.312424925588409508e-02 7.715641556821317693e-02 5.860682295838515188e-02 1.268238270105683796e-01
1.766702954038047890e+00 1.268718311334709981e+01 2.059931653001179086e-02 2.241593843710809608e-02 4.340012587745611938e-02 8.466545803509717416e-02 6.136718703619692405e-02 1.404462813865592352e-01
1.775928556931196667e+00 1.273603644131521406e+01 2.077199752774028241e-02 2.274022261064168049e-02 4.357487643959068180e-02 8.958816108281375534e-02 6.164913000399963039e-02 1.508193566968554222e-01
1.785154159824345887e+00 1.277307600687173661e+01 2.115843265008798824e-02 2.252817029965470397e-02 4.409532188639708750e-02 9.311281134776372426e-02 6.170669030166209268e-02 1.580250833618066508e-01
1.794379762717494886e+00 1.279946512433205541e+01 2.106957100325956844e-02 2.250815804580241775e-02 4.430073405570666978e-02 9.608956756775555164e-02 6.153424054630285411e-02 1.636813854743603969e-01
1.803605365610643885e+00 1.281611547023336684e+01 2.133616903262591791e-02 2.242051656996935094e-02 4.451029629552749611e-02 9.803589558042880014e-02 6.118085298784059489e-02 1.681061312097842375e-01
1.812830968503793105e+00 1.282391343982108189e+01 2.161925636140971108e-02 2.213870836595077662e-02 4.453701549199173826e-02 9.995087542130853819e-02 6.069837551097378991e-02 1.715302207677016355e-01
1.822056571396942104e+00 1.282358612974861956e+01 2.178632584270090433e-02 2.203246034299333189e-02 4.455981613523185558e-02 1.015877413638275328e-01 6.049808051443861245e-02 1.731642814042135825e-01
1.831282174290091325e+00 1.281606699119340220e+01 2.169158412120530954e-02 2.183158193976808548e-02 4.449405509562609495e-02 1.028438275994112416e-01 6.038402598560388412e-02 1.740157833510540542e-01
1.840507777183240323e+00 1.280209171955132774e+01 2.147291924522320983e-02 2.176471937610813256e-02 4.427236389513922177e-02 1.037652008036022977e-01 6.017459827434556985e-02 1.748159616865390120e-01
