4.612801446574533726e-01 1.736217096240539604e+03 2.538226585827487725e-01 2.701212177416891791e-01 5.180250387293199310e-01 5.726930798796274757e-01 9.261214440130061121e-01 7.166056674600440601e-01
4.705057475506024267e-01 1.519700072964985338e+03 2.454629762808053783e-01 2.718458449926401954e-01 5.110205232906537276e-01 5.496553781297279784e-01 9.339214354952218855e-01 6.909543832321105583e-01
4.797313504437515363e-01 1.341355883596701005e+03 2.270487027999479324e-01 2.508247010716786463e-01 4.673490134166513599e-01 4.931097267328823364e-01 8.725035276179369248e-01 6.608315994089934975e-01
4.889569533369005905e-01 1.193786223144679525e+03 2.095944763520947163e-01 2.338573749900660914e-01 4.171149807334586512e-01 4.424587352398248186e-01 7.994841017757607915e-01 6.114506405338033801e-01
4.981825562300497001e-01 1.070297226500714714e+03 1.909499814730679645e-01 2.118489968556787062e-01 3.801452877894462290e-01 4.027205641684759030e-01 7.271758198182851629e-01 5.606383736428597331e-01
5.074081591231986987e-01 9.657184794195928816e+02 1.766505220811040999e-01 1.960451184253315660e-01 3.534986047251322816e-01 3.736710969462819776e-01 6.615329689749387398e-01 5.167623519456583381e-01
5.166337620163478084e-01 8.761838742880395330e+02 1.623336735643761131e-01 1.775072355358133791e-01 3.257767042707655492e-01 3.377384713179480968e-01 6.035603336338226654e-01 4.728677206471729733e-01
5.258593649094969180e-01 7.987953595497135666e+02 1.495500913024443435e-01 1.618796431831697191e-01 3.030457142174327601e-01 3.117879364768896266e-01 5.521439022646745798e-01 4.324267347443537801e-01
5.350849678026460277e-01 7.313514279846001500e+02 1.392708619944187376e-01 1.513508153167322234e-01 2.764645787866584214e-01 2.866290457866398356e-01 5.057212973749756202e-01 3.982034771744338286e-01
5.443105706957950263e-01 6.721495077783033594e+02 1.283691240752204976e-01 1.406326258966146270e-01 2.523555070465590688e-01 2.647370167380813655e-01 4.659569348068544059e-01 3.670720132541873681e-01
5.535361735889441359e-01 6.198571036258181266e+02 1.196575126083416762e-01 1.302395675602383562e-01 2.317191673161005383e-01 2.434841301877668229e-01 4.311461047460625196e-01 3.398994032112341301e-01
5.627617764820932456e-01 5.734144152288752139e+02 1.082394847201157972e-01 1.227254165421527432e-01 2.123700234319585434e-01 2.277487942068319171e-01 3.989701769258999775e-01 3.183742353179468410e-01
5.719873793752422442e-01 5.319612472819433151e+02 1.024683646805897297e-01 1.137155433495991019e-01 1.979223511621057696e-01 2.125592660662505295e-01 3.727481320623837746e-01 2.966049300836175462e-01
5.812129822683913538e-01 4.948018720510621620e+02 9.661068728723876120e-02 1.070223309479843010e-01 1.861842971628107080e-01 1.986626537088795885e-01 3.486420455071765900e-01 2.776613105049250407e-01
5.904385851615404635e-01 4.613590641723008048e+02 9.066063252072353862e-02 1.004992013540686457e-01 1.752147218961113140e-01 1.863541883128618792e-01 3.266820713391211939e-01 2.608581681019472853e-01
5.996641880546894621e-01 4.311522203167254474e+02 8.539812786193579086e-02 9.429323345210605112e-02 1.655909033270290820e-01 1.755454135493437207e-01 3.067608887777737436e-01 2.457464593629765659e-01
6.088897909478385717e-01 4.037775305099780212e+02 8.081186832043840695e-02 8.886307223997391702e-02 1.570576642935179734e-01 1.648822540460628261e-01 2.889863178648965913e-01 2.317460833222639849e-01
6.181153938409876814e-01 3.788941023225332856e+02 7.670643333523230467e-02 8.374287937067492749e-02 1.490532844514973476e-01 1.556014411467003811e-01 2.726902873088761226e-01 2.191225260770011118e-01
6.273409967341367910e-01 3.562110665859240726e+02 7.281358057429088149e-02 7.948724005154872430e-02 1.416463692320917289e-01 1.471400606364454688e-01 2.578278550981849548e-01 2.075792476687183807e-01
6.365665996272857896e-01 3.354797394104117529e+02 6.872823228997049227e-02 7.612142844294567112e-02 1.337507822488532838e-01 1.398059074973616589e-01 2.438111498257740095e-01 1.974120167711248541e-01
6.457922025204348992e-01 3.164848944804687676e+02 6.534011749181445339e-02 7.221515405933587317e-02 1.266607452579933124e-01 1.329177551975249116e-01 2.311104204396201567e-01 1.878993098798105166e-01
6.550178054135840089e-01 2.990405629091258106e+02 6.250778669044620983e-02 6.866629555372583127e-02 1.209020950470858224e-01 1.262485739312637634e-01 2.195568330124046952e-01 1.787938539591209519e-01
6.642434083067330075e-01 2.829854018580796264e+02 5.976675533014486064e-02 6.523157838694260136e-02 1.151245481888736322e-01 1.198506586859480194e-01 2.089288300883822558e-01 1.702843840050718427e-01
6.734690111998820061e-01 2.681785439458506630e+02 5.726473657443875709e-02 6.229077007310479530e-02 1.094638780972445602e-01 1.140860682880315835e-01 1.989370494246713861e-01 1.625828451221877913e-01
6.826946140930312268e-01 2.544959558248683038e+02 5.489567677119566724e-02 5.950021488700940608e-02 1.047266079042401543e-01 1.086821842785070658e-01 1.897740962916998342e-01 1.553480498013755096e-01
6.919202169861803364e-01 2.418288064903911732e+02 5.254011735806329852e-02 5.675085184097383717e-02 1.003405988096233159e-01 1.036507463486486813e-01 1.813052856987269479e-01 1.485850677492237537e-01
7.011458198793293350e-01 2.300809817681219727e+02 5.038386680291750963e-02 5.440953105861012773e-02 9.625666598023485676e-02 9.896751481005594542e-02 1.734477358695016846e-01 1.422632791165767685e-01
7.103714227724783337e-01 2.191675405432688422e+02 4.818779621922431033e-02 5.226911319041960269e-02 9.225882106403560101e-02 9.478705713289059531e-02 1.659531685446324900e-01 1.365312076519842321e-01
7.195970256656274433e-01 2.090126341516775028e+02 4.617811573581320772e-02 5.022589139753108611e-02 8.856189337538467043e-02 9.084035022777925406e-02 1.590083140643798743e-01 1.311141445082171231e-01
7.288226285587766640e-01 1.995490988451434191e+02 4.416818661420052194e-02 4.837964276961770338e-02 8.496923146412882488e-02 8.727607001583237434e-02 1.523919681844461138e-01 1.261554427541113910e-01
7.380482314519256626e-01 1.907166231672539425e+02 4.233060766776475248e-02 4.657341833222972127e-02 8.164451022142316106e-02 8.388793645266900967e-02 1.462462681427609823e-01 1.214438565833120265e-01
7.472738343450746612e-01 1.824613428122477501e+02 4.069819056769574672e-02 4.478207988066174039e-02 7.861233842234582880e-02 8.061316212905467182e-02 1.405770888587198897e-01 1.169119773348086255e-01
7.564994372382237708e-01 1.747348929393280912e+02 3.930691287433774050e-02 4.289881053409771994e-02 7.592596661802986091e-02 7.735817604032035888e-02 1.354273470377904687e-01 1.124619406422482371e-01
7.657250401313729915e-01 1.674940567094944299e+02 3.801185499980874738e-02 4.112516949595601545e-02 7.337357766218133293e-02 7.434758829359111587e-02 1.305631430640801227e-01 1.082784441466628778e-01
7.749506430245219901e-01 1.606999333743261218e+02 3.656011220309096643e-02 3.961251014615640997e-02 7.071583582401785861e-02 7.180443367983002645e-02 1.257320130193591012e-01 1.045697785012578152e-01
7.841762459176709887e-01 1.543167873474858709e+02 3.531261716568678821e-02 3.823149456511032440e-02 6.834806632784307112e-02 6.938089967968608107e-02 1.213175723565598219e-01 1.009125698060131526e-01
7.934018488108200984e-01 1.483126694634940463e+02 3.426908705480968820e-02 3.673985642234356419e-02 6.624770465609230996e-02 6.700814182693193288e-02 1.172875519012279710e-01 9.730321613744763454e-02
8.026274517039692080e-01 1.426589158015705436e+02 3.312595463813750030e-02 3.555616731978261669e-02 6.410263202570831709e-02 6.491401933618590192e-02 1.133200646167722425e-01 9.403116605102468384e-02
8.118530545971182066e-01 1.373291056303399387e+02 3.200009406296544512e-02 3.438498459732386436e-02 6.202526242455519423e-02 6.280526669669939110e-02 1.095180848928976047e-01 9.096373661236611952e-02
8.210786574902672053e-01 1.322993285594374981e+02 3.087747148259722962e-02 3.327116937651908302e-02 5.999804165639943676e-02 6.078826854454177919e-02 1.058567798100114032e-01 8.809937077722906906e-02
8.303042603834164259e-01 1.275476256333287353e+02 2.990399843037039318e-02 3.207720383923629015e-02 5.818180087317159632e-02 5.875730840921278286e-02 1.024901398944564335e-01 8.525979445199993734e-02
8.395298632765655356e-01 1.230541851229504857e+02 2.899022357048863796e-02 3.099384189221154884e-02 5.649132742337314994e-02 5.677660678801998984e-02 9.933435183211258845e-02 8.250666156760644299e-02
8.487554661697145342e-01 1.188009215313910545e+02 2.807900626078208006e-02 3.000059205122340700e-02 5.473816357324778892e-02 5.492383183766946786e-02 9.629385791276945383e-02 7.991528570130412845e-02
8.579810690628635328e-01 1.147712434005727715e+02 2.713164889040342587e-02 2.912542104057536108e-02 5.299755327277466677e-02 5.325281058276232216e-02 9.332127253804856082e-02 7.751452450972351471e-02
8.672066719560127535e-01 1.109498680828915553e+02 2.618828482785318101e-02 2.831536417676261408e-02 5.130832735285650870e-02 5.175733383229896845e-02 9.045004951468627041e-02 7.525393729555673872e-02
8.764322748491618631e-01 1.073227331876915969e+02 2.531225124339187005e-02 2.747097011500443386e-02 4.974187044160771620e-02 5.029158098098207574e-02 8.774765599115141868e-02 7.305045658640096917e-02
8.856578777423108617e-01 1.038769786419826602e+02 2.452722804940776768e-02 2.660630302558786298e-02 4.830024061946858183e-02 4.884384703433397590e-02 8.521314169846050390e-02 7.089068229544182032e-02
8.948834806354598603e-01 1.006008555559667457e+02 2.373732521883198388e-02 2.585858555505637923e-02 4.691222872776279473e-02 4.748795769364733133e-02 8.276104557789665250e-02 6.884685402611978589e-02
9.041090835286089700e-01 9.748339966319070982e+01 2.306315255064816938e-02 2.508200568259155716e-02 4.560958686985827626e-02 4.615386396621090626e-02 8.045226013055639669e-02 6.684587917354178899e-02
9.133346864217581906e-01 9.451458665657720815e+01 2.240920298393689336e-02 2.431790643485953751e-02 4.439306809879894899e-02 4.496851293865233856e-02 7.825314098538171947e-02 6.491012760318426444e-02
9.225602893149071893e-01 9.168513129032572806e+01 2.178357637721717310e-02 2.358032473559035225e-02 4.324902370515815164e-02 4.380194443044160835e-02 7.615978624656349893e-02 6.303306686704956974e-02
9.317858922080561879e-01 8.898651667347301952e+01 2.116182328126114953e-02 2.295663755189991662e-02 4.210727169667904946e-02 4.252264061894095448e-02 7.410001300115709455e-02 6.127720930416558076e-02
9.410114951012052975e-01 8.641076604108209835e+01 2.057341819096336621e-02 2.238242798452461102e-02 4.099567482985833067e-02 4.138824244462568913e-02 7.209983382064422130e-02 5.960756709022518862e-02
9.502370979943544071e-01 8.395047417759334962e+01 1.999822804523887498e-02 2.177667078032641257e-02 3.995316110648161612e-02 4.033680546609730300e-02 7.019646387028899426e-02 5.797858367161268234e-02
9.594627008875034058e-01 8.159886400103141568e+01 1.952871492494523409e-02 2.121649597684438504e-02 3.892061825236226014e-02 3.936113118926698462e-02 6.833165509965510864e-02 5.644074428566625556e-02
9.686883037806525154e-01 7.934947647434262308e+01 1.910727530082567682e-02 2.060890854264130212e-02 3.801310423705217545e-02 3.834381262306862936e-02 6.661658258175862102e-02 5.487563977759180034e-02
9.779139066738016250e-01 7.719649680595665586e+01 1.869005281920976813e-02 2.005514580920930712e-02 3.714567463691764715e-02 3.736551283132882872e-02 6.496478667648375449e-02 5.336297941391876520e-02
9.871395095669507347e-01 7.513445339646872867e+01 1.828750432235892731e-02 1.953012227347983298e-02 3.629956907738574046e-02 3.644085739696834025e-02 6.335624435864417592e-02 5.191647880245398028e-02
9.963651124600997333e-01 7.315828524762110874e+01 1.783284825638986604e-02 1.909413912754587273e-02 3.542097327489557301e-02 3.561933134753303420e-02 6.173643959050423291e-02 5.058475255707151064e-02
1.005590715353248843e+00 7.126309648079778469e+01 1.743057980131368367e-02 1.862797677981120614e-02 3.457737197369681326e-02 3.477019269114123290e-02 6.023142019986948981e-02 4.923622382281678256e-02
1.014816318246397842e+00 6.944449507788905862e+01 1.707230790428582168e-02 1.819032440796775063e-02 3.385372322900082054e-02 3.396038079546315203e-02 5.878140526975528246e-02 4.792548628137183186e-02
1.024041921139547062e+00 6.769834655547236935e+01 1.669164878703099930e-02 1.776434143010874322e-02 3.313716368703012449e-02 3.322984825517494301e-02 5.736194591533205767e-02 4.667211543146265740e-02
1.033267524032696061e+00 6.602071179604502049e+01 1.625209473576205710e-02 1.736629191269400962e-02 3.241538517825404142e-02 3.249235351101731339e-02 5.602316166050513857e-02 4.542140663571103687e-02
1.042493126925845059e+00 6.440804139509754123e+01 1.592292452701826733e-02 1.703012797381120436e-02 3.166770036303034885e-02 3.182996919433378480e-02 5.467446775739404075e-02 4.425962433124652762e-02
1.051718729818994280e+00 6.285684797671564894e+01 1.555085187384008805e-02 1.665586529695417539e-02 3.097227939632318794e-02 3.118568097585949772e-02 5.339313958670999227e-02 4.310541602798423355e-02
1.060944332712143279e+00 6.136392605173276849e+01 1.513908270079156182e-02 1.623926776397155436e-02 3.033778459892033652e-02 3.054586671231618311e-02 5.218696052383364758e-02 4.194714450136416417e-02
1.070169935605292277e+00 5.992624564402248666e+01 1.479862856650271397e-02 1.585280698634505825e-02 2.979355793756610638e-02 2.986365177937955195e-02 5.108456710284059454e-02 4.075252415353247670e-02
1.079395538498441276e+00 5.854108408641592831e+01 1.451985724352056195e-02 1.538280391548596526e-02 2.936327529879179110e-02 2.923338843442735424e-02 4.998894607255977007e-02 3.961510677478941034e-02
1.088621141391590497e+00 5.720580705959066847e+01 1.437312499547971356e-02 1.497193121536355420e-02 2.896625242337336203e-02 2.866979574052663793e-02 4.888288067095913902e-02 3.854881921832742364e-02
1.097846744284739717e+00 5.591793190030823979e+01 1.417763556131035330e-02 1.467734288386424168e-02 2.850637947591394550e-02 2.799131227079243445e-02 4.775320328865007014e-02 3.756369566710304753e-02
1.107072347177888716e+00 5.467499801173188700e+01 1.387348061378901320e-02 1.442469524121747781e-02 2.802405408498742645e-02 2.743533060488090314e-02 4.670891655644027196e-02 3.654774231873858525e-02
1.116297950071037715e+00 5.347485760117440634e+01 1.352280645962622430e-02 1.402377500012619294e-02 2.754607535693764930e-02 2.683424165253001092e-02 4.567986210607699604e-02 3.556825510393224477e-02
1.125523552964186713e+00 5.231541096113804201e+01 1.314871034331588362e-02 1.362174600561161242e-02 2.707852452954284672e-02 2.617756745951993480e-02 4.467163428559217664e-02 3.461689302818626857e-02
1.134749155857335934e+00 5.119462268841548536e+01 1.307080975921337540e-02 1.332784675771847560e-02 2.667794284867852639e-02 2.555526386436213215e-02 4.374026461128011078e-02 3.363498122632080367e-02
1.143974758750484932e+00 5.011076033964036469e+01 1.268698260918199594e-02 1.312754913241320764e-02 2.620409850133142982e-02 2.509675361090302204e-02 4.274510542574461169e-02 3.276061513348338394e-02
1.153200361643633931e+00 4.906191936813512200e+01 1.238750367728158608e-02 1.276907710619212821e-02 2.569105067671273446e-02 2.460197772838768060e-02 4.181600011389718929e-02 3.216240162650763068e-02
1.162425964536783152e+00 4.804655392505831912e+01 1.208383325230499850e-02 1.260718454879139472e-02 2.504480936281794357e-02 2.423830336434917854e-02 4.081509343927791633e-02 3.168364775408605283e-02
1.171651567429932372e+00 4.706289015675099563e+01 1.183299262540771224e-02 1.240679041168846197e-02 2.455664688496739245e-02 2.379788889050615808e-02 3.991659010109316341e-02 3.114217588552037341e-02
1.180877170323081371e+00 4.610947705386467987e+01 1.160763966363020927e-02 1.222772017892026497e-02 2.404070805767588581e-02 2.335594263914941848e-02 3.903265529414312596e-02 3.060730073832473863e-02
1.190102773216230370e+00 4.518491285517042400e+01 1.131786698694270399e-02 1.208306585887441997e-02 2.347482044614679353e-02 2.296264365826772291e-02 3.811191073268105356e-02 3.012635837624344504e-02
1.199328376109379368e+00 4.428763223585898601e+01 1.123010060933893328e-02 1.178341284718698034e-02 2.300324182422031072e-02 2.237098850427798880e-02 3.735016260876022898e-02 2.951783382550843271e-02
1.208553979002528589e+00 4.341657749580808456e+01 1.092827261195594701e-02 1.161815515440167701e-02 2.241455480827880820e-02 2.201230176363111468e-02 3.647883548056540803e-02 2.904826857827202957e-02
1.217779581895677588e+00 4.257035774110643445e+01 1.072393165664919934e-02 1.142156335349397978e-02 2.183450246962337360e-02 2.172469660701636940e-02 3.561654939176861490e-02 2.859699929680914465e-02
1.227005184788826586e+00 4.174779067505133412e+01 1.043429847327104198e-02 1.116947068625506745e-02 2.123341896842845244e-02 2.146245116392009322e-02 3.472185519279946675e-02 2.817690703878383829e-02
1.236230787681975807e+00 4.094761674529773643e+01 1.016579381023774431e-02 1.107270398348703111e-02 2.087022170137231569e-02 2.127846788803111622e-02 3.387364474271237214e-02 2.749670910307600025e-02
1.245456390575124805e+00 4.016878556205277562e+01 9.900804464933798954e-03 1.100829092058575043e-02 2.025411078722072489e-02 2.112024539079015995e-02 3.297924537827867653e-02 2.711762903209802289e-02
1.254681993468273804e+00 3.941008948642786436e+01 9.714129812110172679e-03 1.079375505614166286e-02 1.963362431241932882e-02 2.093440386723699476e-02 3.213521261805141194e-02 2.705778936212510644e-02
1.263907596361422803e+00 3.867050036862809748e+01 9.596507026266465346e-03 1.060928953187101342e-02 1.911152150456274512e-02 2.072603309453313614e-02 3.128473935944953155e-02 2.670094313270254816e-02
1.273133199254572023e+00 3.794884682115110053e+01 9.554460259877828321e-03 1.044681231677913047e-02 1.897635576354872455e-02 2.052711171407395341e-02 3.053417388782264652e-02 2.625749738684390877e-02
1.282358802147721244e+00 3.724430620628508848e+01 9.199487559428121131e-03 1.021383532705755215e-02 1.866312427837613086e-02 2.023381231249032908e-02 2.965431752654268394e-02 2.595296069946328998e-02
1.291584405040870243e+00 3.655557128642487186e+01 9.098427800303454660e-03 9.920963036648799971e-03 1.840769793508911789e-02 1.974164917019294307e-02 2.890636674963076302e-02 2.552448190942868678e-02
1.300810007934019241e+00 3.588177234744003385e+01 8.992899843924817560e-03 9.775104753281027570e-03 1.821211800992017515e-02 1.939081401210529521e-02 2.812019338868765317e-02 2.491573515190736998e-02
1.310035610827168240e+00 3.522184748070944238e+01 8.695298241889304336e-03 9.572549598921398228e-03 1.772616835539508884e-02 1.923015546295658851e-02 2.739386811558830459e-02 2.431141209933684877e-02
1.319261213720317460e+00 3.457459207013351943e+01 8.453307764909823163e-03 9.333970438270000614e-03 1.785638554336799189e-02 1.903407198149409396e-02 2.686020107675801682e-02 2.362187078544764063e-02
1.328486816613466459e+00 3.393908929638761407e+01 8.443935160478588386e-03 9.348437142179477632e-03 1.742966694943248740e-02 1.915813267005717080e-02 2.676132767137318069e-02 2.317138024093878812e-02
1.337712419506615458e+00 3.331409788489034440e+01 8.417821020557880729e-03 9.530761886601624155e-03 1.711179503141835312e-02 1.916244416001688933e-02 2.622963199238625975e-02 2.341498000541974989e-02
1.346938022399764678e+00 3.269812819791060576e+01 8.432581776439462828e-03 9.557832995199078141e-03 1.700147628783099663e-02 1.895972498888198743e-02 2.643561206752309545e-02 2.344443333654311346e-02
1.356163625292913677e+00 3.209005680051772913e+01 8.412809951472866032e-03 9.491834251264208433e-03 1.709419782375221075e-02 1.876929636233626297e-02 2.666622375375027332e-02 2.301293432703488406e-02
1.365389228186062898e+00 3.148851346687222019e+01 8.452595523777972630e-03 9.468852617423806350e-03 1.722095418782743081e-02 1.861978065038272234e-02 2.682754778779639082e-02 2.316163371639490265e-02
1.374614831079211896e+00 3.089173624330539525e+01 8.299974457308678666e-03 9.382657592492904541e-03 1.718371466418489035e-02 1.869925811835670970e-02 2.704766058953111951e-02 2.352412416419369379e-02
1.383840433972360895e+00 3.029771165418789636e+01 8.459575739696134633e-03 9.307543810830765096e-03 1.748453980606612390e-02 1.886945903588710394e-02 2.748145962961956457e-02 2.383213094151059863e-02
1.393066036865510116e+00 2.970442499970123507e+01 8.885900933321977391e-03 9.293438791633690244e-03 1.819052838589030330e-02 1.903607483563973801e-02 2.799406761176470582e-02 2.419839519301092423e-02
1.402291639758658892e+00 2.910921972209893482e+01 9.286692042525857005e-03 9.112764716373789042e-03 1.861568233350041623e-02 1.881976852600075745e-02 2.782438501893125249e-02 2.453420325060307050e-02
1.411517242651808113e+00 2.850934767775573420e+01 9.552916669953503970e-03 9.397413061360992970e-03 1.890355206582228220e-02 1.891105831949246863e-02 2.738722843725227563e-02 2.520082700543824217e-02
1.420742845544957333e+00 2.790067122506957276e+01 9.961442661268193888e-03 9.601525605472005509e-03 1.928632697434906618e-02 1.910304022793241074e-02 2.705281035870044093e-02 2.611969198747843279e-02
1.429968448438106332e+00 2.727853369675391093e+01 1.042174361237258040e-02 9.909881861798197633e-03 1.997088820237635787e-02 1.943059785667244910e-02 2.768057871540463566e-02 2.741478403396513386e-02
1.439194051331255553e+00 2.663664532850441446e+01 1.092405246387428974e-02 1.015939452402747634e-02 2.120580600412225181e-02 2.062736096600303881e-02 2.853905909924137063e-02 2.943030149167569220e-02
1.448419654224404329e+00 2.596683878226597741e+01 1.121699253088337400e-02 1.089190372779214044e-02 2.253500562025578802e-02 2.191710494962251232e-02 2.961848633202990300e-02 3.197176860911454810e-02
1.457645257117553550e+00 2.525764397126037153e+01 1.242334514169129989e-02 1.141171395865470117e-02 2.510918866516931303e-02 2.402607703283266005e-02 3.156438093402513800e-02 3.416786287036188696e-02
1.466870860010702771e+00 2.449366339935996351e+01 1.362305459130652707e-02 1.292710904150951023e-02 2.750361818151958460e-02 2.679162759884334832e-02 3.583224710298793525e-02 3.737884099502153390e-02
1.476096462903851547e+00 2.365206763961187164e+01 1.554642866992494987e-02 1.514315239289842907e-02 3.038258312033192965e-02 3.078512134042199477e-02 3.907030593633464832e-02 4.373466041549178840e-02
1.485322065797000768e+00 2.269898402645259949e+01 1.767261874384828957e-02 1.711291822535443430e-02 3.471106324382944308e-02 3.602261753070834516e-02 4.613455892199880282e-02 4.918150482083305519e-02
1.494547668690149766e+00 2.158356940012190961e+01 2.074555116064757954e-02 2.131771604013010801e-02 3.986937124590284043e-02 4.272469715251858702e-02 5.424105369214871075e-02 5.585694492692638846e-02
1.503773271583298987e+00 2.022507524727718575e+01 2.496627290673458788e-02 2.685537285908168315e-02 4.833064320266799996e-02 5.053227333760546003e-02 6.904996152607267845e-02 6.609596639552961506e-02
1.512998874476448208e+00 1.849521299389497386e+01 3.128533843806380332e-02 3.318927479482525200e-02 5.968052272439194894e-02 6.188954895034370907e-02 8.972241915988377059e-02 8.118507635598604111e-02
1.522224477369596984e+00 1.619766817556043037e+01 3.968518350943384121e-02 4.198432088809056495e-02 7.471003429586176026e-02 8.024684016521632657e-02 1.124520882713824221e-01 1.037748848681658842e-01
1.531450080262746205e+00 1.307578636350910273e+01 4.949894995396419972e-02 5.204198739035170718e-02 9.030268107109584719e-02 9.864470517231715974e-02 1.352093938702303433e-01 1.312426636036416738e-01
1.540675683155895204e+00 9.014975749219814816e+00 5.329821871430340252e-02 5.540495998751637785e-02 1.001096686311377937e-01 1.053522074216388660e-01 1.522880658031198209e-01 1.402422375231751062e-01
1.549901286049044202e+00 4.821937541057174315e+00 4.340930737803017081e-02 4.416126360085659286e-02 8.106620593003821540e-02 8.240158082569326581e-02 1.276538900173136426e-01 1.226485555506178216e-01
1.559126888942193201e+00 3.015549639734462772e+00 3.743330775407516242e-02 3.699546406789355757e-02 7.229248886740746727e-02 7.304999601686246180e-02 1.008948658979669233e-01 9.644046427126529153e-02
1.568352491835342422e+00 5.380890759054429040e+00 4.348849990282843692e-02 4.858968365755700347e-02 9.124667793250296199e-02 9.105077517784998520e-02 1.305903656263831536e-01 1.135525236990098108e-01
1.577578094728491642e+00 1.051720386576026911e+01 4.618188759428498713e-02 4.661244811229181551e-02 9.553107443645458829e-02 9.694725250411728723e-02 1.317708283065233132e-01 1.382993874722213690e-01
1.586803697621640641e+00 1.735855586696238362e+01 6.414814848934113911e-02 6.764686550523535402e-02 1.332824770284304350e-01 1.388254945608835556e-01 1.959940850481842745e-01 1.880549062372764979e-01
1.596029300514789639e+00 2.607454768693155955e+01 7.882670209427544705e-02 8.724337413252669649e-02 1.656113526739098063e-01 1.739987063598888994e-01 2.427420120631040845e-01 2.288814091544857376e-01
1.605254903407938860e+00 3.411428018920990013e+01 7.883466652732096236e-02 7.263506333503499945e-02 1.423051894175202392e-01 1.370078972035742026e-01 2.030475493504368956e-01 1.881784184224315482e-01
1.614480506301087859e+00 3.737378071560877402e+01 6.122916683561641094e-02 5.726807503756958795e-02 1.084948132002026000e-01 1.026852356057332827e-01 1.562645876133714751e-01 1.434693775333997223e-01
1.623706109194236857e+00 3.662794257785579077e+01 5.356902587410417027e-02 5.242488322226535047e-02 9.303097216039901696e-02 9.507223806416931211e-02 1.335983840499181952e-01 1.349362362478530031e-01
1.632931712087385856e+00 3.459863900590024599e+01 5.173672108013249726e-02 4.973006797872869811e-02 9.581720593884313075e-02 9.467119240791532775e-02 1.170796203724080442e-01 1.320555451896083810e-01
1.642157314980535077e+00 3.258302416503458687e+01 4.543267133716710759e-02 4.800440099118219450e-02 8.855938807481322783e-02 9.136990629674102138e-02 1.163223333789602520e-01 1.228779228248626509e-01
1.651382917873684297e+00 3.088281642461210197e+01 4.179941397737962916e-02 4.372370946312287288e-02 8.057587451764192110e-02 8.365227752033987940e-02 1.104101784538045194e-01 1.117070870820455752e-01
1.660608520766833296e+00 2.949668702454011537e+01 3.807195419764042299e-02 3.942783539558547545e-02 7.350866358706653614e-02 7.767374861003517594e-02 1.020303227418359882e-01 1.026776600736631906e-01
1.669834123659982295e+00 2.836134287280244948e+01 3.392525353070041660e-02 3.619885787737331384e-02 6.880279093092056542e-02 7.074027561756679461e-02 9.371891968830325936e-02 9.442661898120618957e-02
1.679059726553131293e+00 2.741537905180113555e+01 3.156578084072592105e-02 3.283718405634061810e-02 6.374207272198617602e-02 6.480222223280307503e-02 8.596730482834402665e-02 8.694968545619019551e-02
1.688285329446280514e+00 2.661220752496654995e+01 2.911816413958234762e-02 3.035506714198987765e-02 5.883765665446460957e-02 5.901776695508331727e-02 7.885317402505620521e-02 8.069903494665098265e-02
1.697510932339429290e+00 2.591741211246814558e+01 2.678236693264324231e-02 2.853598541701174440e-02 5.439702729709239293e-02 5.463222353674268561e-02 7.255278061995085181e-02 7.540926554770877033e-02
1.706736535232578511e+00 2.530603717016829535e+01 2.510849360290379195e-02 2.653928837462515844e-02 5.082435409994801034e-02 5.080882415176546374e-02 6.724901511527647813e-02 7.068954703879626322e-02
1.715962138125727732e+00 2.476048697440187851e+01 2.339770890965553463e-02 2.520803829561657494e-02 4.769752563382567701e-02 4.764706341831725922e-02 6.251693174571570921e-02 6.673818634675399153e-02
1.725187741018876730e+00 2.426699311146608551e+01 2.266127090443603720e-02 2.306188918353768713e-02 4.485710416988197835e-02 4.450552433898735671e-02 5.888887902455053336e-02 6.266131628380122720e-02
1.734413343912025951e+00 2.381651426176082254e+01 2.169433800028031101e-02 2.177058583477275988e-02 4.215211483738201537e-02 4.225455462219329661e-02 5.576797182308013134e-02 5.871718825926919294e-02
1.743638946805174728e+00 2.340118734995081340e+01 2.070143201247276465e-02 2.070958821387591797e-02 3.992074032670345218e-02 3.995690227921144810e-02 5.311239822099267371e-02 5.514190000375052136e-02
1.752864549698323948e+00 2.301546289282316593e+01 1.968874097055817174e-02 1.952677725736506886e-02 3.791476779830915689e-02 3.819754862946922458e-02 5.068263977941356302e-02 5.205173707872035038e-02
1.762090152591473169e+00 2.265490884713009123e+01 1.876354702103100180e-02 1.887049788954087148e-02 3.603503378421635261e-02 3.676942996430554444e-02 4.838657996556250396e-02 4.943567423841699338e-02
1.771315755484621945e+00 2.231583565161934501e+01 1.784393422691366027e-02 1.816653829533976250e-02 3.447971463986831964e-02 3.549199534679203794e-02 4.632951543756647084e-02 4.710207951339029364e-02
1.780541358377771166e+00 2.199531490708878323e+01 1.712755142409605469e-02 1.745413130679906999e-02 3.327702037654844958e-02 3.425802232867880548e-02 4.456419776298403690e-02 4.492609271749259392e-02
1.789766961270920165e+00 2.169116816423193228e+01 1.648301817547093151e-02 1.690356101467926919e-02 3.209510155130246289e-02 3.302316440067087910e-02 4.293465446766830951e-02 4.300335196576199337e-02
1.798992564164069385e+00 2.140154564494287115e+01 1.589843289997716624e-02 1.638516664111833165e-02 3.097177318676358482e-02 3.187561548762118946e-02 4.127502843646269071e-02 4.134932890205433864e-02
1.808218167057218606e+00 2.112468991186662848e+01 1.540356882299676045e-02 1.589173202956217779e-02 3.009945627469434726e-02 3.073471731365984283e-02 3.981551797321003505e-02 3.975237384453933487e-02
1.817443769950367383e+00 2.085937103015558591e+01 1.497171979498546079e-02 1.546901898511521267e-02 2.920393768667750578e-02 3.011944089331208829e-02 3.850767282540346059e-02 3.827594006459023035e-02
1.826669372843516603e+00 2.060450777472891204e+01 1.458357205185834005e-02 1.501758502907790671e-02 2.831865627591412249e-02 2.957433801385178640e-02 3.730861255312234448e-02 3.730783836643780660e-02
1.835894975736665824e+00 2.035908884425137089e+01 1.419886489032862187e-02 1.455419991770767751e-02 2.757482948361200670e-02 2.882898232838115860e-02 3.627260896677952928e-02 3.643042151601605383e-02
