9.225602893149067790e-04 1.027586122905657640e-04 3.333724333951044376e-06 3.073787332366840130e-06 6.420192843677275199e-06 6.134341950971098495e-06 8.327409805912284958e-06 7.794280295194593380e-06
1.014816318246397446e-02 1.058928062723918910e-04 3.432244801487163515e-06 3.174970130561963959e-06 6.629194877330818816e-06 6.315482865166982302e-06 8.594452665400124144e-06 8.027310173268332148e-06
1.937376607561304073e-02 1.088755619558214933e-04 3.516164008179553397e-06 3.269211948517139563e-06 6.826284783891556113e-06 6.488234999722450064e-06 8.844490801865199014e-06 8.252977714226001791e-06
2.859936896876210874e-02 1.119413849200477851e-04 3.603629738646631502e-06 3.360624503051927469e-06 7.028278244011016904e-06 6.659282816695089903e-06 9.100282734433986836e-06 8.486167915684015455e-06
3.782497186191117328e-02 1.151408838138666413e-04 3.706826212539093726e-06 3.450347502192185390e-06 7.238728077306683453e-06 6.837721788455314548e-06 9.366576958016456034e-06 8.730254208590544586e-06
4.705057475506025516e-02 1.185049913765537957e-04 3.816894016468581311e-06 3.544647749503427475e-06 7.459744691690078943e-06 7.025730851655353332e-06 9.646158768595976198e-06 8.987411789053404592e-06
5.627617764820931623e-02 1.220556448428124170e-04 3.931854147191208584e-06 3.644860696409279728e-06 7.692838497286354368e-06 7.224426750278422770e-06 9.940951123444289141e-06 9.259250273354409540e-06
6.550178054135838424e-02 1.258290851424139704e-04 4.049713443625684722e-06 3.757411852138423840e-06 7.940306503847782997e-06 7.435818509276455606e-06 1.025404970653805321e-05 9.548445676964121718e-06
7.472738343450743836e-02 1.298330383184202296e-04 4.176672844813578882e-06 3.885463119361078337e-06 8.202817219479303272e-06 7.661333371661066712e-06 1.058610363868838031e-05 9.855654363784776108e-06
8.395298632765652025e-02 1.341066825973644757e-04 4.309001018317106099e-06 4.022013817602020438e-06 8.482845811426110690e-06 7.917120527923740677e-06 1.094041537329752548e-05 1.018381941148227771e-05
9.317858922080557438e-02 1.386743840886410538e-04 4.442407525159596362e-06 4.164225730747105753e-06 8.782045090442676177e-06 8.190185049250351844e-06 1.131901392181438953e-05 1.053484719143254426e-05
1.024041921139546424e-01 1.435709943187677394e-04 4.585191504224842615e-06 4.314532949531375882e-06 9.102691058781252863e-06 8.482589178675253210e-06 1.172481066716047357e-05 1.091141948109870569e-05
1.116297950071036965e-01 1.488400209236723996e-04 4.740342475269726822e-06 4.472720820342210735e-06 9.447614733569461047e-06 8.796889651260607736e-06 1.216141932743709320e-05 1.131690078011335322e-05
1.208553979002527506e-01 1.545241906195597551e-04 4.918137415290378418e-06 4.641458543389834646e-06 9.819622714497339621e-06 9.135614572043605427e-06 1.263239727665392662e-05 1.175460278618974705e-05
1.300810007934018186e-01 1.606661738808972122e-04 5.119695616352486472e-06 4.823359041853937353e-06 1.022157556378040203e-05 9.501312716228538756e-06 1.314127864611235692e-05 1.222787859820993620e-05
1.393066036865509005e-01 1.673407574416815944e-04 5.338881372309576580e-06 5.020639413185948698e-06 1.065827067406728513e-05 9.898334018452727362e-06 1.369428501370845673e-05 1.274248045155781852e-05
1.485322065796999824e-01 1.746147625256778187e-04 5.574456204538797343e-06 5.233644430987762159e-06 1.113341354435276381e-05 1.033062097398009969e-05 1.429696166426342591e-05 1.330361766161170813e-05
1.577578094728490643e-01 1.825359715730259975e-04 5.822393777559035097e-06 5.461550175720473240e-06 1.164201667478329352e-05 1.080110455915555753e-05 1.495323485759377175e-05 1.391516110813337649e-05
1.669834123659981462e-01 1.912417426078894954e-04 6.091573603404201905e-06 5.715472139100082451e-06 1.220098558788552728e-05 1.131499697906016076e-05 1.567452903902057148e-05 1.458765811954544720e-05
1.762090152591472003e-01 2.008207245725412537e-04 6.387149495074934341e-06 5.993791664147765262e-06 1.281605479504292723e-05 1.187021932192659345e-05 1.646820629776725897e-05 1.532808508712487261e-05
1.854346181522962822e-01 2.114131781838063091e-04 6.709283916830129525e-06 6.300018306263938800e-06 1.349620773794167031e-05 1.248266229530184618e-05 1.734589694516450783e-05 1.614738758292600588e-05
1.946602210454453641e-01 2.231755963348684929e-04 7.073453918121641593e-06 6.650372188242057673e-06 1.425148086073009610e-05 1.316224252752100886e-05 1.832059757734687310e-05 1.705779057649560839e-05
2.038858239385944460e-01 2.362939672397975017e-04 7.477231162658252517e-06 7.030371136818914807e-06 1.509318763607574360e-05 1.391961167245383060e-05 1.940773427051939947e-05 1.807387333397844631e-05
2.131114268317435001e-01 2.510075519773927524e-04 7.925690866947244454e-06 7.481826709949566598e-06 1.604532385746017687e-05 1.476850205971101649e-05 2.062720173137824265e-05 1.921429898458392642e-05
2.223370297248925820e-01 2.675932210323501894e-04 8.430017430239135703e-06 7.986055804369454440e-06 1.711294027375041609e-05 1.572478291171218630e-05 2.200195272537299428e-05 2.050083310669838449e-05
2.315626326180416361e-01 2.864046111241921357e-04 9.016915097418071786e-06 8.522520347837203494e-06 1.829325829075153500e-05 1.680870292566254750e-05 2.356142275926895787e-05 2.196110206569490061e-05
2.407882355111907180e-01 3.078762216362787249e-04 9.715605867513749192e-06 9.133315815804045768e-06 1.963998832563943354e-05 1.804517305161221869e-05 2.534169160348109535e-05 2.362923474301956497e-05
2.500138384043397721e-01 3.325569629173639736e-04 1.048192694283760131e-05 9.835452984063375662e-06 2.118693562908632953e-05 1.946561968980546923e-05 2.738843400959414896e-05 2.554826338794710661e-05
2.592394412974888818e-01 3.611422741136573970e-04 1.139874398255462818e-05 1.064756821181139183e-05 2.297729835202335117e-05 2.110986872319798235e-05 2.973251376197976956e-05 2.777282408130316059e-05
2.684650441906379359e-01 3.945631441337647751e-04 1.245482135113382084e-05 1.163429719050593268e-05 2.506849961325554980e-05 2.303137913032860277e-05 3.246219731422932912e-05 3.037015317189280814e-05
2.776906470837869900e-01 4.339758522974473715e-04 1.367300225464294049e-05 1.282383993473880856e-05 2.753266132591002937e-05 2.529627088496816650e-05 3.567932580046011878e-05 3.337346147968959283e-05
2.869162499769360997e-01 4.809631354388136434e-04 1.517441720648069446e-05 1.425826018216992848e-05 3.046791639223439888e-05 2.805521173415253785e-05 3.951215938832817586e-05 3.695218428944707341e-05
2.961418528700851538e-01 5.376669721631764697e-04 1.698920605271560334e-05 1.595998728977441727e-05 3.400691233811439784e-05 3.140139428156162992e-05 4.413409077426140668e-05 4.126863737518226757e-05
3.053674557632342079e-01 6.070259926690869815e-04 1.921277832327681918e-05 1.784682770422673682e-05 3.833148521308819660e-05 3.550089102937739258e-05 4.978265800854343726e-05 4.654538853708677700e-05
3.145930586563833176e-01 6.932140677435860709e-04 2.196179271392805724e-05 2.032770943583657106e-05 4.369955017115452738e-05 4.055729182303631497e-05 5.679485193679843606e-05 5.309833358249822517e-05
3.238186615495323717e-01 8.022654162691966609e-04 2.542056100818723598e-05 2.352705082969350214e-05 5.072072854675534290e-05 4.689162931149546115e-05 6.565707135772582467e-05 6.138376534705865598e-05
3.330442644426814813e-01 9.432006415327398498e-04 3.000733859429666976e-05 2.773689015320135974e-05 5.984079907828381700e-05 5.507151046562448402e-05 7.709515334496336129e-05 7.208322719076025800e-05
3.422698673358305355e-01 1.129864253461587394e-03 3.592624783231254150e-05 3.323051762873325751e-05 7.196681726115731689e-05 6.589237502527939792e-05 9.222053393642139739e-05 8.624138661133336388e-05
3.514954702289795896e-01 1.384579831612483668e-03 4.402123549036222709e-05 4.052651666558567886e-05 8.824474365172582831e-05 8.063824566002949189e-05 1.128211741868666816e-04 1.055403541554793528e-04
3.607210731221286992e-01 1.744882820009682235e-03 5.535766249134630584e-05 5.094101469473965964e-05 1.110905167916536283e-04 1.014591047526676188e-04 1.418937472801595507e-04 1.328030382061128837e-04
3.699466760152777534e-01 2.277015299022961629e-03 7.169888746122454748e-05 6.635788404803092191e-05 1.449876771526703752e-04 1.321509262330287926e-04 1.847066385089802566e-04 1.729976034971379348e-04
3.791722789084268630e-01 3.105467295229685093e-03 9.714167179001058014e-05 9.092592159227422949e-05 1.966998441761944917e-04 1.792046773651254435e-04 2.511213930243521956e-04 2.354236373787550393e-04
3.883978818015759171e-01 4.478274654997849331e-03 1.391414126294156228e-04 1.327265018942792862e-04 2.827786381011327191e-04 2.583438233414699428e-04 3.606906899685851861e-04 3.384904090832710488e-04
3.976234846947249713e-01 6.905281431012370852e-03 2.127252965355361236e-04 2.053879365189895459e-04 4.347273466697824940e-04 3.939938712906963098e-04 5.534626911025113810e-04 5.195940023181187459e-04
4.068490875878740809e-01 1.130392554859701963e-02 3.491567795862859230e-04 3.404153477880624001e-04 7.148689373230390776e-04 6.415391180813571903e-04 9.021260515022395954e-04 8.441991199968062326e-04
4.160746904810231350e-01 1.777503173971433162e-02 5.439845324124725767e-04 5.314616437484508127e-04 1.087713039487160638e-03 1.003567133507961978e-03 1.424104060006224637e-03 1.324117225853040786e-03
4.253002933741722447e-01 1.986601921152944886e-02 6.198465610755578281e-04 5.775340318288704755e-04 1.222083340014213509e-03 1.114152340704246263e-03 1.626925396520196437e-03 1.458309893518167089e-03
4.345258962673212988e-01 1.370561372961837804e-02 4.194613138110460382e-04 3.944712555673818982e-04 8.439773789257962178e-04 7.794329706224227550e-04 1.143614006429569813e-03 1.012716696694187027e-03
4.437514991604703529e-01 7.903918539309957164e-03 2.404749216950493457e-04 2.262486666702112972e-04 4.915807738724974757e-04 4.483696052088766149e-04 6.620214945383812166e-04 5.880433863352579546e-04
4.529771020536194626e-01 4.682861156127156310e-03 1.428193426721994022e-04 1.346832459193300635e-04 2.922953546147461293e-04 2.641937391145397773e-04 3.915226523355727628e-04 3.495533909009963108e-04
4.622027049467684612e-01 2.970090766537313107e-03 9.096971390109166028e-05 8.548199877696617890e-05 1.862463177213489508e-04 1.679422454937944814e-04 2.476359751037724224e-04 2.220374371955991834e-04
4.714283078399175708e-01 2.004991125961896534e-03 6.152559647798700251e-05 5.741066613432622805e-05 1.267443361686834170e-04 1.131124207799190026e-04 1.667343022468481886e-04 1.513706699836762405e-04
4.806539107330666249e-01 1.423103276024171183e-03 4.375158964984551986e-05 4.064466727362095987e-05 8.991126814687690899e-05 8.062664418710088939e-05 1.180767404047055897e-04 1.082250054120497025e-04
4.898795136262157346e-01 1.050937114337325250e-03 3.253428967787226275e-05 2.997771838304037935e-05 6.618448893611853651e-05 5.959296961448225932e-05 8.702702643274243428e-05 8.037638780744691281e-05
4.991051165193647332e-01 8.009197770852581003e-04 2.489805595328343363e-05 2.291092323619128238e-05 5.030599070477337256e-05 4.532834143291869164e-05 6.620972656998626651e-05 6.153771780754090873e-05
5.083307194125139539e-01 6.261313191452690628e-04 1.940563808789372898e-05 1.798737131597440315e-05 3.934671540257235912e-05 3.535870406371648990e-05 5.168149609821451936e-05 4.829515870298126904e-05
5.175563223056629525e-01 4.998389593465262177e-04 1.550335661644757120e-05 1.435789613024710020e-05 3.142046133078606630e-05 2.822720820378654032e-05 4.120013897967284792e-05 3.868387781614325603e-05
5.267819251988120621e-01 4.060432282354738977e-04 1.257864378670625052e-05 1.169868817744768074e-05 2.558414805402801267e-05 2.295484573373282643e-05 3.342620117494695536e-05 3.151872115102254341e-05
5.360075280919610607e-01 3.347476323375191370e-04 1.030158948938882969e-05 9.637046023199034948e-06 2.117982969129312198e-05 1.894372688561679965e-05 2.752417768299609971e-05 2.605453869597049946e-05
5.452331309851101704e-01 2.794707327789677461e-04 8.653000685220340205e-06 8.064801486617264193e-06 1.774763629256239945e-05 1.583087695135440478e-05 2.295316591798397766e-05 2.180581357565954505e-05
5.544587338782591690e-01 2.358961033125325530e-04 7.311524541502571100e-06 6.793219964785075478e-06 1.491553058869814251e-05 1.337443464393534270e-05 1.935342242977378070e-05 1.844777105708200141e-05
5.636843367714083897e-01 2.010316184816187638e-04 6.210258462806126289e-06 5.771724227313329396e-06 1.265369687127913616e-05 1.140584289602395059e-05 1.647586338091575932e-05 1.575450535073549970e-05
5.729099396645573883e-01 1.727680551662932288e-04 5.332443396874672744e-06 4.960227509442417283e-06 1.090878348291844679e-05 9.808046651753923569e-06 1.414508957516956867e-05 1.356623814048488284e-05
5.821355425577064979e-01 1.496204816806482967e-04 4.574556103118388849e-06 4.309028671160093551e-06 9.479007288318367893e-06 8.497890930577166888e-06 1.223776311052942288e-05 1.177022920289836423e-05
5.913611454508554965e-01 1.304396128798056243e-04 3.990133843654740560e-06 3.762681791396948550e-06 8.287424349206839276e-06 7.400589376656762589e-06 1.065846317853841622e-05 1.027186873935457992e-05
6.005867483440046062e-01 1.144255516140539028e-04 3.512143974990935657e-06 3.302633333186760648e-06 7.259484603459187427e-06 6.466733445515600331e-06 9.340874956908956140e-06 9.014578930856791258e-06
6.098123512371537158e-01 1.009316647310456116e-04 3.109259494348413293e-06 2.918531248952206431e-06 6.393884211196358648e-06 5.710037801739994002e-06 8.231400866723953178e-06 7.955371873600111015e-06
6.190379541303028255e-01 8.948992339072135834e-05 2.758338727439614232e-06 2.590076949106375598e-06 5.660469815502294495e-06 5.087815836990941380e-06 7.291291584917583102e-06 7.057361474325647937e-06
6.282635570234518241e-01 7.972684086317582974e-05 2.455174464860787414e-06 2.323218891856163189e-06 5.035220132212258259e-06 4.537688161805359267e-06 6.489639746097919186e-06 6.291147872534107437e-06
6.374891599166009337e-01 7.133594814328994853e-05 2.200242022728571886e-06 2.086486989099132052e-06 4.498441415761225953e-06 4.054445244648495093e-06 5.801089741325923224e-06 5.632650510691933300e-06
6.467147628097499323e-01 6.409429793622405873e-05 1.970408392578702826e-06 1.880003889225491842e-06 4.039262949086461500e-06 3.635522602267208191e-06 5.207221913636141293e-06 5.064325361201831791e-06
6.559403657028991530e-01 5.781153239225374240e-05 1.770822464338400054e-06 1.699554104625943961e-06 3.649941281681334370e-06 3.278871708917659752e-06 4.692308758969294274e-06 4.571218853160597501e-06
6.651659685960481516e-01 5.233071706740684476e-05 1.597272431977874536e-06 1.536385441577099893e-06 3.309457255633827010e-06 2.974127787253945702e-06 4.243388116836127805e-06 4.141019705493374293e-06
6.743915714891972613e-01 4.753737963526803495e-05 1.444218964177222426e-06 1.393922914801228171e-06 3.010908811244880753e-06 2.702702879941609618e-06 3.851019638528631079e-06 3.764728882530320642e-06
6.836171743823462599e-01 4.332680585230178386e-05 1.309130580254363422e-06 1.277155280353708055e-06 2.747974043207344094e-06 2.461220745902909608e-06 3.506564366758252178e-06 3.434128262514190612e-06
6.928427772754953695e-01 3.961618519426424943e-05 1.192078530036028367e-06 1.165715763356258902e-06 2.515619798936375578e-06 2.249155042569540473e-06 3.203193678048272652e-06 3.142729560350409983e-06
7.020683801686443681e-01 3.633359179514621877e-05 1.094596357051760371e-06 1.068514784616061747e-06 2.303416842873066235e-06 2.062238796580513232e-06 2.934979064849927398e-06 2.884891962041826027e-06
7.112939830617935888e-01 3.342395931837931374e-05 1.006541727218900290e-06 9.803794920382991290e-07 2.123288086776852716e-06 1.897205939036744149e-06 2.697386988474107655e-06 2.656292078636433179e-06
7.205195859549425874e-01 3.083957322914699121e-05 9.304688520013373702e-07 9.012261670703694820e-07 1.962348856919357727e-06 1.751233168873949427e-06 2.486488517393261721e-06 2.452094437686745340e-06
7.297451888480916971e-01 2.852521221890405619e-05 8.609290818469978173e-07 8.333707127378681806e-07 1.817214565535958768e-06 1.620977862450753427e-06 2.297730500244501284e-06 2.266226844449771078e-06
7.389707917412406957e-01 2.646748777075290870e-05 8.019716947979695478e-07 7.670669033492559714e-07 1.686673145768205283e-06 1.505633789544910797e-06 2.133191787658614839e-06 2.100448709194952912e-06
7.481963946343899163e-01 2.462218174897007697e-05 7.415605259872775452e-07 7.067149786105229902e-07 1.568907024927678520e-06 1.402698378194892090e-06 1.987752311027137414e-06 1.951337329672806371e-06
7.574219975275389150e-01 2.296784158295388107e-05 6.942012558355582536e-07 6.559785188779246085e-07 1.462837462678134094e-06 1.310904309594223979e-06 1.853914614681917444e-06 1.817216840081294240e-06
7.666476004206880246e-01 2.147964326501336095e-05 6.546956200862326652e-07 6.164258634061159251e-07 1.368269106939685271e-06 1.228797800832110402e-06 1.733742423790226114e-06 1.696145596880972251e-06
7.758732033138370232e-01 2.014233638176299795e-05 6.173362716359650094e-07 5.824983400964214083e-07 1.280654987677791272e-06 1.155457362463780513e-06 1.625980383050497423e-06 1.586947293053286346e-06
7.850988062069861328e-01 1.893801894768466944e-05 5.797998596220029302e-07 5.488967557705883623e-07 1.195966997125989898e-06 1.088576831637329999e-06 1.529148774936552052e-06 1.488212977468712837e-06
7.943244091001351315e-01 1.785077283842941541e-05 5.443134122459173524e-07 5.180003411027402516e-07 1.125876833567538988e-06 1.017587737514995283e-06 1.441927844784624734e-06 1.398684121837910556e-06
8.035500119932843521e-01 1.686987642301090699e-05 5.138941263821833201e-07 4.902972419893436280e-07 1.067264669043444729e-06 9.564143824038201383e-07 1.363435395674507698e-06 1.317537320860735767e-06
8.127756148864333507e-01 1.598362396176874396e-05 4.859892342926284959e-07 4.702831169313276814e-07 1.008998765522185293e-06 9.054027739845094071e-07 1.292699878603687273e-06 1.243855540928443974e-06
8.220012177795824604e-01 1.518492646004175950e-05 4.648656721438867339e-07 4.527798119025769851e-07 9.648740440512871457e-07 8.598758041389903975e-07 1.229149106065633888e-06 1.177069639448151373e-06
8.312268206727314590e-01 1.446156480534734267e-05 4.410320452532863358e-07 4.347315531008585931e-07 9.163420915678021039e-07 8.173959012229893188e-07 1.171760196951314960e-06 1.116231735225868142e-06
8.404524235658805686e-01 1.380631683802766976e-05 4.148621265184562474e-07 4.152449013019765583e-07 8.752141934856283705e-07 7.829279397307552007e-07 1.119939451458128068e-06 1.060770762972495997e-06
8.496780264590296783e-01 1.321472167027662394e-05 3.976865339339111905e-07 3.968368504793306578e-07 8.407158047383404083e-07 7.507104872912597930e-07 1.073331973862238248e-06 1.010324895667930880e-06
8.589036293521787879e-01 1.267993993335909988e-05 3.811004831424893611e-07 3.791652024270209524e-07 8.102515690338191336e-07 7.206166710946749349e-07 1.031367412031482453e-06 9.643656610875564017e-07
8.681292322453277865e-01 1.219773748391006134e-05 3.665387701188197009e-07 3.643227750228404324e-07 7.831603826277979926e-07 6.933520107579227356e-07 9.937017300917019440e-07 9.247832799307689663e-07
8.773548351384768962e-01 1.176100033316967930e-05 3.522904418803674508e-07 3.542799250834099408e-07 7.586677830807770403e-07 6.748239726960044441e-07 9.597434308877452597e-07 9.054986910121986160e-07
8.865804380316258948e-01 1.136846342738589304e-05 3.386847224237774548e-07 3.389634129718198543e-07 7.357771833081359089e-07 6.549572673141761358e-07 9.293988836134265763e-07 8.888807175745249876e-07
8.958060409247751155e-01 1.101617161888917690e-05 3.261080156093403606e-07 3.251630677869374845e-07 7.076240565388110270e-07 6.373366144944883724e-07 9.023424015282315502e-07 8.746996420586320862e-07
9.050316438179241141e-01 1.069801535379201223e-05 3.173588152397076973e-07 3.188774445640226693e-07 6.902555812963375462e-07 6.216656741402891022e-07 8.780654338893392557e-07 8.625875458801324919e-07
9.142572467110732237e-01 1.041337376818998423e-05 3.102614388316824888e-07 3.126569497577446553e-07 6.690582277967702877e-07 6.077884346172927324e-07 8.565261432296550294e-07 8.444628918180486289e-07
9.234828496042222223e-01 1.015953653459664541e-05 3.073365845619971962e-07 3.083785193220376785e-07 6.600750218362406454e-07 5.956899190629824382e-07 8.420023783027004514e-07 8.244296141775552125e-07
9.327084524973712210e-01 9.934293346821436579e-06 3.052661821986137682e-07 2.998182243429180167e-07 6.528094177899798617e-07 5.832325070376210251e-07 8.297977009256560281e-07 8.066560538170496492e-07
9.419340553905202196e-01 9.734496015796856601e-06 3.054566115804701156e-07 2.932343003719867149e-07 6.424413193218831553e-07 5.726219891457441587e-07 8.192775932636392879e-07 7.908957868731851770e-07
9.511596582836694402e-01 9.560048548543604867e-06 2.991307841414342703e-07 2.895272973938997163e-07 6.298104935524164003e-07 5.639407607040938710e-07 8.104471443138568592e-07 7.771293636973881030e-07
9.603852611768185499e-01 9.406684821418286860e-06 2.977244818843124529e-07 2.887962343796700141e-07 6.256474970674765705e-07 5.542817344800922934e-07 8.030278218565474517e-07 7.650143128869372160e-07
9.696108640699675485e-01 9.275843887793093725e-06 2.977382204062021338e-07 2.855822672131384885e-07 6.186012716304292041e-07 5.451982849357024809e-07 7.971271530273965270e-07 7.546862139931889230e-07
9.788364669631165471e-01 9.162753307562204454e-06 2.949197021051778024e-07 2.849177443778440420e-07 6.136986211355368356e-07 5.389256235964208063e-07 7.924281763627756981e-07 7.457706849941893377e-07
9.880620698562656568e-01 9.074076291394107219e-06 2.926717759787910063e-07 2.832619653559125417e-07 6.110672114296215955e-07 5.372942994129561891e-07 7.893981321595564579e-07 7.387970563823641581e-07
9.972876727494148774e-01 8.992576676552410092e-06 2.916308596946730190e-07 2.792268264997336831e-07 6.084692893473199937e-07 5.384607538248494164e-07 7.868650716948203506e-07 7.323944975918327363e-07
1.006513275642563876e+00 8.932309202279408364e-06 2.922410448536971414e-07 2.807715545472763165e-07 6.142997726181661356e-07 5.350790965626320538e-07 7.870509952468853875e-07 7.320719637413869652e-07
1.015738878535712875e+00 8.887717367230371413e-06 2.945821057947399860e-07 2.815720682119927427e-07 6.120642912557147907e-07 5.399834522109650141e-07 7.893949949546424087e-07 7.338574813806694204e-07
1.024964481428862095e+00 8.857982164912591425e-06 2.976588295123661738e-07 2.807651438884835657e-07 6.108249705266697232e-07 5.392914530353029405e-07 7.929148825338484959e-07 7.366592865764846790e-07
1.034190084322011094e+00 8.841732517256923398e-06 2.972199700952095813e-07 2.837418704783304957e-07 6.155900580208681594e-07 5.395438774934783322e-07 7.975220908880452982e-07 7.403991081166197934e-07
1.043415687215160093e+00 8.839502231829859323e-06 2.972644870221652911e-07 2.887481649173274690e-07 6.287611836922352707e-07 5.428612674166967156e-07 8.032456554096229206e-07 7.451107715167985948e-07
1.052641290108309091e+00 8.849807081802444410e-06 2.989626166391633709e-07 2.912351478180546572e-07 6.422446739307741413e-07 5.467710731946075068e-07 8.100000305952407339e-07 7.507146173067473136e-07
1.061866893001458312e+00 8.872788074675525430e-06 3.007774210412156562e-07 2.971407046256332904e-07 6.452586162630327454e-07 5.512924918465680240e-07 8.133935565402406197e-07 7.572258727242868280e-07
1.071092495894607532e+00 8.907655543950495960e-06 3.030138030014768973e-07 3.007497923792841249e-07 6.487557020535986239e-07 5.563925617499772589e-07 8.173846142049856652e-07 7.645983311849278708e-07
1.080318098787756531e+00 8.954725567019795261e-06 3.066069704510190354e-07 3.021018210498789910e-07 6.529033091357651564e-07 5.621001956327362090e-07 8.224020671859499232e-07 7.728696723328500002e-07
1.089543701680905530e+00 9.013049999908842358e-06 3.118139241465996229e-07 3.063770169499065773e-07 6.576494965620260946e-07 5.682080347275640777e-07 8.283902605229397304e-07 7.819775075423222952e-07
1.098769304574054528e+00 9.082766316458313314e-06 3.149167580044597963e-07 3.094327464704937089e-07 6.630526261201079432e-07 5.731863039437546292e-07 8.353639610634526204e-07 7.919476856284188927e-07
1.107994907467203749e+00 9.164610675714376754e-06 3.195217445836482295e-07 3.129574418292625131e-07 6.704632638853696725e-07 5.780039969107246409e-07 8.433905617451545843e-07 8.028371823036212392e-07
1.117220510360352748e+00 9.257219664151327768e-06 3.243980780178883127e-07 3.173719370992399429e-07 6.834236507497115285e-07 5.860762147487717208e-07 8.550710667673757937e-07 8.130722534531972833e-07
1.126446113253501746e+00 9.361123730687109250e-06 3.296026629210880931e-07 3.220263805684972036e-07 6.919733446130902580e-07 5.970000638463615438e-07 8.696769424889733938e-07 8.231067355848840634e-07
1.135671716146650967e+00 9.476690655584620366e-06 3.369429839900856612e-07 3.285997362566124558e-07 7.008553033999754151e-07 6.099443453219370066e-07 8.852772273832844167e-07 8.342007990605497585e-07
1.144897319039799966e+00 9.604016511047689799e-06 3.437344583118564015e-07 3.374706027683245583e-07 7.176800403299815281e-07 6.219295059289940941e-07 9.014338273692330486e-07 8.463673720665021156e-07
1.154122921932948964e+00 9.743584673685720571e-06 3.524710905762496057e-07 3.431351130990130112e-07 7.302521769961664084e-07 6.336547948616108995e-07 9.157496108475603766e-07 8.596520763427118714e-07
1.163348524826097963e+00 9.895024133446893210e-06 3.580081885972567540e-07 3.479639817831916394e-07 7.393573175347904834e-07 6.425511522458922251e-07 9.312071184744623949e-07 8.740297793263136636e-07
1.172574127719247183e+00 1.005932035280318005e-05 3.652293996365113115e-07 3.521413314598013396e-07 7.493024586774959037e-07 6.524542239291923525e-07 9.479088830986988139e-07 8.895894563763721011e-07
1.181799730612396404e+00 1.023700707875419733e-05 3.707855872767165911e-07 3.590003265444295698e-07 7.601520111597661136e-07 6.652298284627097401e-07 9.659092025229010350e-07 9.063823916668280493e-07
1.191025333505545403e+00 1.042791624957492669e-05 3.817501309342498475e-07 3.658233151848055796e-07 7.718861342800960779e-07 6.787779500111469757e-07 9.851958714283431435e-07 9.244029066339306270e-07
1.200250936398694401e+00 1.063414136988007486e-05 3.891699162392031066e-07 3.746796171391887463e-07 7.847848721324131218e-07 6.932388713455518156e-07 1.005986202013815859e-06 9.438363550781201804e-07
1.209476539291843622e+00 1.085571289967797235e-05 3.984963947249059603e-07 3.858997855390800859e-07 8.052175848669227407e-07 7.111493245472481298e-07 1.028276463553116565e-06 9.646931368802619819e-07
1.218702142184992621e+00 1.109375692910027549e-05 4.100940305118936106e-07 3.978809248188816783e-07 8.268453989401345781e-07 7.329959685871448137e-07 1.052190833092420564e-06 9.870809408561082075e-07
1.227927745078141619e+00 1.134929705501125445e-05 4.246309284007428176e-07 4.110475159673485280e-07 8.497517222769923687e-07 7.514322104731999016e-07 1.077832458934086633e-06 1.011097740307139443e-06
1.237153347971290618e+00 1.162344616191922008e-05 4.400386640616247034e-07 4.235815773958769828e-07 8.740488952159608272e-07 7.698569555468637987e-07 1.105321801035609287e-06 1.036852728646996607e-06
1.246378950864439838e+00 1.191906797766551478e-05 4.560761777119015929e-07 4.358367564590368552e-07 8.984281287945542974e-07 7.886642140480612409e-07 1.138203736826835831e-06 1.064601368804554910e-06
1.255604553757589059e+00 1.223514092697543931e-05 4.697896349188295998e-07 4.514007258802938283e-07 9.214354889632892404e-07 8.088744926285469449e-07 1.176878167519583359e-06 1.094277522941613744e-06
1.264830156650738058e+00 1.257677954205989553e-05 4.843020361204056700e-07 4.635647064940283412e-07 9.462054075958048434e-07 8.319544016276199795e-07 1.218099439875390351e-06 1.126331724226452573e-06
1.274055759543887056e+00 1.294411452900938762e-05 4.997893919810335778e-07 4.775134893299652806e-07 9.726770107816947895e-07 8.587227898958833572e-07 1.261882974947224249e-06 1.160799655553739409e-06
1.283281362437036055e+00 1.334125918612557648e-05 5.157170097325633972e-07 4.954596042898861839e-07 1.001157180752943615e-06 8.886836848195367331e-07 1.308690777707018150e-06 1.198055769143537754e-06
1.292506965330185276e+00 1.377085533877969989e-05 5.325485744684615270e-07 5.128092210343326580e-07 1.035773243191147306e-06 9.188982331628544177e-07 1.358809224906559055e-06 1.238355062565331508e-06
1.301732568223334052e+00 1.423744669913313192e-05 5.522136083094742918e-07 5.315653419774019869e-07 1.075331103618651224e-06 9.528953769072866074e-07 1.412612260072306796e-06 1.283429361488795989e-06
1.310958171116483273e+00 1.474384258626494628e-05 5.742410671154712817e-07 5.510925633964503033e-07 1.118121948671054158e-06 9.913112207048633168e-07 1.470562291190750609e-06 1.332582207094047018e-06
1.320183774009632494e+00 1.529639917061299006e-05 5.957014310738145506e-07 5.728242099240306626e-07 1.160113218999970255e-06 1.033797973446663672e-06 1.529796779226014241e-06 1.385935180278002004e-06
1.329409376902781492e+00 1.590121454911772196e-05 6.225954923473088487e-07 5.970697024575521267e-07 1.209215862687379461e-06 1.079731011629742694e-06 1.592924676233281947e-06 1.444010928297853103e-06
1.338634979795930713e+00 1.656478817710553775e-05 6.510883462704180984e-07 6.244833569979300555e-07 1.263094151620430762e-06 1.129617690389975409e-06 1.661887482702161764e-06 1.507455606330802440e-06
1.347860582689079489e+00 1.729731558294504435e-05 6.839110399178866689e-07 6.549163407714749105e-07 1.322142172910300905e-06 1.182313929643192472e-06 1.737658074717735550e-06 1.577198687724264749e-06
1.357086185582228710e+00 1.810783590482442510e-05 7.191101468986492147e-07 6.861550614835472091e-07 1.387050520130073665e-06 1.237175361345597567e-06 1.821146142356942337e-06 1.654080461345768302e-06
1.366311788475377931e+00 1.901007700371454769e-05 7.522316915300487070e-07 7.217183477880717969e-07 1.458814532709823880e-06 1.300734865116012008e-06 1.913669497657474370e-06 1.739346547349764457e-06
1.375537391368526707e+00 2.001944283949032386e-05 7.918534116926625413e-07 7.544923295827787380e-07 1.538579327704804307e-06 1.374432348629978161e-06 2.016729115890200657e-06 1.834424466789153689e-06
1.384762994261675928e+00 2.115587597485017168e-05 8.314325582150929419e-07 7.970834961816511031e-07 1.627798216360081533e-06 1.457440091128503864e-06 2.132242306274175712e-06 1.941140985485497107e-06
1.393988597154824927e+00 2.244340869917693377e-05 8.793394273873161621e-07 8.490995879858696251e-07 1.728235248686529299e-06 1.546790601710433061e-06 2.262524931811000860e-06 2.061721001438832887e-06
1.403214200047974147e+00 2.391321526588304351e-05 9.437150950296327901e-07 9.066686146143894257e-07 1.842140371464428720e-06 1.643748337354944433e-06 2.410551110522562735e-06 2.198393561743492309e-06
1.412439802941123368e+00 2.560484978058120330e-05 1.014861979171533121e-06 9.737522081574822284e-07 1.972372864861017235e-06 1.762766915191289508e-06 2.580080241365807146e-06 2.350089430368458213e-06
1.421665405834272145e+00 2.756902213696531566e-05 1.096275087728672731e-06 1.047151980732505396e-06 2.125146903425361930e-06 1.907301312868766999e-06 2.775912121218737151e-06 2.534266847901424472e-06
1.430891008727421365e+00 2.987398473758839799e-05 1.188001237298928552e-06 1.138037842463881616e-06 2.305210432436184816e-06 2.063022238755471199e-06 3.004438246969862484e-06 2.751045031517859832e-06
1.440116611620570364e+00 3.260884243546182705e-05 1.299817244742266099e-06 1.238039131751506700e-06 2.518228987487498903e-06 2.245044938101704792e-06 3.273966779231290178e-06 3.007282757017080434e-06
1.449342214513719362e+00 3.589669693659089318e-05 1.437675861140212978e-06 1.371244469677551767e-06 2.773557425842716512e-06 2.460516987718375725e-06 3.595852246829289668e-06 3.312039652806799794e-06
1.458567817406868583e+00 3.990657855804873277e-05 1.614530723482537856e-06 1.538770362897460468e-06 3.084068670333863860e-06 2.718762964182558502e-06 3.992414493825165991e-06 3.683568362934575480e-06
1.467793420300017582e+00 4.487906696927659547e-05 1.836908316008833953e-06 1.733500411462950423e-06 3.477116053401928806e-06 3.034451020044559133e-06 4.509510751869834561e-06 4.144348025682315008e-06
1.477019023193166802e+00 5.116090126785744857e-05 2.077032401201703835e-06 1.971305497392152549e-06 4.008554949451111104e-06 3.488367638560976424e-06 5.165240820236076088e-06 4.726925171481439493e-06
1.486244626086316023e+00 5.926445554960764646e-05 2.417144213385280017e-06 2.270593843887702939e-06 4.685050691561327258e-06 4.080477346529581015e-06 6.014288418586824720e-06 5.479734963294047604e-06
1.495470228979464800e+00 6.996321233738269686e-05 2.821154900226331935e-06 2.681529099568001943e-06 5.472138324163800275e-06 4.871972487545883027e-06 7.138919518152007926e-06 6.476464503775555479e-06
1.504695831872614020e+00 8.443827107177526289e-05 3.378958680029899627e-06 3.243769968501889552e-06 6.582938990009430322e-06 5.906498370586410994e-06 8.579363450280668335e-06 7.830774697163364346e-06
1.513921434765763019e+00 1.044801602256142188e-04 4.112863777307252983e-06 4.021040506839616640e-06 8.108920609636359011e-06 7.248913148288289366e-06 1.053872546185992344e-05 9.717012814730344411e-06
1.523147037658912017e+00 1.326029901221422900e-04 5.252544967298199922e-06 5.108982214006667615e-06 1.005069869948108487e-05 9.208869390635082610e-06 1.342520001279673132e-05 1.232102022770008212e-05
1.532372640552061016e+00 1.713859799497498997e-04 6.733370052151984794e-06 6.602820165261879615e-06 1.311890156157729777e-05 1.181834266792135572e-05 1.733224514727693850e-05 1.602856776275338657e-05
1.541598243445210237e+00 2.193721481626817352e-04 8.686733754822327990e-06 8.283632870568629096e-06 1.635157221066262123e-05 1.489211947811221052e-05 2.232316834812513636e-05 2.050136136218336669e-05
1.550823846338359457e+00 2.596081517147158621e-04 1.015263096906647176e-05 9.985375478525069289e-06 1.976055405147805061e-05 1.724460113851269266e-05 2.654267394573933507e-05 2.426060959345353006e-05
1.560049449231508456e+00 2.565161062188448990e-04 1.001105846233055381e-05 1.004097269037345589e-05 2.028677512607026485e-05 1.727922373669898959e-05 2.722402420993820819e-05 2.336198257528183508e-05
1.569275052124657455e+00 2.024220783288919914e-04 8.142426793143894229e-06 7.818876293062701705e-06 1.605701744802678693e-05 1.381911049954718629e-05 2.157019313806082719e-05 1.868998358272352511e-05
1.578500655017806453e+00 1.370205175462541026e-04 5.436822331696572778e-06 5.362550745905797197e-06 1.087619282231469704e-05 9.280522641370658006e-06 1.438700161063047561e-05 1.282687240631717913e-05
1.587726257910955674e+00 8.771168546178423103e-05 3.482707194117534472e-06 3.403589913301036411e-06 7.005270739547227675e-06 5.934010880075690796e-06 9.093944210429585830e-06 8.315395623409985908e-06
1.596951860804104451e+00 5.611371103856835899e-05 2.245551348987261217e-06 2.182747690310110904e-06 4.529268300766989795e-06 3.831842116676167117e-06 5.771631154591240086e-06 5.413391661791483521e-06
1.606177463697253671e+00 3.659658378280609948e-05 1.457487247266164886e-06 1.429213486578203977e-06 2.937663214119638766e-06 2.543305110374031086e-06 3.737632496102654192e-06 3.547191006370237557e-06
1.615403066590402892e+00 2.442157531297192659e-05 9.756662623073997383e-07 9.583164323140163905e-07 1.992563537731199884e-06 1.727224290499529186e-06 2.446383349430588820e-06 2.386866309596877479e-06
1.624628669483551890e+00 1.664964794665519510e-05 6.849593785266529331e-07 6.433475218316518423e-07 1.364629926647931878e-06 1.191671569984507721e-06 1.635479999796630914e-06 1.638309144738041170e-06
1.633854272376701111e+00 1.156149367899558168e-05 4.747749051250195360e-07 4.573188982147512221e-07 9.798840431085171614e-07 8.337498882543198180e-07 1.113123042917779602e-06 1.141903990925603190e-06
1.643079875269850110e+00 8.156127441903729573e-06 3.297169596335211377e-07 3.231122724512406784e-07 6.861997654731434836e-07 6.036272908927118748e-07 7.957171814812911341e-07 8.103488903094090625e-07
1.652305478162999108e+00 5.834552636902796234e-06 2.373229656626249997e-07 2.332283022267999664e-07 5.016069881654754392e-07 4.381488801057117793e-07 5.898070033088916801e-07 6.085798051773016725e-07
1.661531081056148329e+00 4.233968111423354351e-06 1.764804341336642231e-07 1.693750631785616225e-07 3.665171330912415470e-07 3.192763291635430654e-07 4.563836991078271211e-07 4.476225053607724702e-07
1.670756683949297106e+00 3.120299425127555896e-06 1.326541185600143730e-07 1.298664478989121931e-07 2.832721418131824987e-07 2.444925812901909795e-07 3.568547625698997928e-07 3.347000562946498776e-07
1.679982286842446326e+00 2.345550837071011326e-06 9.716378734838351696e-08 1.023978782455927518e-07 2.238560372484302815e-07 1.936759298097446251e-07 2.965833070088057064e-07 2.553818417218459335e-07
1.689207889735595547e+00 1.810458990679015666e-06 7.729998851014173257e-08 7.947669139897886386e-08 1.790988217788664558e-07 1.597951481461044120e-07 2.481856988519141990e-07 2.041645073514699559e-07
1.698433492628744546e+00 1.446639521271010255e-06 6.870952118295953418e-08 6.830307513193923216e-08 1.463699438550661132e-07 1.326062550859123697e-07 2.141482956576032973e-07 1.694946148673335471e-07
1.707659095521893766e+00 1.207785835201448228e-06 5.972277378353846609e-08 6.164517196285838183e-08 1.301982348362330529e-07 1.195058203934830349e-07 1.957412479092700711e-07 1.519348273294401221e-07
1.716884698415042543e+00 1.060896491108545956e-06 5.619591264301466672e-08 5.571781835896345538e-08 1.205479010941459784e-07 1.087044372833340185e-07 1.846997800188843371e-07 1.444397315650215516e-07
1.726110301308191763e+00 9.821396720440908243e-07 5.308712875481675346e-08 5.434775259850644457e-08 1.180923791584571745e-07 1.029578661308113792e-07 1.808070806926479425e-07 1.299355673491458929e-07
1.735335904201340984e+00 9.543887769607471918e-07 5.021745805195655036e-08 5.157278990276552833e-08 1.117876877005007449e-07 9.969482942248516678e-08 1.741196454800579968e-07 1.278538793614296591e-07
1.744561507094489761e+00 9.647963090296833315e-07 4.961600684260800179e-08 5.007818840309326572e-08 1.144728217219949044e-07 9.942920990561726664e-08 1.760011429909881036e-07 1.224139244520198626e-07
1.753787109987638981e+00 1.004445031396640170e-06 5.392318741428462438e-08 5.276946632490366430e-08 1.205055297665705274e-07 1.025024012029909155e-07 1.712768746617573265e-07 1.318772468196154463e-07
1.763012712880787980e+00 1.066083118827638231e-06 5.453323700765997251e-08 5.560815056385275225e-08 1.213617495829148008e-07 1.039169121600777012e-07 1.679204581459528870e-07 1.396390232884850235e-07
1.772238315773937201e+00 1.144262339258786636e-06 5.866012938341376684e-08 5.774210671353986907e-08 1.234549256649738382e-07 1.109998512521014269e-07 1.726830974598029876e-07 1.476704218506966195e-07
1.781463918667086421e+00 1.235081586891370200e-06 6.124255345877192479e-08 6.104113536106935057e-08 1.296681506150480748e-07 1.188782006468254324e-07 1.867755735053166330e-07 1.615447791284175805e-07
1.790689521560235198e+00 1.335090668680558535e-06 6.324656166624467634e-08 6.496855176669988272e-08 1.400078959432220965e-07 1.255115674947657453e-07 1.849959348099947341e-07 1.754182945845708126e-07
1.799915124453384419e+00 1.442487738083905120e-06 6.650225620388829263e-08 6.876892129483449030e-08 1.509635886116613001e-07 1.342694981327476679e-07 1.958992589078464807e-07 1.852344538460049454e-07
1.809140727346533417e+00 1.554839275053923159e-06 7.069265798864135432e-08 7.379619422276648560e-08 1.577744909395736239e-07 1.469612818194953520e-07 2.089685311387959993e-07 1.983761520589028543e-07
1.818366330239682416e+00 1.670843121191594396e-06 7.718885235370029547e-08 7.850817661542235636e-08 1.648048984205208089e-07 1.561258565963057537e-07 2.224935430096840915e-07 2.098333459073952988e-07
1.827591933132831414e+00 1.789331170684337140e-06 8.165039931022492825e-08 8.343468591971329868e-08 1.778586132059473033e-07 1.660854833617696244e-07 2.363386424326237268e-07 2.212639771548198197e-07
1.836817536025980635e+00 1.909453878944957871e-06 8.698825297098851511e-08 8.646472909589873762e-08 1.837854786645213695e-07 1.753299595254778322e-07 2.504171719237943518e-07 2.326407143469264773e-07
1.846043138919129634e+00 2.030556731728650292e-06 9.229598887296126524e-08 9.230526341816119333e-08 1.935942974623225453e-07 1.857021045733839032e-07 2.646527956189550904e-07 2.439463691645925518e-07
1.855268741812278410e+00 2.152021015303383060e-06 9.841989242231149895e-08 9.797360647108322460e-08 2.061949596120950827e-07 1.957448351969328248e-07 2.789899206949207189e-07 2.551625922399406597e-07
1.864494344705427187e+00 2.273407972957786133e-06 1.027479359243355203e-07 1.024525345592584281e-07 2.178122402799361195e-07 2.054231170499661296e-07 2.933806008579613167e-07 2.662841262978571353e-07
1.873719947598576185e+00 2.394376771346108690e-06 1.088845214848149723e-07 1.075493484250717295e-07 2.312768577495915717e-07 2.144245445007299883e-07 3.077940367720283995e-07 2.773095316614296377e-07
1.882945550491724962e+00 2.514712407399068608e-06 1.164600716067946749e-07 1.127672018491538461e-07 2.427544586643133274e-07 2.236161135158855969e-07 3.222031863424918196e-07 2.882372966324856730e-07
1.892171153384873961e+00 2.634285432789461401e-06 1.231900597486132069e-07 1.178366816982011380e-07 2.544577637005534768e-07 2.327209288550052347e-07 3.365993014460545268e-07 2.990753574708614804e-07
1.901396756278022737e+00 2.752842580864132015e-06 1.298057211211285816e-07 1.226953927685963402e-07 2.670307230933662234e-07 2.416148909759076946e-07 3.509518780417649041e-07 3.098145808659234069e-07
1.910622359171171736e+00 2.870319677246515793e-06 1.360394563338415500e-07 1.279350010991671143e-07 2.790197795919354876e-07 2.495738835015467710e-07 3.652582344499570596e-07 3.204634793311737022e-07
1.919847962064320512e+00 2.986720644385016768e-06 1.410071601379178597e-07 1.328425132384645246e-07 2.901748189406369875e-07 2.579043300614034669e-07 3.795175387361188688e-07 3.317970447053902091e-07
1.929073564957469289e+00 3.101806257828325200e-06 1.468984332971094641e-07 1.364909546328347192e-07 3.028910116580838212e-07 2.672549939667539284e-07 3.937012067682555667e-07 3.441214699798338122e-07
1.938299167850618288e+00 3.215533935145232615e-06 1.520383565974129686e-07 1.412085240966879882e-07 3.141379050904040942e-07 2.771823697367750542e-07 4.078079105151144435e-07 3.563031677553213363e-07
1.947524770743767064e+00 3.328157906553243956e-06 1.566641857669422914e-07 1.467347645764949791e-07 3.263342098569657382e-07 2.860212255152739775e-07 4.216100231155161882e-07 3.683659581233755478e-07
1.956750373636916063e+00 3.439426472135055110e-06 1.623515061404249120e-07 1.515873917111922171e-07 3.384354560650469282e-07 2.946375453888777345e-07 4.350412572787620537e-07 3.802998990367025083e-07
1.965975976530064839e+00 3.549328115519604392e-06 1.656925488489345643e-07 1.561850110583226973e-07 3.502629224991190605e-07 3.031104594992891193e-07 4.483558858578459328e-07 3.921070292531997517e-07
1.975201579423213616e+00 3.658024454400317028e-06 1.698225500171006491e-07 1.619675222970680316e-07 3.605903530622383249e-07 3.132297304950118575e-07 4.615710024949061094e-07 4.038047367274201197e-07
1.984427182316362615e+00 3.766326559677045864e-06 1.746071587655614146e-07 1.670931310945613006e-07 3.694932116914347515e-07 3.233464838351525632e-07 4.747926347309215163e-07 4.154432648172373999e-07
1.993652785209511391e+00 3.871745761162351658e-06 1.793371351960108882e-07 1.714260955814657412e-07 3.780301287239290354e-07 3.330529478641175266e-07 4.877085611682254406e-07 4.268833419280479606e-07
2.002878388102660168e+00 3.976714189718823593e-06 1.856341015312382086e-07 1.765656470242875424e-07 3.866057292455063165e-07 3.411683176657915737e-07 5.006295010047434837e-07 4.382673695965604390e-07
2.012103990995809166e+00 4.080553276654311637e-06 1.895451962949068990e-07 1.823916269686965804e-07 3.950980855366923301e-07 3.491985562200738039e-07 5.134636193186492342e-07 4.495623365163873501e-07
2.021329593888958165e+00 4.183237467680411077e-06 1.930226103834909463e-07 1.873297753946733094e-07 4.054316050005799497e-07 3.571680494714256943e-07 5.262121883516371462e-07 4.607685704280146587e-07
2.030555196782107164e+00 4.284737428983593782e-06 1.969727705908436890e-07 1.921650086174062888e-07 4.170562697895510370e-07 3.650807981186279374e-07 5.388764905209973577e-07 4.718863774447902475e-07
2.039780799675255718e+00 4.385171737366746029e-06 2.021059581614020783e-07 1.966885043774852846e-07 4.285819962798452114e-07 3.729455615422974446e-07 5.514880194764462763e-07 4.829275467351219376e-07
2.049006402568404717e+00 4.484611594693071725e-06 2.082748597619600768e-07 2.018307128456090220e-07 4.400210551270827429e-07 3.810580843123548709e-07 5.648868289473669174e-07 4.939000925374258466e-07
2.058232005461553715e+00 4.582984574978726397e-06 2.143992277413053047e-07 2.065906397147868455e-07 4.513593743292017293e-07 3.899361186125905424e-07 5.766574960280714123e-07 5.047994752349912076e-07
2.067457608354702270e+00 4.680487479515577433e-06 2.204891277103166356e-07 2.114185377804595557e-07 4.626175708514193295e-07 3.987869171488103210e-07 5.888684483278655823e-07 5.156431504393126010e-07
2.076683211247851268e+00 4.776692328191165655e-06 2.264912548909305435e-07 2.166767955863913532e-07 4.737714703343752279e-07 4.075854447203424965e-07 6.031078139059784594e-07 5.263998436531700962e-07
2.085908814141000267e+00 4.872257051691489829e-06 2.323829897058669758e-07 2.218890719632155882e-07 4.848601406259404539e-07 4.163636227422519149e-07 6.177751035139264818e-07 5.371215148710643515e-07
2.095134417034148822e+00 4.966882057194411281e-06 2.382465419785448230e-07 2.267644119109507551e-07 4.958757482711033754e-07 4.256523515559912171e-07 6.323684706628196389e-07 5.477870280662532521e-07
2.104360019927297820e+00 5.060593342774727754e-06 2.434759738178546315e-07 2.314875972797521476e-07 5.068178693986927772e-07 4.352011817161202220e-07 6.468885346688492107e-07 5.583994858027595495e-07
2.113585622820446819e+00 5.153462924514127456e-06 2.486824832042424421e-07 2.372414771851169693e-07 5.176889137432782401e-07 4.426309252821467350e-07 6.605363141951209021e-07 5.689654657151867160e-07
2.122811225713595817e+00 5.245566558388519866e-06 2.538738092524916106e-07 2.430582458614912640e-07 5.284897620736122716e-07 4.512591697059077642e-07 6.738900249957065414e-07 5.797978547883327050e-07
2.132036828606744372e+00 5.336932251260980895e-06 2.590521744821448435e-07 2.483681283764168149e-07 5.392300499346109767e-07 4.599355951885674109e-07 6.871986903730494816e-07 5.914783808338193387e-07
2.141262431499893371e+00 5.427508047648992610e-06 2.640686071717900186e-07 2.540743498879004321e-07 5.499119500074064147e-07 4.685943414413496538e-07 7.004575453325018853e-07 6.031437046479746220e-07
2.150488034393042369e+00 5.517362673136240501e-06 2.689564642959778017e-07 2.596119647474767286e-07 5.605313428778763301e-07 4.772326199494596820e-07 7.136698993109337396e-07 6.147964645363670013e-07
2.159713637286190924e+00 5.606675932844297430e-06 2.738395423203456391e-07 2.645381153405877689e-07 5.710900844625786164e-07 4.858535320563110420e-07 7.268585023679233759e-07 6.264524134085789611e-07
2.168939240179339922e+00 5.695115650753191572e-06 2.792182449326632311e-07 2.691384855458494685e-07 5.815840713819788195e-07 4.944528338088287871e-07 7.399929516941503379e-07 6.380911236181214087e-07
2.178164843072488921e+00 5.782936227401134004e-06 2.835683972373375194e-07 2.737010043161138191e-07 5.920298000984143267e-07 5.019052905468001470e-07 7.530967384164567315e-07 6.497288428490557844e-07
2.187390445965637920e+00 5.870223039199546951e-06 2.878531282048189636e-07 2.782746608023133460e-07 6.024341411114953853e-07 5.092793167770522220e-07 7.661786071096276347e-07 6.613721466734501692e-07
2.196616048858786474e+00 5.956910850232692506e-06 2.932599515736381357e-07 2.826900746721596627e-07 6.128095296002994809e-07 5.166409002938619692e-07 7.792367257106871256e-07 6.730217995968610666e-07
2.205841651751935473e+00 6.043025046593106027e-06 2.976818717658530054e-07 2.866637551297274004e-07 6.231388468960097715e-07 5.239736044493424521e-07 7.922692536479778521e-07 6.846759652167815009e-07
2.215067254645084471e+00 6.128607210596931827e-06 3.021100787556012083e-07 2.899204348173323498e-07 6.334271846985506960e-07 5.312805278924530601e-07 8.052782217056261176e-07 6.963383929369674553e-07
2.224292857538233026e+00 6.213708014146356243e-06 3.075844483906716532e-07 2.931013725164547266e-07 6.436973244540853707e-07 5.385611387464584506e-07 8.181702685432244566e-07 7.073269124965046574e-07
2.233518460431382024e+00 6.298232221999248997e-06 3.129372827064588652e-07 2.968753316184831817e-07 6.539256451911045672e-07 5.458125485875030250e-07 8.296827466714165050e-07 7.176651984736117935e-07
2.242744063324531023e+00 6.382360883312709063e-06 3.178069922728484820e-07 3.018016753199214363e-07 6.641322398776962555e-07 5.530472504608101921e-07 8.411897124673669901e-07 7.280249363409065037e-07
2.251969666217680022e+00 6.465555580716467684e-06 3.220362929778177854e-07 3.067588972095377907e-07 6.741204374244638280e-07 5.602644122428176966e-07 8.527082368936859575e-07 7.384528668237265366e-07
2.261195269110828576e+00 6.548711673579609368e-06 3.261620827785467722e-07 3.115950235696389307e-07 6.842952110704477817e-07 5.674464836818141048e-07 8.641771831139132774e-07 7.488298807238568907e-07
2.270420872003977575e+00 6.631598840623374094e-06 3.302722446149388715e-07 3.162868045947397723e-07 6.940368256901358797e-07 5.746211428318026660e-07 8.756531062643740972e-07 7.592381149127358657e-07
2.279646474897126573e+00 6.714216011114901476e-06 3.343618779177079110e-07 3.209639401999243746e-07 7.031590396590785193e-07 5.817694932431487101e-07 8.871033432584309164e-07 7.696356171908713944e-07
2.288872077790275128e+00 6.796081733095609425e-06 3.384194249821026844e-07 3.253390201392096189e-07 7.122797096595649943e-07 5.889136478132147781e-07 8.985826131329152381e-07 7.801157733863095913e-07
2.298097680683424127e+00 6.877715481515977703e-06 3.424583541049499452e-07 3.289577729243292235e-07 7.213696488483047677e-07 5.972069061130901599e-07 9.100408544869608717e-07 7.905892799979795843e-07
2.307323283576573125e+00 6.959021926650389073e-06 3.464782223029684108e-07 3.332822610860633914e-07 7.304454484825999178e-07 6.060636282870922821e-07 9.215023745960002497e-07 8.010919234397713233e-07
2.316548886469722124e+00 7.040134801223846325e-06 3.511138207386843693e-07 3.371171767263377042e-07 7.395187750000375843e-07 6.149407117913344010e-07 9.329798469213297583e-07 8.116335788294871145e-07
2.325774489362870678e+00 7.120780527255574252e-06 3.558140447061872101e-07 3.412500017175002407e-07 7.485666352870426392e-07 6.238219944406085568e-07 9.444483209087144792e-07 8.221952349834982268e-07
2.335000092256019677e+00 7.201152624539412460e-06 3.601156445430147692e-07 3.451513034025809480e-07 7.576061982172139676e-07 6.327185762867794551e-07 9.559265658035794600e-07 8.327917578381962253e-07
2.344225695149168676e+00 7.281079523580828270e-06 3.656660716918810815e-07 3.495341241432437649e-07 7.666120606928895890e-07 6.416481349473269810e-07 9.673858565280579001e-07 8.433937267272791647e-07
2.353451298042317230e+00 7.360919645746464847e-06 3.717318097390759032e-07 3.531532313620402286e-07 7.756471709817624761e-07 6.505522397205457631e-07 9.788981594674976564e-07 8.540784816698338442e-07
2.362676900935466229e+00 7.440481743496737927e-06 3.775753837873177109e-07 3.577131840532922963e-07 7.846633722966554915e-07 6.595002153261566357e-07 9.904077429904781894e-07 8.647815097466386979e-07
2.371902503828615227e+00 7.519774679601789521e-06 3.826336665333650958e-07 3.629686404920502439e-07 7.936721863156030214e-07 6.684666115937401765e-07 1.001928295199927233e-06 8.755206297125153267e-07
2.381128106721764226e+00 7.598829986389697121e-06 3.889716277611849875e-07 3.682333234913138308e-07 8.026767476229635005e-07 6.774532079915698631e-07 1.013463321761564729e-06 8.862988323523643167e-07
2.390353709614912781e+00 7.677534249972184409e-06 3.946046294456081083e-07 3.734087713990163056e-07 8.116679853528065977e-07 6.864527223298536184e-07 1.025002870905522228e-06 8.971087823787255233e-07
2.399579312508061779e+00 7.756156757131313088e-06 3.978262082477808723e-07 3.774950832662557441e-07 8.206683974070993451e-07 6.954833027794246221e-07 1.036571797350597555e-06 9.079694359472477566e-07
2.408804915401210778e+00 7.834573871014292095e-06 4.008161166957190390e-07 3.812571868938895099e-07 8.296682810382904438e-07 7.045366579667967132e-07 1.048159332046152121e-06 9.188729616063293342e-07
2.418030518294359332e+00 7.912791678566149579e-06 4.034928306873241082e-07 3.847610553730197321e-07 8.386680342263788662e-07 7.136141831067046865e-07 1.059766048498141854e-06 9.298197411468521245e-07
2.427256121187508331e+00 7.990698488582934870e-06 4.071187064187804740e-07 3.881601598177899262e-07 8.476587339896229678e-07 7.226445158047476705e-07 1.071382161363691813e-06 9.408025781418841480e-07
2.436481724080657330e+00 8.068553315288301512e-06 4.111110391398274482e-07 3.922073339899702365e-07 8.566623580262908703e-07 7.306950983223649149e-07 1.083031808858613394e-06 9.518400894420012576e-07
2.445707326973806328e+00 8.146264374638959285e-06 4.151166440434420730e-07 3.963845325439555939e-07 8.656711251402087284e-07 7.387455418065127363e-07 1.094706701333332383e-06 9.629259453213678092e-07
2.454932929866954883e+00 8.223802098012760261e-06 4.191353463332117882e-07 4.005588427613780272e-07 8.746834601643845302e-07 7.467919931326227632e-07 1.106404783913621801e-06 9.740590717026443164e-07
2.464158532760103881e+00 8.301171692098457887e-06 4.246356640936902252e-07 4.045074736925591307e-07 8.836990210099952543e-07 7.548372783545263554e-07 1.118126080379963828e-06 9.852390754532904026e-07
2.473384135653252880e+00 8.378432475444436779e-06 4.302556973320204487e-07 4.087478818512244304e-07 8.927240534437705675e-07 7.628840878694466188e-07 1.129877353466906037e-06 9.964719523335772601e-07
2.482609738546401434e+00 8.455545774381478233e-06 4.343010960013687753e-07 4.135796071581630530e-07 9.017548949284112702e-07 7.709309100575925238e-07 1.141654572644540798e-06 1.007754327000382787e-06
2.491835341439550433e+00 8.532542597223545847e-06 4.380817514042283306e-07 4.189272538882673526e-07 9.107946930734961443e-07 7.789796587387171084e-07 1.153461271538496814e-06 1.019089298348179719e-06
2.501060944332699432e+00 8.609405776265580286e-06 4.432232654422302434e-07 4.241556763949518152e-07 9.198421672846897150e-07 7.870289792016739151e-07 1.165296146063909358e-06 1.030475996661832880e-06
2.510286547225848430e+00 8.686308715808518057e-06 4.482281350990142293e-07 4.293962348342844306e-07 9.289117542320215754e-07 7.950952585213315966e-07 1.177175168414438879e-06 1.041926623803755326e-06
2.519512150118996985e+00 8.762965651137274200e-06 4.540737526090405057e-07 4.339962519384680904e-07 9.387948078478483468e-07 8.031518378900875081e-07 1.190340570211960525e-06 1.053422002250697958e-06
2.528737753012145983e+00 8.839683730018399566e-06 4.589130660523870050e-07 4.382067478154296283e-07 9.506799600611847903e-07 8.112269690044628665e-07 1.203663750252106668e-06 1.064983881194268113e-06
2.537963355905294982e+00 8.916142118914212572e-06 4.640352874062242112e-07 4.436164134900369448e-07 9.626094398065464052e-07 8.192922320952172199e-07 1.217018443057028655e-06 1.076589728309132297e-06
2.547188958798443537e+00 8.992677578621245386e-06 4.695506211896617366e-07 4.479935704734159884e-07 9.746051155599641421e-07 8.273776490560452414e-07 1.230435450752497887e-06 1.088263985666531426e-06
2.556414561691592535e+00 9.069127600326337525e-06 4.750917477822515884e-07 4.522186511435234718e-07 9.866566230914762770e-07 8.354681034458331484e-07 1.243900483065305625e-06 1.099995860650366581e-06
2.565640164584741534e+00 9.145485954140512196e-06 4.806219684527308157e-07 4.564038129460047715e-07 9.987648693363203724e-07 8.435643922495937840e-07 1.257413515591240035e-06 1.111784561694785864e-06
2.574865767477890532e+00 9.221860018134051624e-06 4.856921650344366758e-07 4.614534369238145942e-07 1.010935695537350422e-06 8.516739319411258352e-07 1.270984420253526287e-06 1.123639410090165121e-06
2.584091370371039087e+00 9.298253927619961872e-06 4.907832299930458284e-07 4.661589662917328588e-07 1.023171139769678747e-06 8.597990995101154516e-07 1.284614174981409126e-06 1.135560009420692325e-06
2.593316973264188086e+00 9.374478256747905203e-06 4.955654923153119740e-07 4.706687429608698422e-07 1.035459556893632372e-06 8.679232523138695905e-07 1.298286040196239001e-06 1.147533020010469700e-06
2.602542576157337084e+00 9.450777609237678069e-06 4.989225024255884158e-07 4.758375456053624760e-07 1.047816827070055236e-06 8.760677379401770633e-07 1.312022559496936109e-06 1.159576728487876737e-06
2.611768179050485639e+00 9.527059373845570678e-06 5.025714307336618015e-07 4.812028903831789075e-07 1.060236980487972637e-06 8.842236914222141684e-07 1.325815698364600311e-06 1.171685267043848529e-06
2.620993781943634637e+00 9.603299404016359575e-06 5.061676620229030576e-07 4.869550684797872186e-07 1.072719594303832885e-06 8.923900661440551979e-07 1.339663779435793439e-06 1.183856684701173665e-06
2.630219384836783636e+00 9.679636791083561268e-06 5.096336357807630966e-07 4.925957429694073603e-07 1.085274211761033856e-06 9.005793834620985796e-07 1.353579894619342193e-06 1.196101420581549885e-06
2.639444987729932635e+00 9.755820449357479037e-06 5.146992208772437001e-07 4.972684919127936577e-07 1.097883971809636959e-06 9.087679580258409718e-07 1.367541337526018003e-06 1.208402400407855223e-06
2.648670590623081189e+00 9.832118421553487825e-06 5.198748148892721527e-07 5.019605862440170476e-07 1.110567752642428667e-06 9.169811217215715780e-07 1.381573176537900368e-06 1.220778724593425069e-06
2.657896193516230188e+00 9.908410282592931216e-06 5.251198830887729495e-07 5.069499918920044050e-07 1.122912109920846431e-06 9.252074228766368313e-07 1.395664778157886901e-06 1.233222510350390452e-06
2.667121796409379186e+00 9.984687977725662650e-06 5.307307968936673693e-07 5.123205808470819269e-07 1.133541399639562567e-06 9.334473430168988706e-07 1.409815819890922312e-06 1.245732837986558960e-06
2.676347399302527741e+00 1.006097757217244941e-05 5.363669584361866648e-07 5.177176939320706633e-07 1.144200063096309240e-06 9.417019234777648139e-07 1.424029048664463216e-06 1.258312845097602964e-06
2.685573002195676739e+00 1.013737980337083296e-05 5.416412803076007122e-07 5.231323103352545967e-07 1.154898509696799944e-06 9.499808694806244569e-07 1.438314192517848924e-06 1.270969936349678478e-06
2.694798605088825738e+00 1.021380052187158338e-05 5.477229944580932504e-07 5.285490608486200582e-07 1.165628595530224812e-06 9.582766448835012933e-07 1.452663031871475694e-06 1.283697109719754900e-06
2.704024207981974737e+00 1.029024335530790325e-05 5.534400526299329911e-07 5.339872358542503640e-07 1.176389070539610626e-06 9.665450277146382522e-07 1.467076175175891024e-06 1.296496209880792618e-06
2.713249810875123291e+00 1.036670617581239295e-05 5.591835703855338105e-07 5.383775325987947234e-07 1.189283775536719782e-06 9.749303445861507561e-07 1.481553968338025673e-06 1.309366696069228013e-06
2.722475413768272290e+00 1.044330231453340561e-05 5.649572994910884150e-07 5.438169001683051154e-07 1.202359389917187268e-06 9.847771911171737029e-07 1.496107276119184828e-06 1.322317150080803326e-06
2.731701016661421288e+00 1.051992065104624410e-05 5.707577973893444243e-07 5.497340174778240438e-07 1.215514930776938641e-06 9.949078636010781211e-07 1.510726223470595133e-06 1.335340146420917239e-06
2.740926619554569843e+00 1.059657917967682705e-05 5.765858541075980116e-07 5.556892131745508047e-07 1.228751922601007012e-06 1.005080884115775456e-06 1.525412853408313686e-06 1.348437228872242791e-06
2.750152222447718842e+00 1.067341575066044844e-05 5.825463452872405338e-07 5.616857916590008187e-07 1.242079072537128828e-06 1.015305675333236934e-06 1.540180587959581686e-06 1.361619127731078632e-06
2.759377825340867840e+00 1.075011053351281046e-05 5.886888529326372507e-07 5.677170338340173741e-07 1.255477947363048307e-06 1.025561236090660017e-06 1.554999646755096971e-06 1.374862429915733395e-06
