9.225602893149067790e-04 1.146578701134066697e-04 2.983494415239917917e-06 2.990308723746813247e-06 5.485047996907439142e-06 6.173304923441541342e-06 7.136352753411761359e-06 7.711453361977470408e-06
1.014816318246397446e-02 1.174951436225570294e-04 3.056941029397965701e-06 3.067761479303863972e-06 5.635990147420904921e-06 6.324016802143663245e-06 7.329306986234322349e-06 7.895026265909563983e-06
1.937376607561304073e-02 1.203145560194855809e-04 3.134202196616045705e-06 3.143220303259474453e-06 5.779490242056070474e-06 6.481206878470362957e-06 7.514180126309968422e-06 8.081218381772930582e-06
2.859936896876210874e-02 1.232506608443512607e-04 3.217925027413032300e-06 3.218524646257545042e-06 5.931514417163767866e-06 6.641950368182079532e-06 7.709296910455616528e-06 8.272198093497664826e-06
3.782497186191117328e-02 1.263432663267540054e-04 3.306211498779005817e-06 3.297675851995359808e-06 6.091274815723352835e-06 6.810941266895533062e-06 7.914466219646580647e-06 8.473308065836415996e-06
4.705057475506025516e-02 1.296250889364989733e-04 3.391143710423493579e-06 3.389940329201213956e-06 6.251461662484260849e-06 6.998266583248561809e-06 8.122757295182212204e-06 8.694761310832187641e-06
5.627617764820931623e-02 1.331105442960726817e-04 3.482858792779177726e-06 3.488016506522390470e-06 6.422764639036346920e-06 7.195754341111644092e-06 8.345229326612782625e-06 8.928688260015880951e-06
6.550178054135838424e-02 1.368195192624314938e-04 3.582702081163707591e-06 3.587870360985639766e-06 6.608704918454108958e-06 7.402240688147195945e-06 8.585745330449593782e-06 9.174180839608997873e-06
7.472738343450743836e-02 1.407781370067973862e-04 3.690759120169001106e-06 3.692294805614346111e-06 6.808987871965510932e-06 7.620607016695519478e-06 8.844385251242161154e-06 9.434404264849682517e-06
8.395298632765652025e-02 1.450177101508870134e-04 3.808668867349556406e-06 3.804569552576562248e-06 7.022525744116185284e-06 7.854943878569551827e-06 9.120500654264350731e-06 9.713793383921446797e-06
9.317858922080557438e-02 1.495687379093394147e-04 3.935029710561697199e-06 3.924920150722094672e-06 7.251035065427506154e-06 8.106362686174462071e-06 9.416705537528593508e-06 1.001381861625357406e-05
1.024041921139546424e-01 1.544654715867468725e-04 4.056585458657902162e-06 4.054249221368665806e-06 7.496602804270025575e-06 8.376749841861253409e-06 9.735224854694950018e-06 1.033675131889897182e-05
1.116297950071036965e-01 1.597491018294707908e-04 4.186385173616570272e-06 4.191165936427915847e-06 7.748214283630411921e-06 8.668249608596466024e-06 1.007871860914054374e-05 1.068533219360061348e-05
1.208553979002527506e-01 1.654670199245935301e-04 4.324055280509683666e-06 4.338933802597853308e-06 8.004257901605141756e-06 8.984135961576978930e-06 1.044958571225053172e-05 1.106329425161833662e-05
1.300810007934018186e-01 1.716724895513459053e-04 4.470391068400633673e-06 4.501520724696804259e-06 8.292578486386446195e-06 9.329051215840303193e-06 1.084938392431766146e-05 1.147583052203200076e-05
1.393066036865509005e-01 1.784184512477670834e-04 4.645116367524374781e-06 4.671413799961835183e-06 8.632332871314315125e-06 9.697303346690566012e-06 1.129122248145420968e-05 1.191796390976533442e-05
1.485322065796999824e-01 1.857893681142581575e-04 4.841653832267356610e-06 4.862724156884558205e-06 8.999050894902427961e-06 1.010329774232647526e-05 1.176953908848724474e-05 1.240497087287752024e-05
1.577578094728490643e-01 1.938626822930422633e-04 5.059661079496340953e-06 5.076841924987019828e-06 9.400113442369957160e-06 1.054784162136428107e-05 1.229325858875105122e-05 1.293856218941843517e-05
1.669834123659981462e-01 2.027395796594370523e-04 5.290065064776292014e-06 5.321611567139512399e-06 9.840788272085193404e-06 1.103648260468439936e-05 1.286891524865992759e-05 1.352546757111915523e-05
1.762090152591472003e-01 2.125360964877828101e-04 5.557170973376326971e-06 5.589239595383670720e-06 1.032681206115303131e-05 1.157559499249569916e-05 1.350402744963646114e-05 1.417338558253465239e-05
1.854346181522962822e-01 2.233938211297134123e-04 5.852386584458683276e-06 5.878376508079041123e-06 1.086455758206696705e-05 1.217349355156491296e-05 1.420713412478164244e-05 1.489226749962425022e-05
1.946602210454453641e-01 2.354772797877950055e-04 6.180253057123919445e-06 6.200448641981084075e-06 1.146222920011535505e-05 1.283915953921455229e-05 1.498897134728622801e-05 1.569296827217423005e-05
2.038858239385944460e-01 2.489868346927289746e-04 6.546766980077662560e-06 6.555867193769803966e-06 1.212194184913782625e-05 1.358307680541490136e-05 1.586310048750516491e-05 1.658828265949514576e-05
2.131114268317435001e-01 2.641679056276291428e-04 6.957943854173130951e-06 6.953848520042016281e-06 1.285557253404310879e-05 1.441869347765245557e-05 1.684543944941211367e-05 1.759449628184792764e-05
2.223370297248925820e-01 2.813177546330561342e-04 7.412983060877591322e-06 7.402219548044777775e-06 1.368531866732298650e-05 1.536147935903372673e-05 1.795622163181800294e-05 1.873050605351452794e-05
2.315626326180416361e-01 3.008100643898540053e-04 7.931661857262764688e-06 7.913518612014352853e-06 1.464939123589224963e-05 1.643261175660574872e-05 1.921889265880081816e-05 2.002181990536067678e-05
2.407882355111907180e-01 3.231005185968042191e-04 8.511222532397403218e-06 8.500035991326824851e-06 1.575143358623814008e-05 1.765713595641065035e-05 2.066303022552648354e-05 2.149869262324061127e-05
2.500138384043397721e-01 3.487787202058425552e-04 9.174740952408617922e-06 9.175286972048168031e-06 1.702015894321240192e-05 1.906729546258229642e-05 2.232694278396735264e-05 2.320024956163852046e-05
2.592394412974888818e-01 3.785820987745046632e-04 9.974248094778278770e-06 9.958549237347024546e-06 1.849190503895554527e-05 2.070346190866811540e-05 2.425866437161629859e-05 2.517534795592834109e-05
2.684650441906379359e-01 4.134802727589939717e-04 1.090544855151615250e-05 1.087514019783926596e-05 2.021420452647226243e-05 2.261862994429802510e-05 2.652130658951158985e-05 2.748829691219252351e-05
2.776906470837869900e-01 4.547365658265721923e-04 1.200514162916417084e-05 1.195803512018259662e-05 2.224798291247285457e-05 2.488184532834175709e-05 2.919721783384130907e-05 3.022283138482876165e-05
2.869162499769360997e-01 5.040326447879571459e-04 1.332602902362966472e-05 1.326172932877389514e-05 2.462967402120340432e-05 2.758517848681013096e-05 3.239590156568100156e-05 3.349058556872226092e-05
2.961418528700851538e-01 5.636654612175073060e-04 1.491621160356173051e-05 1.486405650695716597e-05 2.749025657614945564e-05 3.086878749610996470e-05 3.626154980692145036e-05 3.744885249071390997e-05
3.053674557632342079e-01 6.368105053983455933e-04 1.685580083153582435e-05 1.680565627084555473e-05 3.099237070418390649e-05 3.492765753182025101e-05 4.100384015316151879e-05 4.230618964131034349e-05
3.145930586563833176e-01 7.279553721355867422e-04 1.931387946816492951e-05 1.918627674522236249e-05 3.541336082933676816e-05 3.997862422997768787e-05 4.692902052285514124e-05 4.834888584524777398e-05
3.238186615495323717e-01 8.436652834100967762e-04 2.239680405497336633e-05 2.218377532853829746e-05 4.106280157389256922e-05 4.639624659324352671e-05 5.444392428898047007e-05 5.603230557757173189e-05
3.330442644426814813e-01 9.937700695214547221e-04 2.645203933489899580e-05 2.607851584413998971e-05 4.837497618098555476e-05 5.464068620863484198e-05 6.418654995841012283e-05 6.601367428014177832e-05
3.422698673358305355e-01 1.193497610604582265e-03 3.177462444916233884e-05 3.132925470586498534e-05 5.809990210836244416e-05 6.560620349604202005e-05 7.716267424705920350e-05 7.929716536890746119e-05
3.514954702289795896e-01 1.467452362734282664e-03 3.909307093660600863e-05 3.849607515009215511e-05 7.146756129481311726e-05 8.060575704616716047e-05 9.501991191673418886e-05 9.748792857249282025e-05
3.607210731221286992e-01 1.857284985438429053e-03 4.969709653238887567e-05 4.859011319055138098e-05 9.052279096009407770e-05 1.018900901024891517e-04 1.205183768098641410e-04 1.233332785309749699e-04
3.699466760152777534e-01 2.437509282516213578e-03 6.517989351494070036e-05 6.364134828382508879e-05 1.188077605333063246e-04 1.335778348553894219e-04 1.584992601178663620e-04 1.618423758314975827e-04
3.791722789084268630e-01 3.349453021257194421e-03 8.969388782029607751e-05 8.747030093368040118e-05 1.630364579760681769e-04 1.834356358344276655e-04 2.181962922057621192e-04 2.224897362295701238e-04
3.883978818015759171e-01 4.876074606840101813e-03 1.317105108827850216e-04 1.266421152517904769e-04 2.372658194247029631e-04 2.660340048740179181e-04 3.192956902742958777e-04 3.232254341860411884e-04
3.976234846947249713e-01 7.601236378717880771e-03 2.042245047051780699e-04 1.979086707143782459e-04 3.668673029090293441e-04 4.144949245302783497e-04 4.990798107162922048e-04 5.038796385987247273e-04
4.068490875878740809e-01 1.250831147960345877e-02 3.344456775328397830e-04 3.276642312796760464e-04 6.005834086466287081e-04 6.829479347740686351e-04 8.181545566710596989e-04 8.299397017673890153e-04
4.160746904810231350e-01 1.913229970160773216e-02 5.087940241626544291e-04 5.031646665265010476e-04 9.153477007697932710e-04 1.049036482213789451e-03 1.240709417365818551e-03 1.269895434630873010e-03
4.253002933741722447e-01 1.974445330089836734e-02 5.188825158844098673e-04 5.167148272335192472e-04 9.447969799822528159e-04 1.087670477905238603e-03 1.265398780584597871e-03 1.313023842596284380e-03
4.345258962673212988e-01 1.292747021835336484e-02 3.396616368390014545e-04 3.375402546075094434e-04 6.205336776229850027e-04 7.095553092716054555e-04 8.323358814483500928e-04 8.568524820675906678e-04
4.437514991604703529e-01 7.422369981522974718e-03 1.963663476454106244e-04 1.952693480983553470e-04 3.557254633239533004e-04 4.067656952925473995e-04 4.739275527730268597e-04 4.924523868027929144e-04
4.529771020536194626e-01 4.437780490726614402e-03 1.175675817133891091e-04 1.169417513561758076e-04 2.132667029054466715e-04 2.432445182178289908e-04 2.835195346557765547e-04 2.937453318185324902e-04
4.622027049467684612e-01 2.842869863976765603e-03 7.522914310212911251e-05 7.510786877341479179e-05 1.366061336773760800e-04 1.563509597142524916e-04 1.814869951688394961e-04 1.882441086030065339e-04
4.714283078399175708e-01 1.934933629800695111e-03 5.120146017672708681e-05 5.095052016102614122e-05 9.304723428073323303e-05 1.066170625636235925e-04 1.236249606621859978e-04 1.281582794370077823e-04
4.806539107330666249e-01 1.382495695093028353e-03 3.633171590081423104e-05 3.635646991037816238e-05 6.633396130722893184e-05 7.643869122039327613e-05 8.824261104209722359e-05 9.180296873068116183e-05
4.898795136262157346e-01 1.026307085234052195e-03 2.690054210495213156e-05 2.709781563289695785e-05 4.909646622310633729e-05 5.693610574255972626e-05 6.542372975389620059e-05 6.832136288738310543e-05
4.991051165193647332e-01 7.853987309560059868e-04 2.055558357419115002e-05 2.072810404387076359e-05 3.752204133714888423e-05 4.364691751014809339e-05 5.007548731158649371e-05 5.233843460494944002e-05
5.083307194125139539e-01 6.160096850457536747e-04 1.621203495426435000e-05 1.619820708011177578e-05 2.943403348663181911e-05 3.426833318037093845e-05 3.933235445216921693e-05 4.104214007374701236e-05
5.175563223056629525e-01 4.930697954466246435e-04 1.302410874273740582e-05 1.296705726498454270e-05 2.355428798169172805e-05 2.741619537030315660e-05 3.152262382883242332e-05 3.284474537076150381e-05
5.267819251988120621e-01 4.014423168171071723e-04 1.057688936831384591e-05 1.057404210962590999e-05 1.914189350009224463e-05 2.232634504021816088e-05 2.566875371437353243e-05 2.675805373743528164e-05
5.360075280919610607e-01 3.315621341013958757e-04 8.718286299883601462e-06 8.731906685471326184e-06 1.580375493706321884e-05 1.843032645655341131e-05 2.121237074668817779e-05 2.210461314688228320e-05
5.452331309851101704e-01 2.772380405682752652e-04 7.276037596886883192e-06 7.286136873038467823e-06 1.322616271484954075e-05 1.540870537273641549e-05 1.774539367147595203e-05 1.848639085307810523e-05
5.544587338782591690e-01 2.342999984705863088e-04 6.147309890974122278e-06 6.127043351475272917e-06 1.118860369142885263e-05 1.301747177611265664e-05 1.500434374630897193e-05 1.562500837867710629e-05
5.636843367714083897e-01 1.998682326968207335e-04 5.249984446820615087e-06 5.198053638834950873e-06 9.555534044045787710e-06 1.109804161252020025e-05 1.280540719836184517e-05 1.332967090971758669e-05
5.729099396645573883e-01 1.719080938654356282e-04 4.505432068984484327e-06 4.454129665413289170e-06 8.228008344949693789e-06 9.549895439954307879e-06 1.101900789293814502e-05 1.146520501812354413e-05
5.821355425577064979e-01 1.489494558697936283e-04 3.904349995639561782e-06 3.859997044372131397e-06 7.135326268824503668e-06 8.274979810570794962e-06 9.549351414035430266e-06 9.935769954595746094e-06
5.913611454508554965e-01 1.299122152473516120e-04 3.414217539235463780e-06 3.372846851022027028e-06 6.217543124390661254e-06 7.221221983084004717e-06 8.322184039960171071e-06 8.670395698222164342e-06
6.005867483440046062e-01 1.139725139235197606e-04 3.010414555619541472e-06 2.952553766396949823e-06 5.458525610441646221e-06 6.328845174744546242e-06 7.305444192402815598e-06 7.600501487595273903e-06
6.098123512371537158e-01 1.005470080936609527e-04 2.658306603987560740e-06 2.612229262401633174e-06 4.800935838345830680e-06 5.594381501696865742e-06 6.430095845206003206e-06 6.715927748555218036e-06
6.190379541303028255e-01 8.913727422409954758e-05 2.350395737471644539e-06 2.305212170210571825e-06 4.248435972324529977e-06 4.965071474000496126e-06 5.692282696783583854e-06 5.958763978182649956e-06
6.282635570234518241e-01 7.937068635307939967e-05 2.095591573880796238e-06 2.031149768831567851e-06 3.788065862794952527e-06 4.415614911632779463e-06 5.073177136946953238e-06 5.299690339385649922e-06
6.374891599166009337e-01 7.098047916119401383e-05 1.880815052435227367e-06 1.812928848251299930e-06 3.383747546614567078e-06 3.951949848009643257e-06 4.532196041652004383e-06 4.741483926479076513e-06
6.467147628097499323e-01 6.372982407885409168e-05 1.685893539043315350e-06 1.639402396995542108e-06 3.029762996589480941e-06 3.557348742431973049e-06 4.060134506095753595e-06 4.263078836346193153e-06
6.559403657028991530e-01 5.742982437065989240e-05 1.522571306926324053e-06 1.485963669662456919e-06 2.722232801141007098e-06 3.223877698766414840e-06 3.649783091809840523e-06 3.865303546645024928e-06
6.651659685960481516e-01 5.193114481297346301e-05 1.375770270794629947e-06 1.351683050507947279e-06 2.445821047300773094e-06 2.933092684797771268e-06 3.291231036422225030e-06 3.519075596270106838e-06
6.743915714891972613e-01 4.710957707080899737e-05 1.250919899667280312e-06 1.224108284594019802e-06 2.217815416905468252e-06 2.675692744010020824e-06 2.979485099155845026e-06 3.213122085944521524e-06
6.836171743823462599e-01 4.286772138993785177e-05 1.147300363032346233e-06 1.108116333649829580e-06 2.017048132166856199e-06 2.434430465826325335e-06 2.705098925080741683e-06 2.944040436246057814e-06
6.928427772754953695e-01 3.911658046981570394e-05 1.051631995868535234e-06 1.007809901877665187e-06 1.842925791197000201e-06 2.214427030874904073e-06 2.468879533052574027e-06 2.690488197416137305e-06
7.020683801686443681e-01 3.579813478408970366e-05 9.601140129973642829e-07 9.273398530358634151e-07 1.684502751533153086e-06 2.024102496834099152e-06 2.255314188884474809e-06 2.458186950967818063e-06
7.112939830617935888e-01 3.285064096216086884e-05 8.790964485667467901e-07 8.564411208782012693e-07 1.543194907071610868e-06 1.856520955739115683e-06 2.065023090962852246e-06 2.252431463934734864e-06
7.205195859549425874e-01 3.022683718401114632e-05 8.065465004181940779e-07 7.950443957816049582e-07 1.415196955753768358e-06 1.714516660901308420e-06 1.893520286949845657e-06 2.071147046137820035e-06
7.297451888480916971e-01 2.788406708657768305e-05 7.434489849490557071e-07 7.378493586638625555e-07 1.300466383772633179e-06 1.583479199302419344e-06 1.739816573440732981e-06 1.909794724507266685e-06
7.389707917412406957e-01 2.578553515765493712e-05 6.857462484114649993e-07 6.877287673004993959e-07 1.196281702457232404e-06 1.461004856034572397e-06 1.605461498605185571e-06 1.764200202194647827e-06
7.481963946343899163e-01 2.390238806882473096e-05 6.365753005540168783e-07 6.390944331126138518e-07 1.108825710407326034e-06 1.351841460804647805e-06 1.492707190642904096e-06 1.633246661603583451e-06
7.574219975275389150e-01 2.220978102467702426e-05 5.930868647343818850e-07 5.915073481679041076e-07 1.027825064682833070e-06 1.256179603739676344e-06 1.382290465163607714e-06 1.519335555033110856e-06
7.666476004206880246e-01 2.068543485421867658e-05 5.498222133131923546e-07 5.497782296440888541e-07 9.548571864254183519e-07 1.170184924904904973e-06 1.282621979910554078e-06 1.419354724743069815e-06
7.758732033138370232e-01 1.931174800378344689e-05 5.085895678156516944e-07 5.145888854611386425e-07 8.879952544430818229e-07 1.090288960535649385e-06 1.191397532854717318e-06 1.330440559800350695e-06
7.850988062069861328e-01 1.806957546017626173e-05 4.714253441027119347e-07 4.839031684123849678e-07 8.353750897652724894e-07 1.015604978584741698e-06 1.109907126686316884e-06 1.249115893864716860e-06
7.943244091001351315e-01 1.694650483139918771e-05 4.399676289983239503e-07 4.576585469873643397e-07 7.861163895943181574e-07 9.490901293075043284e-07 1.035713993594559882e-06 1.175998150794556405e-06
8.035500119932843521e-01 1.592792177616325354e-05 4.129843208821661635e-07 4.320427335314032293e-07 7.413504493317230287e-07 8.992514411210447619e-07 9.698533981326652221e-07 1.108388002151968450e-06
8.127756148864333507e-01 1.500158043207641998e-05 3.910552180580619116e-07 4.087874580206602321e-07 7.034767261157603719e-07 8.494094515964869022e-07 9.128619948329147775e-07 1.044314270387512270e-06
8.220012177795824604e-01 1.416342538579442444e-05 3.679666677685807674e-07 3.900312865096680479e-07 6.618940084752623915e-07 8.052538690281824737e-07 8.586725081360315235e-07 9.886035750503587520e-07
8.312268206727314590e-01 1.340466320387779400e-05 3.449190027801020717e-07 3.750185601210886504e-07 6.183737045680619981e-07 7.704439773885967291e-07 8.071194190042644938e-07 9.403235195502482715e-07
8.404524235658805686e-01 1.271284530631229542e-05 3.274358582383854412e-07 3.584284107921902805e-07 5.813183141763903682e-07 7.355911978670342925e-07 7.714629437799463323e-07 8.939713049803596614e-07
8.496780264590296783e-01 1.208476487185908289e-05 3.112773458441354290e-07 3.437919933602474139e-07 5.505048092997133312e-07 7.045378730168172515e-07 7.397758943832333922e-07 8.527155002618011650e-07
8.589036293521787879e-01 1.151281967251717832e-05 2.964401970657766077e-07 3.297158146909683703e-07 5.253089283001038387e-07 6.699455675655917981e-07 7.121729275630967902e-07 8.141441802795718323e-07
8.681292322453277865e-01 1.099338554522439770e-05 2.819507679943377305e-07 3.166108439169505555e-07 5.020693514919644882e-07 6.455393039680840751e-07 6.865262320948867323e-07 7.797423256205664426e-07
8.773548351384768962e-01 1.052190031149777752e-05 2.690195376039551618e-07 3.050554388223201008e-07 4.792718380482041419e-07 6.246578891828076584e-07 6.626943887636315382e-07 7.491331175642559903e-07
8.865804380316258948e-01 1.009387900844852440e-05 2.568406656887091942e-07 2.945802661989831736e-07 4.587634192184168963e-07 6.063227160315293700e-07 6.408099920436176469e-07 7.216941359150884616e-07
8.958060409247751155e-01 9.703612927488011817e-06 2.484041501694413644e-07 2.856375630449709474e-07 4.419034150699727100e-07 5.842699272734734047e-07 6.225393176478529101e-07 6.952907824736114369e-07
9.050316438179241141e-01 9.348895393863495973e-06 2.404936766986243032e-07 2.756648925417113245e-07 4.283105902939147926e-07 5.648409807304042153e-07 6.062084921537264304e-07 6.692227337798772841e-07
9.142572467110732237e-01 9.027541545902597253e-06 2.324914721731516186e-07 2.690555444655625382e-07 4.143825196173570133e-07 5.485883176701783975e-07 5.866796847793205263e-07 6.454514263244997885e-07
9.234828496042222223e-01 8.736717393843210734e-06 2.263941347090743273e-07 2.608516001015373238e-07 4.027588541399169388e-07 5.293564881184974631e-07 5.688842761072452725e-07 6.245111459779569202e-07
9.327084524973712210e-01 8.475490200600542572e-06 2.180564583814747321e-07 2.547342147139099590e-07 3.929530951474354933e-07 5.130336571297413202e-07 5.515073543890463919e-07 6.097654408165046778e-07
9.419340553905202196e-01 8.238430553846877888e-06 2.131552227743070324e-07 2.464636668654790041e-07 3.825909385678910173e-07 4.965184109484243837e-07 5.374042931661636609e-07 5.949329806125443741e-07
9.511596582836694402e-01 8.026237318988808868e-06 2.095056804347469930e-07 2.384797380508409337e-07 3.743862105657950551e-07 4.836499120068013749e-07 5.239700854610385410e-07 5.824026179701764940e-07
9.603852611768185499e-01 7.836470826571522886e-06 2.048327510720537463e-07 2.323022084376575279e-07 3.672404010250162416e-07 4.726038458613891050e-07 5.118546884610731531e-07 5.713182835986492988e-07
9.696108640699675485e-01 7.668695568495015335e-06 1.999666777261773594e-07 2.310925858851594819e-07 3.598338691798990703e-07 4.641103262302861390e-07 4.997192062690363607e-07 5.628174299550876145e-07
9.788364669631165471e-01 7.519839980129459837e-06 1.958173530971543043e-07 2.271839048800267604e-07 3.540063437052389441e-07 4.553136436250926849e-07 4.893935157305763021e-07 5.549330547531785410e-07
9.880620698562656568e-01 7.388538452883875288e-06 1.919013039320479298e-07 2.236237884865198064e-07 3.495823074430451244e-07 4.489510525800839076e-07 4.806971468484940062e-07 5.476691429507164944e-07
9.972876727494148774e-01 7.275129652653410968e-06 1.889747040701901740e-07 2.217439799014390449e-07 3.441779659543617943e-07 4.436374523994338339e-07 4.722450581332502236e-07 5.422948283312230866e-07
1.006513275642563876e+00 7.178559728426675694e-06 1.853728519474849573e-07 2.209322206004890393e-07 3.380110555079961080e-07 4.401069179630906768e-07 4.638943607096837957e-07 5.388177476640737610e-07
1.015738878535712875e+00 7.096611792679778198e-06 1.831733936152514253e-07 2.197188650602256542e-07 3.331857707642925349e-07 4.368586660536178081e-07 4.609331363248685078e-07 5.357403492525110569e-07
1.024964481428862095e+00 7.028461831829268817e-06 1.814997187275613986e-07 2.187262675702715078e-07 3.301953742842856247e-07 4.339965879724429538e-07 4.614341585724485482e-07 5.330853227234609405e-07
1.034190084322011094e+00 6.974492399937819580e-06 1.802598645170398005e-07 2.191917045674823556e-07 3.308295504546204902e-07 4.312581282585823742e-07 4.620207380655599606e-07 5.318517478667420529e-07
1.043415687215160093e+00 6.932817605028416419e-06 1.795579202575028598e-07 2.177131758892783829e-07 3.319561212134759405e-07 4.278023831480853089e-07 4.638929740483292070e-07 5.307770918102675629e-07
1.052641290108309091e+00 6.903167989802490936e-06 1.799260922594334421e-07 2.155816940623856502e-07 3.319752283413710990e-07 4.246207941632359228e-07 4.668035645791419782e-07 5.300640046823194387e-07
1.061866893001458312e+00 6.886136001031033234e-06 1.799788027474362155e-07 2.147175797864152053e-07 3.320032751965841479e-07 4.227411885001840797e-07 4.697237123158293291e-07 5.298950670871383021e-07
1.071092495894607532e+00 6.880859136090954024e-06 1.800974976403957699e-07 2.146047705205946760e-07 3.323262153266202387e-07 4.217773276071798457e-07 4.730013009225692456e-07 5.304889147528035615e-07
1.080318098787756531e+00 6.887150810676643766e-06 1.792252394706298079e-07 2.149488835238287066e-07 3.328763840723888244e-07 4.217981046215483657e-07 4.765456010480277670e-07 5.320054349160044754e-07
1.089543701680905530e+00 6.904305331149422620e-06 1.799957867770965442e-07 2.156456518011515039e-07 3.322265898902423931e-07 4.222859776613417486e-07 4.808599732867700855e-07 5.339287476988964916e-07
1.098769304574054528e+00 6.933090358010476654e-06 1.806040762519198588e-07 2.173114528594064621e-07 3.337301342977279725e-07 4.242712632410324919e-07 4.848891190470469925e-07 5.372945173870477244e-07
1.107994907467203749e+00 6.971626339412551870e-06 1.816602252123243947e-07 2.177266930191291798e-07 3.369195006232300225e-07 4.259342109815483719e-07 4.904541725072922615e-07 5.391254342060367323e-07
1.117220510360352748e+00 7.021840698858070932e-06 1.838125444964947345e-07 2.191541916178087947e-07 3.391131451819939197e-07 4.293021390130134863e-07 4.955229610606013167e-07 5.425759523925605018e-07
1.126446113253501746e+00 7.082468082952727838e-06 1.845770758775276750e-07 2.209326259481381351e-07 3.430277024385308180e-07 4.330405427353328324e-07 5.014482048375799836e-07 5.463084853759076466e-07
1.135671716146650967e+00 7.153643754097886202e-06 1.864382076537059635e-07 2.229069857936252409e-07 3.478539185698486212e-07 4.379018024555157330e-07 5.080737258607850919e-07 5.504761505967450347e-07
1.144897319039799966e+00 7.235048419186258906e-06 1.898728251183860589e-07 2.245581516590533175e-07 3.539198661195442735e-07 4.430016149798502161e-07 5.160293695732472651e-07 5.544890223531277545e-07
1.154122921932948964e+00 7.327833237305951406e-06 1.931000252292446894e-07 2.268430711900032093e-07 3.603220022014241663e-07 4.487753095069127462e-07 5.243231140540305303e-07 5.593554334149882323e-07
1.163348524826097963e+00 7.431771106212247554e-06 1.977880944072316771e-07 2.293063429399126496e-07 3.676136780535557182e-07 4.548860346761317999e-07 5.335082372081390516e-07 5.645571784952330076e-07
1.172574127719247183e+00 7.548320664540363613e-06 2.007608985939294250e-07 2.336987387311989249e-07 3.748171009644460928e-07 4.607499073872232029e-07 5.426203723123725132e-07 5.711131899917051266e-07
1.181799730612396404e+00 7.677675417347228732e-06 2.040475216387339777e-07 2.383035592603429905e-07 3.821237779461047525e-07 4.689857016096449647e-07 5.518928768267572591e-07 5.788318127477471971e-07
1.191025333505545403e+00 7.820645219524218476e-06 2.067115861624909480e-07 2.439734886997992256e-07 3.879076047534597100e-07 4.786968684439090425e-07 5.612351248531321758e-07 5.878800451928273136e-07
1.200250936398694401e+00 7.976500410749609118e-06 2.115937397990850209e-07 2.501251995510008402e-07 3.941047105856899322e-07 4.885575594126818252e-07 5.720561643660527096e-07 5.969165300676666959e-07
1.209476539291843622e+00 8.146404703256878262e-06 2.167370536409706075e-07 2.569431139808311579e-07 4.011943716479239645e-07 4.988955019866604912e-07 5.841436720104168848e-07 6.070705461214460664e-07
1.218702142184992621e+00 8.331991039977423733e-06 2.226293014309632510e-07 2.642278206699467973e-07 4.086497733963383828e-07 5.103745824571510219e-07 5.969661248144754359e-07 6.206090857181842667e-07
1.227927745078141619e+00 8.534012011937631168e-06 2.276849238283346972e-07 2.716792098742918944e-07 4.168331069082797805e-07 5.227375536193981881e-07 6.109176013758159721e-07 6.350367058863432294e-07
1.237153347971290618e+00 8.754385211838255378e-06 2.342127401481056869e-07 2.798251909059461603e-07 4.252948540017933250e-07 5.364485367721479812e-07 6.255897523945704784e-07 6.519067136576124052e-07
1.246378950864439838e+00 8.993813139691246320e-06 2.398811600979520287e-07 2.878209417472978531e-07 4.348825580324721746e-07 5.512280232558154066e-07 6.418724922359311840e-07 6.706043338662990601e-07
1.255604553757589059e+00 9.255011445386785124e-06 2.456654100599230562e-07 2.951138005555469076e-07 4.463115361199286330e-07 5.675312044846046755e-07 6.591320001082230727e-07 6.911719845020494095e-07
1.264830156650738058e+00 9.541015700644008883e-06 2.514852841896638352e-07 3.035871761950242610e-07 4.630115105016790724e-07 5.865828073052719650e-07 6.765396476174909742e-07 7.147176170729024002e-07
1.274055759543887056e+00 9.851721191738003238e-06 2.607288714089213682e-07 3.152677068734177391e-07 4.769600554670491943e-07 6.059162708523704567e-07 6.968774597468142568e-07 7.358863624503169060e-07
1.283281362437036055e+00 1.019177231840021475e-05 2.726173445039947307e-07 3.228833073195114375e-07 4.920051894832236025e-07 6.273893662367599873e-07 7.186595688380809462e-07 7.574725542367890326e-07
1.292506965330185276e+00 1.056423474755410392e-05 2.853407676887604097e-07 3.336854838089823661e-07 5.088407358754248183e-07 6.508198241737989819e-07 7.424999649773425737e-07 7.808062517688095814e-07
1.301732568223334052e+00 1.097377480084717010e-05 2.990941765321190887e-07 3.430449034304272875e-07 5.305493323472581585e-07 6.770328443711458706e-07 7.680834535895860826e-07 8.066722985303522440e-07
1.310958171116483273e+00 1.142689631994246361e-05 3.092451273679683158e-07 3.550950735750104515e-07 5.523948705315083262e-07 7.079733408218905728e-07 7.940697672217640959e-07 8.379924062190995186e-07
1.320183774009632494e+00 1.192742526508742819e-05 3.230221102982573151e-07 3.700402954281556812e-07 5.767498786383399179e-07 7.420999278258854010e-07 8.227095615488011520e-07 8.738410337655662548e-07
1.329409376902781492e+00 1.248157401925063276e-05 3.379703154374010172e-07 3.853536464908068195e-07 6.047498286951940563e-07 7.791252370353507576e-07 8.551492203081233824e-07 9.124689560133100529e-07
1.338634979795930713e+00 1.310050435616453731e-05 3.533826600021972757e-07 4.070742143166070900e-07 6.314002897267323439e-07 8.203396934833698305e-07 8.891301711072165369e-07 9.571353263859015855e-07
1.347860582689079489e+00 1.378893948452171035e-05 3.733467413166568366e-07 4.285156622477212063e-07 6.593984985656649534e-07 8.576989916319608032e-07 9.306325549936833244e-07 1.003060851537764436e-06
1.357086185582228710e+00 1.456413852591857157e-05 3.970913610293796335e-07 4.494630787331915052e-07 6.975395662489737396e-07 8.978115851694388788e-07 9.754439564074878660e-07 1.055912703980497753e-06
1.366311788475377931e+00 1.544212630877853261e-05 4.181682362514087476e-07 4.791793948350669182e-07 7.305033687916712691e-07 9.446261731410023950e-07 1.023674073257681305e-06 1.117376725353911378e-06
1.375537391368526707e+00 1.643696755996524326e-05 4.488219228183290674e-07 5.079022567885829818e-07 7.774699395470774876e-07 1.003268461390345855e-06 1.081322511471090238e-06 1.183998639385959722e-06
1.384762994261675928e+00 1.757881813955192835e-05 4.761713967629630114e-07 5.424342323348996416e-07 8.274332334369221133e-07 1.069830189687644682e-06 1.143351069001457946e-06 1.271578810011813389e-06
1.393988597154824927e+00 1.889056266514915362e-05 5.119899342536826019e-07 5.803975076896109660e-07 8.890005092819522011e-07 1.141705443693357411e-06 1.230271522431173367e-06 1.368377918464627264e-06
1.403214200047974147e+00 2.041603131906308158e-05 5.581690703918084728e-07 6.232161648815004115e-07 9.589425130036682810e-07 1.223717929205601955e-06 1.338658322342660189e-06 1.482387877103134258e-06
1.412439802941123368e+00 2.220841676941535700e-05 6.057286746888000120e-07 6.784512152013068070e-07 1.036568527249334551e-06 1.325170293492105130e-06 1.462114678777769406e-06 1.620371182224911437e-06
1.421665405834272145e+00 2.432928291132294623e-05 6.665783979767407825e-07 7.363031854332184503e-07 1.140115878279254584e-06 1.430810105232602496e-06 1.610317935261098763e-06 1.782582313989065329e-06
1.430891008727421365e+00 2.687585059522741403e-05 7.324648595024564298e-07 8.130202823757584011e-07 1.257836853423395995e-06 1.572063992188004453e-06 1.761937307289640307e-06 1.984451033642505778e-06
1.440116611620570364e+00 2.996073458442854130e-05 8.080836143452480892e-07 9.094698876690553017e-07 1.394677780337321381e-06 1.752480153540157204e-06 1.936878853414613613e-06 2.227375655432115915e-06
1.449342214513719362e+00 3.376114644853156922e-05 8.952916426051505056e-07 1.029410682999976859e-06 1.573595503391871271e-06 1.975999368978237976e-06 2.142595263483057706e-06 2.534436148330436954e-06
1.458567817406868583e+00 3.849259180986261408e-05 1.025819444046985134e-06 1.161488973070392183e-06 1.811988599650486166e-06 2.248395103171536944e-06 2.419991459598494162e-06 2.890277065721217438e-06
1.467793420300017582e+00 4.450479765525644092e-05 1.192461966054024936e-06 1.336026137881134331e-06 2.094540463657101849e-06 2.604614885383634893e-06 2.846724939342462342e-06 3.290255621353210542e-06
1.477019023193166802e+00 5.230455348744908261e-05 1.426523122781681431e-06 1.557141506845370529e-06 2.471048213779808195e-06 3.048859180559389335e-06 3.405006203090367575e-06 3.852394031510703910e-06
1.486244626086316023e+00 6.267113887990189238e-05 1.695598294307640959e-06 1.886412696936583548e-06 2.966213872078032063e-06 3.604188795744657427e-06 4.138148989913688477e-06 4.648180927681508075e-06
1.495470228979464800e+00 7.677710643750712376e-05 2.076930234518197557e-06 2.279759395205596022e-06 3.657471469878256993e-06 4.388751111689703798e-06 5.152634965861446173e-06 5.706018287313397992e-06
1.504695831872614020e+00 9.652437616231926963e-05 2.608810448105435388e-06 2.821560093570974945e-06 4.662906818210722131e-06 5.540107166283271176e-06 6.573217825953691956e-06 7.148859624929473325e-06
1.513921434765763019e+00 1.248986767303914740e-04 3.366697348361924903e-06 3.582689917424358608e-06 6.044215884799916845e-06 7.142326814442255664e-06 8.633737812444600363e-06 9.267752789222238755e-06
1.523147037658912017e+00 1.665851118240969301e-04 4.355617502194039604e-06 4.912894052173694300e-06 7.776087322094164160e-06 9.685859750904366686e-06 1.148034951583412687e-05 1.233696741042821237e-05
1.532372640552061016e+00 2.271275393146626807e-04 5.662516776731271783e-06 6.772119735430631596e-06 1.030031794881276514e-05 1.330432907720947226e-05 1.554691851392005046e-05 1.702442727692128751e-05
1.541598243445210237e+00 3.075876292152716907e-04 7.332637290732911626e-06 9.361763946463808311e-06 1.354132786029473793e-05 1.801806837067177055e-05 2.083827450230561719e-05 2.311727640165662416e-05
1.550823846338359457e+00 3.852411216110109005e-04 9.759355375243527597e-06 1.164130657877344164e-05 1.683693687963658692e-05 2.257150355068550818e-05 2.619987670648645829e-05 2.832611113699360977e-05
1.560049449231508456e+00 4.040490579230386734e-04 1.058496446418489981e-05 1.241270671261155648e-05 1.887590824866162108e-05 2.437438146829799725e-05 2.725444420530523642e-05 2.986670933072688855e-05
1.569275052124657455e+00 3.414916134088503800e-04 9.081339738232314593e-06 1.052233293585011845e-05 1.577459713407068035e-05 2.054885018238798494e-05 2.288519815390847867e-05 2.526985992794104777e-05
1.578500655017806453e+00 2.507264546314551474e-04 6.397440207169002337e-06 7.850077055656236140e-06 1.128940664501333667e-05 1.504927728727289320e-05 1.686406449193393522e-05 1.875552760101432915e-05
1.587726257910955674e+00 1.760562833024631501e-04 4.275009200240404957e-06 5.491047064379810496e-06 7.755221738395110974e-06 1.046608715843467597e-05 1.187905668115655307e-05 1.320489858197586774e-05
1.596951860804104451e+00 1.247541545931610588e-04 2.946905120878402437e-06 3.877651291644344496e-06 5.525123937610214135e-06 7.424998840833640598e-06 8.401806212436792711e-06 9.429436055851021532e-06
1.606177463697253671e+00 9.084556753172705985e-05 2.211505021610410296e-06 2.721729828082547508e-06 4.092726377130442308e-06 5.343104587633509014e-06 6.188131646870544795e-06 6.890469138668678297e-06
1.615403066590402892e+00 6.832590711417136937e-05 1.666567528593219743e-06 2.011831234248213224e-06 3.120703311644516136e-06 3.977564070557033579e-06 4.677671805242061072e-06 5.210715282558158390e-06
1.624628669483551890e+00 5.294841072818497191e-05 1.334152726280655587e-06 1.510865025632535281e-06 2.513015146848342467e-06 3.032736537254195086e-06 3.665490466406820427e-06 4.039094535465847136e-06
1.633854272376701111e+00 4.216713688617329959e-05 1.100081616096144248e-06 1.181914903316329561e-06 2.025552851237712062e-06 2.379911249983028651e-06 2.947468215721189843e-06 3.212354020903164563e-06
1.643079875269850110e+00 3.442175737749791767e-05 9.030928814031451103e-07 9.538759407081600478e-07 1.663679667021049499e-06 1.929218656289426084e-06 2.403127463937886662e-06 2.634838891777030229e-06
1.652305478162999108e+00 2.869382033769796278e-05 7.639469006914548980e-07 7.845737606867257924e-07 1.410369042201889682e-06 1.588458494235845856e-06 2.007174621493557813e-06 2.196422678008754241e-06
1.661531081056148329e+00 2.438176713383850095e-05 6.459464853900002187e-07 6.745163395535929297e-07 1.204016240274320378e-06 1.344808440058362623e-06 1.696869193103094244e-06 1.872922742063549506e-06
1.670756683949297106e+00 2.106570026373964989e-05 5.570892646004364020e-07 5.821444725569532462e-07 1.031975737163085184e-06 1.158144315607181912e-06 1.457140443466202966e-06 1.622066619737682936e-06
1.679982286842446326e+00 1.847237787725931793e-05 4.890503715796608276e-07 5.158471947610922324e-07 9.049322336090538969e-07 1.011449646913874071e-06 1.270212391882364261e-06 1.423066413445699428e-06
1.689207889735595547e+00 1.641816908526981067e-05 4.300404619879142558e-07 4.595415103468511204e-07 8.041094268761680758e-07 9.021142422523082500e-07 1.119142634400266558e-06 1.266152683714566560e-06
1.698433492628744546e+00 1.476882970682689636e-05 3.841212655564682580e-07 4.171235239707604133e-07 7.133931314057334269e-07 8.095583309182168366e-07 9.972795861122784797e-07 1.139119678625158009e-06
1.707659095521893766e+00 1.342940127362587558e-05 3.455864742247758434e-07 3.821275103970985367e-07 6.441775900978932202e-07 7.328383813082863164e-07 8.985690274700564305e-07 1.034445939046611893e-06
1.716884698415042543e+00 1.232993999292715772e-05 3.183589308317347742e-07 3.498983127618193625e-07 5.935626677549476701e-07 6.731985754625174559e-07 8.191512711272367145e-07 9.484346674726814078e-07
1.726110301308191763e+00 1.142273661238340794e-05 2.937065163823707518e-07 3.286937914904896230e-07 5.484941912613932219e-07 6.259729156886053068e-07 7.519292592408113570e-07 8.813735725960791052e-07
1.735335904201340984e+00 1.066778621039831334e-05 2.692330808219146470e-07 3.085088268238667325e-07 5.116945029480901954e-07 5.848843644309074003e-07 6.973333359905969708e-07 8.254912410114915544e-07
1.744561507094489761e+00 1.003319604978861339e-05 2.543149928019746147e-07 2.924071605149677395e-07 4.803554198827733439e-07 5.417066997002600192e-07 6.549740507347038534e-07 7.762591051197254336e-07
1.753787109987638981e+00 9.497500037567761254e-06 2.435995298545020536e-07 2.739890630479988916e-07 4.568936738516925217e-07 5.123571668227114615e-07 6.199323985525744202e-07 7.296068228617460610e-07
1.763012712880787980e+00 9.046088285368417245e-06 2.316269027015880748e-07 2.627222283564659757e-07 4.343367232427754529e-07 4.852341935629235660e-07 5.877672092132393421e-07 6.909346060834818594e-07
1.772238315773937201e+00 8.663404145106300128e-06 2.215662360213008100e-07 2.530831572925016038e-07 4.141712198890221542e-07 4.634606913787021979e-07 5.591233162165953820e-07 6.584121965312219037e-07
1.781463918667086421e+00 8.338521984562453590e-06 2.111311309935319888e-07 2.435022389779022329e-07 3.981917021255790143e-07 4.493501282675809090e-07 5.330159349831352719e-07 6.329106070613247081e-07
1.790689521560235198e+00 8.057449883170029936e-06 2.071553374225495683e-07 2.358606610704291597e-07 3.842176807238966281e-07 4.345017084607703407e-07 5.137777872617950718e-07 6.083865946433869996e-07
1.799915124453384419e+00 7.820135090148797339e-06 1.999023269454325036e-07 2.296534695948079024e-07 3.690434869879357868e-07 4.243235784568329127e-07 4.936812483126548808e-07 5.878499174807888476e-07
1.809140727346533417e+00 7.615257184755945004e-06 1.959902250975831907e-07 2.217355627571322257e-07 3.601115146684811543e-07 4.130176547582198372e-07 4.776249458334919107e-07 5.681571424248561445e-07
1.818366330239682416e+00 7.439529489687239565e-06 1.937578964310740195e-07 2.132594640709793027e-07 3.533200794267150408e-07 4.023662214591265052e-07 4.636661784194390966e-07 5.538246320044749673e-07
1.827591933132831414e+00 7.288886351706300051e-06 1.904663295678138917e-07 2.073681773204266227e-07 3.504936444203829752e-07 3.945074549262401952e-07 4.592735446321226367e-07 5.442752568926762148e-07
1.836817536025980635e+00 7.158917461551605536e-06 1.881778022459520063e-07 2.003594340871815414e-07 3.494616821564253007e-07 3.916890636402466065e-07 4.561630510902995152e-07 5.314326127573506210e-07
1.846043138919129634e+00 7.048348001091022884e-06 1.861983583139453362e-07 1.959509335462135377e-07 3.489198420214705245e-07 3.859017904372823632e-07 4.486582155882772781e-07 5.205518017042203412e-07
1.855268741812278410e+00 6.956272192896139394e-06 1.840439579383654987e-07 1.942538293711877330e-07 3.435936014894050040e-07 3.813922809976627367e-07 4.448639794826864455e-07 5.129929577927158703e-07
1.864494344705427187e+00 6.876517082054437179e-06 1.829771945536358223e-07 1.898393150771442284e-07 3.395380740269878824e-07 3.749306310548964656e-07 4.460411612157530215e-07 5.045018206121839924e-07
1.873719947598576185e+00 6.809885794168344136e-06 1.818100079477842179e-07 1.877381360857334724e-07 3.362981088821263490e-07 3.710929147572068556e-07 4.471585091174240515e-07 4.975312702505151129e-07
1.882945550491724962e+00 6.753561943466732657e-06 1.819322242261593945e-07 1.846810180919459263e-07 3.347593672347325708e-07 3.663907025267671886e-07 4.494890632212521255e-07 4.906331569819860549e-07
1.892171153384873961e+00 6.709385537726860179e-06 1.792312855064907625e-07 1.841763248920586296e-07 3.350669787913132587e-07 3.646774771841801281e-07 4.498121803259688201e-07 4.868718264799911492e-07
1.901396756278022737e+00 6.673441949170656753e-06 1.775909884867167001e-07 1.828029406191711780e-07 3.326816402566379650e-07 3.631725220264539296e-07 4.509028942044177537e-07 4.833442325456141931e-07
1.910622359171171736e+00 6.643875621026445648e-06 1.795511377625956588e-07 1.821193154468448154e-07 3.308610374466994369e-07 3.613616347152998415e-07 4.535982652597665205e-07 4.790964244491357729e-07
1.919847962064320512e+00 6.623433334024714709e-06 1.770197457295995659e-07 1.836706944744589731e-07 3.293511126472893218e-07 3.621468705080286286e-07 4.542794361980400958e-07 4.776505864629354816e-07
1.929073564957469289e+00 6.608905178625850929e-06 1.755831439796833962e-07 1.837862384690691563e-07 3.286405044301064812e-07 3.630462590815895424e-07 4.553541926133227637e-07 4.765062232746206087e-07
1.938299167850618288e+00 6.596874443937552010e-06 1.780819908517663092e-07 1.826145998604692975e-07 3.315850410560199839e-07 3.611654730430407487e-07 4.595951156919250952e-07 4.728199271644013870e-07
1.947524770743767064e+00 6.590694476245932768e-06 1.789960795988634827e-07 1.821055358737108689e-07 3.336924324317279815e-07 3.604371261821495324e-07 4.630782699189313361e-07 4.704523354726498709e-07
1.956750373636916063e+00 6.590075910088684224e-06 1.776335536131492114e-07 1.807035606062731693e-07 3.337426143804673762e-07 3.617375452446938393e-07 4.655501265708535835e-07 4.695935175338321498e-07
1.965975976530064839e+00 6.592957335213078918e-06 1.780737323296161391e-07 1.803245929512604017e-07 3.341728645159709076e-07 3.619956948995700958e-07 4.686593816204526864e-07 4.685500563039884134e-07
1.975201579423213616e+00 6.600534098724900511e-06 1.788241985001854398e-07 1.812942417068109138e-07 3.339711860984573955e-07 3.630097087246856214e-07 4.707589562538189146e-07 4.689181276568072157e-07
1.984427182316362615e+00 6.611298715715206899e-06 1.781238491862045719e-07 1.824298425286482797e-07 3.348863316668203695e-07 3.638904052986916086e-07 4.730156036315099876e-07 4.694924317300226327e-07
1.993652785209511391e+00 6.624705339327629234e-06 1.780592375076610237e-07 1.838565992521708713e-07 3.353177477156700956e-07 3.649242229907622396e-07 4.756575667556211224e-07 4.700102801597925219e-07
2.002878388102660168e+00 6.640019846203601468e-06 1.791718038949582944e-07 1.833276884789963561e-07 3.371142799587501773e-07 3.659650500509698150e-07 4.791218304540943490e-07 4.700001862813608263e-07
2.012103990995809166e+00 6.658116324070557175e-06 1.797043647041676083e-07 1.830645148151902415e-07 3.386677703519273781e-07 3.674642634101925811e-07 4.823048763825200030e-07 4.705418292911692639e-07
2.021329593888958165e+00 6.678101883177307513e-06 1.793753256719043235e-07 1.832651260022424410e-07 3.406225552610931870e-07 3.699425873973322004e-07 4.858522761090537686e-07 4.709604171280240608e-07
2.030555196782107164e+00 6.699495116486341379e-06 1.805421956678304968e-07 1.829816738551209425e-07 3.432682595131892182e-07 3.707191695244269796e-07 4.900567139724960728e-07 4.709441043375772702e-07
2.039780799675255718e+00 6.723107629006404088e-06 1.814634786663258284e-07 1.849813636324525824e-07 3.455961959166137251e-07 3.719596531586383278e-07 4.939234382483968016e-07 4.714659931523577707e-07
2.049006402568404717e+00 6.749044459718512331e-06 1.821763015223305262e-07 1.853998630755205958e-07 3.473274084580749363e-07 3.739372519973529785e-07 4.971632792388619901e-07 4.727942921186150979e-07
2.058232005461553715e+00 6.776726829290448100e-06 1.829585785815805195e-07 1.863752501458220488e-07 3.489326810684856042e-07 3.761244583549263733e-07 5.002477459011225343e-07 4.744480241373444821e-07
2.067457608354702270e+00 6.805454150700017901e-06 1.846511572980741406e-07 1.868704035988524636e-07 3.509232014752635027e-07 3.779861345833790303e-07 5.036876884688845741e-07 4.758910588377489713e-07
2.076683211247851268e+00 6.835632537749752917e-06 1.865128960963220628e-07 1.869233509518143752e-07 3.528145362419308581e-07 3.800442027841193665e-07 5.070183209012904272e-07 4.775827453574765677e-07
2.085908814141000267e+00 6.867087224760334995e-06 1.865999871869157092e-07 1.870875357265328439e-07 3.539965779694674214e-07 3.822808288031558384e-07 5.102427854772406890e-07 4.795037239412648113e-07
2.095134417034148822e+00 6.899743045347760768e-06 1.863084134432635040e-07 1.882172767471539381e-07 3.565336438095204622e-07 3.846656373310641691e-07 5.133882432024593494e-07 4.816207075851341893e-07
2.104360019927297820e+00 6.932530266321148735e-06 1.877099328748951923e-07 1.878023291823742457e-07 3.599657289798342946e-07 3.862468930355486625e-07 5.173952635222853688e-07 4.829798110657373836e-07
2.113585622820446819e+00 6.966651198957048063e-06 1.880819052265532049e-07 1.886642138226079908e-07 3.627888728801532251e-07 3.882819977973917059e-07 5.210023505405823773e-07 4.848339867693433379e-07
2.122811225713595817e+00 7.001120682825001659e-06 1.890850800767002109e-07 1.892690999857615526e-07 3.654726379715136369e-07 3.894927362075130674e-07 5.251171460724708717e-07 4.877985081262357567e-07
2.132036828606744372e+00 7.037072525195271696e-06 1.893940620401511567e-07 1.906312141336061764e-07 3.673992112752779432e-07 3.919600214417288936e-07 5.284984779736766369e-07 4.923298655093028608e-07
2.141262431499893371e+00 7.074030767244603487e-06 1.897389793496570063e-07 1.921989422427149757e-07 3.681770518681401629e-07 3.947204079004830796e-07 5.315729837831430083e-07 4.971324864846139895e-07
2.150488034393042369e+00 7.110550578873650349e-06 1.916322053046360687e-07 1.923959526239157693e-07 3.711142761672333600e-07 3.964351422579866761e-07 5.357165560854725423e-07 5.008686279065255307e-07
2.159713637286190924e+00 7.147436204104175732e-06 1.931605342798328937e-07 1.919080500898473222e-07 3.743501251131801095e-07 3.979296831144149129e-07 5.401190445674580447e-07 5.043654557938311649e-07
2.168939240179339922e+00 7.185626786223211648e-06 1.937236567819458679e-07 1.922671047560208887e-07 3.768568462538042060e-07 4.001297073806422792e-07 5.437817721818081430e-07 5.060115526391840664e-07
2.178164843072488921e+00 7.224414104474285241e-06 1.944476137870215307e-07 1.938616286498632578e-07 3.793132723523561610e-07 4.023915607715881855e-07 5.473826825762387473e-07 5.073651834666795978e-07
2.187390445965637920e+00 7.263610997791559258e-06 1.950257903920750289e-07 1.948707409801320864e-07 3.818270565422876318e-07 4.046281339295887964e-07 5.510304734172079841e-07 5.087341599758842632e-07
2.196616048858786474e+00 7.302825418772928862e-06 1.962234659530406183e-07 1.953145182076662182e-07 3.848023394225892033e-07 4.064852952129287980e-07 5.551305175834223623e-07 5.097142623546643730e-07
2.205841651751935473e+00 7.342600447149408398e-06 1.973710750052298015e-07 1.960015938560941514e-07 3.876300091782447599e-07 4.090574743939420340e-07 5.590724344416319981e-07 5.109054735514348631e-07
2.215067254645084471e+00 7.382825382825603674e-06 1.987889689247866648e-07 1.971016670101995440e-07 3.903362992375723680e-07 4.117500387513176385e-07 5.629156704582368077e-07 5.122439774553434324e-07
2.224292857538233026e+00 7.422957394373357030e-06 2.006628672808012908e-07 1.971004285509928697e-07 3.934451727322136894e-07 4.139776808235880350e-07 5.672306992594122299e-07 5.131581251457405403e-07
2.233518460431382024e+00 7.463848438817645312e-06 2.018893755836334667e-07 1.986020040627932607e-07 3.961145780433279073e-07 4.166623862156981043e-07 5.711004176850908911e-07 5.145568906224169797e-07
2.242744063324531023e+00 7.505535098226211603e-06 2.020327947838570880e-07 2.010283837739547611e-07 3.982883474718916246e-07 4.198578735074599426e-07 5.744634954055233722e-07 5.165001548631617008e-07
2.251969666217680022e+00 7.547674980112323391e-06 2.031959123601198827e-07 2.019079621552903668e-07 4.002782544357792881e-07 4.232402448070694118e-07 5.776449465811691819e-07 5.186612211573224425e-07
2.261195269110828576e+00 7.589876192177062910e-06 2.035344479382049878e-07 2.035160716418140168e-07 4.016809375926135703e-07 4.264668160636155334e-07 5.809862624314433878e-07 5.206930670424290392e-07
2.270420872003977575e+00 7.631109431231952872e-06 2.057571503135262764e-07 2.036288599226609403e-07 4.042773386524062127e-07 4.284586856401427751e-07 5.855639296028205062e-07 5.235679741867161629e-07
2.279646474897126573e+00 7.672728791856579193e-06 2.083600762029330059e-07 2.037197115381889431e-07 4.067134764078243709e-07 4.306158706054946477e-07 5.899723200698893567e-07 5.269198940133326645e-07
2.288872077790275128e+00 7.714832675499105978e-06 2.100468370723908957e-07 2.045737079544605861e-07 4.088432708953085879e-07 4.330567468811520065e-07 5.940652978601871156e-07 5.305917705257771238e-07
2.298097680683424127e+00 7.757131064866933828e-06 2.111469916329515887e-07 2.053894726335904965e-07 4.124962877763917217e-07 4.355168740848408459e-07 5.981385401742193039e-07 5.342867648351439557e-07
2.307323283576573125e+00 7.799769921660993066e-06 2.126656109856321755e-07 2.063642935807776809e-07 4.160499182938932650e-07 4.381546766675947457e-07 6.020334081862587064e-07 5.381630505105743038e-07
2.316548886469722124e+00 7.843122179112732898e-06 2.136151118441532765e-07 2.081840703133471291e-07 4.188345287580030212e-07 4.407337217743233229e-07 6.054183245349632845e-07 5.425559997241943773e-07
2.325774489362870678e+00 7.886561692041142471e-06 2.138354524052457948e-07 2.095584313843108700e-07 4.200657951231892112e-07 4.428677269952574174e-07 6.087969491305149085e-07 5.469521288591243434e-07
2.335000092256019677e+00 7.930313141633249703e-06 2.143014673045093315e-07 2.112464765572513465e-07 4.211035029294139722e-07 4.451893205696125043e-07 6.120042153781722236e-07 5.515221736132175481e-07
2.344225695149168676e+00 7.974654043203854902e-06 2.149633809220201315e-07 2.135900372377775246e-07 4.235335047813081007e-07 4.476404672247560667e-07 6.151108751697360899e-07 5.562239926873626465e-07
2.353451298042317230e+00 8.017448285186567711e-06 2.164851470439770769e-07 2.151318802084009011e-07 4.274829261583111328e-07 4.491890692644834158e-07 6.190655220571355546e-07 5.600110767101241355e-07
2.362676900935466229e+00 8.060742627862915141e-06 2.179670793794927610e-07 2.165053858401540991e-07 4.314888585531286556e-07 4.507501439370268880e-07 6.230544317859258632e-07 5.637996362438162725e-07
2.371902503828615227e+00 8.103883606166974402e-06 2.196479154762085323e-07 2.168293759520096837e-07 4.344896556465140840e-07 4.521024482225060968e-07 6.272583778293003211e-07 5.673677136174607008e-07
2.381128106721764226e+00 8.147438079948980010e-06 2.209838147574363720e-07 2.176341092311707498e-07 4.363933148536837007e-07 4.539388403302465800e-07 6.311272909921096573e-07 5.712697503276091557e-07
2.390353709614912781e+00 8.191844646718129385e-06 2.215185435803602375e-07 2.194154462220127217e-07 4.374993619226257192e-07 4.573028889094992377e-07 6.341919495869431352e-07 5.759738279187005117e-07
2.399579312508061779e+00 8.236335177474591972e-06 2.220260073093641243e-07 2.211964412309594174e-07 4.386103378027670448e-07 4.614052824280970544e-07 6.372518690382134900e-07 5.806789405887044704e-07
2.408804915401210778e+00 8.280507206558761218e-06 2.230280950469097211e-07 2.231901526118276714e-07 4.400973484165093325e-07 4.651394376760506819e-07 6.406800357753504133e-07 5.850117700628147297e-07
2.418030518294359332e+00 8.323603112319690226e-06 2.255698354916593854e-07 2.240658279883933466e-07 4.427103282980516212e-07 4.677550978826676794e-07 6.452268169840939479e-07 5.882217639739684563e-07
2.427256121187508331e+00 8.367696046205171499e-06 2.267685197802197687e-07 2.255075591886670583e-07 4.443585584407266481e-07 4.703493527558683313e-07 6.488036555870868572e-07 5.922270522577024717e-07
2.436481724080657330e+00 8.411651122919915698e-06 2.280363258026532174e-07 2.275496178447423946e-07 4.462116118286971628e-07 4.725289699685335525e-07 6.525769093645793868e-07 5.949507909784363687e-07
2.445707326973806328e+00 8.455406992380125016e-06 2.295066922695481311e-07 2.286802964105303157e-07 4.482980771416841771e-07 4.744794983408937331e-07 6.565772126125612226e-07 5.974475200581064568e-07
2.454932929866954883e+00 8.499191923164356905e-06 2.314706481569946605e-07 2.295467124852509065e-07 4.503857364980383155e-07 4.764098097079566069e-07 6.605724606245992581e-07 5.999492122693939278e-07
2.464158532760103881e+00 8.542994296362353755e-06 2.330646860650821491e-07 2.305231782701134760e-07 4.524740338387765395e-07 4.792543194364767167e-07 6.645286816724733421e-07 6.024545058897151309e-07
2.473384135653252880e+00 8.586812063204610893e-06 2.346556591103987150e-07 2.316573105361957651e-07 4.550328738868689182e-07 4.825128843145268156e-07 6.684656436353844281e-07 6.049635806103233980e-07
2.482609738546401434e+00 8.630681534625878092e-06 2.360111707605962156e-07 2.328277892428380207e-07 4.584808502374789477e-07 4.858003410720765103e-07 6.723643389667802514e-07 6.075087761288296601e-07
2.491835341439550433e+00 8.674298164158497456e-06 2.374225287342784918e-07 2.337293213291671026e-07 4.622037127495363994e-07 4.884090075042493164e-07 6.765295861839778498e-07 6.097849883990497550e-07
2.501060944332699432e+00 8.718813122090703061e-06 2.379215007004525630e-07 2.355444300606841199e-07 4.650172142988321348e-07 4.923573217512295166e-07 6.797764663551895102e-07 6.129732672788665477e-07
2.510286547225848430e+00 8.762927180573464506e-06 2.392253494104176601e-07 2.369612177355734102e-07 4.682809801691239615e-07 4.958599306901284636e-07 6.834666769231610169e-07 6.157163049824207317e-07
2.519512150118996985e+00 8.807281803457883668e-06 2.402259159213490034e-07 2.390925125945382612e-07 4.712662276609910897e-07 4.996436351410066831e-07 6.868683155807923712e-07 6.187412274121343073e-07
2.528737753012145983e+00 8.851244362772957210e-06 2.416063852968097878e-07 2.406088069252012158e-07 4.746827774101100344e-07 5.029997613074674252e-07 6.906946076137944138e-07 6.213386993212238741e-07
2.537963355905294982e+00 8.894912471501301398e-06 2.430072455886209452e-07 2.418857219869529896e-07 4.783395462724610925e-07 5.061180648204543239e-07 6.947503479559259004e-07 6.236981964426868149e-07
2.547188958798443537e+00 8.938789036650120984e-06 2.444852871916094843e-07 2.433658447358728432e-07 4.818411720676449463e-07 5.093969407666377276e-07 6.986447549377729411e-07 6.262182467173652744e-07
2.556414561691592535e+00 8.983043538882346993e-06 2.455501083684801834e-07 2.454669713749596326e-07 4.847518845823854981e-07 5.128190123092181901e-07 7.021197522856678869e-07 6.291491620286795527e-07
2.565640164584741534e+00 9.027201640521473043e-06 2.467285458590110544e-07 2.475036345875249351e-07 4.870644148945174482e-07 5.156640376776016677e-07 7.056206902155122369e-07 6.320411428924394194e-07
2.574865767477890532e+00 9.071194203525970092e-06 2.482728286933616100e-07 2.485095423148357138e-07 4.896252057823850579e-07 5.182660131239421334e-07 7.093692932828935807e-07 6.346944039334694417e-07
2.584091370371039087e+00 9.115188958931723070e-06 2.497705748983071439e-07 2.498964114610397537e-07 4.921320351721308298e-07 5.209069098417550133e-07 7.130595333123532003e-07 6.373914894345092343e-07
2.593316973264188086e+00 9.159065729945651077e-06 2.513628230906445613e-07 2.508082158941559749e-07 4.946761915645460101e-07 5.234793988068320883e-07 7.168099568705886922e-07 6.400203637141471127e-07
2.602542576157337084e+00 9.203048069309595209e-06 2.526211512144518954e-07 2.518135156725660457e-07 4.971177165074965813e-07 5.261401318556226261e-07 7.202585497078222316e-07 6.427427735717208200e-07
2.611768179050485639e+00 9.246658394506810703e-06 2.544435994487503525e-07 2.523284388917200054e-07 4.999204116534212278e-07 5.284348191085676922e-07 7.236176914914731385e-07 6.451020137129522599e-07
2.620993781943634637e+00 9.290019079431332321e-06 2.563237043576461073e-07 2.525836164279021890e-07 5.029159394772990345e-07 5.305269009473487576e-07 7.271653760819946695e-07 6.472608326971436256e-07
2.630219384836783636e+00 9.334329031979348492e-06 2.572547214462275744e-07 2.537814464830237586e-07 5.049655562338075906e-07 5.335555271920846209e-07 7.297665448653627000e-07 6.503623363365536244e-07
2.639444987729932635e+00 9.378628747924012645e-06 2.585129967635970972e-07 2.555713344018469620e-07 5.069629109635261321e-07 5.366007599721134302e-07 7.323086787258997114e-07 6.535115095469485512e-07
2.648670590623081189e+00 9.422688411709462096e-06 2.599909880774196300e-07 2.570545275127822577e-07 5.089479570659759407e-07 5.393966101786566762e-07 7.350826572432653662e-07 6.564232008002077602e-07
2.657896193516230188e+00 9.466899702491275641e-06 2.610680253917818319e-07 2.581859606585979947e-07 5.105447956069223943e-07 5.423770996767743769e-07 7.376615132841983854e-07 6.595212705417559932e-07
2.667121796409379186e+00 9.510992065728027771e-06 2.617387006705838701e-07 2.595035738341690100e-07 5.122312827453488852e-07 5.452617093958307839e-07 7.403254504146371576e-07 6.625257318352069543e-07
2.676347399302527741e+00 9.555710292073536338e-06 2.617063602424934195e-07 2.619964220701776668e-07 5.132491281332094107e-07 5.488089558148348128e-07 7.423163194301107115e-07 6.661942790964336117e-07
2.685573002195676739e+00 9.600202957375995845e-06 2.621714912847333346e-07 2.648954762981317715e-07 5.144838950180041412e-07 5.521306134058373690e-07 7.445224547479078119e-07 6.696417261355721434e-07
2.694798605088825738e+00 9.643810976941295752e-06 2.636110620581471215e-07 2.670811314256025105e-07 5.165632001212355897e-07 5.546004819143264335e-07 7.475688192670956609e-07 6.722391845587011793e-07
2.704024207981974737e+00 9.687297181120014644e-06 2.651321763312712484e-07 2.689222143578472662e-07 5.193544455385133517e-07 5.569833393954260462e-07 7.506921333946424066e-07 6.747510608951010189e-07
2.713249810875123291e+00 9.730928138505245498e-06 2.664478691523181292e-07 2.696957923616645611e-07 5.225244606256607561e-07 5.595639747278864130e-07 7.536039224741033040e-07 6.774620447463374943e-07
2.722475413768272290e+00 9.774667909599147209e-06 2.675834632765499376e-07 2.705656299131626555e-07 5.255967830237918568e-07 5.622386023132585606e-07 7.564140430273679356e-07 6.802882693793705786e-07
2.731701016661421288e+00 9.818577827542034631e-06 2.684062153893031590e-07 2.720615757883085349e-07 5.284372083796572887e-07 5.644790799567968537e-07 7.589853386247238812e-07 6.844881352909302157e-07
2.740926619554569843e+00 9.862602561466273529e-06 2.690817430542677543e-07 2.739673816622810719e-07 5.303927137973317750e-07 5.668418764507232658e-07 7.614054744086876596e-07 6.888321155213993931e-07
2.750152222447718842e+00 9.906600060206242306e-06 2.695914154906978513e-07 2.757974621823114272e-07 5.323282396917925808e-07 5.692014698086222496e-07 7.638212627535760353e-07 6.931739332318309909e-07
2.759377825340867840e+00 9.950515655447152500e-06 2.703685525826284827e-07 2.776247221739596002e-07 5.342619405862447548e-07 5.715529758062109865e-07 7.662268167101865594e-07 6.975116235204475507e-07
