2.306400723287267349e-02 1.943525371799456320e+17 3.200000000000000000e+01 -3.200000000000000000e+01 3.200000000000000000e+01 -3.200000000000000000e+01 3.200000000000000000e+01 -3.200000000000000000e+01
3.228961012602173802e-02 4.056481922928151875e+14 3.500000000000000000e+00 4.062500000000000000e+00 7.000000000000000000e+00 8.375000000000000000e+00 1.012500000000000000e+01 1.293750000000000000e+01
4.151521301917080603e-02 7.339012828396059570e+12 3.415039062500000000e+00 4.042968750000000000e+00 6.958984375000000000e+00 8.266601562500000000e+00 1.001171875000000000e+01 1.291699218750000000e+01
5.074081591231988098e-02 4.110522231360736084e+11 3.013427734375000000e+00 3.565856933593750000e+00 6.135986328125000000e+00 7.296997070312500000e+00 8.834838867187500000e+00 1.139971923828125000e+01
5.996641880546894204e-02 4.540632264480178833e+10 2.555923461914062500e+00 3.021400451660156250e+00 5.199165344238281250e+00 6.189277648925781250e+00 7.493804931640625000e+00 9.668617248535156250e+00
6.919202169861800311e-02 7.835937853527873039e+09 2.132228851318359375e+00 2.517777442932128906e+00 4.332482337951660156e+00 5.163338661193847656e+00 6.251732826232910156e+00 8.065274238586425781e+00
7.841762459176707112e-02 1.847159202735204220e+09 1.762939691543579102e+00 2.079210519790649414e+00 3.577670812606811523e+00 4.269109249114990234e+00 5.169164657592773438e+00 6.667674303054809570e+00
8.764322748491613913e-02 5.470798196834820509e+08 1.447264432907104492e+00 1.704604148864746094e+00 2.932849287986755371e+00 3.504679918289184570e+00 4.243785619735717773e+00 5.472785830497741699e+00
9.686883037806519325e-02 1.926537555494011343e+08 1.178777992725372314e+00 1.385866433382034302e+00 2.384094178676605225e+00 2.853731393814086914e+00 3.455834090709686279e+00 4.455102860927581787e+00
1.060944332712142474e-01 7.765172669224736094e+07 9.493035823106765747e-01 1.113895431160926819e+00 1.915747508406639099e+00 2.297811552882194519e+00 2.782965183258056641e+00 3.585793957114219666e+00
1.153200361643633154e-01 3.486082199609101564e+07 7.512082681059837341e-01 8.804363235831260681e-01 1.513607986271381378e+00 1.820151060819625854e+00 2.204869754612445831e+00 2.838657632470130920e+00
1.245456390575123834e-01 1.708483807220931351e+07 5.813326798379421234e-01 6.789863482117652893e-01 1.167317036539316177e+00 1.406562600284814835e+00 1.704365801066160202e+00 2.191525384783744812e+00
1.337712419506614514e-01 9.002730759587714449e+06 4.301365707069635391e-01 5.026087593287229538e-01 8.653966076672077179e-01 1.045362368226051331e+00 1.267303103581070900e+00 1.626137867569923401e+00
1.429968448438105333e-01 5.041207498660873622e+06 2.978539736941456795e-01 3.486462440341711044e-01 5.994983771815896034e-01 7.270069904625415802e-01 8.821236034855246544e-01 1.127577122300863266e+00
1.522224477369596152e-01 2.972262302333591972e+06 1.805986352264881134e-01 2.130102044902741909e-01 3.630809551104903221e-01 4.436920569278299809e-01 5.393752730451524258e-01 6.862949542701244354e-01
1.614480506301086971e-01 1.831609574047462782e+06 7.589471549727022648e-02 8.804734633304178715e-02 1.507638695184141397e-01 1.889479819219559431e-01 2.312760292552411556e-01 2.932214091997593641e-01
1.706736535232577512e-01 1.172682672455547610e+06 2.546509215608239174e-02 2.085570944473147392e-02 4.877039860002696514e-02 3.928069910034537315e-02 7.774409046396613121e-02 5.587199958972632885e-02
1.798992564164068331e-01 7.762552627999002580e+05 1.280765049159526825e-01 1.077393352752551436e-01 2.594248256646096706e-01 2.240336309187114239e-01 4.129476504167541862e-01 3.058671945473179221e-01
1.891248593095559150e-01 5.291054905954595888e+05 2.232806755928322673e-01 1.904848562553524971e-01 4.586996630532667041e-01 3.923983365530148149e-01 7.239502997836098075e-01 5.450677173212170601e-01
1.983504622027049968e-01 3.700979058202980668e+05 3.148344000219367445e-01 2.674857067759148777e-01 6.469427425181493163e-01 5.474867375451140106e-01 1.017251252837013453e+00 7.703650061157532036e-01
2.075760650958540787e-01 2.648978116842684685e+05 4.017596071935258806e-01 3.416924495249986649e-01 8.261632251087576151e-01 6.962211230420507491e-01 1.297664557525422424e+00 9.854563424596562982e-01
2.168016679890031329e-01 1.935358742090322776e+05 4.852703124925028533e-01 4.124624957039486617e-01 9.982826359919272363e-01 8.411174823704641312e-01 1.569659426197176799e+00 1.193762859940761700e+00
2.260272708821522147e-01 1.440285341196726658e+05 5.687761501758359373e-01 4.843157826398964971e-01 1.167510647705057636e+00 9.845092693576589227e-01 1.837527723400853574e+00 1.398556734900921583e+00
2.352528737753012689e-01 1.089791406735373166e+05 6.524546611617552117e-01 5.542955012642778456e-01 1.336632507256581448e+00 1.128753144963411614e+00 2.105547133061918430e+00 1.603084021437098272e+00
2.444784766684503230e-01 8.370454736124299234e+04 7.352247756061842665e-01 6.249961107387207448e-01 1.507754896709229797e+00 1.276327599451178685e+00 2.378151863085804507e+00 1.810691883612889796e+00
2.537040795615994049e-01 6.517031533059136564e+04 8.195351121976273134e-01 6.973003242601407692e-01 1.682800470327492803e+00 1.429891739448066801e+00 2.660124511188769247e+00 2.024970102967927232e+00
2.629296824547484590e-01 5.136839360458853480e+04 9.067785492879920639e-01 7.711885744574829005e-01 1.870715246070176363e+00 1.592550522873352747e+00 2.956826251036545727e+00 2.249919105772278272e+00
2.721552853478975686e-01 4.094403463114047918e+04 9.992717635250301100e-01 8.528066941216820851e-01 2.072132754976337310e+00 1.767968861538975034e+00 3.274488607879902702e+00 2.492985366225184407e+00
2.813808882410466228e-01 3.296685581028656452e+04 1.108534750659600832e+00 9.427299883900559507e-01 2.289448491443181410e+00 1.960589223686838523e+00 3.620600128830119502e+00 2.762792491186701227e+00
2.906064911341957324e-01 2.678731005878639553e+04 1.221361644384160172e+00 1.048601509570289636e+00 2.530123717857350130e+00 2.172066121318493970e+00 4.004437497886101482e+00 3.063442450595175615e+00
2.998320940273447865e-01 2.194489858238642046e+04 1.349231732325279154e+00 1.163822016456833808e+00 2.801310789120179834e+00 2.398984299314179225e+00 4.437816961966746021e+00 3.404673065459064674e+00
3.090576969204938407e-01 1.810837352173833642e+04 1.493666901635151589e+00 1.291735263701411895e+00 3.111715737632039236e+00 2.653581570677488344e+00 4.936184763555502286e+00 3.799335039471770870e+00
3.182832998136429503e-01 1.503608565637982974e+04 1.663547219191968907e+00 1.447697399598837364e+00 3.525451679419347784e+00 2.917139241098993807e+00 5.520235132484231144e+00 4.264825490650764550e+00
3.275089027067920044e-01 1.254922228239592550e+04 1.856944683375331806e+00 1.639651461478933925e+00 3.965206914521331782e+00 3.218133978454716271e+00 6.218357123290843447e+00 4.825296177066775272e+00
3.367345055999411141e-01 1.051339139349030847e+04 2.102798231691849651e+00 1.866412061421215185e+00 4.546110826793665183e+00 3.565639802143778070e+00 7.070385453720518854e+00 5.515121330307010794e+00
3.459601084930901682e-01 8.825623731321928062e+03 2.418952013475063723e+00 2.144638939415017376e+00 5.182042147376705543e+00 4.123103305098993587e+00 8.133360008287127130e+00 6.384409028391019092e+00
3.551857113862392223e-01 7.404810608139814576e+03 2.812727195300794847e+00 2.508235274583967112e+00 5.965531464931700611e+00 4.797717256995383650e+00 9.723728856804882525e+00 7.507698511580201739e+00
3.644113142793883320e-01 6.184091299222324778e+03 3.317923399014034658e+00 2.972078838985908078e+00 7.167454301160432806e+00 5.736411837953710346e+00 1.153911050598981092e+01 8.996846340252886876e+00
3.736369171725373861e-01 5.103839483739598109e+03 4.007270545143910567e+00 3.656488262868151651e+00 8.665943711575891939e+00 7.013695328081666958e+00 1.394124898333393503e+01 1.097831019320437917e+01
3.828625200656864958e-01 4.103779883012311984e+03 4.999521737141549238e+00 4.519278966563433642e+00 1.070381561671001691e+01 8.752402034199803893e+00 1.920609323255666823e+01 1.343928844446281801e+01
3.920881229588355499e-01 3.113576281246917006e+03 6.191358901943658566e+00 5.700516313336265739e+00 1.334446832284447737e+01 1.137557340122384630e+01 2.555295946195656143e+01 1.605677460579454419e+01
4.013137258519846040e-01 2.053587577806882109e+03 7.141077109390607802e+00 6.856448613626071165e+00 1.630301538260482630e+01 1.390889803245431722e+01 2.932053600435847329e+01 1.924673188322026363e+01
4.105393287451337136e-01 9.514760538281954041e+02 5.656134754120785146e+00 5.959735845029285883e+00 1.426382100999148861e+01 1.250115438857517347e+01 2.306529087699709635e+01 1.895556918486522591e+01
4.197649316382827678e-01 4.974105492498376293e+02 2.159057433156704064e+00 2.008986105588860482e+00 5.588744975147335481e+00 5.997009690633490209e+00 8.777525562822347638e+00 1.081834647337353772e+01
4.289905345314318219e-01 1.422562698834117100e+03 9.053914615035409952e+00 8.517826620896357781e+00 2.285496187951594038e+01 2.509609087636090408e+01 3.784648819816902687e+01 4.721745406549257495e+01
4.382161374245809315e-01 2.238153549093022320e+03 7.391164766026122379e+00 6.817689060206703289e+00 1.500790236824923340e+01 1.652747063227070612e+01 2.505472500286259674e+01 2.990989249885660684e+01
4.474417403177299857e-01 2.428836316999680548e+03 3.939247258908835647e+00 3.598374624385542120e+00 8.381787177190290095e+00 7.861904802076423948e+00 1.179394973225089416e+01 1.357852836861502510e+01
4.566673432108790953e-01 2.345273505697402015e+03 1.844051059204048215e+00 1.714882128575027309e+00 4.157299304948992358e+00 3.595800438069545635e+00 5.519221420828671398e+00 5.906491819436268997e+00
4.658929461040280939e-01 2.180024655764650561e+03 7.956941152374383819e-01 7.321495899936962815e-01 1.801491949519004265e+00 1.567447503734001657e+00 2.445396118568169186e+00 2.664088531648303615e+00
4.751185489971772036e-01 2.000353958394869778e+03 2.463373819298340095e-01 2.257927306063720607e-01 5.427740790289590223e-01 4.906355892858300649e-01 7.199631349121773383e-01 8.848543604458427581e-01
4.843441518903262577e-01 1.828294069817354057e+03 4.868664066498240572e-02 5.381131436388386646e-02 8.700996581319486722e-02 1.373802523664835462e-01 1.269561615827115020e-01 2.024729173174364405e-01
4.935697547834753673e-01 1.670455808447557501e+03 1.984960217760090018e-01 2.242332825619541836e-01 3.977055071406994102e-01 5.260531403955610585e-01 6.714782516673949431e-01 7.293832692737396428e-01
5.027953576766244215e-01 1.528037284329114982e+03 2.790897402110203984e-01 3.207829689260961459e-01 5.698002196827474108e-01 7.338255297595424054e-01 9.529081753125865362e-01 1.030437628079425849e+00
5.120209605697735311e-01 1.400326895344206605e+03 3.239505116134751006e-01 3.730672220713131537e-01 6.624666363206870301e-01 8.483863951514649671e-01 1.096113342151511461e+00 1.197125790300560766e+00
5.212465634629225297e-01 1.285997643885849811e+03 3.475062430743491859e-01 3.961976431539824262e-01 7.089444985331283533e-01 9.003489271176476905e-01 1.159882158122854889e+00 1.282378010812635694e+00
5.304721663560716394e-01 1.183601694889975079e+03 3.545191918085492944e-01 4.045258469211603369e-01 7.293847724527040555e-01 9.237621958354793605e-01 1.177452280471243284e+00 1.317396486426559932e+00
5.396977692492206380e-01 1.091757705635933235e+03 3.555662940182173770e-01 4.026063777860144910e-01 7.319510351792359870e-01 9.257139679764350149e-01 1.163902666103467709e+00 1.321098039927392165e+00
5.489233721423698587e-01 1.009215022307621098e+03 3.507610038897155391e-01 3.991211278357695846e-01 7.239574813270337472e-01 9.143886336537434545e-01 1.081194691270411568e+00 1.305234746312066818e+00
5.581489750355188573e-01 9.348676314213993237e+02 3.433216841245894102e-01 3.893138927555810369e-01 7.090003952631604989e-01 8.909893882138248955e-01 9.995114439127519290e-01 1.277258227900802012e+00
5.673745779286679669e-01 8.677480295551787322e+02 3.345718538536175402e-01 3.811150417762974030e-01 6.898246467154649508e-01 8.588362602724828321e-01 9.692266075575162176e-01 1.241971328874114988e+00
5.766001808218169655e-01 8.070138479805158340e+02 3.247808633896056563e-01 3.681971990253032345e-01 6.623784695389076660e-01 8.253055801471873565e-01 9.394353482131236888e-01 1.202507898113367446e+00
5.858257837149661862e-01 7.519327305057661306e+02 3.098201629264849544e-01 3.559328828326897565e-01 6.346729279523515288e-01 7.915947528106244135e-01 9.077763285879427713e-01 1.160929164803519598e+00
5.950513866081151848e-01 7.018677551789677409e+02 2.980214544179489167e-01 3.422527081846737929e-01 6.104580495723439526e-01 7.584368849678639890e-01 8.753633612781186457e-01 1.118595241954949415e+00
6.042769895012642944e-01 6.562642633605247511e+02 2.874945763703635748e-01 3.293779266934961925e-01 5.866640548099439911e-01 7.262708432763247401e-01 8.429337777605496740e-01 1.076401381127766399e+00
6.135025923944132931e-01 6.146383253635195842e+02 2.758681990015929841e-01 3.169024681541259270e-01 5.653586224502760160e-01 6.953057491930394463e-01 8.109717913761187447e-01 1.034930999977291322e+00
6.227281952875624027e-01 5.765667986438508024e+02 2.657523899363241071e-01 3.045843007356552334e-01 5.445003253367985963e-01 6.656612072366669963e-01 7.797898236914306835e-01 9.945564227430168103e-01
6.319537981807114013e-01 5.416788275337341929e+02 2.552151263748783094e-01 2.927717042387030233e-01 5.242363000223804193e-01 6.374539706160931019e-01 7.495828932894710306e-01 9.555061509194047176e-01
6.411794010738606220e-01 5.096486025993979752e+02 2.443485997252423658e-01 2.814731661099472149e-01 4.977345277464451101e-01 6.106841824881712455e-01 7.204654482235923751e-01 9.179103444363931885e-01
6.504050039670096206e-01 4.801892004762685247e+02 2.341985880658512542e-01 2.701958475099672796e-01 4.772644428971943853e-01 5.853210559658350576e-01 6.924965804216753895e-01 8.818319000796464024e-01
6.596306068601587302e-01 4.530473414452879410e+02 2.237509438028837394e-01 2.593002380376674409e-01 4.580694390450616993e-01 5.613150116682845692e-01 6.656974454751320991e-01 8.472878787365516473e-01
6.688562097533077289e-01 4.279989226645362805e+02 2.149463349593361272e-01 2.498824564070787346e-01 4.397647747214818992e-01 5.386057048376073908e-01 6.400633881577277862e-01 8.142643858446376726e-01
6.780818126464568385e-01 4.048452056019732481e+02 2.068631176577468977e-01 2.406552428274721933e-01 4.223230566909137451e-01 5.157272583718395254e-01 6.156633081894824500e-01 7.827269621740811090e-01
6.873074155396059481e-01 3.834095550515318109e+02 1.988152241011107435e-01 2.316583974337618201e-01 4.057108597675664896e-01 4.937592792179543721e-01 5.931048426267579998e-01 7.526278658586420534e-01
6.965330184327550578e-01 3.635346435682508286e+02 1.918891644583595735e-01 2.235402455817165901e-01 3.898913492768656397e-01 4.738679038868554017e-01 5.716193667860807182e-01 7.239111836259439769e-01
7.057586213259040564e-01 3.450800491897973643e+02 1.851634128709065408e-01 2.159591691890909715e-01 3.748260884670457926e-01 4.567587698759894010e-01 5.511599276794640900e-01 6.965164151715157459e-01
7.149842242190531660e-01 3.279201861176181296e+02 1.781961075046751830e-01 2.085507945004678731e-01 3.605177405131598789e-01 4.404557774154795879e-01 5.316781206192899845e-01 6.703809770716588901e-01
7.242098271122021647e-01 3.119425178903862843e+02 1.711908754594446691e-01 2.007655120066829113e-01 3.473462494782211252e-01 4.249189914404496449e-01 5.131254083017893208e-01 6.454419384154448380e-01
7.334354300053513853e-01 2.970460107833801544e+02 1.645431924904414700e-01 1.926717599575340500e-01 3.347718161832062833e-01 4.101090571070358237e-01 4.954540189431781982e-01 6.216372081893268842e-01
7.426610328985003839e-01 2.831397919779025187e+02 1.584147014687005139e-01 1.852113894213971435e-01 3.227635500794576728e-01 3.959876995897388952e-01 4.786175441888644855e-01 5.989063305846116236e-01
7.518866357916494936e-01 2.701419826991252080e+02 1.528519283486957647e-01 1.788115272011623347e-01 3.112915094075106026e-01 3.821454668896535622e-01 4.625713228172685376e-01 5.771909997536113224e-01
7.611122386847984922e-01 2.579786812186101770e+02 1.474535367681824027e-01 1.726994958067962216e-01 2.999901329084195822e-01 3.689625307834489831e-01 4.472726718694843839e-01 5.564353740708156693e-01
7.703378415779476018e-01 2.465830745262057633e+02 1.425903344343737444e-01 1.668490942850837655e-01 2.887312374747637023e-01 3.564340351073838065e-01 4.326810095352584540e-01 5.365862476188851815e-01
7.795634444710966005e-01 2.358946607335622048e+02 1.377305328961710984e-01 1.608862370080146320e-01 2.779563744342112841e-01 3.434606540252218565e-01 4.187579018000349151e-01 5.175931206580628441e-01
7.887890473642458211e-01 2.258585669918949179e+02 1.321486284460888783e-01 1.548169820563032317e-01 2.676375498822665122e-01 3.296330810148333512e-01 4.054670560088027287e-01 4.994081993604595482e-01
7.980146502573948197e-01 2.164249499836812731e+02 1.285690769412894952e-01 1.495029419209856769e-01 2.577483976341170546e-01 3.173664703188592284e-01 3.927742781187077981e-01 4.819863467978677818e-01
8.072402531505439294e-01 2.075484679580598595e+02 1.238401538857374362e-01 1.442393156338255267e-01 2.486800783027263151e-01 3.076393123027969523e-01 3.803717817654614919e-01 4.652850011517557505e-01
8.164658560436929280e-01 1.991878148860305657e+02 1.193991551924113992e-01 1.390928728805533865e-01 2.400054271684552987e-01 2.983401005542418716e-01 3.676112199929377766e-01 4.492640727217462882e-01
8.256914589368421487e-01 1.913053086653411867e+02 1.151151869449336118e-01 1.333794827405085925e-01 2.324734879437073687e-01 2.894255137195216321e-01 3.554138085092688470e-01 4.338858281041382270e-01
8.349170618299911473e-01 1.838665264493812685e+02 1.114590153912331516e-01 1.286054737921631386e-01 2.254584076466130682e-01 2.808779581773137579e-01 3.437469227935423532e-01 4.191147675529407479e-01
8.441426647231402569e-01 1.768399811396723749e+02 1.076995878044328947e-01 1.245823289566487801e-01 2.187196581691353003e-01 2.716594357385417879e-01 3.325801647851847065e-01 4.049174998039291040e-01
8.533682676162892555e-01 1.701968339127509466e+02 1.037904350671396969e-01 1.200123171180678128e-01 2.119826624677614291e-01 2.620599395663987252e-01 3.218851984317439019e-01 3.912626173910211946e-01
8.625938705094383652e-01 1.639106383387042172e+02 1.010146439153061237e-01 1.155532507597456515e-01 2.061290313029644494e-01 2.527818051611916417e-01 3.116355962563090998e-01 3.781205745189595291e-01
8.718194734025873638e-01 1.579571122563331755e+02 9.778829139048639263e-02 1.114487319517252217e-01 1.998397337762582993e-01 2.438219176657696607e-01 3.018066967704271519e-01 3.654635688950804706e-01
8.810450762957365844e-01 1.523139340737325824e+02 9.450791545035031049e-02 1.082092683455755378e-01 1.934619869863638542e-01 2.351821194258150172e-01 2.923754723482829831e-01 3.532654284109355558e-01
8.902706791888855831e-01 1.469605606012061116e+02 9.186169972699076425e-02 1.045903506197305433e-01 1.879858903655815539e-01 2.268445009742094953e-01 2.833204070581700762e-01 3.415015031992538752e-01
8.994962820820346927e-01 1.418780638976451485e+02 8.941613215327492981e-02 1.008449203293650953e-01 1.827345083487443844e-01 2.187921990054064736e-01 2.746213838796620621e-01 3.301485633265031083e-01
9.087218849751836913e-01 1.370489849335586712e+02 8.704127818188567289e-02 9.722487893003517456e-02 1.771088269891265554e-01 2.110093207314491792e-01 2.662595806991134850e-01 3.191847021917055827e-01
9.179474878683329120e-01 1.324572021513100424e+02 8.469344604316120240e-02 9.409013963204415631e-02 1.711062480367218086e-01 2.034808731242776503e-01 2.582173744730482667e-01 3.107840839460891402e-01
9.271730907614816886e-01 1.280878132425981164e+02 8.182466887194550509e-02 9.072988374130375178e-02 1.652995879635454912e-01 1.962182431804961880e-01 2.504782529570661609e-01 3.035050584907992288e-01
9.363986936546309092e-01 1.239270286702861057e+02 7.915023945577104314e-02 8.773690484709106840e-02 1.596785137337093374e-01 1.892085065320969761e-01 2.430267334194979867e-01 2.965389508346163439e-01
9.456242965477800189e-01 1.199620756411102462e+02 7.705183053072062194e-02 8.489883567204969950e-02 1.553819409190282386e-01 1.835482897039639738e-01 2.358482877889542806e-01 2.898726061316665437e-01
9.548498994409290175e-01 1.161811113914844071e+02 7.526512526658279967e-02 8.223433026525128753e-02 1.520283600913074906e-01 1.788164264161338224e-01 2.289292737142574197e-01 2.831336324357636158e-01
9.640755023340780161e-01 1.125731447840585702e+02 7.300793304493424785e-02 7.946639355360218815e-02 1.488241074212339754e-01 1.735476610014075050e-01 2.222568710521386492e-01 2.746928868241553801e-01
9.733011052272271257e-01 1.091279653305374637e+02 7.055930416109390535e-02 7.790525778796109080e-02 1.448089675546242461e-01 1.674964086842578581e-01 2.158190233296863880e-01 2.665296084337569482e-01
9.825267081203763464e-01 1.058360788591462125e+02 6.808253605134950703e-02 7.549753159035788030e-02 1.405023401204203992e-01 1.621170279238839385e-01 2.096043837643435381e-01 2.586301713252083800e-01
9.917523110135253450e-01 1.026886491350188493e+02 6.578145726805928462e-02 7.328402203231121348e-02 1.360109779621438975e-01 1.573169495100756876e-01 2.036022654543643284e-01 2.509816760739909114e-01
1.000977913906674344e+00 9.967744482036108877e+01 6.330934162110679608e-02 7.102683999957548622e-02 1.316486428159180377e-01 1.530318711582907554e-01 1.978025953852977636e-01 2.460418356718179211e-01
1.010203516799823564e+00 9.679479123022854026e+01 6.131783574144833437e-02 6.972679909380019581e-02 1.274039300179339307e-01 1.503751299969593447e-01 1.921958719242979896e-01 2.425455221600145705e-01
1.019429119692972563e+00 9.403352640020574427e+01 5.954931630125770425e-02 6.792346422366790648e-02 1.232295226015338585e-01 1.447965070644983143e-01 1.867731255032083482e-01 2.392655756409283185e-01
1.028654722586121562e+00 9.138696103545686356e+01 5.832231344277261087e-02 6.491700582169812606e-02 1.188883818083752431e-01 1.403392045638724994e-01 1.815206219097262874e-01 2.361975682886736649e-01
1.037880325479270560e+00 8.884884195739945767e+01 5.670176218522726685e-02 6.259325263738446665e-02 1.152837906937662638e-01 1.370879323763318780e-01 1.764339756530404202e-01 2.333376397969004756e-01
1.047105928372419781e+00 8.641331870551026384e+01 5.505530808626701855e-02 5.975195016809209392e-02 1.131785760267263186e-01 1.339620113910058308e-01 1.715072292863197845e-01 2.306824885526452817e-01
1.056331531265569001e+00 8.407491298814503011e+01 5.385957976731958752e-02 5.784163462664082545e-02 1.128798261932644209e-01 1.309475321744599796e-01 1.681958541733479251e-01 2.282293661135952334e-01
1.065557134158718000e+00 8.182849070841065497e+01 5.213565924120189266e-02 5.564245228285358280e-02 1.097340323711648580e-01 1.279931009194115177e-01 1.651358252665602322e-01 2.245660733162253564e-01
1.074782737051866999e+00 7.966923631956473173e+01 5.014063620974695823e-02 5.430368800483620362e-02 1.062777567868238293e-01 1.246737084523772410e-01 1.622168007224189523e-01 2.175890413390249023e-01
1.084008339945015997e+00 7.759262928960114891e+01 4.915555894703516060e-02 5.253931321333027427e-02 1.039306766400613924e-01 1.217149362493614717e-01 1.594354628571039711e-01 2.107886774117986306e-01
1.093233942838165218e+00 7.559442247698991935e+01 4.808416717386876371e-02 5.090938039374748314e-02 1.005049791013732374e-01 1.199254266098819244e-01 1.567888372087651305e-01 2.041565974562189467e-01
1.102459545731314217e+00 7.367062223935080567e+01 4.638720751009373089e-02 4.939881349272923217e-02 1.003055542904576214e-01 1.155265829510909725e-01 1.531721590217358653e-01 1.976847192774897621e-01
1.111685148624463215e+00 7.181747011441537154e+01 4.483078849432331481e-02 4.767867687493776430e-02 9.805790868907138247e-02 1.113696120654878996e-01 1.477987304062793328e-01 1.913652869511821564e-01
1.120910751517612436e+00 7.003142592826921486e+01 4.365688125706412848e-02 4.624926785457716960e-02 9.562495410742144486e-02 1.089474738768103634e-01 1.425361007259908774e-01 1.851908474109080771e-01
1.130136354410761435e+00 6.830915219974839658e+01 4.229306601320104164e-02 4.577325313989888400e-02 9.401204116090866592e-02 1.066136844677316731e-01 1.416831392166528758e-01 1.791542283489064857e-01
1.139361957303910433e+00 6.664749972225352792e+01 4.107403996410141644e-02 4.431939613972701864e-02 9.211848799644428709e-02 1.043432995750066539e-01 1.444495839701716022e-01 1.732485173498616859e-01
1.148587560197059654e+00 6.504349421523889418e+01 4.047902008545634089e-02 4.306640433600250617e-02 8.995333022775753307e-02 1.021600559050170887e-01 1.436702357723333989e-01 1.674670421952271226e-01
1.157813163090208652e+00 6.349432394747815778e+01 3.920047772425050425e-02 4.193643022111359642e-02 8.804692551370862930e-02 1.000625303914119968e-01 1.419136896598516273e-01 1.634203087254277875e-01
1.167038765983357873e+00 6.199732824295832501e+01 3.824268645329453875e-02 4.089171604154984152e-02 8.622097295619113311e-02 9.817616441175402997e-02 1.402935722829141696e-01 1.620434769261578367e-01
1.176264368876506872e+00 6.054998678809455015e+01 3.768698021342231641e-02 3.987957215326076721e-02 8.773188794394570778e-02 9.585888914055828991e-02 1.387968032957473952e-01 1.608145053602001440e-01
1.185489971769655870e+00 5.914990966599818734e+01 3.649005692996354355e-02 3.844574734683448014e-02 8.703815895045607931e-02 9.258822116898812737e-02 1.374238949689754463e-01 1.597353426582017732e-01
1.194715574662805091e+00 5.779482804985411093e+01 3.573570916207557957e-02 3.736295072018691599e-02 8.498342502902289652e-02 9.159633736838657114e-02 1.361757606053259906e-01 1.588085095754792064e-01
1.203941177555954090e+00 5.648258549322095945e+01 3.481185444501022630e-02 3.590098316978895809e-02 8.259467444000279102e-02 8.981705828170305494e-02 1.350537363487305242e-01 1.551683667089776009e-01
1.213166780449103088e+00 5.521112976038207165e+01 3.472353387614646181e-02 3.500013457209405487e-02 8.007920166982529508e-02 8.850213295600894980e-02 1.340596069106894106e-01 1.466630618013553544e-01
1.222392383342252087e+00 5.397850514483156559e+01 3.396062259724885735e-02 3.350439219149592418e-02 7.676894279584445258e-02 8.941838906148547039e-02 1.331898320859110640e-01 1.395002268191234407e-01
1.231617986235401307e+00 5.278284522882565000e+01 3.319367886496848996e-02 3.309203268164395695e-02 7.548026300587906690e-02 9.032372686306899823e-02 1.324506135119918326e-01 1.419128630240678035e-01
1.240843589128550528e+00 5.162236604179594224e+01 3.257156374476011251e-02 3.216134487107069617e-02 7.362845886920155181e-02 9.243667759771057035e-02 1.345810177130886132e-01 1.445290324492845002e-01
1.250069192021699527e+00 5.049535958063236762e+01 3.180907232098206805e-02 3.306770979944673172e-02 7.446831653688690267e-02 9.273126142686294315e-02 1.371816262422527188e-01 1.473620792969754234e-01
1.259294794914848525e+00 4.940018766075698409e+01 3.074647489599868777e-02 3.382823537577905881e-02 7.610744216810161333e-02 9.386090300110083717e-02 1.399886034676995905e-01 1.504268862725410827e-01
1.268520397807997524e+00 4.833527607405093818e+01 3.104936271651581592e-02 3.430658016713294955e-02 7.787327814104116896e-02 9.315130696180773384e-02 1.430156126579262832e-01 1.537400727416766699e-01
1.277746000701146745e+00 4.729910903883610729e+01 3.081913597588936682e-02 3.341480552963815853e-02 7.977957022264092757e-02 9.280751377922058509e-02 1.462877244502607255e-01 1.573202248909879586e-01
1.286971603594295521e+00 4.629022393931987267e+01 3.121466208877876625e-02 3.191395064988000740e-02 8.118241737496134647e-02 9.393153129940401413e-02 1.498171798321834558e-01 1.592430999821061732e-01
1.296197206487444742e+00 4.530720636882203678e+01 3.203237496621369473e-02 3.219387937237172537e-02 8.001561139484181240e-02 9.818134474229367470e-02 1.536174780162227194e-01 1.604232727986456553e-01
1.305422809380593963e+00 4.434868551505496725e+01 3.306884030057233304e-02 3.301254044400536714e-02 8.274784149600122873e-02 1.014571099269261367e-01 1.577092813077527467e-01 1.618584424033642222e-01
1.314648412273742961e+00 4.341332996031158586e+01 3.294490439721897701e-02 3.351869927737283206e-02 8.450785586882858524e-02 1.016655520772999921e-01 1.623647918614068431e-01 1.635671692626985418e-01
1.323874015166892182e+00 4.249984401995262573e+01 3.420362340789750988e-02 3.493232638213328300e-02 8.591692269994410935e-02 1.044772418345161213e-01 1.674750264306581471e-01 1.655706573924504710e-01
1.333099618060040958e+00 4.160696481726569829e+01 3.591945442544641764e-02 3.575672900363002782e-02 8.875094157230023484e-02 1.066832525408401011e-01 1.729661933712165478e-01 1.678931631764797316e-01
1.342325220953190179e+00 4.073346040413141367e+01 3.732815095997210619e-02 3.704914976031403739e-02 9.434278121330663680e-02 1.079838676247248941e-01 1.788728538913204602e-01 1.764242478034461215e-01
1.351550823846339400e+00 3.987812940451296129e+01 3.916297387478806513e-02 3.888451368041501155e-02 9.607052610392230463e-02 1.141853944685990996e-01 1.852337251660287620e-01 1.860765901112984011e-01
1.360776426739488176e+00 3.903980291229252941e+01 4.150793560639698399e-02 4.089498218392151330e-02 1.024213339816029134e-01 1.181938258258554697e-01 1.920880812845595642e-01 1.963968782402147895e-01
1.370002029632637397e+00 3.821734976531649863e+01 4.353865572422677133e-02 4.233349108260142657e-02 1.091139224912396344e-01 1.199086476158655046e-01 1.994870424849963797e-01 2.074613430948062387e-01
1.379227632525786396e+00 3.740968692256987538e+01 4.577047465867423170e-02 4.354111863337095656e-02 1.154428499131299191e-01 1.258990569480857857e-01 2.074867708827738966e-01 2.193565751262767094e-01
1.388453235418935616e+00 3.661579762025716889e+01 4.933481076081847050e-02 4.472173453527972242e-02 1.204667420324909699e-01 1.326240533988141124e-01 2.161481802837457167e-01 2.280148704852180686e-01
1.397678838312084837e+00 3.583476148959625363e+01 5.234354638127314274e-02 4.698655453450584218e-02 1.273432851875853089e-01 1.398435777275821579e-01 2.255391140462634780e-01 2.340631631320420070e-01
1.406904441205233613e+00 3.506580324613102562e+01 5.459119258707545441e-02 5.029348730448646165e-02 1.331146288108797648e-01 1.479989925459221922e-01 2.398322352804811430e-01 2.408221884691599257e-01
1.416130044098382834e+00 3.430837052831209633e+01 5.743448179928378750e-02 5.231328462060247375e-02 1.384984820192798338e-01 1.562768225781638876e-01 2.557993717128113076e-01 2.560548068049826043e-01
1.425355646991532055e+00 3.356225805678822383e+01 6.058436996102756211e-02 5.658582637266817983e-02 1.483695998344174427e-01 1.654331552291452567e-01 2.727534069633321678e-01 2.738087858354987247e-01
1.434581249884680831e+00 3.282780643505223139e+01 6.518704118089146959e-02 6.102294891972093183e-02 1.576569754857075623e-01 1.727071235995936149e-01 2.907378802580851129e-01 2.938985546439809582e-01
1.443806852777830052e+00 3.210622311215823999e+01 7.016552501746531334e-02 6.508630894207811934e-02 1.675374436058305605e-01 1.844450282099181493e-01 3.097656285189529513e-01 3.133150298772839903e-01
1.453032455670979051e+00 3.140010671806671283e+01 7.509083688728779293e-02 7.007711361499602276e-02 1.785580989077111269e-01 1.972147444056595589e-01 3.297941692225521138e-01 3.324071716398684373e-01
1.462258058564128271e+00 3.071431618553571141e+01 7.985008029779194771e-02 7.536489996287087934e-02 1.910625823179792349e-01 2.128014961728617038e-01 3.506856755374911927e-01 3.537370883533803578e-01
1.471483661457277492e+00 3.005743537600719861e+01 8.602366555138019066e-02 8.178935878510174007e-02 2.052248117665662619e-01 2.279676846123699363e-01 3.721429830948679296e-01 3.776323717185547935e-01
1.480709264350426269e+00 2.944428426683172972e+01 9.247528483067313232e-02 8.906493491615208313e-02 2.213426491254502082e-01 2.480549173392638806e-01 3.936106834270951538e-01 4.044606142431632634e-01
1.489934867243575489e+00 2.890029273310800662e+01 1.010415191376168309e-01 9.541640765275261060e-02 2.351645299895075425e-01 2.675786439408156525e-01 4.182563074890452981e-01 4.373515091932560495e-01
1.499160470136724488e+00 2.846918786632042853e+01 1.091832969823975930e-01 1.029285452553381219e-01 2.514566205909005703e-01 2.843904108130423936e-01 4.560558571271968731e-01 4.767290673892041752e-01
1.508386073029873486e+00 2.822637191090872477e+01 1.195837843707892034e-01 1.122347440163125043e-01 2.706273984770781738e-01 3.140118387013366430e-01 4.993349123554970959e-01 5.211886012284665526e-01
1.517611675923022485e+00 2.830074936744836478e+01 1.302691510941258457e-01 1.259714286133011285e-01 2.927108711973254174e-01 3.495361028238406220e-01 5.489101319346971763e-01 5.718605740356750289e-01
1.526837278816171706e+00 2.890192637646607920e+01 1.448618745944010300e-01 1.393182788192248722e-01 3.322924657093828671e-01 3.854959309752423735e-01 6.057534305490293036e-01 6.312414294497763478e-01
1.536062881709320926e+00 3.031007756430033595e+01 1.605204778484683459e-01 1.539602659339216473e-01 3.710442523554995375e-01 4.412757833391935947e-01 6.716098141998863014e-01 7.058897014297116357e-01
1.545288484602469925e+00 3.261894546208620937e+01 1.827936524091882120e-01 1.678793351937528655e-01 4.258910201339318746e-01 4.959938363649527560e-01 7.504786135523389135e-01 8.102879524039003911e-01
1.554514087495618924e+00 3.471961734063948057e+01 2.132776018957045494e-01 1.912685846584309957e-01 5.119811006533936393e-01 5.252955060517408015e-01 8.563474174834908581e-01 9.155660910921596951e-01
1.563739690388767922e+00 3.324751246887189637e+01 2.319531585299756671e-01 2.099724924952539595e-01 5.788463891672606110e-01 5.737569526262120689e-01 1.042681144534789439e+00 9.860073168032101876e-01
1.572965293281917143e+00 2.613510094816917473e+01 2.076860055285543183e-01 1.930878605373855805e-01 4.856274314384876334e-01 5.088261961083304641e-01 9.030637071816478567e-01 9.480066537821869588e-01
1.582190896175066142e+00 1.690282815477783274e+01 1.295591667515516576e-01 1.339247983185920532e-01 2.917666570329018327e-01 3.209309899519219300e-01 4.993505985926738333e-01 5.494732453875563749e-01
1.591416499068215140e+00 1.152756837059443029e+01 1.589600391797105772e-01 1.736010697060521579e-01 3.254592714611064252e-01 4.202504944243692364e-01 5.171775193985901353e-01 6.089269145251972049e-01
1.600642101961364361e+00 1.573072184367829074e+01 2.051648993019039580e-01 2.175085729606536233e-01 4.254930541113086662e-01 4.697573670145658298e-01 6.097652228846204281e-01 6.225701927430478122e-01
1.609867704854513359e+00 2.685479166946655027e+01 2.272782127867358781e-01 2.298657655666005439e-01 4.624603295305256268e-01 5.328380098100033990e-01 9.602625383230503076e-01 7.654443265340731273e-01
1.619093307747662580e+00 3.502963469794377716e+01 2.327904859843243912e-01 2.402545250076926209e-01 4.898122298951008702e-01 5.675485511760598456e-01 9.815209893236058747e-01 9.265959271821628818e-01
1.628318910640811579e+00 3.806813083674637710e+01 1.766100804504446842e-01 1.794354787699319331e-01 3.310092909335935474e-01 4.205585004887737455e-01 6.221341656155914279e-01 6.565104442767548676e-01
1.637544513533960577e+00 3.832402754426340863e+01 1.371644330928418754e-01 1.496023521853047100e-01 2.456085829393686026e-01 3.142877215361323806e-01 3.807415611139219891e-01 5.300647707559349442e-01
1.646770116427109798e+00 3.750593320316354351e+01 1.288536387919165804e-01 1.370422878357473451e-01 2.338640062879946413e-01 3.067639788904443776e-01 3.262684047412633959e-01 4.895557589490309169e-01
1.655995719320258575e+00 3.636164671193447617e+01 1.311995758952093638e-01 1.358307401537217629e-01 2.423253728119263428e-01 3.070102618763002056e-01 3.692425049362313416e-01 4.555212974968156914e-01
1.665221322213407795e+00 3.517668970251239102e+01 1.255606178737664891e-01 1.327695220010554067e-01 2.325284327981123056e-01 3.120792543160675336e-01 3.839952738487113493e-01 4.394632485985212611e-01
1.674446925106557016e+00 3.405129505826027980e+01 1.205886565162543889e-01 1.235507148747174710e-01 2.397908533631962769e-01 3.089576284973247766e-01 3.835634064886690453e-01 4.302055507746658236e-01
1.683672527999706015e+00 3.301441820097948465e+01 1.139122156766987359e-01 1.160297899393185617e-01 2.372987428721060610e-01 2.995956087452000816e-01 3.752481968817562574e-01 4.150599011325937227e-01
1.692898130892855235e+00 3.206826843842865316e+01 1.101718352811644763e-01 1.118107765656510821e-01 2.330130433591364181e-01 2.939558966769695303e-01 3.762017297119228942e-01 3.975425263277543309e-01
1.702123733786004012e+00 3.120571296048165166e+01 1.050231492599174032e-01 1.054775029968766376e-01 2.313675985084451270e-01 2.819152789933312420e-01 3.740079167347261091e-01 3.795125614130547831e-01
1.711349336679153232e+00 3.041708989369248428e+01 9.948165824895838227e-02 9.967104345356148087e-02 2.271755001420601161e-01 2.696618167343238781e-01 3.679349066805137625e-01 3.618940344364567352e-01
1.720574939572302453e+00 2.969280781274775549e+01 9.483574304301711777e-02 9.517732811399071124e-02 2.165851316515592373e-01 2.578819806211356536e-01 3.597324407392861190e-01 3.509381788580689943e-01
1.729800542465451230e+00 2.902424473363690893e+01 9.171211795807820977e-02 9.114386367752658202e-02 2.127193098759505574e-01 2.463024269964151358e-01 3.504519156360039744e-01 3.402222662685723265e-01
1.739026145358600450e+00 2.840396369429393530e+01 8.810848483020450317e-02 8.751944212272277923e-02 2.050290787471027443e-01 2.355819274974848554e-01 3.407287270267715940e-01 3.293964563915317001e-01
1.748251748251749449e+00 2.782566512527992941e+01 8.440229279854705169e-02 8.293946621996539648e-02 1.989477701593251879e-01 2.304739583523520707e-01 3.309463678968320721e-01 3.187635483420372395e-01
1.757477351144898670e+00 2.728405080876490629e+01 8.085374573387582586e-02 7.982225895083061573e-02 1.938968686259698870e-01 2.214023045719564209e-01 3.202277629102674439e-01 3.084934612264831344e-01
1.766702954038047890e+00 2.677467093014586297e+01 7.815367674294293465e-02 7.660937685287905197e-02 1.874714233217034121e-01 2.120990640134898797e-01 3.081763001642912059e-01 2.986754698918154816e-01
1.775928556931196667e+00 2.629378168302622854e+01 7.477637154018523802e-02 7.297535326107507103e-02 1.795020430273090994e-01 2.034650023796871210e-01 2.968981356569670993e-01 2.893497590844056333e-01
1.785154159824345887e+00 2.583822216770324331e+01 7.210687288222672464e-02 7.066505221795793545e-02 1.721004873470199925e-01 1.954426905848869467e-01 2.863536780388571401e-01 2.805267561918753927e-01
1.794379762717494886e+00 2.540531160344976414e+01 6.882735286058050406e-02 6.879365539410287056e-02 1.652538207745131160e-01 1.892744672203008349e-01 2.764962823738770226e-01 2.721991087288806455e-01
1.803605365610643885e+00 2.499276495586246583e+01 6.637945437261549841e-02 6.677793498827355734e-02 1.588989914286571548e-01 1.834808697897969409e-01 2.672770717100760862e-01 2.643491628019276618e-01
1.812830968503793105e+00 2.459862422947054483e+01 6.427057296320271007e-02 6.504230481865747038e-02 1.529818290979285678e-01 1.771253326905366521e-01 2.586477090336458673e-01 2.569536506477376747e-01
1.822056571396942104e+00 2.422120267680726968e+01 6.190658548390359783e-02 6.281989549627908787e-02 1.469566203186829512e-01 1.711710881774237691e-01 2.505619299090682262e-01 2.499866262194174737e-01
1.831282174290091325e+00 2.385903948907980165e+01 6.017270213521186406e-02 6.044859003656810614e-02 1.413095922040987773e-01 1.655889898943030403e-01 2.429763256664436710e-01 2.434212905060419985e-01
1.840507777183240323e+00 2.351086292671378430e+01 5.876795289819369827e-02 5.821456758162568690e-02 1.366030247031098099e-01 1.603455031710687706e-01 2.358506760717027362e-01 2.372311083021330091e-01
