4.612801446574533726e-01 1.733123725417618743e+03 1.799872776804932073e+00 1.930683462185697863e+00 3.724654050590743282e+00 4.501900996026279245e+00 6.121334751354879700e+00 6.156535121426259138e+00
4.705057475506024267e-01 1.515512410257688316e+03 1.769342408881129813e+00 1.931923235069007205e+00 3.761937495327401848e+00 4.581937460487552016e+00 6.412982395312837980e+00 5.992766833526502523e+00
4.797313504437515363e-01 1.336698313575447855e+03 1.677163351763510946e+00 1.846090084267643761e+00 3.484098950598308875e+00 4.269636335602626787e+00 6.055070574361025137e+00 5.774120450470036303e+00
4.889569533369005905e-01 1.189018192460318005e+03 1.521528099565330194e+00 1.705997907462688090e+00 3.159599892000869659e+00 3.943180839683009253e+00 5.483214055895132333e+00 5.395032775669960756e+00
4.981825562300497001e-01 1.065603593336588801e+03 1.375113339407789681e+00 1.582801383808373430e+00 2.878554610465471342e+00 3.580029443519379129e+00 4.856245789318791140e+00 4.982048911461333773e+00
5.074081591231986987e-01 9.611908759232906050e+02 1.249007660936626962e+00 1.451501829397670917e+00 2.591917876395882558e+00 3.294863636024615516e+00 4.354544527771736284e+00 4.583923567090437245e+00
5.166337620163478084e-01 8.718633255825287733e+02 1.156652000984877304e+00 1.329106707958430889e+00 2.370533444781244725e+00 2.969472800406606439e+00 3.922835781304684133e+00 4.217750469026782412e+00
5.258593649094969180e-01 7.946951563903330680e+02 1.060092891007570870e+00 1.214854782486895601e+00 2.185535104606742607e+00 2.678005054896743786e+00 3.552448139057446497e+00 3.887617510760264850e+00
5.350849678026460277e-01 7.274698393940039978e+02 9.795641416675380242e-01 1.119873433032239518e+00 2.015378656158873127e+00 2.470582947194429835e+00 3.233250267071184680e+00 3.592379129866003495e+00
5.443105706957950263e-01 6.684800040536173356e+02 8.930211351337220549e-01 1.041394908638039851e+00 1.864294306002079793e+00 2.287160771089588707e+00 2.888384437392687687e+00 3.328969616266249432e+00
5.535361735889441359e-01 6.163887300224113233e+02 8.288086625358346282e-01 9.680913258272312305e-01 1.730057422874551776e+00 2.123559324159600692e+00 2.522897689029491630e+00 3.093823065727860921e+00
5.627617764820932456e-01 5.701331749533255788e+02 7.705410791246549707e-01 8.972413031558517105e-01 1.610373263037104152e+00 1.977519365986950106e+00 2.278799960930541602e+00 2.883466184075359706e+00
5.719873793752422442e-01 5.288567847650499516e+02 7.216730258417101140e-01 8.355682919035416489e-01 1.503304815803971906e+00 1.831346035792762450e+00 2.129447545209359305e+00 2.694743775521033058e+00
5.812129822683913538e-01 4.918608377899194579e+02 6.762852689108171944e-01 7.823967172782317903e-01 1.394732349592061382e+00 1.702089815962438024e+00 1.994994432374596727e+00 2.524881366631518631e+00
5.904385851615404635e-01 4.585692148084489190e+02 6.344971974406234949e-01 7.326153740287963956e-01 1.307698125409558543e+00 1.587163814679456664e+00 1.873550554040377847e+00 2.371477835136772683e+00
5.996641880546894621e-01 4.285023537885638802e+02 5.966664375616801408e-01 6.880432933681390750e-01 1.230721378889143125e+00 1.484455743513819925e+00 1.763490490311767189e+00 2.229395967856646621e+00
6.088897909478385717e-01 4.012576879153148184e+02 5.653519487776748065e-01 6.486106976194605522e-01 1.160783360064669978e+00 1.392191559944535584e+00 1.663420722197884061e+00 2.100264705545839661e+00
6.181153938409876814e-01 3.764947356243162631e+02 5.336418061119161393e-01 6.128726076880752771e-01 1.097071687047332489e+00 1.308937063352004770e+00 1.572146904595228989e+00 1.982784088670427991e+00
6.273409967341367910e-01 3.539235818825191586e+02 5.046566169493758025e-01 5.807386281510389381e-01 1.038850201313664456e+00 1.233704420348090025e+00 1.488644013597820503e+00 1.875550816748329908e+00
6.365665996272857896e-01 3.332958689600494608e+02 4.776252979483501804e-01 5.534418556895843722e-01 9.819779192589521699e-01 1.168067322673437047e+00 1.412030282361286027e+00 1.777366723544901106e+00
6.457922025204348992e-01 3.143976703979452054e+02 4.530120953319283217e-01 5.279257648099360267e-01 9.278163192867623366e-01 1.107931966847331751e+00 1.341544962247155581e+00 1.687204733740998108e+00
6.550178054135840089e-01 2.970437966707913233e+02 4.305719637825973223e-01 5.027842668491189215e-01 8.825591398254459818e-01 1.052722158736401070e+00 1.276529580572912437e+00 1.604180838771640083e+00
6.642434083067330075e-01 2.810732024376694653e+02 4.097436673810648244e-01 4.794082166719135785e-01 8.421296151652768458e-01 1.001889820694259470e+00 1.216412244796799769e+00 1.527531056791076480e+00
6.734690111998820061e-01 2.663452508131875902e+02 3.913048970792374348e-01 4.578704807325948423e-01 8.014486220928347393e-01 9.549624896984596489e-01 1.160694533672767648e+00 1.456592475237300732e+00
6.826946140930312268e-01 2.527366512043884086e+02 3.742595664994894378e-01 4.374138971735135328e-01 7.643930498362578874e-01 9.115310523107496010e-01 1.108940554165002368e+00 1.390787620081567866e+00
6.919202169861803364e-01 2.401389315038702250e+02 3.582283962472558869e-01 4.188150268374215557e-01 7.307197221919921049e-01 8.712397296809797353e-01 1.060767797509782895e+00 1.329611530798189278e+00
7.011458198793293350e-01 2.284563378627959480e+02 3.425163014739780465e-01 4.013522270469991327e-01 6.991779512573828015e-01 8.337778599537841728e-01 1.015839484174335894e+00 1.272621036584808962e+00
7.103714227724783337e-01 2.176040793230002066e+02 3.284297085438083741e-01 3.848355888328001129e-01 6.692168887321940929e-01 7.988731225422895932e-01 9.738581393047525125e-01 1.219425826303563554e+00
7.195970256656274433e-01 2.075068526282520054e+02 3.150686204405985791e-01 3.693206322395781172e-01 6.412033768116600640e-01 7.662859242834372253e-01 9.345601853852940621e-01 1.169680983706598454e+00
7.288226285587766640e-01 1.980975962041339926e+02 3.025593402219044492e-01 3.547605941006111152e-01 6.149618723982825941e-01 7.358047262338232031e-01 8.977113769160212087e-01 1.123080723283834459e+00
7.380482314519256626e-01 1.893164327547650885e+02 2.910848253879407821e-01 3.409911918478769621e-01 5.903365091792522890e-01 7.072421355848916846e-01 8.631029335169557726e-01 1.079353113220264504e+00
7.472738343450746612e-01 1.811097679993295912e+02 2.801866015102234542e-01 3.279761936902616526e-01 5.671884652542473759e-01 6.804316228538596079e-01 8.305482538103490242e-01 1.038255612837048147e+00
7.564994372382237708e-01 1.734295193584994479e+02 2.698882831750779587e-01 3.157880181922791962e-01 5.453937348867725632e-01 6.552247524361121123e-01 7.998801136153872449e-01 9.995712845795878820e-01
7.657250401313729915e-01 1.662324533351622051e+02 2.601399342970864836e-01 3.045108013911317357e-01 5.248412349762645590e-01 6.314888365421040817e-01 7.709482692286542260e-01 9.631055667488510608e-01
7.749506430245219901e-01 1.594796142349611046e+02 2.508962250619788392e-01 2.938292287921910884e-01 5.057269064436979988e-01 6.091049398601455778e-01 7.436174005830764600e-01 9.286835141171536634e-01
7.841762459176709887e-01 1.531358299784120049e+02 2.423509794294886888e-01 2.836807244017620633e-01 4.881736146884350092e-01 5.879661759982468539e-01 7.177653404823161054e-01 8.961474304002194913e-01
7.934018488108200984e-01 1.471692832449806190e+02 2.340127116999042300e-01 2.740755099172531573e-01 4.715473432580381541e-01 5.673908351625414070e-01 6.932815453917271498e-01 8.653548300972317975e-01
8.026274517039692080e-01 1.415511381963710846e+02 2.262988481565741949e-01 2.648720694390078734e-01 4.557804549824879814e-01 5.486863817627636308e-01 6.700657708425694636e-01 8.361766781674759841e-01
8.118530545971182066e-01 1.362552146531797632e+02 2.189088000877461582e-01 2.560248609091786420e-01 4.408114697602627530e-01 5.311642294824707733e-01 6.480269206996069897e-01 8.084958648881581667e-01
8.210786574902672053e-01 1.312577029255456864e+02 2.121883123153622819e-01 2.476251820575612328e-01 4.265843924913781393e-01 5.141611575728006756e-01 6.270820446178788643e-01 7.822828472223761764e-01
8.303042603834164259e-01 1.265369135857014129e+02 2.052332181270770661e-01 2.396415524409434283e-01 4.130481256348588204e-01 4.980025904690705829e-01 6.071554621940009611e-01 7.578482882636876639e-01
8.395298632765655356e-01 1.220730573612949286e+02 1.987562849682831256e-01 2.323784224105480689e-01 4.001559543511774564e-01 4.826296866066428493e-01 5.881779957087331923e-01 7.345715821717107019e-01
8.487554661697145342e-01 1.178480510772711227e+02 1.926437361358068756e-01 2.256909720574071798e-01 3.878650941586840872e-01 4.679887425739082119e-01 5.700862963175694631e-01 7.123753615002783590e-01
8.579810690628635328e-01 1.138453461761965713e+02 1.868063831867630142e-01 2.190838348717818462e-01 3.761362924761897375e-01 4.540306545112144931e-01 5.528222507435742727e-01 6.911886689961477259e-01
8.672066719560127535e-01 1.100497768685818869e+02 1.812262314164030386e-01 2.126197316087683475e-01 3.649334768142722396e-01 4.407104449192758011e-01 5.363324576093901896e-01 6.709463164777957900e-01
8.764322748491618631e-01 1.064474253892693127e+02 1.758867321996433475e-01 2.064070793324361830e-01 3.542234434224980077e-01 4.279868458512368079e-01 5.205677641240811226e-01 6.515883175901393543e-01
8.856578777423108617e-01 1.030255021969315692e+02 1.707726419355282133e-01 2.004558610734648028e-01 3.439755811159130872e-01 4.158219308576747153e-01 5.054828552203218806e-01 6.330593847598038337e-01
8.948834806354598603e-01 9.977223925715968278e+01 1.658698967960390291e-01 1.947498688800806121e-01 3.341616257676065516e-01 4.041807891961326504e-01 4.910358883817735887e-01 6.153084820784044950e-01
9.041090835286089700e-01 9.667679480612792986e+01 1.611655012587362990e-01 1.892740932361931527e-01 3.247554415942204287e-01 3.930312367815105290e-01 4.771881683651599815e-01 5.982884270194830378e-01
9.133346864217581906e-01 9.372916820955994410e+01 1.566474286870800370e-01 1.840146124827839458e-01 3.157328259055987019e-01 3.823435591524599886e-01 4.641104797539838955e-01 5.819555348898859393e-01
9.225602893149071893e-01 9.092012371678292482e+01 1.523045324640719400e-01 1.789584936858830133e-01 3.070713344455953120e-01 3.720902824057361613e-01 4.521255088435225389e-01 5.662693007589894023e-01
9.317858922080561879e-01 8.824112206762950450e+01 1.481264663896268985e-01 1.740937035697385227e-01 2.987501248432806733e-01 3.622459686179411165e-01 4.406314091355625351e-01 5.511921143194200567e-01
9.410114951012052975e-01 8.568425904502632307e+01 1.441036132261075409e-01 1.694027422085611079e-01 2.907498160233217277e-01 3.527870327550175489e-01 4.296008730514557783e-01 5.366890037426657045e-01
9.502370979943544071e-01 8.324221018196934097e+01 1.402270204227846762e-01 1.648209531330167010e-01 2.830523617069928832e-01 3.436915784763385773e-01 4.190085325481192058e-01 5.227274051063233173e-01
9.594627008875034058e-01 8.090818093118609511e+01 1.364515113140640779e-01 1.604000765542394902e-01 2.756409363781244792e-01 3.349392505854780211e-01 4.088307943075477624e-01 5.092769544125843595e-01
9.686883037806525154e-01 7.867586169160421150e+01 1.327980520213429827e-01 1.561307837899192918e-01 2.684998322938980664e-01 3.265111021756013088e-01 3.990456911430300124e-01 4.963092995946425390e-01
9.779139066738016250e-01 7.653938715985145791e+01 1.292249341285298669e-01 1.519069802720878215e-01 2.616143662981471607e-01 3.183894747674855807e-01 3.889768366336738836e-01 4.837979302287465089e-01
9.871395095669507347e-01 7.449329953921251501e+01 1.258002071695614177e-01 1.481400755216100151e-01 2.549707953498625557e-01 3.105578899528893544e-01 3.792769170122340938e-01 4.717180229509807532e-01
9.963651124600997333e-01 7.253251519405243641e+01 1.226232901806270092e-01 1.442707021001297107e-01 2.485562398084368851e-01 3.030008684059311008e-01 3.699325746110702084e-01 4.600463008118396147e-01
1.005590715353248843e+00 7.065229438612816182e+01 1.188479759573368710e-01 1.406363263604362146e-01 2.423586136342237296e-01 2.956881343686035279e-01 3.609251639200579120e-01 4.487609050104452990e-01
1.014816318246397842e+00 6.884821377122311503e+01 1.158757160843322254e-01 1.372511252194357212e-01 2.363665607589382489e-01 2.886223272119821104e-01 3.522372468412697799e-01 4.378412776239031245e-01
1.024041921139547062e+00 6.711614137134478142e+01 1.130788908756841238e-01 1.339745189801249126e-01 2.305693969680788769e-01 2.817907464686584262e-01 3.438524958932589470e-01 4.272680541009066246e-01
1.033267524032696061e+00 6.545221376972527594e+01 1.104055955836287239e-01 1.308010200629325936e-01 2.249570567105365626e-01 2.751814628425393039e-01 3.357556061381643531e-01 4.170229644168017558e-01
1.042493126925845059e+00 6.385281530393637439e+01 1.077908402293203949e-01 1.275704925187710614e-01 2.195200443145566283e-01 2.687832560928882231e-01 3.279322148944388005e-01 4.070887419006368191e-01
1.051718729818994280e+00 6.231455905703504783e+01 1.053148540081139117e-01 1.243022395402562097e-01 2.142493891470067524e-01 2.625855579551767960e-01 3.203688284065009384e-01 3.974490388382889705e-01
1.060944332712143279e+00 6.083426946816105385e+01 1.029214878545019474e-01 1.213206497385712623e-01 2.091366042995375096e-01 2.565783995276618157e-01 3.130527547324746251e-01 3.880883480357297799e-01
1.070169935605292277e+00 5.940896640296386266e+01 1.005883948667829486e-01 1.182921226315087893e-01 2.041736484288776410e-01 2.507523626067325040e-01 3.059720421910228083e-01 3.789919295937096422e-01
1.079395538498441276e+00 5.803585054085158390e+01 9.806278726031081305e-02 1.157865800804955825e-01 1.993528904144952207e-01 2.450985344989291548e-01 2.991154227784207364e-01 3.701457421999165831e-01
1.088621141391590497e+00 5.671228995061962763e+01 9.619710604089704020e-02 1.131986471155883578e-01 1.946670765297540129e-01 2.396084658743689033e-01 2.924722600250717619e-01 3.615363782864093878e-01
1.097846744284739717e+00 5.543580773887921254e+01 9.408816912530681975e-02 1.104745513822393832e-01 1.904250552962309939e-01 2.342741312567824252e-01 2.860325008110820022e-01 3.531510024339539200e-01
1.107072347177888716e+00 5.420407066692865783e+01 9.200161389507144349e-02 1.075728385922118946e-01 1.859553085904224190e-01 2.292055580123601999e-01 2.797866307059564406e-01 3.448769012381163179e-01
1.116297950071037715e+00 5.301487864156573693e+01 9.002894541126948980e-02 1.047328546299084451e-01 1.815360322171386542e-01 2.247398062727867796e-01 2.737256324314216727e-01 3.365779676827997946e-01
1.125523552964186713e+00 5.186615499392254947e+01 8.809070173749944388e-02 1.018879559944849689e-01 1.772221293707829659e-01 2.191170902717161084e-01 2.678409470791791591e-01 3.284687408179820522e-01
1.134749155857335934e+00 5.075593746788030103e+01 8.615594453572583689e-02 9.907453725456605298e-02 1.747495297328356401e-01 2.140796411886469741e-01 2.621244377381657387e-01 3.205375665572134380e-01
1.143974758750484932e+00 4.968236984601292505e+01 8.419204806656210849e-02 9.641721811887293825e-02 1.712443786637578569e-01 2.086598490465618738e-01 2.565683552060846750e-01 3.127730988650654353e-01
1.153200361643633931e+00 4.864369414647926249e+01 8.228574617879047537e-02 9.403369319353060973e-02 1.677354592836408642e-01 2.033345658810432610e-01 2.511653054729592327e-01 3.051642459564689602e-01
1.162425964536783152e+00 4.763824332880237478e+01 8.035744512194753497e-02 9.155852812505571592e-02 1.643477716446213321e-01 1.981036494376553492e-01 2.459082186730725539e-01 2.977001159242718131e-01
1.171651567429932372e+00 4.666443445012079394e+01 7.866761035094782528e-02 8.881897165537111505e-02 1.610625151160718360e-01 1.931129598846865747e-01 2.407903192023965744e-01 2.903699611011631987e-01
1.180877170323081371e+00 4.572076221626667802e+01 7.689574652575714708e-02 8.685375708666498440e-02 1.578637286058679479e-01 1.879394084416787791e-01 2.358050966977245366e-01 2.831631203910305317e-01
1.190102773216230370e+00 4.480579287387165266e+01 7.514265241730555545e-02 8.515916329751860303e-02 1.547469279284783283e-01 1.829031030762706678e-01 2.309462775592407979e-01 2.760689587046911697e-01
1.199328376109379368e+00 4.391815839058450877e+01 7.350111454545782408e-02 8.323445721850220025e-02 1.517077002028486277e-01 1.780239807519734541e-01 2.262077966832123366e-01 2.690768025114635975e-01
1.208553979002528589e+00 4.305655087033974127e+01 7.200220802943135823e-02 8.116740718931936271e-02 1.487334205639925244e-01 1.731837573703387534e-01 2.215837690416506689e-01 2.641541488668863735e-01
1.217779581895677588e+00 4.221971714922644736e+01 7.078108435758423411e-02 7.896219648292657212e-02 1.458003183306786354e-01 1.683384687277111880e-01 2.170684607081270201e-01 2.593889990673048374e-01
1.227005184788826586e+00 4.140645351475008340e+01 6.937434586617285959e-02 7.673782572135223745e-02 1.427899376460359804e-01 1.640207752855715739e-01 2.126562588784963737e-01 2.529861162018747223e-01
1.236230787681975807e+00 4.061560048680642154e+01 6.774983742582207924e-02 7.522464608457113400e-02 1.389980122186926792e-01 1.603186158532068362e-01 2.083416403661644267e-01 2.466443348779563394e-01
1.245456390575124805e+00 3.984603759215578123e+01 6.638513026656056581e-02 7.339398413520825670e-02 1.352314434463650628e-01 1.560505825907441135e-01 2.041191379660887151e-01 2.446398711554280681e-01
1.254681993468273804e+00 3.909667805498619941e+01 6.495160711823189104e-02 7.165476321756614198e-02 1.314827067824495543e-01 1.525829534490199535e-01 1.999833039685370295e-01 2.428645406940503904e-01
1.263907596361422803e+00 3.836646331364077867e+01 6.349945986009686294e-02 6.958577972778812182e-02 1.289584716202369918e-01 1.491318707556743561e-01 1.959286699609634752e-01 2.412576441410223538e-01
1.273133199254572023e+00 3.765435725663343902e+01 6.201062935208767612e-02 6.771065126017816738e-02 1.259052000595133336e-01 1.456977932254659436e-01 1.919497018724101167e-01 2.398210120852013461e-01
1.282358802147721244e+00 3.695934004837639009e+01 6.044931289416410891e-02 6.744687574961005794e-02 1.209282123268238252e-01 1.426243368400150757e-01 1.880361523730726958e-01 2.381107772266588540e-01
1.291584405040870243e+00 3.628040138457283348e+01 5.951099854348029794e-02 6.613179838605987015e-02 1.208351952570794197e-01 1.388895142415051964e-01 1.841833433252730856e-01 2.355061640256010946e-01
1.300810007934019241e+00 3.561653297627932346e+01 5.769464077549457670e-02 6.596610449278017541e-02 1.207523864740736030e-01 1.348320820862198843e-01 1.815352639370786392e-01 2.330437797405480183e-01
1.310035610827168240e+00 3.496672000634179511e+01 5.576400058181008035e-02 6.421293614673118100e-02 1.176723309401239703e-01 1.304440570205827044e-01 1.796904043096745340e-01 2.307244753205566212e-01
1.319261213720317460e+00 3.432993122668911923e+01 5.446201380770787637e-02 6.260791589328107420e-02 1.143073409163193332e-01 1.269186058086759772e-01 1.779619775374428059e-01 2.285496389120211802e-01
1.328486816613466459e+00 3.370510726187147554e+01 5.320804833849024362e-02 6.159609349933958811e-02 1.115450204528016798e-01 1.233981290356922500e-01 1.744552971780777284e-01 2.265212488132775093e-01
1.337712419506615458e+00 3.309114654149749413e+01 5.168179258745198013e-02 5.848142717008641966e-02 1.084857981689140161e-01 1.198894292338223977e-01 1.681453787712072767e-01 2.246260258591661341e-01
1.346938022399764678e+00 3.248688808458834387e+01 5.031019711142903361e-02 5.662123263115859118e-02 1.069208999803095139e-01 1.178744779025393541e-01 1.620746165075530598e-01 2.225938390051069860e-01
1.356163625292913677e+00 3.189109007624797343e+01 4.970294529271868100e-02 5.521999001086541625e-02 1.064559831897682329e-01 1.129253383807409250e-01 1.584887491129727266e-01 2.155268033182906606e-01
1.365389228186062898e+00 3.130240277190909381e+01 4.823631446640774811e-02 5.419201751005786605e-02 1.040885399407720513e-01 1.098749349118932628e-01 1.549026098064985035e-01 2.082560655261822546e-01
1.374614831079211896e+00 3.071933367546209936e+01 4.727027050775589601e-02 5.217066147993421055e-02 1.034853555004247028e-01 1.067085466062778210e-01 1.556240156210826342e-01 2.007276679635268124e-01
1.383840433972360895e+00 3.014020206863036577e+01 4.577888392681472851e-02 5.065747172653800590e-02 9.981127471290207609e-02 1.036359406043132481e-01 1.566390541053834795e-01 1.928368628579946176e-01
1.393066036865510116e+00 2.956307866618023539e+01 4.428543574358911883e-02 4.904430293864692203e-02 9.549306500002785469e-02 9.952733097001598139e-02 1.578244712259149196e-01 1.845435229231426888e-01
1.402291639758658892e+00 2.898570418460932530e+01 4.290255348406191160e-02 4.690774540330622244e-02 9.309272987139749489e-02 9.520063517742016757e-02 1.591235716320191784e-01 1.757776418081284930e-01
1.411517242651808113e+00 2.840537752538250160e+01 4.145802166288348189e-02 4.517904487363466615e-02 9.374176696937652764e-02 9.323957266453319903e-02 1.609485395442078470e-01 1.664197673880885020e-01
1.420742845544957333e+00 2.781879938438860833e+01 4.100289990336136725e-02 4.184087079960718825e-02 9.355708085208647162e-02 9.457327894878275742e-02 1.621418179279920935e-01 1.562975249230511565e-01
1.429968448438106332e+00 2.722184919168023853e+01 3.899331661617821965e-02 4.102868574119256095e-02 9.326694200380813982e-02 9.156265600197244225e-02 1.638056521169275470e-01 1.454335020252521815e-01
1.439194051331255553e+00 2.660926021442667277e+01 3.881615143910011057e-02 3.915571518577110055e-02 8.994197537440840051e-02 9.536719386318281977e-02 1.655286756027436468e-01 1.499961150748596594e-01
1.448419654224404329e+00 2.597413555496614990e+01 3.850374918973642480e-02 3.789351310699373698e-02 8.663716977222435389e-02 9.807490694322851255e-02 1.672563088174641166e-01 1.551803721443256734e-01
1.457645257117553550e+00 2.530720954254521260e+01 3.926985761936663266e-02 3.769748853625642937e-02 9.312969872414811334e-02 9.969659248721285394e-02 1.696712986331867512e-01 1.611177047636864756e-01
1.466870860010702771e+00 2.459569141233487599e+01 4.026717005828928109e-02 3.936011189159316359e-02 1.041529295023408963e-01 1.079559328747592417e-01 1.710617764168489430e-01 1.679897880492653428e-01
1.476096462903851547e+00 2.382140639996155329e+01 4.351924695353659445e-02 4.268272749560964030e-02 1.134727242167663519e-01 1.143234958101899679e-01 1.867541114774731170e-01 1.760768435608106586e-01
1.485322065797000768e+00 2.295772795004188538e+01 5.031787737375381653e-02 4.742587743873016848e-02 1.248700666259487946e-01 1.213594628718723811e-01 2.137674630478869631e-01 1.979648460404064281e-01
1.494547668690149766e+00 2.196439695732281550e+01 5.634031170770725794e-02 5.186367061888219610e-02 1.492448251040272567e-01 1.277241346145778778e-01 2.473166703388613996e-01 2.286541967749471382e-01
1.503773271583298987e+00 2.077865898460497718e+01 6.455204876490583388e-02 6.133709363946948656e-02 1.796474079658665346e-01 1.480210869590514733e-01 2.896643065113657656e-01 2.390312082244747671e-01
1.512998874476448208e+00 1.930033002848636769e+01 7.662485203006141887e-02 7.340587515163576882e-02 2.051870622084770446e-01 1.748487921855392813e-01 3.534545475870771725e-01 2.817017525504716957e-01
1.522224477369596984e+00 1.736903775368048386e+01 9.663532960755816248e-02 9.284439535399613419e-02 2.572518283089628710e-01 2.099684086778665915e-01 4.130928699679365934e-01 3.415339312783984838e-01
1.531450080262746205e+00 1.474345254361309898e+01 1.181945029483042475e-01 1.121104635839884622e-01 3.095958231846509534e-01 2.625091324194990250e-01 4.954429246381550911e-01 3.919055512628499827e-01
1.540675683155895204e+00 1.115634944753668911e+01 1.355966331456244234e-01 1.287024545874650983e-01 3.595302656001795327e-01 2.957029955210259686e-01 5.718867948492611930e-01 4.394385377968035300e-01
1.549901286049044202e+00 6.733799833774677168e+00 1.256499553452821161e-01 1.271408132535141178e-01 3.494345598593380231e-01 2.995856633671207803e-01 5.869844977772897821e-01 4.656411863419185337e-01
1.559126888942193201e+00 3.098491287287549856e+00 1.121463935613782326e-01 1.019190651457275720e-01 2.885840521113940405e-01 2.731155172816444043e-01 5.032840177139288329e-01 4.524288378837213465e-01
1.568352491835342422e+00 3.163370011107618840e+00 9.650399826518185620e-02 9.544283385542673415e-02 2.437445159397215733e-01 2.280620123626224682e-01 4.547254115735528401e-01 3.550598807072438134e-01
1.577578094728491642e+00 7.407230099369550125e+00 8.567829879731281295e-02 8.701747024944950226e-02 2.107615900516757179e-01 1.653623679155247217e-01 4.929397005764988293e-01 2.755285365016852950e-01
1.586803697621640641e+00 1.444081018728816801e+01 1.031548532596495704e-01 1.094423743183963182e-01 2.931613039485228001e-01 2.268358032227055787e-01 5.691208802438545433e-01 3.182965242737552103e-01
1.596029300514789639e+00 2.391002445029575441e+01 1.530819676170729338e-01 1.465551125348731887e-01 3.341433567736018517e-01 2.998043492597659565e-01 6.903102245206582666e-01 4.525792431483814937e-01
1.605254903407938860e+00 3.275650817374067714e+01 1.817595561983083030e-01 1.853752558034216236e-01 3.902547844145303202e-01 3.742737983780344280e-01 7.501772584905097574e-01 6.320320816141205000e-01
1.614480506301087859e+00 3.615457062553721812e+01 1.540129833603458565e-01 1.509243003829112695e-01 3.056576215316511025e-01 3.505042944859937393e-01 5.279694950224822492e-01 5.173480788651545481e-01
1.623706109194236857e+00 3.531693099484687082e+01 1.499844469407136671e-01 1.411183151444177497e-01 3.126494336445517774e-01 3.215612227163830994e-01 4.531730236900344266e-01 4.996435463134716315e-01
1.632931712087385856e+00 3.330687649284107721e+01 1.638251832091199844e-01 1.640670374535062592e-01 3.253442269794746267e-01 3.542364856675277451e-01 5.859557096503280604e-01 5.437285021238551508e-01
1.642157314980535077e+00 3.138371257280986271e+01 1.584786690426582823e-01 1.521660192744747064e-01 3.375028478819395161e-01 3.610343256979717808e-01 5.909835963993259611e-01 5.704972118219089339e-01
1.651382917873684297e+00 2.979402610873548340e+01 1.461015188116157049e-01 1.381878863912291422e-01 3.300261700843876156e-01 3.454529645340080890e-01 5.725407792703620657e-01 5.509048441612449665e-01
1.660608520766833296e+00 2.851019276910763267e+01 1.328026905677255343e-01 1.275075955772173586e-01 3.051536147402131860e-01 3.251384869171545233e-01 5.462179418004957654e-01 5.240255036185637039e-01
1.669834123659982295e+00 2.746212193955162206e+01 1.212314690050071420e-01 1.179723161702455059e-01 2.774341480857636100e-01 3.075343580404847899e-01 5.130777876123495673e-01 4.834272775092358643e-01
1.679059726553131293e+00 2.658916559458310047e+01 1.108934608771257047e-01 1.083458350522406022e-01 2.547680664771405645e-01 2.814240298318750888e-01 4.799171385581253446e-01 4.456138244292162653e-01
1.688285329446280514e+00 2.584648637139532568e+01 1.038469617689230517e-01 1.010745489438171774e-01 2.323759534735074794e-01 2.631326371848423662e-01 4.341279612769852747e-01 4.120961514998739972e-01
1.697510932339429290e+00 2.520215578544079449e+01 9.870979384292866143e-02 9.675804291991241257e-02 2.148019704971382282e-01 2.492949516017546330e-01 3.928368825292949396e-01 3.828907300801809299e-01
1.706736535232578511e+00 2.463347709459185353e+01 9.212199659867081891e-02 8.942277123706077191e-02 2.019036281524861920e-01 2.341200931353704107e-01 3.571748297448671394e-01 3.575540903560359141e-01
1.715962138125727732e+00 2.412413449143203081e+01 8.727831785386186425e-02 8.424319365532539905e-02 1.964716588432473543e-01 2.232701288576279808e-01 3.264130384785026706e-01 3.366034671747364371e-01
1.725187741018876730e+00 2.366221130384094451e+01 8.275217726270511776e-02 7.914326283294670361e-02 1.913498107094895317e-01 2.146636857214332395e-01 2.998195100970200144e-01 3.211489786122996293e-01
1.734413343912025951e+00 2.323885270491182808e+01 7.819183978287114201e-02 7.484472032529154717e-02 1.812241042639151090e-01 2.032867550213701691e-01 2.767419145382383761e-01 3.053622207759403295e-01
1.743638946805174728e+00 2.284736560717038856e+01 7.509301692338965495e-02 7.123272774042987976e-02 1.711709931901452819e-01 1.921191223254048452e-01 2.641139650159196606e-01 2.892929946062032798e-01
1.752864549698323948e+00 2.248260763928541550e+01 7.249905048594484924e-02 6.853132463567490618e-02 1.610047855480729595e-01 1.835956411352377415e-01 2.540311139567528187e-01 2.751420580764225576e-01
1.762090152591473169e+00 2.214056687180040228e+01 6.927420025606423337e-02 6.558876379550682145e-02 1.513861655310115850e-01 1.780011957009293155e-01 2.449169958168972983e-01 2.626061854868098067e-01
1.771315755484621945e+00 2.181806839858328217e+01 6.695497018320395455e-02 6.255756103756837661e-02 1.450206824729249888e-01 1.713214856454818857e-01 2.366361015633131615e-01 2.525681529229686362e-01
1.780541358377771166e+00 2.151256632219608278e+01 6.451463752495101289e-02 5.991245419483348655e-02 1.405991178471914793e-01 1.656427065187600078e-01 2.290757524240696341e-01 2.446790619139989076e-01
1.789766961270920165e+00 2.122199405119562954e+01 6.287925634461188906e-02 5.820508809815194695e-02 1.358441278799098484e-01 1.597794036650732608e-01 2.221419242380981984e-01 2.374560539972279116e-01
1.798992564164069385e+00 2.094465499761346550e+01 6.150962108740642975e-02 5.693553889280167368e-02 1.307557459387744814e-01 1.557097579422048739e-01 2.157558065495095434e-01 2.308155195818244465e-01
1.808218167057218606e+00 2.067914167344155274e+01 6.015118437352384717e-02 5.638370001639714246e-02 1.261340914065023355e-01 1.523389656840592465e-01 2.098510111861031646e-01 2.246869671612934383e-01
1.817443769950367383e+00 2.042427503213885132e+01 5.871080111566584492e-02 5.451176810526803251e-02 1.219212812750285480e-01 1.491784477284738841e-01 2.043713233130475260e-01 2.190106662764428336e-01
1.826669372843516603e+00 2.017905843720149406e+01 5.749744602325534970e-02 5.287227601799315835e-02 1.180683055805751280e-01 1.457517205568699126e-01 1.992688931686288356e-01 2.137357453892718695e-01
1.835894975736665824e+00 1.994264233404079079e+01 5.636787598535164534e-02 5.177236785637262528e-02 1.145192242635921787e-01 1.416649010357708960e-01 1.945027808674382186e-01 2.088186573103243404e-01
