9.225602893149067790e-04 1.095721811675433836e-04 6.695103584430681467e-06 6.635300326401341511e-06 1.295417838385988713e-05 1.515332351331060475e-05 1.792283709638090949e-05 2.464606057320970444e-05
1.014816318246397446e-02 1.121947131855887683e-04 6.862409735941752396e-06 6.824081855150005674e-06 1.324116132242914717e-05 1.554402865528085160e-05 1.836404401731547040e-05 2.524557147783724033e-05
1.937376607561304073e-02 1.148048517638375289e-04 7.035791909234262865e-06 6.972534365367086913e-06 1.353057539590511770e-05 1.590699407174501090e-05 1.881921706282059579e-05 2.584206142779521087e-05
2.859936896876210874e-02 1.175340109741659559e-04 7.211127526932193201e-06 7.163985047909233973e-06 1.383508210240211235e-05 1.626945215191768948e-05 1.929907323778682650e-05 2.646594435927087502e-05
3.782497186191117328e-02 1.204144575384009545e-04 7.396685977478970986e-06 7.342769316492277231e-06 1.415798912593223605e-05 1.665246385258645678e-05 1.980727163546665141e-05 2.712468511787163481e-05
4.705057475506025516e-02 1.234687311321810066e-04 7.584951919648914463e-06 7.524376963986817825e-06 1.450175495400140234e-05 1.705891864351096355e-05 2.034697785702026251e-05 2.782349630242113802e-05
5.627617764820931623e-02 1.267135907365602322e-04 7.784142631676643689e-06 7.718279279836151303e-06 1.486815731308169025e-05 1.749092244923935893e-05 2.092092633022897704e-05 2.856626002681356840e-05
6.550178054135838424e-02 1.301828272361041968e-04 7.992732986962183426e-06 7.930158455976056044e-06 1.526629842254150589e-05 1.795215057507551363e-05 2.153421765375623863e-05 2.936077221046378945e-05
7.472738343450743836e-02 1.338816494831441878e-04 8.212265800041192642e-06 8.179726801865955590e-06 1.569862061497382484e-05 1.844401592325631322e-05 2.218847055203993098e-05 3.020826746379187027e-05
8.395298632765652025e-02 1.378478721646489837e-04 8.449768035995858500e-06 8.433429308331931483e-06 1.616237708737018478e-05 1.897166503093828250e-05 2.288963816740645580e-05 3.111747552182243283e-05
9.317858922080557438e-02 1.421044216580365238e-04 8.705149584452835003e-06 8.688398907564256991e-06 1.666023806316235660e-05 1.953807794380631809e-05 2.364195281225642091e-05 3.209371263626571887e-05
1.024041921139546424e-01 1.466853091639093128e-04 8.990053234772500072e-06 8.962295667954014262e-06 1.719615042630078579e-05 2.014779183228079698e-05 2.445126408394165864e-05 3.314485042638962121e-05
1.116297950071036965e-01 1.516326521412646427e-04 9.295151977074301870e-06 9.257515157699955539e-06 1.777498821813793201e-05 2.080644334185628589e-05 2.532472082146324487e-05 3.428063471992557525e-05
1.208553979002527506e-01 1.569883250537799219e-04 9.617186472205311535e-06 9.578541359429474994e-06 1.840163641738296095e-05 2.151959572755995573e-05 2.626968770674746709e-05 3.551076851760134065e-05
1.300810007934018186e-01 1.627939386480719457e-04 9.965677586951489841e-06 9.927339515111217221e-06 1.908097778244958478e-05 2.229270827567967923e-05 2.729381406965436302e-05 3.684490823763474652e-05
1.393066036865509005e-01 1.691229005731991961e-04 1.035031022922832744e-05 1.031009459240584954e-05 1.982149790070972836e-05 2.313568890047415657e-05 2.840925257799065953e-05 3.830004527485088078e-05
1.485322065796999824e-01 1.760408824364305424e-04 1.077577799241843091e-05 1.075946780316978718e-05 2.063085911226767853e-05 2.405725861523254480e-05 2.962758649349938852e-05 3.989141606646317141e-05
1.577578094728490643e-01 1.835944221503379385e-04 1.123032087489456588e-05 1.122659469850764659e-05 2.148966815832331688e-05 2.511916838699194618e-05 3.095842754616460698e-05 4.162987696082270320e-05
1.669834123659981462e-01 1.919190968609533706e-04 1.175780721332525145e-05 1.174593224624164572e-05 2.245491907259278296e-05 2.629532873360732981e-05 3.242364700990172125e-05 4.354682508855384172e-05
1.762090152591472003e-01 2.011008708802626620e-04 1.233494439987435068e-05 1.232483350634914479e-05 2.354740344572654395e-05 2.759063809923965101e-05 3.403937230551996765e-05 4.566227563094208590e-05
1.854346181522962822e-01 2.112792027752256820e-04 1.295692319553813946e-05 1.295891402476587509e-05 2.475522618566861326e-05 2.902405596231203994e-05 3.582968703980018554e-05 4.800862757681052481e-05
1.946602210454453641e-01 2.226074486268413968e-04 1.365112471859341236e-05 1.365989292296843375e-05 2.608090674938878415e-05 3.061693417577682056e-05 3.782164338880637279e-05 5.062155476861794124e-05
2.038858239385944460e-01 2.352686546602057770e-04 1.442609006938581516e-05 1.444384818683719612e-05 2.756220408273505045e-05 3.239488299701945772e-05 4.004763789234162775e-05 5.354366972656221134e-05
2.131114268317435001e-01 2.494988092216506958e-04 1.530208478993253180e-05 1.532130849539865792e-05 2.922655012648791000e-05 3.439019555544846319e-05 4.254879185661613944e-05 5.682991630472409390e-05
2.223370297248925820e-01 2.655710548717804412e-04 1.631345185915719209e-05 1.631224494895146477e-05 3.110574392684647017e-05 3.664108067524083777e-05 4.537345684277083483e-05 6.054397319365641887e-05
2.315626326180416361e-01 2.838346608811256563e-04 1.746318817107898446e-05 1.744036787710331448e-05 3.324576624980020738e-05 3.919557729795570275e-05 4.858284694388734053e-05 6.476729413943421612e-05
2.407882355111907180e-01 3.047191384122305237e-04 1.877847076685898280e-05 1.872870535169889744e-05 3.571879325680514484e-05 4.211325969435633252e-05 5.225262843531683354e-05 6.960015010150483162e-05
2.500138384043397721e-01 3.287676131819191314e-04 2.029365824945402559e-05 2.017742374366815862e-05 3.856604170434654259e-05 4.546915589971384144e-05 5.647836813082139640e-05 7.516943513670963509e-05
2.592394412974888818e-01 3.566697024646138178e-04 2.202408867538424662e-05 2.187622008530321809e-05 4.186980728576860386e-05 4.935872866330384603e-05 6.138162171205130760e-05 8.163643017396378116e-05
2.684650441906379359e-01 3.893495606099869151e-04 2.402128784045204097e-05 2.392139229371855001e-05 4.587386928461270261e-05 5.390852117360706453e-05 6.712394015118703164e-05 8.921740675844940177e-05
2.776906470837869900e-01 4.279566479685089882e-04 2.643103625045195885e-05 2.634301255941706331e-05 5.061524834824653821e-05 5.927820202158550628e-05 7.390886512683326071e-05 9.818180645438989501e-05
2.869162499769360997e-01 4.740675815117972652e-04 2.937549515298046223e-05 2.921843551567101594e-05 5.613967137222471322e-05 6.568480288382175366e-05 8.201368874478649328e-05 1.088995100579171556e-04
2.961418528700851538e-01 5.298210379544643139e-04 3.294598240448864089e-05 3.264753915538517407e-05 6.278295461209710323e-05 7.342233894500798178e-05 9.181456928313447979e-05 1.218729073382224335e-04
3.053674557632342079e-01 5.981582211151125492e-04 3.733133706371237568e-05 3.687617568019850144e-05 7.079800868968033189e-05 8.289568794795872976e-05 1.038297650043610177e-04 1.377939682484407213e-04
3.145930586563833176e-01 6.832684783164669510e-04 4.271047171683719796e-05 4.212720448728310245e-05 8.077729044184427023e-05 9.467965649482851676e-05 1.187964161346394482e-04 1.576498074354647835e-04
3.238186615495323717e-01 7.912279486343369150e-04 4.914191923449738163e-05 4.891643277429098997e-05 9.377236030477299235e-05 1.096068729858600812e-04 1.377840542306586541e-04 1.828747344252436811e-04
3.330442644426814813e-01 9.311557772432545914e-04 5.813741047208111860e-05 5.763485026238945094e-05 1.106794019210668783e-04 1.289239249263743944e-04 1.623968618235178052e-04 2.156257964051370383e-04
3.422698673358305355e-01 1.117113587126465375e-03 7.001311121164303930e-05 6.928102522778451823e-05 1.331839772350884663e-04 1.545500226270157557e-04 1.951103552939937365e-04 2.592372738675388340e-04
3.514954702289795896e-01 1.371897121543725132e-03 8.643730228606182238e-05 8.521761979010081429e-05 1.639689090781383009e-04 1.898788755422136949e-04 2.399305759104846270e-04 3.191290854908685349e-04
3.607210731221286992e-01 1.734090906552526170e-03 1.098293140625761655e-04 1.074202197363068392e-04 2.076214266254585491e-04 2.407671470873429774e-04 3.036273247297800650e-04 4.045051213343810095e-04
3.699466760152777534e-01 2.272355150258340267e-03 1.436486142265235022e-04 1.411443909943325623e-04 2.725937679799793172e-04 3.168069427087220544e-04 3.982355379371768297e-04 5.318084388310989966e-04
3.791722789084268630e-01 3.117004035411553506e-03 1.978591185366491284e-04 1.939520691668192472e-04 3.764213439546937670e-04 4.369889310623094152e-04 5.465198460710561819e-04 7.323908925880172512e-04
3.883978818015759171e-01 4.530655129107310532e-03 2.869319658700018524e-04 2.802041262512924499e-04 5.490251672941922484e-04 6.400600342215292775e-04 7.940943222207218558e-04 1.069760086217245911e-03
3.976234846947249713e-01 7.058349692246147777e-03 4.438836956979436491e-04 4.402814128259434009e-04 8.627355139574112430e-04 1.007214136756723333e-03 1.234545791360045289e-03 1.676252813007854219e-03
4.068490875878740809e-01 1.166549104136258182e-02 7.389645510461964606e-04 7.328805862088956513e-04 1.435928588237793055e-03 1.676604554853845103e-03 2.028860974004290801e-03 2.784310506546861658e-03
4.160746904810231350e-01 1.818274611485815734e-02 1.178061124146156241e-03 1.174897377774052759e-03 2.245802640049188864e-03 2.612114665831105978e-03 3.129926118817519948e-03 4.322030336168441317e-03
4.253002933741722447e-01 1.932040670035642740e-02 1.257826656021924366e-03 1.256157189209416297e-03 2.354694291928690481e-03 2.687260435081845894e-03 3.310946192043501268e-03 4.489561282929854444e-03
4.345258962673212988e-01 1.275724471382103445e-02 8.177928092862503384e-04 8.186731006682088085e-04 1.578354014103869676e-03 1.789342839940330152e-03 2.205708491078945538e-03 2.913085501212112766e-03
4.437514991604703529e-01 7.279230924958342806e-03 4.672850454782292648e-04 4.639712831579637445e-04 8.949623503054981652e-04 1.001063183923479698e-03 1.270301075161225056e-03 1.658624896990378711e-03
4.529771020536194626e-01 4.321994699952757223e-03 2.768333027419614747e-04 2.722856186175813542e-04 5.316128798884657905e-04 5.877799729370036114e-04 7.586804756115651804e-04 9.879260081888819461e-04
4.622027049467684612e-01 2.753830259760101096e-03 1.764252808222790785e-04 1.738274862171018328e-04 3.389601558915424258e-04 3.727397838406984812e-04 4.851678885633594999e-04 6.319910580213613030e-04
4.714283078399175708e-01 1.867283673232459111e-03 1.193788719941483913e-04 1.176863624390653978e-04 2.295887678383779201e-04 2.525698700706065052e-04 3.297635961131432838e-04 4.301568214835533883e-04
4.806539107330666249e-01 1.330442096712342384e-03 8.550729982579577566e-05 8.371939285123299219e-05 1.637062214233380060e-04 1.799951200997251550e-04 2.353453362388478309e-04 3.075419787619427386e-04
4.898795136262157346e-01 9.856869195640570024e-04 6.338836820531253656e-05 6.175542075637476327e-05 1.214245774015267326e-04 1.334658956130495809e-04 1.745619752984363567e-04 2.285647326321197954e-04
4.991051165193647332e-01 7.532586267145241661e-04 4.852682327235568593e-05 4.704090591869415638e-05 9.261352483133015838e-05 1.021274418533552617e-04 1.335068139121564548e-04 1.751770092380540000e-04
5.083307194125139539e-01 5.902696740885215836e-04 3.814965141112178389e-05 3.665798004061989086e-05 7.251354971666461920e-05 8.016295988381289244e-05 1.046721026265750882e-04 1.376492188079094501e-04
5.175563223056629525e-01 4.721936561712273628e-04 3.048658598354318881e-05 2.941005337870667867e-05 5.828658426637448910e-05 6.425386880124417301e-05 8.375469048648429872e-05 1.104032015185648762e-04
5.267819251988120621e-01 3.843000205084892381e-04 2.487158412761713861e-05 2.401023653264257535e-05 4.747732105349984546e-05 5.241057817969001914e-05 6.816528648575706896e-05 9.008103105086450986e-05
5.360075280919610607e-01 3.173573764141065265e-04 2.054409699998616676e-05 1.998219062572227861e-05 3.928834956962509858e-05 4.338793102609924323e-05 5.627872545402160843e-05 7.457401873573512576e-05
5.452331309851101704e-01 2.653629860224502104e-04 1.723246593661302301e-05 1.677906646741384464e-05 3.292971596842241650e-05 3.637701071253123864e-05 4.703704660503373308e-05 6.250838217556077526e-05
5.544587338782591690e-01 2.243103001053841185e-04 1.455849527674674408e-05 1.418255114618704603e-05 2.789506106597343447e-05 3.083849440007810621e-05 3.973243114996840718e-05 5.296576279890718780e-05
5.636843367714083897e-01 1.914153513877266783e-04 1.246957874019552948e-05 1.208339446719537127e-05 2.385118693996047244e-05 2.639765596484892484e-05 3.387349562541041529e-05 4.530693731895403683e-05
5.729099396645573883e-01 1.647120590678772894e-04 1.072497029797178560e-05 1.043096780429443485e-05 2.056097621431780386e-05 2.278997478973769988e-05 2.911300766228117325e-05 3.907983882588526750e-05
5.821355425577064979e-01 1.428144342835722166e-04 9.276505125829087595e-06 9.044213751319124918e-06 1.785477525391800969e-05 1.982925188441733862e-05 2.520467078431321093e-05 3.396538497958884791e-05
5.913611454508554965e-01 1.246468485457041190e-04 8.184864609697369876e-06 7.877478468676604620e-06 1.563889243987780448e-05 1.734962223782686929e-05 2.195954830634341435e-05 2.971534665047124968e-05
6.005867483440046062e-01 1.094608620805036480e-04 7.189448561177949355e-06 6.910509581158980541e-06 1.378944526493908207e-05 1.514050453456182834e-05 1.924392752806888200e-05 2.615745947616887786e-05
6.098123512371537158e-01 9.664960697784631021e-05 6.333106558327857493e-06 6.083901031319667195e-06 1.222796606065810880e-05 1.335933970601211847e-05 1.695101922769667228e-05 2.315140674462942835e-05
6.190379541303028255e-01 8.577417986323798726e-05 5.612455217992613895e-06 5.382177988568921634e-06 1.090156288360482142e-05 1.190289710662212482e-05 1.500240205078098995e-05 2.059574360437068047e-05
6.282635570234518241e-01 7.648365824387910110e-05 5.020808889450839021e-06 4.828065579578729501e-06 9.825974738223209356e-06 1.065732363031643708e-05 1.333576892657571179e-05 1.840923049371822744e-05
6.374891599166009337e-01 6.848937902518080327e-05 4.508975581883918463e-06 4.333437811279743567e-06 8.795920150798030787e-06 9.583358515710770737e-06 1.190035107105030072e-05 1.652490713548258866e-05
6.467147628097499323e-01 6.158196143565220697e-05 4.057754926346687730e-06 3.889804972889875285e-06 7.955569159485452522e-06 8.652774281838885087e-06 1.065852540256480340e-05 1.489426458537729942e-05
6.559403657028991530e-01 5.558173545856507665e-05 3.726529362951366462e-06 3.543182467097376863e-06 7.221606647349458369e-06 7.832592448843458369e-06 9.620626527693277869e-06 1.347556929400446385e-05
6.651659685960481516e-01 5.034065168465126617e-05 3.408844358784474961e-06 3.243329887073125657e-06 6.594505897861510256e-06 7.123677803168124319e-06 8.812987385522325860e-06 1.223438862527064804e-05
6.743915714891972613e-01 4.575093688244160901e-05 3.057541098321749442e-06 2.981421981431457366e-06 6.023894427267852407e-06 6.508254870858799074e-06 8.100226797409744222e-06 1.114570939735614089e-05
6.836171743823462599e-01 4.171356490196207985e-05 2.827375330834187167e-06 2.710636655261258439e-06 5.533427958987498349e-06 5.965087549965406976e-06 7.468120703058615470e-06 1.013854860591150277e-05
6.928427772754953695e-01 3.815045800280280339e-05 2.596855085320767234e-06 2.509274718275714979e-06 5.099391122613984985e-06 5.484075110524865937e-06 6.905581937142160523e-06 9.227313229157724488e-06
7.020683801686443681e-01 3.499347492660624979e-05 2.422683630414130315e-06 2.337695349030635109e-06 4.713966601089209050e-06 5.056332121190081107e-06 6.402766913623614102e-06 8.421294564486480168e-06
7.112939830617935888e-01 3.219066674435662673e-05 2.262413692549624267e-06 2.163523348547949116e-06 4.405231304760334711e-06 4.658789832451400522e-06 5.952309964958905561e-06 7.706902177025309788e-06
7.205195859549425874e-01 2.969687875987989098e-05 2.082541044014367572e-06 2.009062074996087265e-06 4.070359890029300569e-06 4.236477980867327188e-06 5.547975420460531240e-06 7.072357896034202329e-06
7.297451888480916971e-01 2.745932393284553606e-05 1.900726670262437745e-06 1.863916239047505200e-06 3.798885561916081157e-06 3.937982561709166458e-06 5.241500495484296507e-06 6.504150143395770646e-06
7.389707917412406957e-01 2.546618333809406526e-05 1.761393787606261500e-06 1.733268335736448565e-06 3.554156488473997436e-06 3.661470415126835931e-06 4.968989567151193838e-06 5.998844880008862739e-06
7.481963946343899163e-01 2.367496043170034680e-05 1.644113974118642356e-06 1.626054981156127278e-06 3.341778261991243425e-06 3.401526162042199387e-06 4.724075746017501515e-06 5.545631951138115781e-06
7.574219975275389150e-01 2.206546715746946980e-05 1.540282323240634260e-06 1.525288358373108637e-06 3.120974197402137949e-06 3.158746437498802169e-06 4.504236945913007160e-06 5.139193700386946969e-06
7.666476004206880246e-01 2.061398498480360733e-05 1.459018003518425781e-06 1.437140154246193454e-06 2.951592950817338390e-06 2.940527711421587239e-06 4.306176577050435314e-06 4.773427614638712304e-06
7.758732033138370232e-01 1.930645481203424694e-05 1.371161652125209166e-06 1.363959948128857391e-06 2.767380076802169960e-06 2.774311833456677705e-06 4.128090106875579462e-06 4.444604804743689671e-06
7.850988062069861328e-01 1.812559059444039119e-05 1.310882225642406537e-06 1.294511728590249229e-06 2.600484060750286658e-06 2.623411295128626344e-06 3.917363720646730482e-06 4.148272770910811839e-06
7.943244091001351315e-01 1.705613187396399968e-05 1.248256550148836938e-06 1.237261938852971275e-06 2.458965534607872560e-06 2.463770982729595224e-06 3.691359609713683120e-06 3.880517994692065091e-06
8.035500119932843521e-01 1.608811416116540709e-05 1.173946555431268834e-06 1.176741731819814357e-06 2.322502113701791930e-06 2.316976714876826514e-06 3.486101525225347069e-06 3.679503988551208120e-06
8.127756148864333507e-01 1.521041242217611387e-05 1.109079749786180636e-06 1.115471757878796355e-06 2.194528742657811068e-06 2.184618200256314041e-06 3.299367195221169434e-06 3.497495362710171781e-06
8.220012177795824604e-01 1.441626512460847592e-05 1.061193109267157146e-06 1.077079173430583241e-06 2.075806500302815086e-06 2.082084381746776358e-06 3.129815502553606963e-06 3.332750148593530904e-06
8.312268206727314590e-01 1.369398615569577018e-05 1.018037209031533359e-06 1.028799191182983182e-06 1.967199130682973260e-06 1.988699757938415923e-06 2.974998895270664521e-06 3.182819364822475541e-06
8.404524235658805686e-01 1.303660412516281696e-05 9.637479999562255839e-07 9.827642666251347833e-07 1.885348752640586670e-06 1.903587662048797783e-06 2.833493148907548562e-06 3.046285522139981252e-06
8.496780264590296783e-01 1.243997459357874454e-05 9.147430631223970460e-07 9.482057482996402077e-07 1.805165968572558163e-06 1.817495313090784363e-06 2.704484264320467071e-06 2.922354252078358838e-06
8.589036293521787879e-01 1.189755628221253056e-05 8.808531746464251337e-07 9.115257577762030176e-07 1.749734505981455880e-06 1.735389190675600576e-06 2.586621161721760096e-06 2.809669271459109210e-06
8.681292322453277865e-01 1.140539377360775065e-05 8.479432033151666461e-07 8.814298441945541394e-07 1.688765481349639391e-06 1.666539878818988613e-06 2.479114982045123181e-06 2.707440444893923287e-06
8.773548351384768962e-01 1.095652267935303046e-05 8.206957030343613874e-07 8.498398544703877216e-07 1.652503505046208363e-06 1.603676243647877609e-06 2.380483625060227126e-06 2.614206331105080035e-06
8.865804380316258948e-01 1.054986618019522513e-05 7.891966678027457029e-07 8.124672110845821852e-07 1.614303097224361724e-06 1.542320134572864495e-06 2.290564172203945825e-06 2.529788301876411148e-06
8.958060409247751155e-01 1.018165306101101836e-05 7.674512427400219931e-07 7.926766462208742546e-07 1.580671523011949197e-06 1.487330253062733466e-06 2.267596194762689285e-06 2.453415138123359073e-06
9.050316438179241141e-01 9.845884350835730373e-06 7.444893017469147881e-07 7.730266858713429778e-07 1.548762579797969614e-06 1.451238185487636548e-06 2.200044513712016013e-06 2.383810144707687030e-06
9.142572467110732237e-01 9.542045486994565242e-06 7.214429344305668408e-07 7.523396949288925148e-07 1.507090313333205240e-06 1.421725908130667371e-06 2.132107636519393456e-06 2.320909394622920808e-06
9.234828496042222223e-01 9.267572023205613703e-06 7.060051692175774645e-07 7.367949544457438817e-07 1.464422524852607990e-06 1.395004625098914317e-06 2.070313412009836015e-06 2.255154074689185051e-06
9.327084524973712210e-01 9.020314351515195851e-06 6.904563684071641952e-07 7.139094726739338322e-07 1.422165282794255774e-06 1.370783349972472725e-06 2.014219732479588493e-06 2.186457638544585447e-06
9.419340553905202196e-01 8.797213180901197508e-06 6.775996763245433955e-07 7.048571953427921848e-07 1.396247053053668619e-06 1.324783298689298241e-06 1.963042090716279534e-06 2.123918729041378166e-06
9.511596582836694402e-01 8.598252798540328664e-06 6.706112531501738991e-07 6.971708681678409159e-07 1.390731681861315746e-06 1.280768303913921007e-06 1.926012478179435898e-06 2.067523957280466672e-06
9.603852611768185499e-01 8.419190945126528384e-06 6.542251614941527996e-07 6.899384178877234283e-07 1.379991466741327982e-06 1.253661382097069395e-06 1.900937621374276622e-06 2.016194114954635670e-06
9.696108640699675485e-01 8.261553568719805148e-06 6.428671072942664718e-07 6.771265438659091647e-07 1.361733604289812696e-06 1.232360288088492276e-06 1.878909971510376084e-06 1.970312669120098803e-06
9.788364669631165471e-01 8.120561049323314452e-06 6.347567858586039319e-07 6.655389214973793011e-07 1.355975673546456077e-06 1.210404624330629283e-06 1.858999389757481783e-06 1.928658688627988446e-06
9.880620698562656568e-01 8.003013814328049718e-06 6.309756842714171662e-07 6.611538223498348858e-07 1.332845105672493131e-06 1.195441914331060946e-06 1.842899882386839908e-06 1.892942981770249486e-06
9.972876727494148774e-01 7.891470146359609190e-06 6.237736007347907213e-07 6.496527486765286161e-07 1.319549349392717510e-06 1.186544137618599075e-06 1.826635651920682730e-06 1.858714435867933955e-06
1.006513275642563876e+00 7.800271974159868013e-06 6.226698904570537120e-07 6.472849634730360450e-07 1.327522271478600294e-06 1.179833216074663748e-06 1.813683150164549878e-06 1.829635499689078609e-06
1.015738878535712875e+00 7.723701333753584799e-06 6.160323430986943934e-07 6.434915178730871488e-07 1.335818735828374370e-06 1.172347438280221484e-06 1.802817652447114810e-06 1.804268398355128471e-06
1.024964481428862095e+00 7.661055571466643255e-06 6.075362033293635106e-07 6.389523789687803654e-07 1.357109119016898136e-06 1.160320017320454387e-06 1.817725019544314167e-06 1.782402306228588543e-06
1.034190084322011094e+00 7.610883439055024117e-06 6.120959277733425404e-07 6.409859851852433180e-07 1.358166627882625416e-06 1.150078640040705679e-06 1.836772312631947007e-06 1.763663135170891804e-06
1.043415687215160093e+00 7.573774033447481102e-06 6.117069521324804238e-07 6.374558595992193820e-07 1.373967832398568903e-06 1.141847622669765019e-06 1.820978616767893336e-06 1.748203717323250941e-06
1.052641290108309091e+00 7.548183585834661248e-06 6.035081111759733305e-07 6.312595662087507040e-07 1.391382635542405739e-06 1.135376034697916456e-06 1.806908793390950215e-06 1.735614492314370777e-06
1.061866893001458312e+00 7.534263173762817693e-06 6.040704568730625296e-07 6.287929744532472733e-07 1.410227834033431994e-06 1.132807704932706492e-06 1.797563552708125769e-06 1.725928953536692950e-06
1.071092495894607532e+00 7.531270738942179043e-06 6.110837018573117137e-07 6.341552377966454347e-07 1.408923875604850631e-06 1.133182180061032701e-06 1.820655082670219584e-06 1.718954913604221852e-06
1.080318098787756531e+00 7.539384975490137731e-06 6.125424974396371613e-07 6.321129500603739882e-07 1.402147337693831548e-06 1.137574539847821524e-06 1.845043379742865720e-06 1.714716913715572286e-06
1.089543701680905530e+00 7.557741445540622979e-06 6.130503055194138861e-07 6.340459023610359887e-07 1.425549826136303967e-06 1.142889031264390552e-06 1.870670105580076133e-06 1.713004793920742041e-06
1.098769304574054528e+00 7.586432109681675406e-06 6.058389032044233236e-07 6.346248822433441769e-07 1.436647589380210729e-06 1.145639533475491084e-06 1.897614472495272267e-06 1.713813251161781922e-06
1.107994907467203749e+00 7.626094417049096676e-06 6.030132342449038302e-07 6.413000073472604573e-07 1.455524709282567262e-06 1.144687617078150330e-06 1.926000164998095371e-06 1.717291603236083103e-06
1.117220510360352748e+00 7.675382052639269248e-06 6.060420466399080364e-07 6.442920496772530038e-07 1.477613978457813405e-06 1.155728975661492472e-06 1.955732321711964655e-06 1.723092501309711958e-06
1.126446113253501746e+00 7.734744181249893249e-06 6.089611170526777170e-07 6.491869971130041650e-07 1.484397732208483987e-06 1.157156180119295677e-06 1.986911183956246833e-06 1.731315875050443287e-06
1.135671716146650967e+00 7.804579048246953313e-06 6.129980270857828776e-07 6.506108709533457531e-07 1.492527115610932573e-06 1.166281055793733135e-06 2.019639016376191236e-06 1.742059851705499630e-06
1.144897319039799966e+00 7.884960202974009271e-06 6.141291600995937942e-07 6.607990018527738887e-07 1.501954832339952257e-06 1.179653623492115890e-06 2.053984671917215692e-06 1.755322461256504451e-06
1.154122921932948964e+00 7.975950295055861148e-06 6.126087505496215175e-07 6.676144473585987754e-07 1.512278503271975036e-06 1.194976584761169396e-06 2.089997603074721211e-06 1.771099657597352831e-06
1.163348524826097963e+00 8.077818025149272228e-06 6.209905802936059620e-07 6.770884056398148281e-07 1.523995246637963247e-06 1.211193315412137370e-06 2.127787451602511994e-06 1.789454917233464537e-06
1.172574127719247183e+00 8.190967512251543273e-06 6.250352187877554721e-07 6.846260937246645049e-07 1.537121941954344335e-06 1.224978890169682297e-06 2.167448834221660583e-06 1.810454882090121225e-06
1.181799730612396404e+00 8.316077963885177898e-06 6.273425616239960734e-07 6.891899977503290303e-07 1.551791450686932093e-06 1.244011409255491034e-06 2.209131804364559078e-06 1.834260837620324242e-06
1.191025333505545403e+00 8.452764584452033585e-06 6.338202903689475276e-07 6.981068285194301737e-07 1.567936062475013117e-06 1.264458464393003404e-06 2.252824840590423634e-06 1.860785071673125849e-06
1.200250936398694401e+00 8.603164296808668427e-06 6.413883784612978427e-07 7.077457675676057961e-07 1.587464010718840589e-06 1.286558621603745843e-06 2.298893567215633607e-06 1.890451150801267737e-06
1.209476539291843622e+00 8.767271382297231968e-06 6.465452768755898083e-07 7.160684840827706159e-07 1.630707772572371648e-06 1.310197437903275604e-06 2.347384070919627681e-06 1.923330174383264886e-06
1.218702142184992621e+00 8.946044247151778645e-06 6.492663051328409512e-07 7.262526266191319878e-07 1.676202360159816720e-06 1.334417333169032592e-06 2.398483032350572810e-06 1.959582281658529408e-06
1.227927745078141619e+00 9.140546657228680404e-06 6.631194805976334044e-07 7.363321764342550335e-07 1.724088153400973379e-06 1.359725233255077440e-06 2.452337354728261973e-06 1.999465970522446629e-06
1.237153347971290618e+00 9.351771432604852360e-06 6.802568480079030614e-07 7.486494230669674257e-07 1.773125322165735728e-06 1.383356426315906311e-06 2.509163619334060373e-06 2.050745841677607158e-06
1.246378950864439838e+00 9.582530844858156842e-06 6.986163135869969667e-07 7.613918598334222239e-07 1.811978478100402033e-06 1.410448539110665782e-06 2.575266186097598193e-06 2.109232481090687207e-06
1.255604553757589059e+00 9.831604719495991038e-06 7.247624978950140199e-07 7.823489018610500171e-07 1.870203439427334672e-06 1.439038704604799217e-06 2.647300612020262025e-06 2.172195800607947886e-06
1.264830156650738058e+00 1.010428341745129519e-05 7.294769461907166453e-07 7.977475712378890807e-07 1.933170482959705952e-06 1.473910817390079153e-06 2.724239679505271824e-06 2.241064435665773269e-06
1.274055759543887056e+00 1.040042301245209158e-05 7.414152180603114412e-07 8.175003772709076055e-07 2.001074883166851769e-06 1.513417291897370344e-06 2.812173479667281527e-06 2.315728459469742998e-06
1.283281362437036055e+00 1.072418272438125225e-05 7.638408172015433785e-07 8.349901658657196099e-07 2.074410476368086093e-06 1.551197831053890711e-06 2.905495701305210469e-06 2.387836191012139596e-06
1.292506965330185276e+00 1.107817923429655972e-05 7.932096433726782135e-07 8.559564439513378656e-07 2.128146868249520000e-06 1.592369846181693102e-06 3.015513565518183572e-06 2.459471858545496950e-06
1.301732568223334052e+00 1.146695478948457809e-05 8.108255897447116869e-07 8.801653521655654539e-07 2.186914792511597370e-06 1.637663919784451284e-06 3.139766052161568235e-06 2.538924181736761009e-06
1.310958171116483273e+00 1.189337934164722703e-05 8.425512102953112932e-07 9.097431411986847639e-07 2.274071673281659645e-06 1.687248226147311677e-06 3.268048751499307513e-06 2.626670060414453228e-06
1.320183774009632494e+00 1.236379964096865975e-05 8.810329486233664813e-07 9.397915496180236477e-07 2.367828236927586576e-06 1.741600855350186087e-06 3.405061875309655444e-06 2.724188111278781274e-06
1.329409376902781492e+00 1.288451042273410393e-05 9.182075415580584341e-07 9.772066950719461071e-07 2.468259761274419810e-06 1.810569830302472194e-06 3.553555475261426246e-06 2.832980655426095313e-06
1.338634979795930713e+00 1.346230153636727043e-05 9.502877121647626584e-07 1.016803451895965271e-06 2.554799118237490314e-06 1.900766963887841500e-06 3.715156373419070028e-06 2.954486155885116511e-06
1.347860582689079489e+00 1.410742938461416040e-05 9.981156438332829730e-07 1.060273948566461521e-06 2.643143803503174755e-06 1.985663676530884095e-06 3.891937890571155981e-06 3.091032307170368094e-06
1.357086185582228710e+00 1.482969572374875798e-05 1.044440248826259465e-06 1.126928085520279276e-06 2.741555921279643500e-06 2.077697341148035967e-06 4.085948379843773961e-06 3.244839973527024633e-06
1.366311788475377931e+00 1.564340606113364388e-05 1.095917895236037771e-06 1.174586815074333784e-06 2.872304448865002380e-06 2.181068119285611292e-06 4.300003296762181854e-06 3.419666837068210223e-06
1.375537391368526707e+00 1.656500589065176791e-05 1.153051626211746048e-06 1.238951462419337024e-06 3.038518872809746197e-06 2.297754334818330379e-06 4.537424285516938134e-06 3.626624527009800875e-06
1.384762994261675928e+00 1.761566027815813075e-05 1.208402052139183157e-06 1.315274522354094967e-06 3.224951435861795620e-06 2.442065390940288637e-06 4.802337041459919158e-06 3.863485283941698643e-06
1.393988597154824927e+00 1.882149257866971178e-05 1.280615917007084690e-06 1.396141479798543989e-06 3.435495260913080907e-06 2.623682526294195193e-06 5.099828030688103415e-06 4.136384099214045998e-06
1.403214200047974147e+00 2.021630403907561106e-05 1.368145156265867108e-06 1.515224065336504022e-06 3.688817181970297957e-06 2.847725948019638845e-06 5.436318285054416881e-06 4.453296483472338017e-06
1.412439802941123368e+00 2.184350544429467176e-05 1.476889805426589899e-06 1.642133152159229383e-06 3.958188197559128063e-06 3.091551066813550921e-06 5.820127795975098088e-06 4.824477750171400614e-06
1.421665405834272145e+00 2.375922037484366249e-05 1.602993776077514548e-06 1.765856233719753811e-06 4.269464423299540245e-06 3.336940687399679351e-06 6.261610480654814290e-06 5.263265980566033065e-06
1.430891008727421365e+00 2.603931989908703364e-05 1.760552126326676793e-06 1.948325701414069938e-06 4.642824936425075515e-06 3.616861110431828202e-06 6.774741264520302151e-06 5.787720021123619559e-06
1.440116611620570364e+00 2.878437647532399642e-05 1.947975609010262396e-06 2.153498774865238868e-06 5.082078439663787790e-06 3.985341758919815790e-06 7.377879365944913236e-06 6.421892446759574466e-06
1.449342214513719362e+00 3.213372522740784345e-05 2.150977919195631871e-06 2.391903805341878653e-06 5.599838834515295241e-06 4.470640950368243041e-06 8.095716082643305373e-06 7.199281855356779358e-06
1.458567817406868583e+00 3.628115623197448786e-05 2.390514902161044975e-06 2.691349390004787198e-06 6.261677616217843135e-06 5.073800602293394304e-06 8.962351266508515363e-06 8.166713007278238835e-06
1.467793420300017582e+00 4.150482436539392161e-05 2.713250252028280194e-06 3.047595380808795361e-06 7.045979247517449636e-06 5.839200889074692296e-06 1.002599929827787425e-05 9.391613936965114155e-06
1.477019023193166802e+00 4.821054096659824586e-05 3.142473244368387245e-06 3.461956693568095237e-06 8.081283422758386110e-06 6.782572032957233897e-06 1.135552165202677994e-05 1.097344477525027891e-05
1.486244626086316023e+00 5.700726139540435015e-05 3.703772703888140081e-06 4.051612850674334910e-06 9.442186846907570314e-06 8.023053843893551001e-06 1.305266863253032067e-05 1.299894561474868124e-05
1.495470228979464800e+00 6.883267431534539048e-05 4.497102872791253225e-06 4.826915711615798279e-06 1.125682702999932275e-05 9.698865262514884216e-06 1.557917820902865078e-05 1.561291152612067566e-05
1.504695831872614020e+00 8.516395165104328493e-05 5.527810885550617399e-06 5.925956282602700483e-06 1.345456547684763563e-05 1.201434463450052725e-05 1.892319576696341234e-05 1.951830800250652738e-05
1.513921434765763019e+00 1.083659776463539786e-04 6.900292559112086634e-06 7.448285575856067602e-06 1.671169222117188592e-05 1.532179406315681942e-05 2.402568346587769877e-05 2.516449268146943861e-05
1.523147037658912017e+00 1.421785118469696952e-04 9.159629219184173493e-06 9.604916786422085673e-06 2.147338553642498538e-05 2.015731248482876083e-05 3.117157532534682867e-05 3.330770853645510495e-05
1.532372640552061016e+00 1.920076246532537710e-04 1.254738355558999920e-05 1.303786619245901764e-05 2.914906916674572389e-05 2.755278531081274012e-05 4.152499058284199441e-05 4.486000540585526183e-05
1.541598243445210237e+00 2.629155192431819384e-04 1.719802252754347709e-05 1.788860741150290635e-05 3.899439680183372720e-05 3.753916456029617000e-05 5.566094912752821838e-05 6.106301078849331646e-05
1.550823846338359457e+00 3.483287082927875021e-04 2.376404555692125707e-05 2.391353037143527328e-05 5.051468979179690819e-05 4.922920900947322072e-05 7.245028787218995214e-05 8.013434154894048594e-05
1.560049449231508456e+00 4.065704527799309854e-04 2.780335956127844748e-05 2.744758164437041377e-05 5.925112038096763765e-05 5.703794919032216960e-05 8.366381046071821913e-05 9.271428464294526181e-05
1.569275052124657455e+00 3.823532585842383215e-04 2.610912902329450697e-05 2.599339520417633023e-05 5.379683050035197244e-05 5.430644607940367198e-05 7.919516329917225626e-05 8.726134529902791325e-05
1.578500655017806453e+00 2.960975586099822668e-04 1.986255656802153602e-05 2.006311922566608383e-05 4.069680595410250616e-05 4.274968558721126306e-05 5.849220027232736275e-05 6.832507417815178756e-05
1.587726257910955674e+00 2.094058553413695825e-04 1.413964316984077201e-05 1.437194021565202677e-05 2.854010981941185947e-05 2.942678325707712974e-05 3.887883508584867327e-05 4.898034664862057014e-05
1.596951860804104451e+00 1.464436708723385646e-04 1.010756115319425474e-05 1.005201722902544846e-05 2.025552787907479078e-05 2.071141251218895705e-05 2.683211969622904662e-05 3.465476112793660745e-05
1.606177463697253671e+00 1.048010704413100946e-04 7.162084509312522155e-06 7.249503816574977906e-06 1.469400308444226641e-05 1.518203181138809605e-05 1.898814382662881767e-05 2.502849770162136238e-05
1.615403066590402892e+00 7.748560232239758659e-05 5.437218262006825154e-06 5.532524956307984009e-06 1.073504733282733931e-05 1.146509270281491995e-05 1.419256412106945336e-05 1.863812796029741455e-05
1.624628669483551890e+00 5.919552654207479818e-05 4.227884523957684752e-06 4.307125651341481970e-06 8.043726669053533995e-06 8.881124355876275829e-06 1.122840899103480039e-05 1.432006859444746942e-05
1.633854272376701111e+00 4.659388790530590599e-05 3.333492669892041652e-06 3.428232864556395032e-06 6.416798736191547806e-06 7.017969466099375987e-06 9.143828147139579333e-06 1.132338837556843338e-05
1.643079875269850110e+00 3.765904418401926318e-05 2.728385066621646622e-06 2.806335806369744494e-06 5.321893319285852272e-06 5.743329406301852765e-06 7.632107169560156668e-06 9.185881007336769961e-06
1.652305478162999108e+00 3.115425233693619748e-05 2.286590920491336223e-06 2.356690895773455780e-06 4.419802268804828458e-06 4.756746866661042394e-06 6.504692152836209632e-06 7.621524690772838145e-06
1.661531081056148329e+00 2.630791314521671579e-05 1.963976606952416774e-06 2.049038714231097511e-06 3.790718107240022576e-06 4.031561917473759394e-06 5.643399121251907311e-06 6.450537080106138468e-06
1.670756683949297106e+00 2.262180778017940140e-05 1.741943072983423641e-06 1.764513660281988072e-06 3.314668620554653153e-06 3.447239165548587967e-06 4.903727972594145742e-06 5.555884228604924245e-06
1.679982286842446326e+00 1.976850361183468002e-05 1.541026651436602660e-06 1.562563083544990419e-06 3.006477451842356032e-06 3.047736047803391752e-06 4.284161033881550378e-06 4.860395341674213682e-06
1.689207889735595547e+00 1.752555249813033108e-05 1.376051262908870444e-06 1.378725574424225278e-06 2.693196187504243519e-06 2.705615349722234150e-06 3.795397920857668489e-06 4.311386941442325565e-06
1.698433492628744546e+00 1.573841818726198725e-05 1.233303245797799506e-06 1.234135894776509560e-06 2.427330031898720404e-06 2.429267378958282055e-06 3.404517946998519558e-06 3.872067530563211169e-06
1.707659095521893766e+00 1.429778100981761525e-05 1.148197709713211402e-06 1.144841048022555074e-06 2.246294574217264800e-06 2.215616400617776493e-06 3.088216337520307566e-06 3.516386953674802683e-06
1.716884698415042543e+00 1.312466415898446033e-05 1.055700493778092828e-06 1.052858909262350276e-06 2.087889114579421417e-06 2.037804903355427619e-06 2.829610232502983237e-06 3.225453866468288956e-06
1.726110301308191763e+00 1.216078283415534741e-05 9.832357934325635209e-07 9.923140362413945424e-07 1.948454380369385312e-06 1.887756502546040558e-06 2.616212897023938977e-06 2.985277467916440234e-06
1.735335904201340984e+00 1.136274996433586471e-05 9.174494636093176610e-07 9.266182550658013224e-07 1.812983089957470169e-06 1.759220470453875786e-06 2.438684005413157624e-06 2.785428181272967479e-06
1.744561507094489761e+00 1.069755184141750506e-05 8.696042651824464675e-07 8.698266966057208638e-07 1.719105341220243793e-06 1.648923541353051119e-06 2.289943101307794252e-06 2.617933132143549502e-06
1.753787109987638981e+00 1.014005830489782534e-05 8.306046023021481972e-07 8.252653352855370260e-07 1.633349497100159502e-06 1.550761729486960111e-06 2.174862771830012536e-06 2.476762842592628551e-06
1.763012712880787980e+00 9.670396351614190137e-06 7.951086572517481209e-07 7.716275040031503075e-07 1.561222618862355847e-06 1.472595850331608394e-06 2.095852868994588884e-06 2.357103106456410040e-06
1.772238315773937201e+00 9.273232626933670844e-06 7.609535560122689313e-07 7.423541663968957614e-07 1.498724085136771004e-06 1.419000498548901273e-06 2.027178542699511284e-06 2.255217556538126565e-06
1.781463918667086421e+00 8.936191106226357503e-06 7.255347570094823850e-07 7.188385227559256421e-07 1.444000544103644991e-06 1.374727684531767911e-06 1.991163804512971708e-06 2.168130634590243471e-06
1.790689521560235198e+00 8.649516891405028619e-06 6.941401166272449352e-07 6.907053750729267048e-07 1.389906039616967378e-06 1.338257434365348951e-06 2.006776934057181893e-06 2.093424922195491526e-06
1.799915124453384419e+00 8.405232111107655902e-06 6.710804023358757483e-07 6.708259613407486940e-07 1.340709194117961018e-06 1.307861061986680619e-06 1.940244260573659532e-06 2.029233515592687282e-06
1.809140727346533417e+00 8.196797605215606008e-06 6.571293635420078340e-07 6.546033440229239995e-07 1.317287448963009829e-06 1.281858993463671942e-06 1.882362262748065276e-06 1.973898078922801609e-06
1.818366330239682416e+00 8.018996543138635219e-06 6.393272423935038686e-07 6.395502176444886546e-07 1.284512368877912506e-06 1.238339969886311668e-06 1.831959976295136845e-06 1.926153452928093578e-06
1.827591933132831414e+00 7.867387413270459553e-06 6.258548225270383302e-07 6.263629196160550093e-07 1.255021075412007155e-06 1.203050549464362569e-06 1.788053538860226858e-06 1.884918388797095004e-06
1.836817536025980635e+00 7.738306221278217821e-06 6.066251312935935238e-07 6.169627477745886007e-07 1.228707997195723780e-06 1.186285818313807907e-06 1.749725324338120640e-06 1.849313504149491243e-06
1.846043138919129634e+00 7.628779196671310925e-06 5.950013265520479662e-07 6.088165191257313409e-07 1.205556745133428919e-06 1.173541512008144742e-06 1.716197348437518660e-06 1.818575374077432017e-06
1.855268741812278410e+00 7.536149388189791017e-06 5.880815917124624506e-07 5.968731718094055587e-07 1.221123388440496705e-06 1.145695073546747184e-06 1.733016205015774706e-06 1.792072805760191414e-06
1.864494344705427187e+00 7.458262977301892788e-06 5.856754811150521208e-07 5.965444463798407032e-07 1.222928101468926704e-06 1.131953586371700404e-06 1.713330092903760087e-06 1.769263799253744620e-06
1.873719947598576185e+00 7.393245568141872005e-06 5.748500650400356607e-07 5.957700603729279600e-07 1.220827718394083972e-06 1.123220850576310770e-06 1.694993326162995828e-06 1.749699262731648876e-06
1.882945550491724962e+00 7.339636014959537117e-06 5.687608650011242046e-07 5.923436606253811647e-07 1.202558079105470223e-06 1.106531197803389466e-06 1.677938021345052658e-06 1.733002179664069314e-06
1.892171153384873961e+00 7.295954039104562764e-06 5.672774290484289226e-07 5.846576431045783623e-07 1.185704241878207957e-06 1.095729158148200744e-06 1.662099706635520488e-06 1.718827768752361236e-06
1.901396756278022737e+00 7.261148095482872630e-06 5.569055371724429763e-07 5.853810555494380131e-07 1.170191420036947618e-06 1.078604091785433165e-06 1.647293753228841182e-06 1.706892775878182863e-06
1.910622359171171736e+00 7.234021988522056303e-06 5.431255750835098874e-07 5.840339395624174007e-07 1.170680167912663834e-06 1.062126018967292677e-06 1.644835134188195985e-06 1.696920430954300778e-06
1.919847962064320512e+00 7.214059547561185583e-06 5.486700542710449708e-07 5.711546893588048421e-07 1.172739475868333238e-06 1.068159221783632092e-06 1.653839108824546907e-06 1.688773372389385496e-06
1.929073564957469289e+00 7.200159048374140172e-06 5.488590984768130734e-07 5.695044356238180655e-07 1.181130665981853665e-06 1.075322593070248472e-06 1.663937000829113786e-06 1.682167474719945953e-06
1.938299167850618288e+00 7.191786312337611890e-06 5.456554526189865811e-07 5.637349131324828489e-07 1.183300683639330520e-06 1.073518195001994773e-06 1.675037067880333992e-06 1.676974158712713701e-06
1.947524770743767064e+00 7.188423760004173620e-06 5.408306905523443825e-07 5.585046909384783044e-07 1.181990264689623854e-06 1.067456499027712599e-06 1.686979338779681456e-06 1.673087378490869860e-06
1.956750373636916063e+00 7.189409993554676431e-06 5.331287991882852542e-07 5.580138335734346211e-07 1.186162597055974821e-06 1.062760178392320653e-06 1.699676478285078698e-06 1.670307675499322444e-06
1.965975976530064839e+00 7.194459672665267867e-06 5.377153135200078382e-07 5.488944635686486640e-07 1.188863354197143117e-06 1.066567207218953180e-06 1.713100553478605328e-06 1.668579482412347818e-06
1.975201579423213616e+00 7.203108737059721271e-06 5.469592317317424840e-07 5.527275578727274062e-07 1.187872717768014214e-06 1.070823508845250071e-06 1.727147802828162243e-06 1.676524419102376342e-06
1.984427182316362615e+00 7.214673272165197856e-06 5.448798574148654649e-07 5.587191038246193883e-07 1.195081344199381269e-06 1.075593296558783986e-06 1.748070753905646291e-06 1.680429473486087341e-06
1.993652785209511391e+00 7.229857201710419325e-06 5.457773794654303398e-07 5.640173570741968952e-07 1.203954894015299846e-06 1.080333532686146385e-06 1.786119763541146847e-06 1.680591639283154967e-06
2.002878388102660168e+00 7.247316501423930336e-06 5.476764187837092614e-07 5.665558140377452916e-07 1.217156415334738044e-06 1.075213981911279648e-06 1.823949161262284121e-06 1.681422368077365810e-06
2.012103990995809166e+00 7.267284115687136785e-06 5.428900728836433086e-07 5.648818052484070722e-07 1.236877413799027442e-06 1.066540919010275110e-06 1.861837053254622503e-06 1.682942604525385292e-06
2.021329593888958165e+00 7.289323877411459736e-06 5.401250296348488383e-07 5.640641730804865330e-07 1.249490379110611914e-06 1.058093953339121989e-06 1.894254645597547360e-06 1.685048005553141665e-06
2.030555196782107164e+00 7.313411833797701938e-06 5.382077046548032495e-07 5.613109436981792097e-07 1.243833999758219044e-06 1.063761393760975156e-06 1.915612004057025490e-06 1.687725203969096326e-06
2.039780799675255718e+00 7.339341896109744675e-06 5.398884592530276615e-07 5.651980401569507476e-07 1.249782211118139323e-06 1.072374179651088530e-06 1.946212388814109347e-06 1.690920257814583415e-06
2.049006402568404717e+00 7.366896823788606044e-06 5.508146560175967873e-07 5.626452566986761544e-07 1.259422452107884771e-06 1.070917647393802926e-06 1.998846160068795991e-06 1.694577288474042446e-06
2.058232005461553715e+00 7.395971977184244374e-06 5.494388234528705002e-07 5.605857589873240333e-07 1.268957408565655931e-06 1.078152320710359894e-06 2.051419264065503558e-06 1.698668848736793310e-06
2.067457608354702270e+00 7.426609201470574230e-06 5.601224558023398632e-07 5.652290734018561590e-07 1.284838453448088485e-06 1.087228973727064609e-06 2.090351676034738481e-06 1.703196988372620524e-06
2.076683211247851268e+00 7.458084114905055953e-06 5.666231840889215552e-07 5.703736456647214720e-07 1.325987950344927280e-06 1.096425846489347184e-06 2.128625496795633708e-06 1.707997550929519770e-06
2.085908814141000267e+00 7.491000727729547499e-06 5.658170625245014391e-07 5.744068483954748334e-07 1.355672095861740502e-06 1.105671923698433048e-06 2.166991637527255788e-06 1.713197699260797401e-06
2.095134417034148822e+00 7.524920046544800395e-06 5.678290265934845767e-07 5.776698466328459306e-07 1.367203396156188903e-06 1.111386195721959284e-06 2.205413517113188906e-06 1.718695672957976186e-06
2.104360019927297820e+00 7.559864629423521287e-06 5.759966605670811766e-07 5.789766274264504970e-07 1.378747087360479702e-06 1.110048802639240690e-06 2.243931089708349338e-06 1.724492665122699642e-06
2.113585622820446819e+00 7.595662105865826109e-06 5.739986494091207261e-07 5.843649180704840192e-07 1.393984893702600126e-06 1.111499230004661467e-06 2.282511959111403078e-06 1.730547210018821640e-06
2.122811225713595817e+00 7.632412564546704943e-06 5.805855809834151979e-07 5.851160230860593024e-07 1.417812047143112545e-06 1.119058650146736325e-06 2.321205167830424864e-06 1.736877541407284781e-06
2.132036828606744372e+00 7.669826370786695798e-06 5.817300051997508831e-07 5.911284358361274649e-07 1.441651508829492549e-06 1.126676691759139715e-06 2.359949045895077486e-06 1.743415533074397047e-06
2.141262431499893371e+00 7.707895930512127753e-06 5.813835090406680161e-07 5.989137339847122729e-07 1.454015578465065497e-06 1.134356950159864341e-06 2.398778056648553467e-06 1.750154547879327099e-06
2.150488034393042369e+00 7.746743774934838561e-06 5.806204865667234703e-07 6.072929422911566819e-07 1.463976529363571706e-06 1.143589257011260287e-06 2.437741899433277704e-06 1.757104620384678221e-06
2.159713637286190924e+00 7.786098790288061437e-06 5.891355909954616379e-07 6.150547332832413143e-07 1.481217582607680854e-06 1.154937414221640710e-06 2.476749922385921738e-06 1.764219027508490470e-06
2.168939240179339922e+00 7.825958193934736833e-06 5.931057503764046966e-07 6.174330738658584869e-07 1.482255277539369041e-06 1.166326599322802337e-06 2.515886763115140863e-06 1.771496156565435077e-06
2.178164843072488921e+00 7.866354825319298922e-06 5.949042722783759473e-07 6.234217117204213403e-07 1.502834019449944840e-06 1.177747140350183825e-06 2.555141494658527739e-06 1.778940369358408686e-06
2.187390445965637920e+00 7.907179554376764092e-06 5.983270780943942250e-07 6.309312063379899485e-07 1.533783480139774662e-06 1.186640546793154146e-06 2.594478329745406731e-06 1.786525264114417974e-06
2.196616048858786474e+00 7.948606551501424187e-06 5.948055819776712901e-07 6.378530240033789420e-07 1.558114279459219949e-06 1.199067192754537460e-06 2.633994847585064447e-06 1.794285807387986610e-06
2.205841651751935473e+00 7.990251702226555794e-06 5.937386797940147668e-07 6.425765607199569247e-07 1.565634529892556828e-06 1.211443650694054250e-06 2.673575501962828361e-06 1.802137092434526580e-06
2.215067254645084471e+00 8.032282338506485298e-06 6.024262756869480239e-07 6.454925229310812555e-07 1.587661884709838460e-06 1.222922464322526363e-06 2.713282791568805355e-06 1.810114236166315992e-06
2.224292857538233026e+00 8.074812795432244409e-06 6.015462580166644881e-07 6.523311119223853941e-07 1.600077085374241952e-06 1.229996699420621387e-06 2.753169009621002928e-06 1.818238938686282419e-06
2.233518460431382024e+00 8.117525663144389703e-06 6.046866614742589432e-07 6.606416538759678897e-07 1.612271905394967915e-06 1.237106871846718298e-06 2.793162196577639496e-06 1.826441333302372875e-06
2.242744063324531023e+00 8.160565402793967094e-06 6.063175587328757508e-07 6.666979931706929478e-07 1.641057208018294259e-06 1.244280310061647093e-06 2.833290014539813283e-06 1.834750815309767340e-06
2.251969666217680022e+00 8.201502555684218190e-06 6.104763784337884303e-07 6.759418499707940298e-07 1.668916215996358370e-06 1.253348432791137944e-06 2.872825977568638147e-06 1.842778367392383295e-06
2.261195269110828576e+00 8.245430218802063968e-06 6.110540364148484531e-07 6.815297060555612662e-07 1.697431241961068333e-06 1.265241386399674367e-06 2.913389373059410275e-06 1.851540777321342259e-06
2.270420872003977575e+00 8.289614309550680186e-06 6.104168038089920418e-07 6.872626264771615297e-07 1.705635797460996377e-06 1.277038725532010793e-06 2.954080867913125619e-06 1.860382698343266593e-06
2.279646474897126573e+00 8.335110363105599217e-06 6.170912076129473055e-07 6.920184789859969707e-07 1.711898155118010166e-06 1.288886288317235733e-06 2.995294685750859163e-06 1.869405457461358564e-06
2.288872077790275128e+00 8.378621796284935528e-06 6.237939405734551767e-07 6.990585740190053841e-07 1.718014971997091289e-06 1.300593331075317681e-06 3.035971324203717332e-06 1.878273208021960693e-06
2.298097680683424127e+00 8.423404640765940976e-06 6.292949297520430513e-07 7.066205431789550015e-07 1.739012176784327003e-06 1.311916505103903135e-06 3.077169298039811568e-06 1.887311901002134090e-06
2.307323283576573125e+00 8.468358742036488212e-06 6.284581669396916499e-07 7.102536839317985154e-07 1.767389136609489957e-06 1.319088728468124173e-06 3.118534557087623626e-06 1.896410081859163943e-06
2.316548886469722124e+00 8.513511220109376025e-06 6.285992521663297857e-07 7.148558144274074709e-07 1.795808075015630713e-06 1.326309163696652204e-06 3.160055926694834712e-06 1.905571615785150485e-06
2.325774489362870678e+00 8.558771060108775715e-06 6.294711517832087276e-07 7.208323143088706236e-07 1.824283745229511472e-06 1.333569719578566896e-06 3.201774313658191913e-06 1.914778546190762583e-06
2.335000092256019677e+00 8.604185043367553628e-06 6.385446400831227800e-07 7.267627244044271690e-07 1.838583446635505894e-06 1.340873991424873778e-06 3.243670464283295645e-06 1.924040240242737606e-06
2.344225695149168676e+00 8.649888325847801920e-06 6.363642578642080217e-07 7.327699055154707832e-07 1.848353743452299053e-06 1.349673076069815979e-06 3.285847185178405796e-06 1.933336326697553271e-06
2.353451298042317230e+00 8.695348227768708789e-06 6.408570374503233535e-07 7.381242649235095443e-07 1.858458001864794892e-06 1.362524405837604192e-06 3.328039480764497429e-06 1.942697251995798541e-06
2.362676900935466229e+00 8.741128098606034403e-06 6.450145800418719298e-07 7.432376443057531722e-07 1.868433148029218554e-06 1.374286415702569862e-06 3.370503216626390160e-06 1.952096938668211613e-06
2.371902503828615227e+00 8.786979783902375472e-06 6.485354449046668154e-07 7.504128656071515466e-07 1.893432442266573232e-06 1.386773888273824726e-06 3.413155431694505601e-06 1.961529922210499226e-06
2.381128106721764226e+00 8.832930230025639188e-06 6.488658055444187692e-07 7.562238756244080775e-07 1.924076838069593894e-06 1.398791326394005144e-06 3.456012400775104298e-06 1.971003072734782004e-06
2.390353709614912781e+00 8.878962452392923113e-06 6.499333494260940702e-07 7.621811625997367478e-07 1.954733132780532828e-06 1.405440334328166939e-06 3.499097906794344017e-06 1.980513478034693524e-06
2.399579312508061779e+00 8.925073769352427890e-06 6.571072496983129793e-07 7.686144530697814909e-07 1.985176800384069916e-06 1.411989167711150627e-06 3.542361368236022134e-06 1.990057018247014663e-06
2.408804915401210778e+00 8.971253707240287869e-06 6.591098105772520829e-07 7.718325181751896791e-07 2.015669706647456780e-06 1.418575360367713775e-06 3.585831177148159142e-06 1.999633049532008069e-06
2.418030518294359332e+00 9.017494332723696308e-06 6.597968177114575021e-07 7.751530075525544307e-07 2.046219226552029225e-06 1.425196943403790722e-06 3.629515187143704085e-06 2.009238894314369524e-06
2.427256121187508331e+00 9.063797985076608348e-06 6.673951725557963552e-07 7.801466427183567339e-07 2.076837416181357752e-06 1.431859608351742944e-06 3.673444701544174309e-06 2.018876415109179108e-06
2.436481724080657330e+00 9.110163197768122347e-06 6.755783800903858980e-07 7.851684363005874027e-07 2.107510700871696854e-06 1.438552080779630196e-06 3.717566461960243119e-06 2.028542371729794908e-06
2.445707326973806328e+00 9.156576103660838117e-06 6.748611141916380945e-07 7.893428185800239203e-07 2.135951613162992101e-06 1.444943384227793590e-06 3.761910847847910893e-06 2.038234640772157463e-06
2.454932929866954883e+00 9.203035823532836930e-06 6.740303710555246809e-07 7.928986562522742128e-07 2.154703498729673648e-06 1.450810329443824335e-06 3.806480492330999155e-06 2.047953496298089947e-06
2.464158532760103881e+00 9.249525197238952172e-06 6.732071447296683207e-07 7.986907054504437868e-07 2.173543622572646447e-06 1.456688511870627369e-06 3.851284120462609449e-06 2.057693266579320283e-06
2.473384135653252880e+00 9.296048363916631753e-06 6.723899493237465552e-07 8.051760598447934040e-07 2.192471494542143343e-06 1.462560982034631264e-06 3.897933879306429581e-06 2.067457003832567417e-06
2.482609738546401434e+00 9.342609244768519130e-06 6.744003312588747490e-07 8.116831145033143288e-07 2.226192798772137755e-06 1.468463801857126065e-06 3.947833566699534573e-06 2.077243809812527562e-06
2.491835341439550433e+00 9.389207919899121517e-06 6.768178512393889626e-07 8.175774467202576775e-07 2.262827777163246149e-06 1.474406022366869294e-06 3.997942993742846071e-06 2.087054092246816730e-06
2.501060944332699432e+00 9.435815081422583368e-06 6.776086532260815919e-07 8.236577107647813459e-07 2.299715889455964312e-06 1.480334638846463434e-06 4.048264678240156542e-06 2.096881746291518089e-06
2.510286547225848430e+00 9.482468889102410904e-06 6.819226943118679354e-07 8.294266703257252761e-07 2.336838561635605716e-06 1.486277156125917587e-06 4.098791746482900218e-06 2.106732328720792050e-06
2.519512150118996985e+00 9.529120079661379896e-06 6.862312873793496160e-07 8.352172410444550762e-07 2.374071249955623478e-06 1.492227506902682504e-06 4.149555092019733524e-06 2.116599048388623932e-06
2.528737753012145983e+00 9.575811036498440437e-06 6.905402119687302595e-07 8.407713770225008971e-07 2.398422527345102253e-06 1.498852559188865183e-06 4.200530479619591026e-06 2.126487499335326327e-06
2.537963355905294982e+00 9.622482441511019983e-06 6.948436633393885193e-07 8.468135537135511640e-07 2.422567037362883386e-06 1.506556011145140678e-06 4.251755223032879688e-06 2.136387452350169564e-06
2.547188958798443537e+00 9.669206782947268217e-06 6.991487903378449824e-07 8.520950392054903687e-07 2.465565585166392575e-06 1.512067441629844642e-06 4.303203847760526132e-06 2.146311447634096290e-06
2.556414561691592535e+00 9.715920843691462560e-06 7.025756344469057796e-07 8.576003266604669207e-07 2.508794653839011967e-06 1.521329268122258217e-06 4.354886598525951869e-06 2.156248395623124979e-06
2.565640164584741534e+00 9.762591233022179760e-06 7.061283496087118934e-07 8.633429888256126882e-07 2.549772338260829349e-06 1.530116534057237424e-06 4.406804486383332663e-06 2.166189909524822710e-06
2.574865767477890532e+00 9.809375156007783101e-06 7.121310805795751060e-07 8.690116472105631425e-07 2.582413868764893571e-06 1.538063195204509480e-06 4.458990903532907953e-06 2.176171054406339330e-06
2.584091370371039087e+00 9.856112420918758971e-06 7.200710130966124560e-07 8.746972484282552394e-07 2.615158510410920691e-06 1.548521783103389273e-06 4.511397035439315394e-06 2.186154794255930632e-06
2.593316973264188086e+00 9.902838626641645680e-06 7.259850949675960657e-07 8.804042834399027968e-07 2.647986225154565091e-06 1.557240306562863966e-06 4.564082111292331470e-06 2.196151070343428660e-06
2.602542576157337084e+00 9.949582654640583455e-06 7.320579287447096797e-07 8.865262018933253837e-07 2.680851785614877248e-06 1.564508265582434073e-06 4.617009757014943925e-06 2.206163915364038472e-06
2.611768179050485639e+00 9.996343446046239274e-06 7.368488750144950954e-07 8.918841226442639404e-07 2.713805218522761885e-06 1.575604761224504825e-06 4.670202019561628162e-06 2.216194800025293081e-06
2.620993781943634637e+00 1.004307272914976654e-05 7.433542716053576961e-07 8.985300910599741138e-07 2.746706546597630158e-06 1.586786993169813517e-06 4.723655366803449144e-06 2.226232726132704108e-06
2.630219384836783636e+00 1.008981567907313300e-05 7.512253603321362175e-07 9.057327923423690377e-07 2.779728883573938191e-06 1.596734249445025538e-06 4.777365505452149479e-06 2.236286145304506771e-06
2.639444987729932635e+00 1.013654458116661572e-05 7.597859995768587073e-07 9.128029771718088482e-07 2.812886431623115772e-06 1.606334427541267424e-06 4.831367739275408522e-06 2.246352445512419751e-06
2.648670590623081189e+00 1.018327322505493532e-05 7.683111102147370189e-07 9.216921363017362796e-07 2.846165537189332813e-06 1.615956174520736285e-06 4.885626807785137509e-06 2.256431043791421172e-06
2.657896193516230188e+00 1.022999474951676697e-05 7.748761076343885294e-07 9.314782692070497339e-07 2.879577932752634854e-06 1.627301895283377690e-06 4.940168048317405134e-06 2.266522761115396492e-06
2.667121796409379186e+00 1.027670973863965786e-05 7.814358585793545461e-07 9.384660674235480643e-07 2.913127385431781640e-06 1.639629697991392757e-06 4.994997517203608747e-06 2.276625932889033061e-06
2.676347399302527741e+00 1.032341675561830443e-05 7.873425604730444787e-07 9.452802654857140631e-07 2.946813924521802367e-06 1.651983336590903873e-06 5.050115203892970432e-06 2.286742525398942832e-06
2.685573002195676739e+00 1.037012410363435220e-05 7.945205921134811599e-07 9.523077587971644670e-07 2.985650088901675313e-06 1.664355834239513162e-06 5.105504243555546791e-06 2.296871757477269099e-06
2.694798605088825738e+00 1.041681739872547075e-05 8.004156249714603117e-07 9.611276548824174750e-07 3.028653472543470844e-06 1.676754894397858834e-06 5.161173037415830653e-06 2.307011245808910667e-06
2.704024207981974737e+00 1.046350564455019152e-05 8.063332372438959217e-07 9.692305114280203645e-07 3.071958826850398967e-06 1.689122013332751570e-06 5.217096097142231358e-06 2.317164999428357485e-06
2.713249810875123291e+00 1.051016206894174544e-05 8.167556835944390665e-07 9.766584858120661255e-07 3.115569945389716475e-06 1.700670082175750205e-06 5.273315932626514445e-06 2.327326173884254655e-06
2.722475413768272290e+00 1.055683814200022950e-05 8.249378755845702542e-07 9.849886408768190437e-07 3.155822684234483330e-06 1.712248137918625775e-06 5.329829859899062991e-06 2.337503868924724625e-06
2.731701016661421288e+00 1.060347978897854767e-05 8.332776524997434703e-07 9.933515051439856925e-07 3.189421960682089742e-06 1.723830514715176873e-06 5.386643302061482706e-06 2.347688603359918529e-06
2.740926619554569843e+00 1.065012190265794210e-05 8.406166190830527288e-07 9.992928102246956848e-07 3.221029379546526948e-06 1.735445039935059095e-06 5.443774529523245828e-06 2.357887635636248848e-06
2.750152222447718842e+00 1.069674840134585555e-05 8.446420934064145016e-07 1.003656288771310806e-06 3.251680791920047209e-06 1.747086674820046810e-06 5.501195229705633824e-06 2.368096905651072225e-06
2.759377825340867840e+00 1.074334264038116123e-05 8.517171102226445736e-07 1.009387934776617918e-06 3.282494710292374590e-06 1.758748504490922901e-06 5.558959402140123347e-06 2.378314417405192452e-06
