9.225602893149067790e-04 9.965492713172355809e-05 6.082482289591022552e-06 6.023372908404953942e-06 1.175790151288154709e-05 1.378285185635940249e-05 1.665109183962081528e-05 2.237187926467627895e-05
1.014816318246397446e-02 1.026267961735305629e-04 6.273021224081600433e-06 6.193303800881817074e-06 1.205310238861488116e-05 1.416442566022074333e-05 1.711535084114158107e-05 2.305339763061339700e-05
1.937376607561304073e-02 1.054930050548421661e-04 6.442591525096215757e-06 6.373960615987107046e-06 1.232503022554731330e-05 1.453871843891647397e-05 1.759017384804565905e-05 2.370960607239471732e-05
2.859936896876210874e-02 1.084517239754216004e-04 6.619028337137173863e-06 6.591224835009027762e-06 1.265586327146957441e-05 1.492698369208857265e-05 1.808845936259750073e-05 2.438690909888844693e-05
3.782497186191117328e-02 1.115473591055926551e-04 6.807679935474342486e-06 6.792882335635136415e-06 1.300641246345730006e-05 1.533428576071343117e-05 1.861434584371661548e-05 2.509566970703379623e-05
4.705057475506025516e-02 1.148082315212838907e-04 7.005700498385932363e-06 7.029044845938909659e-06 1.337853315453944446e-05 1.576406875456519917e-05 1.917130631266405919e-05 2.584247245397398819e-05
5.627617764820931623e-02 1.182549033359413102e-04 7.214441101367836582e-06 7.260112553090147455e-06 1.377399990057767882e-05 1.622803155648001189e-05 1.976232960846758624e-05 2.663209686973655520e-05
6.550178054135838424e-02 1.219223145511879285e-04 7.436089301165882816e-06 7.483238026165790042e-06 1.419606490728573406e-05 1.674606170542071275e-05 2.039253675448423361e-05 2.747261578747831100e-05
7.472738343450743836e-02 1.258179083929930066e-04 7.673883569807847006e-06 7.717874923255109410e-06 1.464588842976398061e-05 1.729643264094980423e-05 2.106371930190456348e-05 2.836578969163810755e-05
8.395298632765652025e-02 1.299799161700524580e-04 7.937768683176479791e-06 7.965141470372982552e-06 1.512735605008606768e-05 1.788381358417734151e-05 2.178182525709927058e-05 2.932045033350381524e-05
9.317858922080557438e-02 1.344322860123736186e-04 8.219965039363345783e-06 8.230405272716747071e-06 1.564332473788179355e-05 1.851174838401808617e-05 2.255115616120269739e-05 3.034215600216480133e-05
1.024041921139546424e-01 1.392093004647453438e-04 8.520218369575927563e-06 8.522562303406349326e-06 1.619766496765894718e-05 1.918489940987566243e-05 2.337755075433191440e-05 3.143884630158064674e-05
1.116297950071036965e-01 1.443537768854626774e-04 8.842901051563204244e-06 8.876694824477333488e-06 1.679518872522135450e-05 1.990898858113664279e-05 2.426820864649716623e-05 3.262043287760537952e-05
1.208553979002527506e-01 1.499079247290546551e-04 9.200500484740409182e-06 9.211679087815674398e-06 1.744080566719254273e-05 2.068988927885888904e-05 2.523049594984347679e-05 3.389670122618250957e-05
1.300810007934018186e-01 1.559140447344709544e-04 9.582809364169710305e-06 9.564960565848804833e-06 1.813967889889689486e-05 2.153380910942443750e-05 2.627210801606303520e-05 3.527747241507996350e-05
1.393066036865509005e-01 1.624458711689777434e-04 9.998007692195670735e-06 9.964916647440164076e-06 1.889993058799377228e-05 2.245026602482554415e-05 2.740520741219816081e-05 3.677981750617754782e-05
1.485322065796999824e-01 1.695696120053808104e-04 1.045137552129141579e-05 1.043100238869656298e-05 1.972933792920638718e-05 2.344849071955198505e-05 2.864140336507667696e-05 3.841910274962999773e-05
1.577578094728490643e-01 1.773331944603586546e-04 1.093601087973899576e-05 1.092567706216442548e-05 2.063449165780572832e-05 2.453651943314804794e-05 2.999043124880338015e-05 4.020651245924402673e-05
1.669834123659981462e-01 1.858720708658246951e-04 1.146528935021427970e-05 1.145819258884840392e-05 2.162997531863862901e-05 2.573127757778535698e-05 3.147411206300135202e-05 4.217342059341483668e-05
1.762090152591472003e-01 1.952747317608211010e-04 1.205246312742689696e-05 1.204324694808984542e-05 2.272677584101815166e-05 2.704590048653135220e-05 3.310884283497524225e-05 4.434043306370279007e-05
1.854346181522962822e-01 2.056803829320591589e-04 1.268306982108127648e-05 1.267021091946039010e-05 2.394099715305919758e-05 2.849933763281135694e-05 3.491861153228300349e-05 4.673990121768586037e-05
1.946602210454453641e-01 2.172447474234026653e-04 1.339653859441238774e-05 1.334407966913065367e-05 2.529093329683965619e-05 3.011316612063722614e-05 3.693070852773538428e-05 4.940805565826068661e-05
2.038858239385944460e-01 2.301531208353495696e-04 1.418399146424259745e-05 1.409590137838812800e-05 2.679848719042322728e-05 3.191321312451730614e-05 3.917774292610740061e-05 5.238804119946178432e-05
2.131114268317435001e-01 2.446438388697023893e-04 1.506630947504405569e-05 1.493938341649974906e-05 2.849134292509978390e-05 3.393200956983185158e-05 4.170104838602603373e-05 5.573535971968167531e-05
2.223370297248925820e-01 2.609933371880127540e-04 1.607926321782807404e-05 1.589046587494518737e-05 3.039970170359487930e-05 3.620808445840202638e-05 4.454929358141483100e-05 5.951447016708827256e-05
2.315626326180416361e-01 2.795548884808115469e-04 1.720604586870496354e-05 1.700873974038905837e-05 3.257060205364776173e-05 3.878987693871593619e-05 4.778408372009432204e-05 6.380777519921851794e-05
2.407882355111907180e-01 3.007632441252519758e-04 1.849114915240850565e-05 1.831493507781651589e-05 3.505405709623558332e-05 4.173747976142408011e-05 5.148161121772240785e-05 6.871678703657338873e-05
2.500138384043397721e-01 3.251684018095035039e-04 1.997171032030157665e-05 1.982039257834519470e-05 3.791043356136692419e-05 4.512660186503848108e-05 5.573814741451755097e-05 7.437002688986970624e-05
2.592394412974888818e-01 3.534683642144897963e-04 2.168517209235096927e-05 2.161109799912725284e-05 4.122408017414956995e-05 4.905353913041844271e-05 6.067610392711047466e-05 8.093076527995561598e-05
2.684650441906379359e-01 3.865982936562494237e-04 2.368911586609576689e-05 2.370444899150525933e-05 4.509848420802727844e-05 5.364593911316711946e-05 6.645817156046297238e-05 8.861788657442160608e-05
2.776906470837869900e-01 4.257236062224283523e-04 2.615909167015008623e-05 2.616439160210682312e-05 4.967105745254482996e-05 5.906504408401428916e-05 7.328961042782632411e-05 9.770461139136765293e-05
2.869162499769360997e-01 4.724415848468789189e-04 2.908365561084551212e-05 2.910344925624732499e-05 5.514048758812522058e-05 6.552994262848485952e-05 8.144993943278832759e-05 1.085657245556034779e-04
2.961418528700851538e-01 5.289190534087903931e-04 3.255731220253791757e-05 3.264445452159838584e-05 6.180062954470779812e-05 7.333744893434356342e-05 9.131837143598890878e-05 1.217103033372280829e-04
3.053674557632342079e-01 5.981374543829245114e-04 3.675159875667587377e-05 3.681261460322638422e-05 6.994441829213688278e-05 8.289643453553250264e-05 1.034176099310183056e-04 1.378398801786733874e-04
3.145930586563833176e-01 6.843436802140580571e-04 4.217906877902700621e-05 4.215829183136152441e-05 8.018413299228327289e-05 9.478741698132396674e-05 1.184912139405712873e-04 1.579552610791067806e-04
3.238186615495323717e-01 7.936996529037394603e-04 4.906435254990282151e-05 4.898912030667763959e-05 9.318586148761797382e-05 1.098515147873353748e-04 1.376184002588101956e-04 1.835111866411819189e-04
3.330442644426814813e-01 9.354544250395051708e-04 5.808381872658154553e-05 5.780047215355604839e-05 1.101497864568511727e-04 1.293481532145925386e-04 1.624181663912487635e-04 2.166956928573317677e-04
3.422698673358305355e-01 1.123874859935125462e-03 7.005135435937410310e-05 6.928967096909554452e-05 1.327118612249713128e-04 1.552167640386841125e-04 1.953897113012494774e-04 2.608921010397394907e-04
3.514954702289795896e-01 1.382093947051311975e-03 8.641226878055652608e-05 8.511833045867812919e-05 1.635580694100008132e-04 1.905859735306780073e-04 2.405773681538080685e-04 3.216010879653155054e-04
3.607210731221286992e-01 1.749278070204986950e-03 1.103542188320952473e-04 1.080505111310983268e-04 2.081189265555132787e-04 2.418623309917368631e-04 3.048209822931818250e-04 4.081662359046334555e-04
3.699466760152777534e-01 2.295145789378652025e-03 1.456928816923885872e-04 1.425675220738330772e-04 2.742588275682273681e-04 3.187264590389345467e-04 4.002807118112074528e-04 5.372855109241627628e-04
3.791722789084268630e-01 3.152064723809297215e-03 2.003374818348026103e-04 1.958191796046357055e-04 3.781972673648297499e-04 4.402820201120901181e-04 5.499668369659269432e-04 7.408072572220574664e-04
3.883978818015759171e-01 4.586905173731955533e-03 2.906238269100875488e-04 2.844431111792130804e-04 5.522961686477987145e-04 6.457930743436132714e-04 8.000063090514795278e-04 1.083271780758984608e-03
3.976234846947249713e-01 7.153864995455751045e-03 4.468299028689949950e-04 4.447639454675540033e-04 8.671573420344540553e-04 1.017637458514618690e-03 1.245095307680687234e-03 1.699246542434929182e-03
4.068490875878740809e-01 1.183579934049869622e-02 7.522946053073013839e-04 7.408621440522372703e-04 1.454883960978528221e-03 1.699039333537049820e-03 2.048337636191360778e-03 2.825389073628463768e-03
4.160746904810231350e-01 1.846673313152570953e-02 1.197242105695994763e-03 1.194333312096323291e-03 2.289107218505243707e-03 2.650070611957374561e-03 3.163116946060411105e-03 4.390071991463266252e-03
4.253002933741722447e-01 1.964094500787697678e-02 1.285879661944065722e-03 1.270664740776708546e-03 2.403972188567311818e-03 2.725351960887772984e-03 3.349373315339278234e-03 4.564473031919641724e-03
4.345258962673212988e-01 1.298070990668008691e-02 8.331606688942779643e-04 8.309563544867323848e-04 1.605198398555192710e-03 1.812580379306292372e-03 2.233580839314455377e-03 2.964290735418265849e-03
4.437514991604703529e-01 7.413153750489140902e-03 4.779929756903054591e-04 4.728756405869101107e-04 9.114725822510225464e-04 1.014582477968115591e-03 1.287626739440596475e-03 1.689180254914423099e-03
4.529771020536194626e-01 4.405135777394717303e-03 2.835357577980913285e-04 2.769681684419659368e-04 5.415905570191961727e-04 5.976807624251123663e-04 7.697547668282164746e-04 1.006918514438999521e-03
4.622027049467684612e-01 2.809000456651780924e-03 1.803757052429235015e-04 1.760077215731564206e-04 3.457489471519548455e-04 3.804566354605855641e-04 4.926951348540611030e-04 6.446226798219236581e-04
4.714283078399175708e-01 1.906105220355619337e-03 1.224165907691627305e-04 1.186021454703618718e-04 2.348690167201822766e-04 2.580385990745975855e-04 3.351705030993528452e-04 4.390655939047385242e-04
4.806539107330666249e-01 1.359057429683075248e-03 8.744747355450641774e-05 8.431578494410229239e-05 1.672710314659315092e-04 1.840470486178036932e-04 2.394035733577805358e-04 3.141227249200044622e-04
4.898795136262157346e-01 1.007557752696189735e-03 6.470298141001665400e-05 6.246124997203383270e-05 1.236927800188460710e-04 1.365744360996955101e-04 1.777140736602845095e-04 2.336047991850992780e-04
4.991051165193647332e-01 7.704576237190541603e-04 4.966529012639844375e-05 4.783643453466009283e-05 9.454829386646389482e-05 1.045771252913970609e-04 1.360215651402998504e-04 1.791486260990164496e-04
5.083307194125139539e-01 6.041072484126086203e-04 3.902434931677724317e-05 3.768146001283199237e-05 7.452270714569143861e-05 8.213442502776914771e-05 1.067215548655411515e-04 1.408514241608956941e-04
5.175563223056629525e-01 4.835354856763209898e-04 3.118964748655801093e-05 3.032436063305361503e-05 5.970109127628189186e-05 6.586695950501844383e-05 8.545376037596421562e-05 1.130338181614607947e-04
5.267819251988120621e-01 3.937404683415441568e-04 2.545521661800263487e-05 2.464133615186073819e-05 4.861365460112973417e-05 5.374793181821767817e-05 6.959367580677844074e-05 9.227604709526249964e-05
5.360075280919610607e-01 3.253170477255683322e-04 2.111489579975834750e-05 2.046328281040576047e-05 4.016072528056333123e-05 4.450828146071970914e-05 5.749337006984292031e-05 7.642976557436218822e-05
5.452331309851101704e-01 2.721480245408529623e-04 1.770988888405569195e-05 1.715561795482070401e-05 3.358886248825272399e-05 3.732328883921070921e-05 4.807975500798438015e-05 6.409503984129686261e-05
5.544587338782591690e-01 2.301491073060399979e-04 1.501464595762423866e-05 1.452018172676711487e-05 2.839467723576052623e-05 3.164286618194530817e-05 4.063467979394081537e-05 5.433573254065305605e-05
5.636843367714083897e-01 1.964814613057389741e-04 1.276378941036850762e-05 1.235230319876761285e-05 2.422984188624294449e-05 2.708465777987546308e-05 3.465942450735242817e-05 4.650006118235377149e-05
5.729099396645573883e-01 1.691395668900560372e-04 1.115281569789153336e-05 1.066582268976354266e-05 2.084692108412163655e-05 2.337863968767214156e-05 2.980134401005786146e-05 4.012692423416888135e-05
5.821355425577064979e-01 1.467090994866056611e-04 9.727048675081608094e-06 9.220331699274651651e-06 1.807128037521524267e-05 2.033465642421896204e-05 2.581029067103926566e-05 3.489086427901494640e-05
5.913611454508554965e-01 1.280925119387248980e-04 8.537079639663519353e-06 8.086078230355668692e-06 1.578967393615863667e-05 1.780469779010588314e-05 2.249432825974083286e-05 3.053839292494623986e-05
6.005867483440046062e-01 1.125254590955968362e-04 7.537325934312843231e-06 7.127597866918219125e-06 1.404896316219335101e-05 1.565061738916068384e-05 1.971755485338482351e-05 2.689369152096015192e-05
6.098123512371537158e-01 9.938830994200958924e-05 6.648520952895643895e-06 6.252084028998488273e-06 1.257093155487015875e-05 1.388147348704287941e-05 1.737140981314075924e-05 2.381353365671464090e-05
6.190379541303028255e-01 8.823255127463094341e-05 5.920101906660137038e-06 5.509279584487035875e-06 1.130956726973614517e-05 1.237713873468264392e-05 1.537613319420792453e-05 2.119426662720719765e-05
6.282635570234518241e-01 7.869954011386650055e-05 5.308804745114022975e-06 4.922214719215285911e-06 1.021432017565606916e-05 1.107879218040938260e-05 1.366833319413395063e-05 1.895287651441206076e-05
6.374891599166009337e-01 7.049438401524455008e-05 4.776226907413116170e-06 4.419527582974337016e-06 9.142914336219369327e-06 9.900646782998507212e-06 1.219633964289336230e-05 1.702097411530036845e-05
6.467147628097499323e-01 6.340269791673380491e-05 4.305257439710290040e-06 3.982393087658110079e-06 8.214464233707031147e-06 8.878885485955777994e-06 1.092185211337683376e-05 1.534889568252192129e-05
6.559403657028991530e-01 5.724091508870851082e-05 3.913507105516318815e-06 3.616507655261585314e-06 7.404671412538202694e-06 8.051692022844669295e-06 9.916808632024361983e-06 1.389401497918675435e-05
6.651659685960481516e-01 5.185756486457249019e-05 3.578545666368283123e-06 3.287370987200172482e-06 6.696624713896944089e-06 7.326299741921337501e-06 9.072264884255321603e-06 1.262111321264674970e-05
6.743915714891972613e-01 4.714227148306927807e-05 3.254595361716963991e-06 3.005926438685785687e-06 6.075882229049456924e-06 6.688471855309295426e-06 8.325619708662518131e-06 1.150457775221262529e-05
6.836171743823462599e-01 4.299368443620106740e-05 2.970966784690654374e-06 2.762858252975461794e-06 5.529212941159070854e-06 6.124988510570576479e-06 7.662243164207874137e-06 1.048519439334775816e-05
6.928427772754953695e-01 3.933179594249455795e-05 2.734584355409558365e-06 2.551588126124078228e-06 5.047320102500056291e-06 5.625481516763786594e-06 7.070735380806533689e-06 9.548501268966602744e-06
7.020683801686443681e-01 3.608686026464931755e-05 2.506568347605218081e-06 2.349091183051493651e-06 4.687635034323036818e-06 5.180832277854389956e-06 6.540959299920480431e-06 8.719810988671473912e-06
7.112939830617935888e-01 3.320557029252794843e-05 2.307116487591901214e-06 2.175072716883755491e-06 4.389642082656156031e-06 4.730976251625790941e-06 6.065333813585995946e-06 7.985187127095647600e-06
7.205195859549425874e-01 3.064168572252741918e-05 2.127665835477372336e-06 2.026715822414486696e-06 4.029094789247351981e-06 4.409177034278564976e-06 5.637214773666665872e-06 7.332572098396007498e-06
7.297451888480916971e-01 2.834122575694618965e-05 1.983798296008376443e-06 1.868190667669241035e-06 3.715754925120870683e-06 4.061485938932519340e-06 5.248225405690804218e-06 6.748144705153455783e-06
7.389707917412406957e-01 2.629176785693249674e-05 1.856398555209093126e-06 1.742269269047164957e-06 3.464244556792232522e-06 3.750272213166737812e-06 4.897425168867967931e-06 6.228323819700785349e-06
7.481963946343899163e-01 2.444992844636805483e-05 1.730437017289884646e-06 1.643856571033660831e-06 3.246298283956080356e-06 3.469852676127859072e-06 4.577893846422466736e-06 5.762065253028353070e-06
7.574219975275389150e-01 2.279493546889964172e-05 1.624366542150632140e-06 1.551997129274032723e-06 2.977147517983687466e-06 3.219929526368816815e-06 4.286754734357045240e-06 5.343902776566724863e-06
7.666476004206880246e-01 2.130250361579771938e-05 1.534689401288127453e-06 1.471080601559020170e-06 2.821033842991979253e-06 2.993144225739702015e-06 4.020273061646308029e-06 4.967584935959622021e-06
7.758732033138370232e-01 1.995803102300497690e-05 1.406085948878781680e-06 1.379967488639449876e-06 2.653613763181195112e-06 2.801943300281123633e-06 3.776630725072592358e-06 4.629252824808617308e-06
7.850988062069861328e-01 1.874388801735937687e-05 1.327353769665413517e-06 1.313124449126082800e-06 2.501872949455057174e-06 2.630521851287921127e-06 3.553020990741776212e-06 4.324357888415300433e-06
7.943244091001351315e-01 1.764443453179400615e-05 1.256365520449871713e-06 1.231317147734549530e-06 2.353355350982071404e-06 2.490912102700286405e-06 3.346971643378404389e-06 4.048849128439744363e-06
8.035500119932843521e-01 1.664933491677392978e-05 1.191176318986347408e-06 1.163801086223701932e-06 2.250470543193649803e-06 2.348983305133985980e-06 3.157127297806400820e-06 3.800022513215839103e-06
8.127756148864333507e-01 1.574716460118215147e-05 1.132884440090740181e-06 1.113162363880694611e-06 2.152470179485114051e-06 2.231764151491113558e-06 2.981778191088704002e-06 3.574964798016109791e-06
8.220012177795824604e-01 1.493099444730861618e-05 1.079883495587623580e-06 1.084149954959474105e-06 2.051871996278929912e-06 2.078281932043941706e-06 2.819938599235918830e-06 3.371829174675820278e-06
8.312268206727314590e-01 1.418878862052023939e-05 1.029189198044744749e-06 1.034654157880586525e-06 1.918210177644061489e-06 2.013053407305846141e-06 2.669639369464633791e-06 3.187584553631004776e-06
8.404524235658805686e-01 1.351347069112566408e-05 9.913805959550723852e-07 9.822566893008100026e-07 1.827635944381706957e-06 1.958360355193307356e-06 2.529807358289505397e-06 3.020401685630350053e-06
8.496780264590296783e-01 1.290064698784839590e-05 9.553147617552836701e-07 9.444355133460910788e-07 1.759488882640036685e-06 1.873822489052026784e-06 2.399799351115516828e-06 2.869100520177301323e-06
8.589036293521787879e-01 1.234366027071309942e-05 9.198883346876117169e-07 9.182163278721504286e-07 1.697487584327816269e-06 1.789135188851525299e-06 2.313249690984481597e-06 2.731981816930782012e-06
8.681292322453277865e-01 1.183837105499099917e-05 8.924841064491816517e-07 8.849993694882142640e-07 1.638241432991715694e-06 1.754472804250651363e-06 2.241890968179801309e-06 2.681990168705225891e-06
8.773548351384768962e-01 1.137767292074230786e-05 8.676681291966032052e-07 8.566996892515364113e-07 1.582491089302576114e-06 1.763825253724680703e-06 2.175789281867745407e-06 2.660463245873501622e-06
8.865804380316258948e-01 1.096042360916443250e-05 8.422635549814546415e-07 8.310934716461193831e-07 1.542290030586501790e-06 1.761344585848835252e-06 2.115090425773733868e-06 2.644603447286776094e-06
8.958060409247751155e-01 1.058272374934339476e-05 8.194344655174432392e-07 8.039057599845160013e-07 1.499226043121744579e-06 1.727655475987995267e-06 2.030879053062179462e-06 2.572272561279976381e-06
9.050316438179241141e-01 1.023842319729714960e-05 7.991750688767846516e-07 7.788097411121917742e-07 1.462867336272631206e-06 1.691067997288021326e-06 1.967309603418231830e-06 2.477602558711988756e-06
9.142572467110732237e-01 9.926969151531592374e-06 7.774613658053615764e-07 7.509391196687316715e-07 1.428841974529499554e-06 1.677197635757370070e-06 1.920532962725674729e-06 2.415863179457195747e-06
9.234828496042222223e-01 9.645716524430451180e-06 7.577306985493285408e-07 7.295579008373148671e-07 1.403037198638651403e-06 1.681174015740771358e-06 1.877847986450658212e-06 2.445730845190584231e-06
9.327084524973712210e-01 9.392452718851772176e-06 7.527708428360551030e-07 7.162088862999380339e-07 1.383380308976971503e-06 1.669922378167142005e-06 1.838937818198373476e-06 2.439151025834342686e-06
9.419340553905202196e-01 9.164008262952206020e-06 7.461478472915055083e-07 7.098374017252474013e-07 1.369910473307187071e-06 1.692551163786682361e-06 1.803192664224864819e-06 2.376777056387338472e-06
9.511596582836694402e-01 8.960355325440476874e-06 7.244260633903741868e-07 6.904218405152389338e-07 1.358539156756410530e-06 1.705101571142570756e-06 1.770839679666580724e-06 2.310413618101176387e-06
9.603852611768185499e-01 8.777117917472734894e-06 7.095841871449437219e-07 6.734453899521399830e-07 1.343506293518520315e-06 1.675960137032482285e-06 1.741080163133839126e-06 2.249513727172992660e-06
9.696108640699675485e-01 8.615878095290416906e-06 7.029184726057875477e-07 6.765743292715375437e-07 1.322677257886506415e-06 1.674161417949956036e-06 1.714407285980338260e-06 2.235665026403453244e-06
9.788364669631165471e-01 8.471674720675868254e-06 6.900085850305730966e-07 6.637826411622579789e-07 1.312196882467242249e-06 1.706630574430184364e-06 1.689850318755327333e-06 2.266830932209367085e-06
9.880620698562656568e-01 8.351576439835948235e-06 6.769220233413875061e-07 6.514788760184082032e-07 1.304393689433780009e-06 1.739215988196717669e-06 1.669158563484827022e-06 2.303028664342010325e-06
9.972876727494148774e-01 8.237428729762140373e-06 6.741908526968231924e-07 6.395916391898146189e-07 1.296445143066893529e-06 1.756064909203615374e-06 1.648213586300323682e-06 2.351787317660658302e-06
1.006513275642563876e+00 8.144065639973622085e-06 6.693388088757116307e-07 6.297499376914586912e-07 1.290551340889737876e-06 1.794076228812224192e-06 1.631201719791742591e-06 2.402151403271320383e-06
1.015738878535712875e+00 8.065769067413700684e-06 6.691874544856191306e-07 6.188151947477477305e-07 1.286705109414889130e-06 1.834283099262817545e-06 1.623175414697264758e-06 2.453737181372751240e-06
1.024964481428862095e+00 8.001568351247611278e-06 6.687306533873915438e-07 6.184297609989409370e-07 1.283227900809085702e-06 1.867505128296948027e-06 1.617119405251634989e-06 2.506742638749190424e-06
1.034190084322011094e+00 7.950016195257364709e-06 6.764784255424926115e-07 6.170932887877107745e-07 1.269256578107627923e-06 1.904562350299496825e-06 1.602580841212673007e-06 2.570671750708547320e-06
1.043415687215160093e+00 7.911720619794414768e-06 6.819033550335388839e-07 6.186359601119120001e-07 1.257357731742415172e-06 1.920147378919864403e-06 1.594733921016994733e-06 2.646095938687723248e-06
1.052641290108309091e+00 7.885042425121007920e-06 6.825535480696079898e-07 6.171727551833294304e-07 1.256992554803364887e-06 1.954428199499997398e-06 1.587915472549282953e-06 2.722848836805745298e-06
1.061866893001458312e+00 7.870116510548830980e-06 6.893622253373353162e-07 6.191693346480605381e-07 1.261111418466145316e-06 1.995650396628952735e-06 1.568844853258566217e-06 2.801052177861068086e-06
1.071092495894607532e+00 7.866108592810849175e-06 6.964834832007420792e-07 6.182842002136072472e-07 1.267459472896651805e-06 2.039867064491684525e-06 1.560595426138323090e-06 2.880776047010740006e-06
1.080318098787756531e+00 7.873217014600406125e-06 7.007655487981888896e-07 6.152780087553226930e-07 1.270718655962480974e-06 2.082081160712777582e-06 1.555251666785533235e-06 2.962338179184541481e-06
1.089543701680905530e+00 7.890506936851087537e-06 7.049187727364719940e-07 6.174140595794455790e-07 1.280551440351380710e-06 2.136723491004026791e-06 1.552923651676286690e-06 3.045678698865376221e-06
1.098769304574054528e+00 7.917976901285070845e-06 7.082514026910308224e-07 6.156893577968878818e-07 1.291512570669673467e-06 2.206255444307393446e-06 1.552009406370787986e-06 3.131104583160436273e-06
1.107994907467203749e+00 7.956325095255855232e-06 7.211991200999136342e-07 6.203548723983907343e-07 1.303940618826737277e-06 2.268249543207224475e-06 1.552715485238635151e-06 3.218829552889024653e-06
1.117220510360352748e+00 8.004006677900154108e-06 7.297806713311662312e-07 6.248155030985450291e-07 1.317644128815853536e-06 2.320733125202641896e-06 1.554655081211159937e-06 3.309020306559925801e-06
1.126446113253501746e+00 8.061457977040036016e-06 7.397139242867358904e-07 6.286647116596447041e-07 1.332708532675424068e-06 2.375110918352765015e-06 1.558442815899634717e-06 3.401922007013430011e-06
1.135671716146650967e+00 8.129010930130931874e-06 7.517175532324677439e-07 6.339473479080209013e-07 1.345813546087240692e-06 2.440703638589890737e-06 1.575608368250786624e-06 3.489444338192934310e-06
1.144897319039799966e+00 8.206599876690531215e-06 7.633284024583315066e-07 6.372832098980067483e-07 1.365269728373874164e-06 2.508227136993491026e-06 1.580803555970164908e-06 3.579094134054876158e-06
1.154122921932948964e+00 8.294502647274857029e-06 7.770804540016688401e-07 6.477687346735913539e-07 1.383414021811937936e-06 2.563596693520320562e-06 1.594464689294764780e-06 3.672057206702396086e-06
1.163348524826097963e+00 8.392326745309545676e-06 7.895357362675978831e-07 6.572003493268561747e-07 1.392244196966605841e-06 2.621481021263449154e-06 1.609619754936573744e-06 3.768283958096033660e-06
1.172574127719247183e+00 8.500732648720437564e-06 8.001724793980489363e-07 6.678917923040118468e-07 1.408704109735440735e-06 2.685134869850064575e-06 1.629845419417729285e-06 3.861053063340258920e-06
1.181799730612396404e+00 8.620146730971232286e-06 8.189672765698723312e-07 6.708630058021835667e-07 1.427503098757051267e-06 2.763130259455948975e-06 1.654144053199768061e-06 3.951807298982083893e-06
1.191025333505545403e+00 8.750323296658506824e-06 8.340408337144928052e-07 6.761596870898841359e-07 1.453279204446159860e-06 2.837489267169889048e-06 1.680308865149186327e-06 4.046955222318102325e-06
1.200250936398694401e+00 8.892628009150634280e-06 8.486731823643507363e-07 6.857465710968367356e-07 1.472220193450031936e-06 2.922848309346358553e-06 1.708492571197786511e-06 4.147458546169681738e-06
1.209476539291843622e+00 9.047390959654324379e-06 8.645733969418750172e-07 6.955275187611959301e-07 1.495412193104081485e-06 3.011922322906537216e-06 1.738903742185407686e-06 4.253154890764904469e-06
1.218702142184992621e+00 9.215107003474786712e-06 8.821539121790554570e-07 7.212256574888788055e-07 1.523293940105556322e-06 3.105405143109401580e-06 1.771570365308850316e-06 4.364696162703326352e-06
1.227927745078141619e+00 9.396598081137033924e-06 8.992307040818989792e-07 7.296247345189261704e-07 1.551290033364894624e-06 3.194662734064448843e-06 1.806692283109797556e-06 4.482456072111398984e-06
1.237153347971290618e+00 9.592444570341654498e-06 9.188337631700793136e-07 7.383899650055627981e-07 1.581533909579346071e-06 3.287193314732601913e-06 1.844348222528895926e-06 4.607000014581828147e-06
1.246378950864439838e+00 9.804993276250857171e-06 9.382865605011973706e-07 7.514396941455578599e-07 1.608501434766842483e-06 3.384860487485434486e-06 1.884964762335461074e-06 4.739322667740038971e-06
1.255604553757589059e+00 1.003319965899999625e-05 9.579198437185328118e-07 7.739489881266108323e-07 1.651865908695378276e-06 3.487471191030291869e-06 1.928483233123830178e-06 4.879179195892438821e-06
1.264830156650738058e+00 1.028100673198785500e-05 9.801061030194173351e-07 8.018099911088649343e-07 1.695489496320618192e-06 3.596330544460208702e-06 1.978356417023375741e-06 5.028451824851440011e-06
1.274055759543887056e+00 1.054833884751871141e-05 1.010705601167686060e-06 8.383571219923085041e-07 1.735356729456576582e-06 3.711480554219673267e-06 2.037302582229016753e-06 5.187276178842434470e-06
1.283281362437036055e+00 1.083819638000071304e-05 1.040075840906532807e-06 8.534018977213338446e-07 1.775973246362911435e-06 3.839223890973606423e-06 2.100653284128004898e-06 5.357218350271401215e-06
1.292506965330185276e+00 1.115242232814420465e-05 1.073866014386402627e-06 8.807837620267402654e-07 1.821945871087981666e-06 3.985362110462717136e-06 2.168793880508334250e-06 5.539313582778600294e-06
1.301732568223334052e+00 1.149465047988875596e-05 1.113440746559768926e-06 9.042225515306033772e-07 1.866995573109633179e-06 4.142072346310245264e-06 2.242374772494521850e-06 5.735167130584233076e-06
1.310958171116483273e+00 1.186630607109647949e-05 1.153071052544790885e-06 9.280779990297765734e-07 1.921202099381630286e-06 4.310501606114484723e-06 2.321818964309793111e-06 5.946050665249780480e-06
1.320183774009632494e+00 1.227223680192598911e-05 1.202846644251479797e-06 9.531026831057596037e-07 1.988680392500949827e-06 4.492114595335621824e-06 2.405079491517672120e-06 6.174249949538255486e-06
1.329409376902781492e+00 1.271704912025894205e-05 1.249187146719385507e-06 9.864399927746961299e-07 2.065989455328390195e-06 4.688667644845914486e-06 2.488987813392476908e-06 6.421984311708831937e-06
1.338634979795930713e+00 1.320506284536868105e-05 1.303995675036352336e-06 1.020302464097784702e-06 2.143768481000532817e-06 4.902465090165688394e-06 2.580725250859633015e-06 6.691771306364528172e-06
1.347860582689079489e+00 1.374374695787246955e-05 1.362439640196824709e-06 1.062748858162250852e-06 2.229317279720396952e-06 5.136376953691124044e-06 2.671615069960282414e-06 6.987308435485162048e-06
1.357086185582228710e+00 1.433936202507106022e-05 1.430934999483363313e-06 1.109898266740372456e-06 2.322379051851910500e-06 5.393166594244734114e-06 2.780351935765795198e-06 7.311975350304309490e-06
1.366311788475377931e+00 1.500184545716019100e-05 1.499168889881474250e-06 1.172122856635958346e-06 2.425340781779590396e-06 5.668114058767854802e-06 2.916445402952723908e-06 7.670739154467602459e-06
1.375537391368526707e+00 1.574201291263609850e-05 1.583196615380862057e-06 1.242356262736135273e-06 2.539798556197998261e-06 5.956040840752143385e-06 3.054181802540718908e-06 8.069214713386158166e-06
1.384762994261675928e+00 1.657401103453445243e-05 1.654902218449328348e-06 1.310863464555795960e-06 2.669933691500476168e-06 6.277368817588153518e-06 3.208678347419140485e-06 8.514577503608663472e-06
1.393988597154824927e+00 1.751460981131212921e-05 1.746461267492470382e-06 1.388538937126040647e-06 2.816164891157732828e-06 6.638185885549816465e-06 3.382975098991611871e-06 9.015462796869489116e-06
1.403214200047974147e+00 1.858570314582976837e-05 1.855184382942855171e-06 1.463209108887001287e-06 2.982643013239818006e-06 7.046315243874759840e-06 3.581086428707840665e-06 9.582955217856983947e-06
1.412439802941123368e+00 1.981472582607785046e-05 1.989280548683142142e-06 1.563359753665430931e-06 3.173646588406573701e-06 7.554961249284055907e-06 3.807954189741362573e-06 1.023103182690925091e-05
1.421665405834272145e+00 2.123675105924454617e-05 2.132639945940466693e-06 1.680136125692113037e-06 3.394753471343997417e-06 8.143613311376394286e-06 4.070044529109979664e-06 1.097749649546947312e-05
1.430891008727421365e+00 2.289876026195769758e-05 2.306556751805504188e-06 1.814799513602742933e-06 3.653030046758647120e-06 8.831013576369641722e-06 4.375828314717201961e-06 1.184605178346578349e-05
1.440116611620570364e+00 2.486128470119209328e-05 2.511804149694211205e-06 1.966761557998647345e-06 3.957489455214269886e-06 9.642462619772664763e-06 4.736233410570416056e-06 1.286740377087192698e-05
1.449342214513719362e+00 2.720790929119028842e-05 2.751167062301365185e-06 2.152719721954938608e-06 4.323987535807223895e-06 1.060682228932142496e-05 5.195505163139699288e-06 1.408353946420450756e-05
1.458567817406868583e+00 3.005199326549274366e-05 3.043606178556831129e-06 2.378370716091115372e-06 4.744393347100267055e-06 1.171323014710736664e-05 5.758782306765383003e-06 1.555150015182672397e-05
1.467793420300017582e+00 3.355379871884060767e-05 3.392394792216500427e-06 2.680653692535554962e-06 5.274197520718819842e-06 1.306750871400693962e-05 6.450763501717775490e-06 1.735149673180151161e-05
1.477019023193166802e+00 3.794216866365070364e-05 3.837867529976523510e-06 3.052922167005277514e-06 5.935156780213286147e-06 1.479411734761059967e-05 7.315374228359449002e-06 1.959780145826923599e-05
1.486244626086316023e+00 4.355229428861990041e-05 4.390023780031434848e-06 3.476860084367196571e-06 6.796980375402191530e-06 1.707411303030354418e-05 8.415951220670623992e-06 2.245712396372007572e-05
1.495470228979464800e+00 5.088726030477122331e-05 5.135939870844411620e-06 4.025454356672948045e-06 7.974329568520479444e-06 2.000838431074178125e-05 9.845782586230402247e-06 2.617828669952487484e-05
1.504695831872614020e+00 6.071477729785629046e-05 6.133731433427717992e-06 4.832474074340904161e-06 9.549620059616105547e-06 2.365409903308097171e-05 1.174341144257423739e-05 3.113853277231855721e-05
1.513921434765763019e+00 7.421603225844820037e-05 7.453239579090098640e-06 5.907836611313710016e-06 1.169572686810838903e-05 2.879052869082194340e-05 1.433526645989691660e-05 3.821268989046512149e-05
1.523147037658912017e+00 9.314733597300186858e-05 9.332013720746244051e-06 7.542769078613283909e-06 1.470020433470554640e-05 3.574462875304041824e-05 1.797669496554875075e-05 4.827573702044248000e-05
1.532372640552061016e+00 1.197813348319976153e-04 1.206276663380385071e-05 9.686499257977192775e-06 1.919835344199201095e-05 4.593264972283416165e-05 2.305989133343021129e-05 6.254820443709565474e-05
1.541598243445210237e+00 1.553937287804387825e-04 1.565976484455862535e-05 1.255213154526774546e-05 2.521803088501473489e-05 6.000661440684183117e-05 3.022890585128529478e-05 8.074554139881354392e-05
1.550823846338359457e+00 1.939874519618178632e-04 1.965709395794522970e-05 1.595879391501388842e-05 3.282641180405034649e-05 7.551204060361243673e-05 3.905270652376105034e-05 1.016003873657181724e-04
1.560049449231508456e+00 2.121017883017859297e-04 2.173075077292445779e-05 1.768565956120613826e-05 3.717885164131203945e-05 8.092015598933918015e-05 4.500738328334336178e-05 1.119654413426495495e-04
1.569275052124657455e+00 1.856678210566342581e-04 1.907901263681607081e-05 1.554364886435614934e-05 3.283071323447952919e-05 6.953810689276892555e-05 4.018751342884898303e-05 9.870605840027754728e-05
1.578500655017806453e+00 1.329320197362146095e-04 1.363522270710112029e-05 1.111780125288498635e-05 2.335714833332842204e-05 4.981206255683191049e-05 2.809717748319376287e-05 7.025764078561410621e-05
1.587726257910955674e+00 8.629179936340705497e-05 8.813084130298551354e-06 7.222273338266605239e-06 1.524091234974872446e-05 3.231062041260638772e-05 1.796213652843719848e-05 4.504852201613964455e-05
1.596951860804104451e+00 5.497905079580941588e-05 5.720361847639822948e-06 4.580141209446303647e-06 9.869383163792411944e-06 2.045323075023485350e-05 1.148013509971218440e-05 2.828071708555928755e-05
1.606177463697253671e+00 3.557531010148691248e-05 3.767593598499855323e-06 2.990382197936002637e-06 6.650591445574528576e-06 1.282896431639590665e-05 7.572979720652872962e-06 1.797975870955973571e-05
1.615403066590402892e+00 2.360131413324656198e-05 2.530306633811835307e-06 2.016391867454310477e-06 4.541678904593766486e-06 8.201777487288392003e-06 5.227796880854085196e-06 1.168368983198614509e-05
1.624628669483551890e+00 1.606231354141772640e-05 1.801700755547910388e-06 1.443047593606920016e-06 3.186313122084450294e-06 5.482670573722253049e-06 3.873172258508311656e-06 7.959738059355347571e-06
1.633854272376701111e+00 1.118932063923266446e-05 1.318436098634026421e-06 1.067426011939268647e-06 2.343672175164097040e-06 3.750707062956159520e-06 2.985344390254066169e-06 5.554653867742995269e-06
1.643079875269850110e+00 7.961933100883036250e-06 1.007306635815930011e-06 8.220060212672088837e-07 1.811233589568618613e-06 2.647889608503157988e-06 2.384302808902867034e-06 3.945357054873609261e-06
1.652305478162999108e+00 5.778538226728598462e-06 7.838058841222977671e-07 6.549512088418216958e-07 1.450495362580091185e-06 1.883188655188475904e-06 1.965316057897100816e-06 2.844475060281003383e-06
1.661531081056148329e+00 4.280513311489591435e-06 6.464281447758973099e-07 5.328510047922177917e-07 1.205465097831259986e-06 1.383937032231972331e-06 1.666862958249457736e-06 2.078962069183722151e-06
1.670756683949297106e+00 3.239751329656100113e-06 5.366794338636268720e-07 4.550160299728053777e-07 1.052855459840290152e-06 1.054034067914987865e-06 1.449427066838999873e-06 1.539282100784456586e-06
1.679982286842446326e+00 2.514146204263838155e-06 4.732012384975014330e-07 4.039743718266374103e-07 9.245931469067372555e-07 8.603603690889875588e-07 1.314030927439586484e-06 1.156108757367397297e-06
1.689207889735595547e+00 2.009509733366416749e-06 4.248283306997921547e-07 3.628687222835224571e-07 8.510939303360366001e-07 6.893365359990986360e-07 1.251377468125663690e-06 9.028266273436893212e-07
1.698433492628744546e+00 1.661542937497847321e-06 3.829057368382189569e-07 3.380614417687285468e-07 7.917647202572440249e-07 5.769240048483487861e-07 1.198573051499001530e-06 7.507618723088527188e-07
1.707659095521893766e+00 1.427231011988971334e-06 3.671046142763019952e-07 3.191340086921497502e-07 7.596957806809694361e-07 5.233329182330831503e-07 1.142417848952932829e-06 6.484709718824577290e-07
1.716884698415042543e+00 1.276143560387839857e-06 3.497286075832384307e-07 3.018358354905247081e-07 7.354709110205066974e-07 4.743958653504718413e-07 1.088498778656639688e-06 5.874555782420677168e-07
1.726110301308191763e+00 1.186432290210913334e-06 3.373282156697096707e-07 2.893789438499610261e-07 7.025810074662464093e-07 4.450375039905545952e-07 1.047328788278292403e-06 5.554438724560291115e-07
1.735335904201340984e+00 1.142523393497067007e-06 3.288789373081942873e-07 2.805067997924784111e-07 6.778869053309717052e-07 4.407980597664764378e-07 1.015968265930659310e-06 5.560114637737125316e-07
1.744561507094489761e+00 1.132756194404403914e-06 3.231791451654113285e-07 2.749928966250100205e-07 6.594671603681883706e-07 4.508956830695701027e-07 9.921403269905965154e-07 5.803311421231284904e-07
1.753787109987638981e+00 1.149198197348302348e-06 3.187458222702458655e-07 2.700176598069316117e-07 6.396220122517271794e-07 4.703072778264778957e-07 9.744620526153617444e-07 6.161618082429961505e-07
1.763012712880787980e+00 1.185324311751423994e-06 3.167253003193438638e-07 2.677156477103330559e-07 6.327304836941024526e-07 5.047270240498730863e-07 9.616241574998649489e-07 6.561811158123566474e-07
1.772238315773937201e+00 1.236232532100437328e-06 3.126653620018453842e-07 2.633372499764951578e-07 6.277335103209845621e-07 5.386668007272703015e-07 9.525866366831953960e-07 7.026721548270282094e-07
1.781463918667086421e+00 1.298513011233303594e-06 3.185176836310677975e-07 2.661127895729790347e-07 6.261644032893640049e-07 5.862989866164685972e-07 9.467703082389605469e-07 7.672401993751018312e-07
1.790689521560235198e+00 1.369004899818158891e-06 3.174170846597751944e-07 2.602464246152469499e-07 6.281859137978713798e-07 6.323561037893062534e-07 9.395069040584610683e-07 8.369897802821773551e-07
1.799915124453384419e+00 1.446288593909487698e-06 3.165250835460561945e-07 2.606929210634232282e-07 6.331737851954200467e-07 6.792442144702948999e-07 9.374885723390223635e-07 9.079795959774411024e-07
1.809140727346533417e+00 1.528061349714632284e-06 3.220782666951199102e-07 2.640623153146002427e-07 6.415329075579922299e-07 7.281038398192675425e-07 9.429331697677333468e-07 9.795674713286051222e-07
1.818366330239682416e+00 1.613203084246008262e-06 3.273163692903626886e-07 2.666724261651160010e-07 6.429737790987385147e-07 7.769883187685667907e-07 9.451184523795830765e-07 1.051427804826579498e-06
1.827591933132831414e+00 1.700693229673746713e-06 3.285266842171266583e-07 2.735963160972381036e-07 6.487581383082516107e-07 8.268060937663543746e-07 9.575042127819718936e-07 1.123263160114323073e-06
1.836817536025980635e+00 1.789821393060515626e-06 3.322140279857029657e-07 2.767948809139823250e-07 6.550990301989205640e-07 8.779624565781167917e-07 9.663681132126129206e-07 1.194869024729584270e-06
1.846043138919129634e+00 1.879941372351826502e-06 3.409949413356064857e-07 2.815720870252134705e-07 6.622188105774895217e-07 9.300674360611095422e-07 9.759546586830676015e-07 1.266144817575673116e-06
1.855268741812278410e+00 1.970549537353580392e-06 3.499887501237033299e-07 2.849172931932337986e-07 6.792148757853253868e-07 9.818436825900782219e-07 9.862363755354771842e-07 1.336931031420841414e-06
1.864494344705427187e+00 2.061232166937315923e-06 3.589331482333296608e-07 2.880508226948346320e-07 6.963987064004250651e-07 1.033927321212702325e-06 9.970667607865851492e-07 1.407154485770768656e-06
1.873719947598576185e+00 2.151712750306289614e-06 3.643466543882668689e-07 2.916338631624727864e-07 7.054466564955277208e-07 1.089742325892013182e-06 1.008426932617250087e-06 1.476752904779978892e-06
1.882945550491724962e+00 2.241770260857068150e-06 3.726722236893721423e-07 2.963836954094439420e-07 7.124226852672776152e-07 1.143412114103699952e-06 1.020196951367197300e-06 1.545718387732981839e-06
1.892171153384873961e+00 2.331325654102010841e-06 3.758308266872444993e-07 2.985646380401220821e-07 7.197866387629330533e-07 1.193400297568644556e-06 1.032419565314977447e-06 1.614055764636527659e-06
1.901396756278022737e+00 2.420108831510558299e-06 3.826399235811294287e-07 3.045286187540419156e-07 7.273749018932567246e-07 1.239661309730678263e-06 1.044943277280940196e-06 1.681720062212950926e-06
1.910622359171171736e+00 2.508090260462084423e-06 3.901841948027531724e-07 3.119627259868644622e-07 7.408603842027354778e-07 1.286000410471033810e-06 1.057808212380101793e-06 1.748730029807385733e-06
1.919847962064320512e+00 2.595270838110891271e-06 4.012297953145434063e-07 3.148398813492923238e-07 7.554431190913375002e-07 1.335737648757510842e-06 1.071000253901470444e-06 1.815131576399871524e-06
1.929073564957469289e+00 2.681390172983250449e-06 4.166267128100572888e-07 3.221472476202765383e-07 7.725294884188239561e-07 1.385113442595569762e-06 1.084361352873080624e-06 1.880860671179637286e-06
1.938299167850618288e+00 2.766424771352230248e-06 4.295388658096581800e-07 3.296394993005014699e-07 7.884317706793570462e-07 1.434091156765640556e-06 1.097876147961829292e-06 1.945930332791172602e-06
1.947524770743767064e+00 2.850647985765062785e-06 4.436471975567478496e-07 3.350305643558017853e-07 7.981495253864740364e-07 1.482751099092783541e-06 1.111733326547467316e-06 2.010480012492835510e-06
1.956750373636916063e+00 2.933748701303031882e-06 4.509657812617118619e-07 3.435665726412186098e-07 8.151837386486412393e-07 1.531050145681469914e-06 1.125690789449068513e-06 2.074421896353037203e-06
1.965975976530064839e+00 3.015755731915070471e-06 4.625243722510098685e-07 3.472932616094538165e-07 8.309753778182678199e-07 1.579004046322150456e-06 1.139836740413765802e-06 2.137777155136251522e-06
1.975201579423213616e+00 3.096803481045180702e-06 4.728458686395525398e-07 3.544666422841381206e-07 8.523453927693538777e-07 1.626663771969070281e-06 1.154173692713892672e-06 2.200632218465078188e-06
1.984427182316362615e+00 3.178043618805822614e-06 4.826382283122087378e-07 3.586426095506270306e-07 8.665007240141782356e-07 1.674414484196759013e-06 1.169850851898590281e-06 2.263436765360385058e-06
1.993652785209511391e+00 3.255958856798991435e-06 4.947274576317752703e-07 3.659516107755107375e-07 8.834970890184983710e-07 1.721112282589266849e-06 1.183388594501593740e-06 2.324887594041752864e-06
2.002878388102660168e+00 3.333992471890836490e-06 5.036748598225387728e-07 3.717231786650451490e-07 9.045192405037134456e-07 1.767891233481703094e-06 1.198205440237475066e-06 2.386289706871754512e-06
2.012103990995809166e+00 3.411106592318852029e-06 5.109264573933534140e-07 3.779966867074398718e-07 9.190487640751232236e-07 1.814417471027804176e-06 1.213167412313933319e-06 2.447279265890956173e-06
2.021329593888958165e+00 3.487285604590592375e-06 5.253411437809827291e-07 3.866756561244963043e-07 9.330632880075159693e-07 1.860692873651487040e-06 1.228291503847226860e-06 2.507859446981357775e-06
2.030555196782107164e+00 3.562500598929021114e-06 5.398923396389114069e-07 3.907797617783977509e-07 9.472428044518093437e-07 1.906714396859819138e-06 1.243569643672627950e-06 2.568028381394820431e-06
2.039780799675255718e+00 3.636841727659821637e-06 5.534454685971606041e-07 3.966203837288876009e-07 9.614722702951024888e-07 1.952516398467814100e-06 1.258987754465837183e-06 2.627841183469684489e-06
2.049006402568404717e+00 3.710349681738511492e-06 5.626522213598597595e-07 4.029270766986843941e-07 9.757278862504337320e-07 1.998115557157492202e-06 1.289354131913086315e-06 2.687213704447972885e-06
2.058232005461553715e+00 3.782994180941253601e-06 5.703303039413155357e-07 4.093037955400689957e-07 9.900577526662902090e-07 2.043510919304431593e-06 1.319876660199401606e-06 2.745331864928657454e-06
2.067457608354702270e+00 3.854931460660040596e-06 5.808088299189224978e-07 4.181317982164599149e-07 1.008648829650871932e-06 2.088757771557328659e-06 1.350291197909611481e-06 2.803172251410108723e-06
2.076683211247851268e+00 3.925752007291495204e-06 5.854084859203433403e-07 4.280217698277130277e-07 1.030388886305530752e-06 2.133721014616014237e-06 1.380544970509273506e-06 2.860531790773046618e-06
2.085908814141000267e+00 3.996084140590970033e-06 5.928891070536691197e-07 4.380483001856731780e-07 1.052072357004755293e-06 2.178620434664714183e-06 1.410739705689983967e-06 2.917737629984001618e-06
2.095134417034148822e+00 4.065606671922055332e-06 6.025959267215143123e-07 4.468541481503521795e-07 1.069946628924731987e-06 2.223345890868828568e-06 1.440853662023261944e-06 2.974627753632424501e-06
2.104360019927297820e+00 4.134352887657544534e-06 6.152481239871235419e-07 4.516193874258985055e-07 1.086385496860209600e-06 2.267913922038040061e-06 1.470889653599980776e-06 3.031224380464397474e-06
2.113585622820446819e+00 4.202400341749460744e-06 6.290420079157932302e-07 4.599273353303621034e-07 1.097911730922251264e-06 2.312356548585512808e-06 1.500854337102822341e-06 3.087572848541963087e-06
2.122811225713595817e+00 4.269812417489244340e-06 6.419269622254106304e-07 4.676570432176344357e-07 1.115422375122005677e-06 2.356698978324655154e-06 1.530766886379979161e-06 3.143710014018916127e-06
2.132036828606744372e+00 4.336590624388130815e-06 6.521918240231496929e-07 4.727346404539961290e-07 1.132114001724598569e-06 2.400000786900174514e-06 1.560645531452662907e-06 3.199637212195786293e-06
2.141262431499893371e+00 4.402684297856682668e-06 6.615821544965374938e-07 4.775043895338719696e-07 1.150620738193944386e-06 2.444451155381444356e-06 1.590485025550766712e-06 3.255330813027428467e-06
2.150488034393042369e+00 4.468188484271429163e-06 6.719302662616406102e-07 4.825795727658459576e-07 1.162433354172951162e-06 2.489263400403668204e-06 1.620283200128557170e-06 3.310849398646793052e-06
2.159713637286190924e+00 4.533225563487475661e-06 6.832740523058172067e-07 4.910547333976314212e-07 1.177935419623184192e-06 2.533382257338295297e-06 1.641691555200100371e-06 3.366253166984093897e-06
2.168939240179339922e+00 4.597500447780505346e-06 6.951068726139259505e-07 4.971132110199802734e-07 1.195880541146249016e-06 2.577368280473681799e-06 1.655306436618101229e-06 3.421391523869402061e-06
2.178164843072488921e+00 4.661253734461127958e-06 7.067237723164953325e-07 5.027577209668936394e-07 1.213838733598803092e-06 2.621310796255469783e-06 1.669097050832972124e-06 3.476395215836101968e-06
2.187390445965637920e+00 4.724561077847907712e-06 7.183811524961097395e-07 5.100853949319807742e-07 1.231824592154912224e-06 2.665239510897940347e-06 1.683085676187468035e-06 3.531307078420646325e-06
2.196616048858786474e+00 4.787298978442347914e-06 7.285631961018641890e-07 5.174287270868522533e-07 1.249782002631529999e-06 2.709097752226002291e-06 1.696964255002140081e-06 3.586049443698758928e-06
2.205841651751935473e+00 4.849563046542003791e-06 7.397233811627428670e-07 5.242235365308675572e-07 1.266730025037068755e-06 2.752939591442678985e-06 1.711079224770202437e-06 3.640691595840331051e-06
2.215067254645084471e+00 4.911382338377120443e-06 7.513349948001907570e-07 5.303526056020726676e-07 1.283099059326757064e-06 2.796776583030449484e-06 1.725416209796528886e-06 3.695250130487209699e-06
2.224292857538233026e+00 4.972731693710706734e-06 7.632913854931963114e-07 5.364903376092427012e-07 1.299428176015549338e-06 2.840583402835230491e-06 1.739695714747227013e-06 3.749695188985250706e-06
2.233518460431382024e+00 5.033588364016349541e-06 7.752759497419922991e-07 5.444772453146777967e-07 1.315767372585568255e-06 2.884370534970741597e-06 1.754161623159610114e-06 3.804032350962139383e-06
2.242744063324531023e+00 5.094090503766916363e-06 7.876290985649821754e-07 5.522993689527071095e-07 1.332125203579184580e-06 2.928183639056211884e-06 1.768768287044468974e-06 3.858331219927018939e-06
2.251969666217680022e+00 5.154343978697697658e-06 7.995284570197993168e-07 5.610119296401288198e-07 1.349026154980194072e-06 2.972232740497722774e-06 1.785889654245284729e-06 3.912824519560583076e-06
2.261195269110828576e+00 5.213879012558377521e-06 8.115745258986018057e-07 5.676099494178505234e-07 1.365297294463375310e-06 3.015986078757627888e-06 1.800341129681692069e-06 3.966888496174682617e-06
2.270420872003977575e+00 5.273157838406726080e-06 8.235655955452603777e-07 5.742048134611043371e-07 1.381598383733211407e-06 3.059801881665015582e-06 1.814917328961374293e-06 4.020965582200385973e-06
2.279646474897126573e+00 5.331906800910942255e-06 8.345597577105336360e-07 5.824706324046031975e-07 1.397641319862717066e-06 3.103498382846654189e-06 1.828445810944457921e-06 4.074820021033126643e-06
2.288872077790275128e+00 5.390534569790970199e-06 8.472091960957723437e-07 5.913231234622858896e-07 1.414235115077133736e-06 3.147484031058740175e-06 1.844425499405892190e-06 4.128946517280811376e-06
2.298097680683424127e+00 5.448664360088380603e-06 8.591428928308682874e-07 6.000061042848583312e-07 1.432839711461229578e-06 3.191364866271792418e-06 1.859369133513260552e-06 4.182869143705639208e-06
2.307323283576573125e+00 5.506484038477161229e-06 8.706450975283344513e-07 6.089412005064500624e-07 1.452233310072730660e-06 3.235295263514218497e-06 1.874435971889192680e-06 4.236779681407581367e-06
2.316548886469722124e+00 5.564103801359877550e-06 8.810245091944850994e-07 6.156810234603583536e-07 1.471694050944542578e-06 3.279315258205329855e-06 1.889627783435107450e-06 4.290737067742798926e-06
2.325774489362870678e+00 5.621293753436765307e-06 8.914709794664184069e-07 6.220924715206201694e-07 1.491183195151059365e-06 3.323344967404604528e-06 1.908119078134185643e-06 4.344619658540332302e-06
2.335000092256019677e+00 5.678218738086437285e-06 9.017951813088788006e-07 6.285130254705726703e-07 1.510730578795086489e-06 3.367445107758436246e-06 1.931116222365760477e-06 4.398516918606654386e-06
2.344225695149168676e+00 5.734625905290091382e-06 9.141170309904487627e-07 6.381307853816663221e-07 1.530261566711443416e-06 3.411486839588098448e-06 1.954036635425139669e-06 4.452249984038612383e-06
2.353451298042317230e+00 5.791129215068448852e-06 9.257269751519073159e-07 6.473821321238429092e-07 1.549974298422916062e-06 3.455805983835247132e-06 1.977345164242216312e-06 4.506275368585254835e-06
2.362676900935466229e+00 5.847252545297075656e-06 9.370049523669878800e-07 6.527159729880398296e-07 1.569695441983814646e-06 3.500118063497400344e-06 2.000603933754584099e-06 4.560210964918642323e-06
2.371902503828615227e+00 5.903105576458646500e-06 9.460894431924984690e-07 6.588595846581053037e-07 1.589474419185125238e-06 3.544500961002909665e-06 2.023948548724742289e-06 4.614157212106852376e-06
2.381128106721764226e+00 5.958715605732530162e-06 9.565782364175022355e-07 6.650234724131733578e-07 1.609317004132618518e-06 3.588966073870784100e-06 2.047386803249222254e-06 4.668129637598551675e-06
2.390353709614912781e+00 6.013990019235352172e-06 9.672188794458233093e-07 6.705012173796641447e-07 1.629208371122769361e-06 3.633480444799747993e-06 2.070905147704635781e-06 4.722079064812318508e-06
2.399579312508061779e+00 6.069147014284041191e-06 9.780964735062819894e-07 6.802090153418659398e-07 1.649173764791171480e-06 3.678061534915352508e-06 2.094538961081856632e-06 4.776121639824889956e-06
2.408804915401210778e+00 6.124087126092187299e-06 9.889223716535298737e-07 6.901730717311427613e-07 1.669202406647260740e-06 3.722737540044665495e-06 2.118275291048256265e-06 4.830205281835752089e-06
2.418030518294359332e+00 6.178811776044143520e-06 9.999911925869811062e-07 6.972150951882252136e-07 1.689090954175357485e-06 3.767508650603029190e-06 2.142111894883748805e-06 4.884329363278695731e-06
2.427256121187508331e+00 6.233230339839563741e-06 1.010904686019107565e-06 7.039887819720645572e-07 1.707422782797012057e-06 3.812343227131743385e-06 2.166035790619552628e-06 4.938445155984167179e-06
2.436481724080657330e+00 6.287554629910907074e-06 1.021604360624726003e-06 7.127351736618355211e-07 1.725821371672396963e-06 3.857318958917038373e-06 2.190084190683984227e-06 4.992667502382827264e-06
2.445707326973806328e+00 6.341706591386820117e-06 1.031660492845156822e-06 7.209853616281097709e-07 1.746609108467128441e-06 3.902407477688958833e-06 2.214242141991363329e-06 5.046952977619345533e-06
2.454932929866954883e+00 6.395665794300748184e-06 1.042443136301657393e-06 7.292729039622222419e-07 1.765952101933144334e-06 3.947603736905579982e-06 2.238511907812944034e-06 5.101292245900476814e-06
2.464158532760103881e+00 6.449428570526934659e-06 1.051840518886024892e-06 7.375949608209086202e-07 1.786683032467005311e-06 3.992903978390630583e-06 2.262885175790441064e-06 5.155679378972733465e-06
2.473384135653252880e+00 6.503051186394481245e-06 1.063684257248784208e-06 7.459580227860979418e-07 1.806098991665337391e-06 4.038332958115865915e-06 2.287382121972022138e-06 5.210149021091260329e-06
2.482609738546401434e+00 6.556495798953084897e-06 1.076038306694664626e-06 7.542530395510645280e-07 1.825575980695777051e-06 4.083874947717692550e-06 2.311990373881311281e-06 5.264677177932042313e-06
2.491835341439550433e+00 6.609790013191219273e-06 1.088492101860791170e-06 7.611262751477123028e-07 1.845097127326309046e-06 4.129541891651040153e-06 2.336718799325575867e-06 5.319280069332542232e-06
2.501060944332699432e+00 6.662918929900573617e-06 1.100896133536403274e-06 7.675203816040937192e-07 1.864597625738545041e-06 4.175328626824664440e-06 2.361565229081809348e-06 5.373948825603039914e-06
2.510286547225848430e+00 6.716020778291243317e-06 1.112984806098246843e-06 7.737849389714251388e-07 1.884192311024742102e-06 4.221286344574291880e-06 2.386551354743260063e-06 5.428758638364945526e-06
2.519512150118996985e+00 6.768865963706090889e-06 1.125054479451484841e-06 7.806094548041717877e-07 1.903584349823242918e-06 4.267331172771346100e-06 2.411642725580390151e-06 5.483583108869022376e-06
2.528737753012145983e+00 6.821701878510126951e-06 1.137988300555435359e-06 7.888681464437246089e-07 1.920888892707763414e-06 4.313555581942327752e-06 2.436880334818560293e-06 5.538558707241689026e-06
2.537963355905294982e+00 6.874266294438592286e-06 1.149499243268942778e-06 8.008339619741428145e-07 1.938865290755092031e-06 4.359860823752341698e-06 2.462218757244984876e-06 5.593537598062622959e-06
2.547188958798443537e+00 6.926833261962214776e-06 1.161875625387059154e-06 8.124369969033945160e-07 1.958629552502365737e-06 4.406351231657991795e-06 2.487707079581600640e-06 5.648673401638619841e-06
2.556414561691592535e+00 6.979272035327925123e-06 1.174358413988478928e-06 8.242270465265518319e-07 1.978497642083239950e-06 4.452978639753240659e-06 2.513325713140961245e-06 5.703893152627710994e-06
2.565640164584741534e+00 7.031573110641965229e-06 1.186941437129568814e-06 8.353697069281809147e-07 1.998463851108252355e-06 4.499737985467531192e-06 2.539069053541411857e-06 5.759188590930055057e-06
2.574865767477890532e+00 7.083830399175965691e-06 1.199638660385956039e-06 8.450255130794314339e-07 2.018550089939113196e-06 4.546668800992004677e-06 2.564962852225124770e-06 5.814616249769591434e-06
2.584091370371039087e+00 7.136040766351632830e-06 1.212440751452744769e-06 8.547292935280851337e-07 2.038748967070996528e-06 4.593767848356657843e-06 2.591000334365653953e-06 5.870170739184316892e-06
2.593316973264188086e+00 7.188049076070886682e-06 1.225155086273306677e-06 8.638255973065281899e-07 2.059039843722447007e-06 4.640975116495671884e-06 2.617153849774226964e-06 5.925762106422599614e-06
2.602542576157337084e+00 7.240055553139754887e-06 1.237004910856888595e-06 8.728164955093680745e-07 2.079452106116064549e-06 4.688369348040140108e-06 2.643462118181932713e-06 5.981505409652388866e-06
2.611768179050485639e+00 7.291986465351810210e-06 1.250039954012753544e-06 8.823562688522586998e-07 2.099979342810995120e-06 4.735923280084192116e-06 2.669915240623704941e-06 6.037358845125043765e-06
2.620993781943634637e+00 7.343818520073133827e-06 1.261860795934107004e-06 8.926310103476360635e-07 2.120614918258058521e-06 4.783626637513940832e-06 2.696505968097273246e-06 6.093306361729421001e-06
2.630219384836783636e+00 7.395664213966471231e-06 1.273729749196086857e-06 9.037547931031935462e-07 2.141374543583712459e-06 4.831524017888165305e-06 2.723255487969494253e-06 6.149412551786506774e-06
2.639444987729932635e+00 7.447323331235282749e-06 1.285604642240670570e-06 9.161668889499550387e-07 2.162237204659182308e-06 4.879538551362842884e-06 2.750133100878017775e-06 6.205562294962081355e-06
2.648670590623081189e+00 7.499009057078165723e-06 1.297510903821515361e-06 9.286725964177746596e-07 2.183227148310836025e-06 4.927753015377182066e-06 2.777173691159801899e-06 6.261876895984857773e-06
2.657896193516230188e+00 7.550625447443762100e-06 1.309884312288972700e-06 9.412719437407406534e-07 2.204335052700535954e-06 4.976130773107711485e-06 2.804363324456350158e-06 6.318300829716973229e-06
2.667121796409379186e+00 7.602162248197101274e-06 1.323561494413539055e-06 9.539646526314501327e-07 2.225555753800317629e-06 5.024666374049549452e-06 2.831696883865175705e-06 6.374825164355639226e-06
2.676347399302527741e+00 7.653644239123700633e-06 1.337322904887091636e-06 9.667526210128966882e-07 2.246898607826101240e-06 5.073371770640226758e-06 2.859184619810422367e-06 6.431465861310991428e-06
2.685573002195676739e+00 7.705150817591625552e-06 1.351175020284922713e-06 9.793680189878489168e-07 2.268372817905747713e-06 5.122278447568709273e-06 2.886839912024544453e-06 6.488268165063897437e-06
2.694798605088825738e+00 7.756602827581570887e-06 1.364871802352623459e-06 9.920212067117677602e-07 2.289965005384447181e-06 5.171353700105584691e-06 2.914646039633676195e-06 6.545182906079230683e-06
2.704024207981974737e+00 7.808008651271475514e-06 1.378297647080200085e-06 1.004754754994537045e-06 2.312267359493802997e-06 5.220603772131841697e-06 2.942612428122392214e-06 6.602217434440525323e-06
2.713249810875123291e+00 7.859362166792121347e-06 1.391796011043884768e-06 1.017569115377909776e-06 2.335878312506712944e-06 5.270024489567517735e-06 2.970733942236654103e-06 6.659364759146400216e-06
2.722475413768272290e+00 7.910754034363623246e-06 1.404019061568870746e-06 1.030467282662737453e-06 2.359634973951379731e-06 5.319652881032053144e-06 2.999027626217422822e-06 6.716678045102709817e-06
2.731701016661421288e+00 7.962095543303589313e-06 1.416877249766262313e-06 1.043447559618977243e-06 2.382972206450534354e-06 5.369453621739848771e-06 3.027479682666670000e-06 6.774103967352432371e-06
2.740926619554569843e+00 8.013400207427945416e-06 1.432539742859494290e-06 1.056510898580489788e-06 2.405066062713499882e-06 5.419432044158841474e-06 3.056092644071033295e-06 6.831649143535999081e-06
2.750152222447718842e+00 8.064778800715761923e-06 1.448328075933966961e-06 1.069660942740549140e-06 2.427284453160831937e-06 5.469634252063068652e-06 3.084888233175322989e-06 6.889379921163964361e-06
2.759377825340867840e+00 8.115973702048825933e-06 1.461791625390288781e-06 1.082873317894549719e-06 2.449588382973985200e-06 5.519953731419425795e-06 3.113819508830129327e-06 6.947138718334440793e-06
