9.225602893149067790e-04 1.374181494307138551e-03 8.395097252589722378e-05 8.314640180969844890e-05 1.624935284891804686e-04 1.901220932947675617e-04 2.249861437319956425e-04 3.090776089007243790e-04
1.014816318246397446e-02 1.402639117274930448e-03 8.584277418417622131e-05 8.507666541119327831e-05 1.656859359506425607e-04 1.945267608828185439e-04 2.302163125396236229e-04 3.155688130446420402e-04
1.937376607561304073e-02 1.432881291596516246e-03 8.790213390245200584e-05 8.695570616152475951e-05 1.690895219409282828e-04 1.987297733900669685e-04 2.357587101633402179e-04 3.224709607315013465e-04
2.859936896876210874e-02 1.465102276320330360e-03 9.008819306319834457e-05 8.929530573289112989e-05 1.729587927248835318e-04 2.030474026694809118e-04 2.416455124719656556e-04 3.298288641968444030e-04
3.782497186191117328e-02 1.499461765733563039e-03 9.230654298941591562e-05 9.147238727447550358e-05 1.773845900440273581e-04 2.076525687452969622e-04 2.479053940910287777e-04 3.376794304881594599e-04
4.705057475506025516e-02 1.536144138369474003e-03 9.436745931780464273e-05 9.372261898980458437e-05 1.820879456948319534e-04 2.125699159079346909e-04 2.545712014916476796e-04 3.460652666680548266e-04
5.627617764820931623e-02 1.575308066559928015e-03 9.642899744151996883e-05 9.612529273144527694e-05 1.870912366677239536e-04 2.178201875223213183e-04 2.616736582649816130e-04 3.550231211454845867e-04
6.550178054135838424e-02 1.617345124281945263e-03 9.871604150903817189e-05 9.917696987240621001e-05 1.919397364398729711e-04 2.234478080333477962e-04 2.692745873585928717e-04 3.646432829648323364e-04
7.472738343450743836e-02 1.662299806582824948e-03 1.016737543733344570e-04 1.021525535374009138e-04 1.968822633918521688e-04 2.294633009945722113e-04 2.773928278626248099e-04 3.749363985071489137e-04
8.395298632765652025e-02 1.710629896884576992e-03 1.047944846939660203e-04 1.053912200632335129e-04 2.022214607998258553e-04 2.359317204963257836e-04 2.861020148529442794e-04 3.860081042012279088e-04
9.317858922080557438e-02 1.762610541171420134e-03 1.080616395595346800e-04 1.086467117149727667e-04 2.079802997667422153e-04 2.428890731781996500e-04 2.954544173624502716e-04 3.979221780267443772e-04
1.024041921139546424e-01 1.818657690692246018e-03 1.120911393983799187e-04 1.121580214715751748e-04 2.144654616008522148e-04 2.503911266242900280e-04 3.055227644224523323e-04 4.107748507462300087e-04
1.116297950071036965e-01 1.879290303328827157e-03 1.156093558747886465e-04 1.159670323965830523e-04 2.216565366605519147e-04 2.585076354241475950e-04 3.163962242158974061e-04 4.246861593115104552e-04
1.208553979002527506e-01 1.945024430199681275e-03 1.194255503899172791e-04 1.199899833826817419e-04 2.294478786092903847e-04 2.673074409442895930e-04 3.281666229647971136e-04 4.397756361615421695e-04
1.300810007934018186e-01 2.016374224403843628e-03 1.235683492255309872e-04 1.242206063988315120e-04 2.379004870312231672e-04 2.769525526936274240e-04 3.409294872758136807e-04 4.561625527752493758e-04
1.393066036865509005e-01 2.094250640536076628e-03 1.281466631376862453e-04 1.285816017917175945e-04 2.471201574758990528e-04 2.877191175733725612e-04 3.548367963141707201e-04 4.740576874972379090e-04
1.485322065796999824e-01 2.179468436391526157e-03 1.333430123557576528e-04 1.333670288936762011e-04 2.572026528416702582e-04 2.994991750051515921e-04 3.700334060362875724e-04 4.936500035715093992e-04
1.577578094728490643e-01 2.272604383857856208e-03 1.390372166655095935e-04 1.393458872105098403e-04 2.682179691076156183e-04 3.123753184875463842e-04 3.866394888295044720e-04 5.150740005097165317e-04
1.669834123659981462e-01 2.375345017630586288e-03 1.454480563263366687e-04 1.459050140722810938e-04 2.805562268230910733e-04 3.265889482799502752e-04 4.049288506617972246e-04 5.387201166680887290e-04
1.762090152591472003e-01 2.488760080397906232e-03 1.525473401686443936e-04 1.528195864940865879e-04 2.942573363551286708e-04 3.426613187234818156e-04 4.251034905822753500e-04 5.648373236205020322e-04
1.854346181522962822e-01 2.614583735212011682e-03 1.604215150687649839e-04 1.614506378019913910e-04 3.094250402659575599e-04 3.604580941387936811e-04 4.474647932945574960e-04 5.938283804093609335e-04
1.946602210454453641e-01 2.754725033959107630e-03 1.691986379533856090e-04 1.710981824399465667e-04 3.262963563454425280e-04 3.802458324865054876e-04 4.723515363932130270e-04 6.261372212191425313e-04
2.038858239385944460e-01 2.911463700330634615e-03 1.789998158825212640e-04 1.807137692864694764e-04 3.451469298600354924e-04 4.023443395199479723e-04 5.001695222895973826e-04 6.622943839716902842e-04
2.131114268317435001e-01 3.087738924876746831e-03 1.900540003636503467e-04 1.914358012708250803e-04 3.663237869424040317e-04 4.271568837005191611e-04 5.314338079874169826e-04 7.029839711562417028e-04
2.223370297248925820e-01 3.286953638740667573e-03 2.025804505259602359e-04 2.034982330422091014e-04 3.902366660978001493e-04 4.551606806984767779e-04 5.667500751508573048e-04 7.489990802690281620e-04
2.315626326180416361e-01 3.513460099430359279e-03 2.168638357227920498e-04 2.174544834747001165e-04 4.174019321658241008e-04 4.869558461780853532e-04 6.068851979216926401e-04 8.013544078479899711e-04
2.407882355111907180e-01 3.772613458804127250e-03 2.329340543380706806e-04 2.338070600588432538e-04 4.484603010122168061e-04 5.232868555575527318e-04 6.527874092801875909e-04 8.612997714655796187e-04
2.500138384043397721e-01 4.071185086124271511e-03 2.511258700422210402e-04 2.526521383864606222e-04 4.842644589346661865e-04 5.650912874950813312e-04 7.056541925232803075e-04 9.304167709368905970e-04
2.592394412974888818e-01 4.417772965800033196e-03 2.732488132251697371e-04 2.737181802158648522e-04 5.258153191552636385e-04 6.135620634781912414e-04 7.670085775020518346e-04 1.010715689513380991e-03
2.684650441906379359e-01 4.823905858479848700e-03 2.992788194861361120e-04 2.980017371906843598e-04 5.744754510524424304e-04 6.702811746118171946e-04 8.388754785716183091e-04 1.104893797559367528e-03
2.776906470837869900e-01 5.303925183168784092e-03 3.301297122270431539e-04 3.280370924821866124e-04 6.319707437875540443e-04 7.372448893292454092e-04 9.238060820863551806e-04 1.216311980085506110e-03
2.869162499769360997e-01 5.877508179667471043e-03 3.671066559427782483e-04 3.645865299049628680e-04 7.006225632722618696e-04 8.171672904537727322e-04 1.025276601502453193e-03 1.349585480265065064e-03
2.961418528700851538e-01 6.571346552441637186e-03 4.116710656286281383e-04 4.078280374172765788e-04 7.836242141713838788e-04 9.137250739799564897e-04 1.148002202487717963e-03 1.510982941021398081e-03
3.053674557632342079e-01 7.422161302936975888e-03 4.661537224417873493e-04 4.605705370090609069e-04 8.867640243412199669e-04 1.031982581742200283e-03 1.298480483006493602e-03 1.709141724262976808e-03
3.145930586563833176e-01 8.482273318680995031e-03 5.328231924645963208e-04 5.262790508041344933e-04 1.015750968300662901e-03 1.179131328939837971e-03 1.485954737648793877e-03 1.956387329826258722e-03
3.238186615495323717e-01 9.827574970096864329e-03 6.174386708728517303e-04 6.094795799035396949e-04 1.179610663617906494e-03 1.365589106288764634e-03 1.723835975132466045e-03 2.270631068743097537e-03
3.330442644426814813e-01 1.157200408821590365e-02 7.255896652857054402e-04 7.185616923715311410e-04 1.392316821271199698e-03 1.606956808421686894e-03 2.032242495684408526e-03 2.678818756808585763e-03
3.422698673358305355e-01 1.389129601853813373e-02 8.688851089016617901e-04 8.635626606650244341e-04 1.675444129385210770e-03 1.930204951216769882e-03 2.442223020595862132e-03 3.222613210004329071e-03
3.514954702289795896e-01 1.707041607341076503e-02 1.070514983185843344e-03 1.063403139231693106e-03 2.063988951932545918e-03 2.376921174393252165e-03 3.004027852161587214e-03 3.969756548498962895e-03
3.607210731221286992e-01 2.159184235761581194e-02 1.357451518773176297e-03 1.344019693511992741e-03 2.617234322071185226e-03 3.014759741351801664e-03 3.802604571076714790e-03 5.035320554422326872e-03
3.699466760152777534e-01 2.831441581830902374e-02 1.782226156637239239e-03 1.765598553388300629e-03 3.440771702374580826e-03 3.968027396078464136e-03 4.988922362478474121e-03 6.624955265846502878e-03
3.791722789084268630e-01 3.886876541537420682e-02 2.450557438018113876e-03 2.420361599879627956e-03 4.735081693024091598e-03 5.474973518708931008e-03 6.848654577687532385e-03 9.130918589243707667e-03
3.883978818015759171e-01 5.654248740928346367e-02 3.569159035017199777e-03 3.508218102855897857e-03 6.922557250805254359e-03 8.021770206306441664e-03 9.954307031700755648e-03 1.334814885205060780e-02
3.976234846947249713e-01 8.816299090888506107e-02 5.568407572441924636e-03 5.508930327911498726e-03 1.085978161379654028e-02 1.262739644433147346e-02 1.548080685950993518e-02 2.093421838054848605e-02
4.068490875878740809e-01 1.458391917219881428e-01 9.280937203710815098e-03 9.177806770490931632e-03 1.798351656193933334e-02 2.099444340316607149e-02 2.545043248400183367e-02 3.480462303927277234e-02
4.160746904810231350e-01 2.275295166840839434e-01 1.468161080475627323e-02 1.466848719998400941e-02 2.813231815425293325e-02 3.273334597152066650e-02 3.927726327063824074e-02 5.407896710293425002e-02
4.253002933741722447e-01 2.420028789001165137e-01 1.574844619515097799e-02 1.562057517678425156e-02 2.952391907032081431e-02 3.373726423209044700e-02 4.156417849353055693e-02 5.623223805883809101e-02
4.345258962673212988e-01 1.599580641280030635e-01 1.026403576608064805e-02 1.026477243307521992e-02 1.979500720777099820e-02 2.245440815679825008e-02 2.769936014262019963e-02 3.652553142127111518e-02
4.437514991604703529e-01 9.136898090109230042e-02 5.859326443933554618e-03 5.824398803779315403e-03 1.123757388856351513e-02 1.257237533734201218e-02 1.595854913768439409e-02 2.081967642306291333e-02
4.529771020536194626e-01 5.431007929698403874e-02 3.479558472038450645e-03 3.424727690825045412e-03 6.680903402870773389e-03 7.387928023033819847e-03 9.535002709913829866e-03 1.241516930786112222e-02
4.622027049467684612e-01 3.464457445297455113e-02 2.220974759990515524e-03 2.184499434224149161e-03 4.265455162053025107e-03 4.688173663838616362e-03 6.100099446298419548e-03 7.951728835210811891e-03
4.714283078399175708e-01 2.351954744151030577e-02 1.507683916488242182e-03 1.481877120031886708e-03 2.878452018081380237e-03 3.179104854487992821e-03 4.147983006390125460e-03 5.419007066283686863e-03
4.806539107330666249e-01 1.677852721112584738e-02 1.080577361827594896e-03 1.055318783962155144e-03 2.064184098525406741e-03 2.267308646974473124e-03 2.961658980041272787e-03 3.879354101444840164e-03
4.898795136262157346e-01 1.244670273941804635e-02 7.974660261452354293e-04 7.802294207117053959e-04 1.528828083589396994e-03 1.682468461007826863e-03 2.197756821351324122e-03 2.886994561579014559e-03
4.991051165193647332e-01 9.524339879380474411e-03 6.132064281853637222e-04 5.974935189017229614e-04 1.166606218367990944e-03 1.288381968448017861e-03 1.681662969495335141e-03 2.215720707395611722e-03
5.083307194125139539e-01 7.473675189354558879e-03 4.833281715010025181e-04 4.684110809571803702e-04 9.178379733283496822e-04 1.012042700056874772e-03 1.319096805283609397e-03 1.743540029320246772e-03
5.175563223056629525e-01 5.987064738852038853e-03 3.882709817633681060e-04 3.736222358826264689e-04 7.391561693288742005e-04 8.117888295704747334e-04 1.056013289282314860e-03 1.400486341088072115e-03
5.267819251988120621e-01 4.879672814075323474e-03 3.165061417473753747e-04 3.066597811826271905e-04 6.023963503193497521e-04 6.626365417416631154e-04 8.598881199026846278e-04 1.144426387093317506e-03
5.360075280919610607e-01 4.035627484147219675e-03 2.618142805608514312e-04 2.534701705206657274e-04 4.981113276161788436e-04 5.489464471751656291e-04 7.103036929152822462e-04 9.488925648522736865e-04
5.452331309851101704e-01 3.379558314377363506e-03 2.203296799081549615e-04 2.129456094535149731e-04 4.169912321171928907e-04 4.605561299776211003e-04 5.939681257867922802e-04 7.966358546642646719e-04
5.544587338782591690e-01 2.861144554587766262e-03 1.872694667739323304e-04 1.812929365267519806e-04 3.528744431590966416e-04 3.906887089075213731e-04 5.019890426373949111e-04 6.761220874034229618e-04
5.636843367714083897e-01 2.445406865976415371e-03 1.602167027607041480e-04 1.555482055064861049e-04 3.014479644449928782e-04 3.346342455476164143e-04 4.281911832634344509e-04 5.793196495966223842e-04
5.729099396645573883e-01 2.107633872220288432e-03 1.382639671008959077e-04 1.328037613162916068e-04 2.596616519245087407e-04 2.890671840858540387e-04 3.682090104977142273e-04 5.005464946971132853e-04
5.821355425577064979e-01 1.830403829745592742e-03 1.214408646616968457e-04 1.150160526212343128e-04 2.253634055015163885e-04 2.516465010984139661e-04 3.189466046720132713e-04 4.357932653013443357e-04
5.913611454508554965e-01 1.600184299613561546e-03 1.067252966381526322e-04 1.003691364806060058e-04 1.968816970023836398e-04 2.205491128943566290e-04 2.780285373005324506e-04 3.819344732599661615e-04
6.005867483440046062e-01 1.407562982963331830e-03 9.406569018361268276e-05 8.848722954307003917e-05 1.737695756376075092e-04 1.934604738539939198e-04 2.437736737812799814e-04 3.368037997151592140e-04
6.098123512371537158e-01 1.244899459300420662e-03 8.370627221115228833e-05 7.783914378417782637e-05 1.557020288767527356e-04 1.717463390999746271e-04 2.148390337099914844e-04 2.986353425921416159e-04
6.190379541303028255e-01 1.106670249085358378e-03 7.491119076568361970e-05 6.865784880585802837e-05 1.402813619842927136e-04 1.532790758813068607e-04 1.902383796247568860e-04 2.661524089830634215e-04
6.282635570234518241e-01 9.884559402151273880e-04 6.720939103901121640e-05 6.153731242872402269e-05 1.264892891102899902e-04 1.374731641061904862e-04 1.691879565752019750e-04 2.383318342210789809e-04
6.374891599166009337e-01 8.866183652264523129e-04 6.072909539997690693e-05 5.568715214206837721e-05 1.132941518466099419e-04 1.238411554951645644e-04 1.510491198262053783e-04 2.143296190680529789e-04
6.467147628097499323e-01 7.985193629133219284e-04 5.483616753961450749e-05 5.051423200327378148e-05 1.018239869256727138e-04 1.116674382019814012e-04 1.353483627033839074e-04 1.935345123297983576e-04
6.559403657028991530e-01 7.218943846694579050e-04 4.955273328671099074e-05 4.580840545457978783e-05 9.184577397784937994e-05 1.017632411954253347e-04 1.216856224327615395e-04 1.754204825326667345e-04
6.651659685960481516e-01 6.548745111138556171e-04 4.479913607020283729e-05 4.087088759585351221e-05 8.311827467359644839e-05 9.267930297434344693e-05 1.103077821445996561e-04 1.595528136584966781e-04
6.743915714891972613e-01 5.961019996036525954e-04 4.060340205662058520e-05 3.741163686965672756e-05 7.567393839436097405e-05 8.468656447991641800e-05 1.013738196987969912e-04 1.455019599352891098e-04
6.836171743823462599e-01 5.443260414572420776e-04 3.691164137483891276e-05 3.446071251248525660e-05 6.958136305182057758e-05 7.763655424917337159e-05 9.345188455026282644e-05 1.322644590035017037e-04
6.928427772754953695e-01 4.985609332650362121e-04 3.421718845100167172e-05 3.175670961855936057e-05 6.492057057886832776e-05 7.139728559699132227e-05 8.640260932450758834e-05 1.205840437677214039e-04
7.020683801686443681e-01 4.579454591931060321e-04 3.148675349935454830e-05 2.943329160448728910e-05 5.980717844500187640e-05 6.584607996840510010e-05 8.010238334651227556e-05 1.102366684619351033e-04
7.112939830617935888e-01 4.218236402209901443e-04 2.905627878564909445e-05 2.740822245261452170e-05 5.482021320577103824e-05 6.021504952050024109e-05 7.445855687596863483e-05 1.010507605850792284e-04
7.205195859549425874e-01 3.896252433767796101e-04 2.686061546139904572e-05 2.560077962297330157e-05 5.099548831378645586e-05 5.566000912638971324e-05 6.939022265742582005e-05 9.287765656039123109e-05
7.297451888480916971e-01 3.606788759016182357e-04 2.490832796001989915e-05 2.391100176590306567e-05 4.754112477717883489e-05 5.144532052662011742e-05 6.479575446880495504e-05 8.554571808451873552e-05
7.389707917412406957e-01 3.348400287716905279e-04 2.359823326071732808e-05 2.234204862009483159e-05 4.418066375306086997e-05 4.757981218686427143e-05 6.066280764378134422e-05 7.901260086545862068e-05
7.481963946343899163e-01 3.115678061548689953e-04 2.208539940454803908e-05 2.105391893156044643e-05 4.091363483500374491e-05 4.410034528377605951e-05 5.690796778589745763e-05 7.314093657490402427e-05
7.574219975275389150e-01 2.906072833683402581e-04 2.060995618989851924e-05 1.981350433085895700e-05 3.826631658037629637e-05 4.101363377826777691e-05 5.349605071003034947e-05 6.786357613221619123e-05
7.666476004206880246e-01 2.716571478991010248e-04 1.926575085762859520e-05 1.858068154213032364e-05 3.584669911998176377e-05 3.815506181649113804e-05 5.038216501330311774e-05 6.310311339826737476e-05
7.758732033138370232e-01 2.545396792168461478e-04 1.802966488300306470e-05 1.759776060378728389e-05 3.376804925468268170e-05 3.559558018816210844e-05 4.754269110761988977e-05 5.881226600364520933e-05
7.850988062069861328e-01 2.390360201855126375e-04 1.696991585552692179e-05 1.662557394206803647e-05 3.199490345327831364e-05 3.348743853227113799e-05 4.494478770843780618e-05 5.493481958559874199e-05
7.943244091001351315e-01 2.249514903352615243e-04 1.596044879830470220e-05 1.579672348426514159e-05 3.008015726749474570e-05 3.149017038453643422e-05 4.255911011530311670e-05 5.142097141704767807e-05
8.035500119932843521e-01 2.121601225382872716e-04 1.524757238003111967e-05 1.516969381329375368e-05 2.882920775192830904e-05 2.993905201671188693e-05 4.036835896719975954e-05 4.823684941105549351e-05
8.127756148864333507e-01 2.005201117814046192e-04 1.449076032309940735e-05 1.442792627994948719e-05 2.742895521161702087e-05 2.800566905996360067e-05 3.835153254794083076e-05 4.534659793594094973e-05
8.220012177795824604e-01 1.899470398797223976e-04 1.381230298148751023e-05 1.365671749416409080e-05 2.614083628007981674e-05 2.670694148121317878e-05 3.649733782490712690e-05 4.272776185914537719e-05
8.312268206727314590e-01 1.802898964233091799e-04 1.314764749481598478e-05 1.300854852535437804e-05 2.456552471538175995e-05 2.551799173333498699e-05 3.478163598491141348e-05 4.034236896647831576e-05
8.404524235658805686e-01 1.714609869239219146e-04 1.271107903673328820e-05 1.250083724671488864e-05 2.366775710452154787e-05 2.442833107835343026e-05 3.319150956244531353e-05 3.816776212830071081e-05
8.496780264590296783e-01 1.634072779181959599e-04 1.208629895587889783e-05 1.209246914053003184e-05 2.254142582178533024e-05 2.342797075857041655e-05 3.171986387771454714e-05 3.618977089227568911e-05
8.589036293521787879e-01 1.560452090566583517e-04 1.156541350477404339e-05 1.163991294264517555e-05 2.168295748815549377e-05 2.233809473371338884e-05 3.035406709257730388e-05 3.438699978397313176e-05
8.681292322453277865e-01 1.493250721084247112e-04 1.105511178344336363e-05 1.129857013830109862e-05 2.100334453443157188e-05 2.132113922881086155e-05 2.908726988016754498e-05 3.274632648079744903e-05
8.773548351384768962e-01 1.431562338778564765e-04 1.063433811558463682e-05 1.079403885929217295e-05 2.027988175628956573e-05 2.047426271814507077e-05 2.816816879369675800e-05 3.126588111297050158e-05
8.865804380316258948e-01 1.375263870197267430e-04 1.022860994414617275e-05 1.038677815808484897e-05 1.955036530594083917e-05 1.973163490340597715e-05 2.739047829891527882e-05 3.008914300490333202e-05
8.958060409247751155e-01 1.323872981486063944e-04 9.847167142838742990e-06 1.006509696804055044e-05 1.914490636880478939e-05 1.902990847297494502e-05 2.688363990851713216e-05 2.901388122592730046e-05
9.050316438179241141e-01 1.276601560276837007e-04 9.529222935290436632e-06 9.834585263719528491e-06 1.872546578355021966e-05 1.833407909239551982e-05 2.616313272527667853e-05 2.802356992328770737e-05
9.142572467110732237e-01 1.233393770741079466e-04 9.326046902983597779e-06 9.562248112100215584e-06 1.813900762505133053e-05 1.794165988599619773e-05 2.541101456431343712e-05 2.711740979010747823e-05
9.234828496042222223e-01 1.193924161836571422e-04 9.080168224443518139e-06 9.320267535262429458e-06 1.759363882788184846e-05 1.757547021545188251e-05 2.485283714502604187e-05 2.628880187852831649e-05
9.327084524973712210e-01 1.157913240970736039e-04 8.846046451428034264e-06 9.041126271296841678e-06 1.715514822150075464e-05 1.706445282995292195e-05 2.427329771527189889e-05 2.553204961971515519e-05
9.419340553905202196e-01 1.124959205009106020e-04 8.603020785903121729e-06 8.812602664451854432e-06 1.679618897346981353e-05 1.668858386937057650e-05 2.353316190611265532e-05 2.483878907086753331e-05
9.511596582836694402e-01 1.095072311326706813e-04 8.382652101528701881e-06 8.531964352962817348e-06 1.650692581641049496e-05 1.628305228090767766e-05 2.306465889832424272e-05 2.420955186657103482e-05
9.603852611768185499e-01 1.067681670542359009e-04 8.201323003558278835e-06 8.351653539587317542e-06 1.625005810731013035e-05 1.583752600124008658e-05 2.262378814472715185e-05 2.363220477504602071e-05
9.696108640699675485e-01 1.043011176622848934e-04 8.005354330577305229e-06 8.201128131237009778e-06 1.590554815358748012e-05 1.543316483352585638e-05 2.221780610335411898e-05 2.311193789440512758e-05
9.788364669631165471e-01 1.020404313543870023e-04 7.910747342124231272e-06 8.068235611230684980e-06 1.555301206278596941e-05 1.505990817117622066e-05 2.183349390547452190e-05 2.263465170677685567e-05
9.880620698562656568e-01 1.000817181439392871e-04 7.885505525187923325e-06 7.927757861074996365e-06 1.524535215541741016e-05 1.472768435715228333e-05 2.149572558611814938e-05 2.222168867115779576e-05
9.972876727494148774e-01 9.818318524716043055e-05 7.748791451453657976e-06 7.804492622415958513e-06 1.500133564789637270e-05 1.438960293584464389e-05 2.122416210283424695e-05 2.181978294605915725e-05
1.006513275642563876e+00 9.654382460300481631e-05 7.659070401156816885e-06 7.744934462118903125e-06 1.483654549181525663e-05 1.408805099712342611e-05 2.105547172160425007e-05 2.147320824073317214e-05
1.015738878535712875e+00 9.508717314987623847e-05 7.515997674336955155e-06 7.661825108943876852e-06 1.464962964227404401e-05 1.381102742114468068e-05 2.091535590991328844e-05 2.116541971656165462e-05
1.024964481428862095e+00 9.380147509296203330e-05 7.496580578599055578e-06 7.634280867721958430e-06 1.447677163543439720e-05 1.355654862589809233e-05 2.080221547534528450e-05 2.089385351746528687e-05
1.034190084322011094e+00 9.266676479922569625e-05 7.375163525897605746e-06 7.426722231669333316e-06 1.431531222182542105e-05 1.344557167176372377e-05 2.071274137891306836e-05 2.065427391943087520e-05
1.043415687215160093e+00 9.169220800826283820e-05 7.313944485589648310e-06 7.242234432272689820e-06 1.416504421803069648e-05 1.327644333277761999e-05 2.064973003210736856e-05 2.044896725907809488e-05
1.052641290108309091e+00 9.085527229533907811e-05 7.239451992064940551e-06 7.175132328681756155e-06 1.419190511537609496e-05 1.311922161819385616e-05 2.060912334759819992e-05 2.027301205989911397e-05
1.061866893001458312e+00 9.015825096281759789e-05 7.142487817539218604e-06 7.160455446711153451e-06 1.402753041220532052e-05 1.297920584370674342e-05 2.051915300621285428e-05 2.012709008552202841e-05
1.071092495894607532e+00 8.959057742989337081e-05 7.096526669609766968e-06 7.110996914303364643e-06 1.389530595441391871e-05 1.285833664040442702e-05 2.042148929617421539e-05 2.000904191386092268e-05
1.080318098787756531e+00 8.915344647510873384e-05 7.053270484589683966e-06 7.130761886060081318e-06 1.382504099919699525e-05 1.275940920737335372e-05 2.034219972523205609e-05 1.991915248121094986e-05
1.089543701680905530e+00 8.883556768018344531e-05 7.066932429729757691e-06 7.097790057832012380e-06 1.370036513543486205e-05 1.267880950964795663e-05 2.024079660562298733e-05 1.985520828893805052e-05
1.098769304574054528e+00 8.863639898392361406e-05 7.011155674521441774e-06 7.091276249989508025e-06 1.358866591631505691e-05 1.271411987351958562e-05 2.009125992115153166e-05 1.981709115348720060e-05
1.107994907467203749e+00 8.856459167987934121e-05 6.953775535531653892e-06 7.079735756636529017e-06 1.349555978222150422e-05 1.276527545539464959e-05 1.997028044651969923e-05 1.980685789281180927e-05
1.117220510360352748e+00 8.859921690587413141e-05 6.950518231868381088e-06 7.069376263118680752e-06 1.340928128650716836e-05 1.270782091608373913e-05 1.987222020634999645e-05 1.981990793993858605e-05
1.126446113253501746e+00 8.874557708764427776e-05 6.943269641192123553e-06 6.983432295958413405e-06 1.333702962073746059e-05 1.263950754362381330e-05 1.979832200712407903e-05 1.985747506618178344e-05
1.135671716146650967e+00 8.900862574322639846e-05 6.898225480799668108e-06 6.931407689705012284e-06 1.327795787701344088e-05 1.265099212117499127e-05 1.975005499329139343e-05 1.992089551340260774e-05
1.144897319039799966e+00 8.938704583550051875e-05 6.939964920179777933e-06 6.927472692069307409e-06 1.323150677814288355e-05 1.270002115251335874e-05 1.972678384934725378e-05 2.000990825073703440e-05
1.154122921932948964e+00 8.988048034711332225e-05 6.903297771593242503e-06 6.900359504666533287e-06 1.319724925202459443e-05 1.271775494560187616e-05 1.977722019375439467e-05 2.012437653730635221e-05
1.163348524826097963e+00 9.048995488110188985e-05 6.885092887606717501e-06 6.919341700629155789e-06 1.327546471491284307e-05 1.267211014922367562e-05 1.984782753309299636e-05 2.023525136769296223e-05
1.172574127719247183e+00 9.121860950837533681e-05 6.884125840665806443e-06 6.980780250986044896e-06 1.336644176706236454e-05 1.263643265621938294e-05 1.993508013779842023e-05 2.033596467747456743e-05
1.181799730612396404e+00 9.207385326384873452e-05 6.986205310439605985e-06 6.996906137300839428e-06 1.352400970150736677e-05 1.261915782417956985e-05 2.004096960601502988e-05 2.046563602049499334e-05
1.191025333505545403e+00 9.305124398641004225e-05 7.035408828227988085e-06 7.060299353297321760e-06 1.363812622699454879e-05 1.273312240834599356e-05 2.016525633674978073e-05 2.062315249591561669e-05
1.200250936398694401e+00 9.416627661322957447e-05 7.079737096900651032e-06 7.032993045955602575e-06 1.371140914741450739e-05 1.285126889381064930e-05 2.030710606602264428e-05 2.081135869727885755e-05
1.209476539291843622e+00 9.542711524953977639e-05 7.093229676189980793e-06 7.108005803569417418e-06 1.381673457598779707e-05 1.299772113218936108e-05 2.047238619278100478e-05 2.103270452577534985e-05
1.218702142184992621e+00 9.683648152074713657e-05 7.128809000099485581e-06 7.200206338351202752e-06 1.390600213153903031e-05 1.316319641049329327e-05 2.065831821928507421e-05 2.128714286304363493e-05
1.227927745078141619e+00 9.840746524319701684e-05 7.213548806353457386e-06 7.257819065500971932e-06 1.401193382830196973e-05 1.337698498094231074e-05 2.086811470030770050e-05 2.157768992642768830e-05
1.237153347971290618e+00 1.001463375252815952e-04 7.263649900572731032e-06 7.354876207117303335e-06 1.412840671155211599e-05 1.367199752158475463e-05 2.110069876750379119e-05 2.190532790391746653e-05
1.246378950864439838e+00 1.020832224998221199e-04 7.356396279695475186e-06 7.527042630986208877e-06 1.426976880080172902e-05 1.390579363454002703e-05 2.136126683197909343e-05 2.227687236410230318e-05
1.255604553757589059e+00 1.042076656437318933e-04 7.497382090912389622e-06 7.641510838284830236e-06 1.454615771923282162e-05 1.426539958922088324e-05 2.164968316362553258e-05 2.268998855975053739e-05
1.264830156650738058e+00 1.065697940601738992e-04 7.557454938501661059e-06 7.771716361206157668e-06 1.474161187303621977e-05 1.467555389577636317e-05 2.199935999918442456e-05 2.320912443813391102e-05
1.274055759543887056e+00 1.091712619951396831e-04 7.697143835518952784e-06 7.893783806992184368e-06 1.499382890840824506e-05 1.512389534371092565e-05 2.268594060564581153e-05 2.385402217511414054e-05
1.283281362437036055e+00 1.120516442003738599e-04 7.891269443581280124e-06 8.066441595278018000e-06 1.555890190646617998e-05 1.548723738271507030e-05 2.342794636222781800e-05 2.456739049326940366e-05
1.292506965330185276e+00 1.152382183012200473e-04 8.023445810105046556e-06 8.313340686933755655e-06 1.598897705602846065e-05 1.579808751168969457e-05 2.393292563973169369e-05 2.535565685421895606e-05
1.301732568223334052e+00 1.187829784703593988e-04 8.293278918504486726e-06 8.481489670566399108e-06 1.645974711752580403e-05 1.614500004607189951e-05 2.445713646126085653e-05 2.623077342739526022e-05
1.310958171116483273e+00 1.227099417783740162e-04 8.574792072822061233e-06 8.719921066467761360e-06 1.722713686992164935e-05 1.653009541092404053e-05 2.503684967903745161e-05 2.710289266524526953e-05
1.320183774009632494e+00 1.270865862957178084e-04 8.845736086854420451e-06 9.014979272755461342e-06 1.772083173680560854e-05 1.696280414100389817e-05 2.585920987703421996e-05 2.793179508494257352e-05
1.329409376902781492e+00 1.319846468571451612e-04 9.183715590802986242e-06 9.234301471025741946e-06 1.829632677277729649e-05 1.751855765837228348e-05 2.700082719313438915e-05 2.887171512243196273e-05
1.338634979795930713e+00 1.374726021840369029e-04 9.641303535829376685e-06 9.752710412932281622e-06 1.948630299548049474e-05 1.831972980352784375e-05 2.825945846293405426e-05 2.993618409216881545e-05
1.347860582689079489e+00 1.436585072618641449e-04 1.011929563835440313e-05 1.005805543773308957e-05 2.034894236537405096e-05 1.917656333894142049e-05 2.965375198373418840e-05 3.114846415116865198e-05
1.357086185582228710e+00 1.506501035712309942e-04 1.049395038292617508e-05 1.044169961467023683e-05 2.131746214807016477e-05 2.010932584946414437e-05 3.120455122714160400e-05 3.253211532301672677e-05
1.366311788475377931e+00 1.586025016291189231e-04 1.081122159057377303e-05 1.095582922834109586e-05 2.257451596893571299e-05 2.113642388093916048e-05 3.293906289551646314e-05 3.412167116868719042e-05
1.375537391368526707e+00 1.676942369803183957e-04 1.122161857467052323e-05 1.153830070794913880e-05 2.366521919444227145e-05 2.233174422817729493e-05 3.488934919708324756e-05 3.602035603851542621e-05
1.384762994261675928e+00 1.781571632403192065e-04 1.188623915405180131e-05 1.219211380093301335e-05 2.596872273725588597e-05 2.346507635271158116e-05 3.709604373690618515e-05 3.829670459065147629e-05
1.393988597154824927e+00 1.902778859202536690e-04 1.262661844817373276e-05 1.305190832430374649e-05 2.858415989152456342e-05 2.504613498233878677e-05 3.960939029742691184e-05 4.094903010854687156e-05
1.403214200047974147e+00 2.044313759341465867e-04 1.347614740602139419e-05 1.397536009004857302e-05 3.109691789902701122e-05 2.689896196571959120e-05 4.249415618935329731e-05 4.406428235185044068e-05
1.412439802941123368e+00 2.210985957415711491e-04 1.465207589590225546e-05 1.513810780505507429e-05 3.346415018604448539e-05 2.909197312934514107e-05 4.583413404156777104e-05 4.775423098831008042e-05
1.421665405834272145e+00 2.409120321182277823e-04 1.584346922987642085e-05 1.661260999127531484e-05 3.605651317038497858e-05 3.195017318446843847e-05 4.890613819100839599e-05 5.216684171806092109e-05
1.430891008727421365e+00 2.647219493328046842e-04 1.733826579975605462e-05 1.814439642159210728e-05 3.987999836458776693e-05 3.539310260628823041e-05 5.315445768587799330e-05 5.750158636962571018e-05
1.440116611620570364e+00 2.936677297378077300e-04 1.893172365493249855e-05 1.982511643931181332e-05 4.386604739115804478e-05 3.883736816320668877e-05 5.917108818177335911e-05 6.402719177661184559e-05
1.449342214513719362e+00 3.293385219604769935e-04 2.112984893261858621e-05 2.230317241662253033e-05 4.981602935022998169e-05 4.389416869239576953e-05 6.651369344073189719e-05 7.212083993324991263e-05
1.458567817406868583e+00 3.739582726487626976e-04 2.412232682044241011e-05 2.539578255318078112e-05 5.610950846424145582e-05 5.007871218692174506e-05 7.471342214902148334e-05 8.231346753539097285e-05
1.467793420300017582e+00 4.307374226884763896e-04 2.766572165452076864e-05 2.951301614088853911e-05 6.380176485475520885e-05 5.750658916836641184e-05 8.497326997817763235e-05 9.501208143479912115e-05
1.477019023193166802e+00 5.043998061615301027e-04 3.235623982591486446e-05 3.476848306279431769e-05 7.369373057826617869e-05 6.774105338801792494e-05 9.857925276593297332e-05 1.108682894742429393e-04
1.486244626086316023e+00 6.020869320945162030e-04 3.841431257190983106e-05 4.100146621097437629e-05 8.583851711347842157e-05 8.182992542842448987e-05 1.183628269300485278e-04 1.318232945566842076e-04
1.495470228979464800e+00 7.348903054220663061e-04 4.608845541079198676e-05 5.002669184128499726e-05 1.049702982215789619e-04 1.002637081473355422e-04 1.453373740819896088e-04 1.615974895885820013e-04
1.504695831872614020e+00 9.204631745589450433e-04 5.773987979049979499e-05 6.198864795620747780e-05 1.312778157069151644e-04 1.262045308222674213e-04 1.787760674882535490e-04 2.048657265094235144e-04
1.513921434765763019e+00 1.187408655660106326e-03 7.463942734753695706e-05 7.949318330963540784e-05 1.699529429896092653e-04 1.661175619396039211e-04 2.361864418513534569e-04 2.683611127456604108e-04
1.523147037658912017e+00 1.581754263099823064e-03 9.763929001742506497e-05 1.039577445915533527e-04 2.274004111319535663e-04 2.225183800917333692e-04 3.193608046423231268e-04 3.646357248412333482e-04
1.532372640552061016e+00 2.171944945330949676e-03 1.352889735897924543e-04 1.426547562310932424e-04 3.144639787944518081e-04 3.047100458274168682e-04 4.407232185289224578e-04 5.058316506929123012e-04
1.541598243445210237e+00 3.028168122399967251e-03 1.946879061317588477e-04 1.998104123895581841e-04 4.315556856739617524e-04 4.324601727387108845e-04 6.162826650381999713e-04 6.995384502861178369e-04
1.550823846338359457e+00 4.090358023629282226e-03 2.599812609778264297e-04 2.731295978294955365e-04 5.804449048452745008e-04 5.915547146653093481e-04 8.328638638042760306e-04 9.338401904451605270e-04
1.560049449231508456e+00 4.873390647190165188e-03 3.222695246713784198e-04 3.177248079259155367e-04 6.931544472484315114e-04 6.967752571730902872e-04 9.811736966849641736e-04 1.100356052621593965e-03
1.569275052124657455e+00 4.683186024309162095e-03 3.128039816017178301e-04 3.141080983074598376e-04 6.691557051001712289e-04 6.746137100965624023e-04 9.584053937080070154e-04 1.056033373188007465e-03
1.578500655017806453e+00 3.709047232923850385e-03 2.456955150851158204e-04 2.463780462578116053e-04 5.087546902443436034e-04 5.256275123803992588e-04 7.271310063174715038e-04 8.441105164902424143e-04
1.587726257910955674e+00 2.684403853928953726e-03 1.780561997043916996e-04 1.791731200507348971e-04 3.749235664746251168e-04 3.837474843421634189e-04 5.202052275961634165e-04 6.182640061228781257e-04
1.596951860804104451e+00 1.921882917349010747e-03 1.264824540732133011e-04 1.293131061157061067e-04 2.644369540467836864e-04 2.749357156643487694e-04 3.724012889753862236e-04 4.471695793894828706e-04
1.606177463697253671e+00 1.408209657616525147e-03 9.405715194949208942e-05 9.459584989676131025e-05 1.942006091717187691e-04 2.044231798669590185e-04 2.726734872860560929e-04 3.302231667079837205e-04
1.615403066590402892e+00 1.065879422426683305e-03 7.075066305524228827e-05 7.340332548087477073e-05 1.479231736996023359e-04 1.580971866642582159e-04 2.060836278041189382e-04 2.514484959476371607e-04
1.624628669483551890e+00 8.332396578167116340e-04 5.724539007462574238e-05 5.863347455990677165e-05 1.183401911744729352e-04 1.261902147433731315e-04 1.607007567489603193e-04 1.974962448636222384e-04
1.633854272376701111e+00 6.706620640305643085e-04 4.663354238724386810e-05 4.849700150038422850e-05 9.741029974605385552e-05 1.038508418438171535e-04 1.313107021666684929e-04 1.595712647021567399e-04
1.643079875269850110e+00 5.537694348350020611e-04 3.900121886711116308e-05 4.063120319945277229e-05 8.070787414080288560e-05 8.641279819947961498e-05 1.122340790344063081e-04 1.321793747016646167e-04
1.652305478162999108e+00 4.674868267409547514e-04 3.386020805407524746e-05 3.506572311408068937e-05 6.705605917502562756e-05 7.333726208234733973e-05 9.777759349104397099e-05 1.118857288893495292e-04
1.661531081056148329e+00 4.022891273727801937e-04 2.981692249835483227e-05 3.066599838484406837e-05 5.836072166118163587e-05 6.339668021751102131e-05 8.656370758210814483e-05 9.650488701985163609e-05
1.670756683949297106e+00 3.520008950930481203e-04 2.699465502379238754e-05 2.726145999462701967e-05 5.191615793107094007e-05 5.573345812474839959e-05 7.738995575148573981e-05 8.460940324253531271e-05
1.679982286842446326e+00 3.125083676339151964e-04 2.408170251422589838e-05 2.454627065921614112e-05 4.721610292996396676e-05 5.010448019162011633e-05 6.871508831019054915e-05 7.524572612638082722e-05
1.689207889735595547e+00 2.810006337099943104e-04 2.222306696304121197e-05 2.239811259557839386e-05 4.319049491572924662e-05 4.514296676298942845e-05 6.175418592592772172e-05 6.775955178456731010e-05
1.698433492628744546e+00 2.555152015301304157e-04 2.051227727255396614e-05 2.067165931187892893e-05 3.948364519953484562e-05 4.179952691794782934e-05 5.609055099942909361e-05 6.169199003604986203e-05
1.707659095521893766e+00 2.346466077629639818e-04 1.934507574574356541e-05 1.917966235171478977e-05 3.652005990632212705e-05 3.866374043296578675e-05 5.142521046911402330e-05 5.671427656112591493e-05
1.716884698415042543e+00 2.173762445142567699e-04 1.798285000202055656e-05 1.790939099996356103e-05 3.407106076331106932e-05 3.606276942450027689e-05 4.754058332668184800e-05 5.258742640241377444e-05
1.726110301308191763e+00 2.029458899570587335e-04 1.684608693942063625e-05 1.694549953861875717e-05 3.198443042281502225e-05 3.375301278233427331e-05 4.427358734491066436e-05 4.913301768434279225e-05
1.735335904201340984e+00 1.907875962970803044e-04 1.600291713553525508e-05 1.607303461016829451e-05 3.018509639388515281e-05 3.206378954292581117e-05 4.166801031679249969e-05 4.621732109461292926e-05
1.744561507094489761e+00 1.804663811238701510e-04 1.517739323132817641e-05 1.541914293900765835e-05 2.889786030650307036e-05 3.067400060350491497e-05 3.944482205340581259e-05 4.373750888644610296e-05
1.753787109987638981e+00 1.716471340887454832e-04 1.452905774581954236e-05 1.468679820444497900e-05 2.801639525041983388e-05 2.940381951626526327e-05 3.770104560174789292e-05 4.161492214758603187e-05
1.763012712880787980e+00 1.640637174023168237e-04 1.399838331310587617e-05 1.428402043198896015e-05 2.711835107020756628e-05 2.826962985812424452e-05 3.617203338953530974e-05 3.978652241730032532e-05
1.772238315773937201e+00 1.575112043088005534e-04 1.348890936926020866e-05 1.375453806982065053e-05 2.615094034079816000e-05 2.724942040354245932e-05 3.482389049488750677e-05 3.820356643743272513e-05
1.781463918667086421e+00 1.518201410677637460e-04 1.304449547188162787e-05 1.339014289543911224e-05 2.550478407674572822e-05 2.633217952214045765e-05 3.362893823312718719e-05 3.682624910284970567e-05
1.790689521560235198e+00 1.468591899609890752e-04 1.265548207672110540e-05 1.302719686484645530e-05 2.455345526806225649e-05 2.550388768798274774e-05 3.256455031517324129e-05 3.562286490921917441e-05
1.799915124453384419e+00 1.425166522015332607e-04 1.217584653352010585e-05 1.265368631598424391e-05 2.370645781072226754e-05 2.479630257651118026e-05 3.161308327811535772e-05 3.456785356337046600e-05
1.809140727346533417e+00 1.387035550406842069e-04 1.192360640972310983e-05 1.237896286636466564e-05 2.295518454544100790e-05 2.407322358455901397e-05 3.075838959081000391e-05 3.363927963791593959e-05
1.818366330239682416e+00 1.353470683363925244e-04 1.165195316518873232e-05 1.204084823264357524e-05 2.227577865107451178e-05 2.345101564702400335e-05 2.998815150154072171e-05 3.281995933094539685e-05
1.827591933132831414e+00 1.323844137685789004e-04 1.140293382324110210e-05 1.173727303779369504e-05 2.182884106034714924e-05 2.288162946804295661e-05 2.962795165008808430e-05 3.209502459209985124e-05
1.836817536025980635e+00 1.297632584324632252e-04 1.115433873577020927e-05 1.149681258204684250e-05 2.135227659905841735e-05 2.235778478534551725e-05 2.935560369780187842e-05 3.145225102395385764e-05
1.846043138919129634e+00 1.274429287812617968e-04 1.092801306198544074e-05 1.124542862372786484e-05 2.106492723313906556e-05 2.187372605857368162e-05 2.910752887178258115e-05 3.088152934703851089e-05
1.855268741812278410e+00 1.253841460184268192e-04 1.065210945473037346e-05 1.104950676635112737e-05 2.073248962553030962e-05 2.142702710337459498e-05 2.888173402736202849e-05 3.037376812677219191e-05
1.864494344705427187e+00 1.235561969864122699e-04 1.053814159532824916e-05 1.085042136199383244e-05 2.042494478944587607e-05 2.100337827385516680e-05 2.846634583893273588e-05 2.992149022417019079e-05
1.873719947598576185e+00 1.219314146349051952e-04 1.045261770434171124e-05 1.068000782512948691e-05 2.014236907696805500e-05 2.059627902708574250e-05 2.798290319060056089e-05 2.951825750385510987e-05
1.882945550491724962e+00 1.204889018810773499e-04 1.037992157583386449e-05 1.057544425850063272e-05 1.987170722014392464e-05 2.022690379890758718e-05 2.754444821669332661e-05 2.915889009703020139e-05
1.892171153384873961e+00 1.192067916005289113e-04 1.024007302385315581e-05 1.043277095834302143e-05 1.962923712172429905e-05 1.992877159037345191e-05 2.714609717300831514e-05 2.883841066525439018e-05
1.901396756278022737e+00 1.180692397596203849e-04 1.017523414715242177e-05 1.031107172435456775e-05 1.940546835467295088e-05 1.963836529980107326e-05 2.678299412430204551e-05 2.855275961862928987e-05
1.910622359171171736e+00 1.170586113734853556e-04 1.010260870723398352e-05 1.019043499977621283e-05 1.919776119532745889e-05 1.935174892144112338e-05 2.645157067296944578e-05 2.829793690025173328e-05
1.919847962064320512e+00 1.161665034749128961e-04 1.003442756132268349e-05 1.008818623501864698e-05 1.900547764635237332e-05 1.912734446821177578e-05 2.614991216074556029e-05 2.807188901525644025e-05
1.929073564957469289e+00 1.153776246672968557e-04 9.884670836431626892e-06 9.957379271511752352e-06 1.884802283025711412e-05 1.897433995362907458e-05 2.587407444038673299e-05 2.787074531465718881e-05
1.938299167850618288e+00 1.146824299866512625e-04 9.771427160221838356e-06 9.867122342356723572e-06 1.873317058359351363e-05 1.882733280002096799e-05 2.562184772397149560e-05 2.769231598947326722e-05
1.947524770743767064e+00 1.140733759176621961e-04 9.687737017622554325e-06 9.779488047133064296e-06 1.862542852220568112e-05 1.868698960708066556e-05 2.539177248643965761e-05 2.753509589057801627e-05
1.956750373636916063e+00 1.135404265573635823e-04 9.665612151626341874e-06 9.697302131814276166e-06 1.850926640429977901e-05 1.855084382915798687e-05 2.518075606461213486e-05 2.739620194260301378e-05
1.965975976530064839e+00 1.130786540678304996e-04 9.573827066730028327e-06 9.630855410402573810e-06 1.833658989330547607e-05 1.835997798809707311e-05 2.498788273078591095e-05 2.727470587303081290e-05
1.975201579423213616e+00 1.126810876970280392e-04 9.524203303861537569e-06 9.563818110013398862e-06 1.817566052056940036e-05 1.822466671740140091e-05 2.481140249660102059e-05 2.716890176283021454e-05
1.984427182316362615e+00 1.123378931198180160e-04 9.493956928063453462e-06 9.491234313304010425e-06 1.802753652951070203e-05 1.814550593961025823e-05 2.465289977981568515e-05 2.707914954203156552e-05
1.993652785209511391e+00 1.120570185711456670e-04 9.444685044864557137e-06 9.451459966262250605e-06 1.788545766823399484e-05 1.796560142928683372e-05 2.450238904343925899e-05 2.699928004296110056e-05
2.002878388102660168e+00 1.118202144355930717e-04 9.388979453050781449e-06 9.400340084906103066e-06 1.778804258880418716e-05 1.777227672241807018e-05 2.436719296177484670e-05 2.693290333884005607e-05
2.012103990995809166e+00 1.116298448933209533e-04 9.360433649716848824e-06 9.345595941555177085e-06 1.772336493436868683e-05 1.758791336322009142e-05 2.421187305044307243e-05 2.687789980563681357e-05
2.021329593888958165e+00 1.114793983607867075e-04 9.326983344634532237e-06 9.283762603102058077e-06 1.766339109767370665e-05 1.742768575611108373e-05 2.411665337085223786e-05 2.683281890883523670e-05
2.030555196782107164e+00 1.113677660895450382e-04 9.294884171698526059e-06 9.235338187832666467e-06 1.760836931485439886e-05 1.733174762833245279e-05 2.402892894034082232e-05 2.679735476299618219e-05
2.039780799675255718e+00 1.112918351442847303e-04 9.274276820201641765e-06 9.185197900379014381e-06 1.755785375517341827e-05 1.724096538633267323e-05 2.393576775939927615e-05 2.677072109841879962e-05
2.049006402568404717e+00 1.112480905497982396e-04 9.263847389605841154e-06 9.138284354940194739e-06 1.751111706205852171e-05 1.717108442082372730e-05 2.385083079030994341e-05 2.675196642791396139e-05
2.058232005461553715e+00 1.112345205395618119e-04 9.253317284190715826e-06 9.085483433729800223e-06 1.742319523766656822e-05 1.711840271722487781e-05 2.377390645813295099e-05 2.674082587183588958e-05
2.067457608354702270e+00 1.112515596076070213e-04 9.226555327176397302e-06 9.032105531346998209e-06 1.732799117256683837e-05 1.707840676336061232e-05 2.370487310527262601e-05 2.673730470824061192e-05
2.076683211247851268e+00 1.112882644876341822e-04 9.229555804771892536e-06 8.993988336635216083e-06 1.723644907385994880e-05 1.705178256410371136e-05 2.364112806088240022e-05 2.673867908195183139e-05
2.085908814141000267e+00 1.113531545153608631e-04 9.213555808189344016e-06 8.957347578804174129e-06 1.715007162960986015e-05 1.698979828584614099e-05 2.358480399900647357e-05 2.674722492286750138e-05
2.095134417034148822e+00 1.114396448190922337e-04 9.196569627546423713e-06 8.921367423889102455e-06 1.711195644075270755e-05 1.695690658107300774e-05 2.353397886926332202e-05 2.676106750852063449e-05
2.104360019927297820e+00 1.115475479231303914e-04 9.190435365694896077e-06 8.887602112713120718e-06 1.708237683506197153e-05 1.695516228596538990e-05 2.348865673178905688e-05 2.678023426355543777e-05
2.113585622820446819e+00 1.116743187976256831e-04 9.190619213015062644e-06 8.875491900882357429e-06 1.706226072389195960e-05 1.696191467122359778e-05 2.344840195669398652e-05 2.680423323803664140e-05
2.122811225713595817e+00 1.118211137544201212e-04 9.181763157113382971e-06 8.873181545413055924e-06 1.705790001301125763e-05 1.697218851192149925e-05 2.341337855550146762e-05 2.683331662484188338e-05
2.132036828606744372e+00 1.119835030241572959e-04 9.179690104277828566e-06 8.872420115810648834e-06 1.705504824697693484e-05 1.698269039286106567e-05 2.338245421946626645e-05 2.686633664273375955e-05
2.141262431499893371e+00 1.121611259127354372e-04 9.179171557679305371e-06 8.894777190362020613e-06 1.705364994479477566e-05 1.693886692950614828e-05 2.335546881428999697e-05 2.690317861483415541e-05
2.150488034393042369e+00 1.123555246239887868e-04 9.182331389470370516e-06 8.848088707240128596e-06 1.705458002808063597e-05 1.689818840748769048e-05 2.333299371498630031e-05 2.694440918724314872e-05
2.159713637286190924e+00 1.125627076212894423e-04 9.185965379544181928e-06 8.839784458017629085e-06 1.705682515788464163e-05 1.685969963849444646e-05 2.331391241772195512e-05 2.698892079035296147e-05
2.168939240179339922e+00 1.127821574244662904e-04 9.190648479222304572e-06 8.858134802948306515e-06 1.706024590448640551e-05 1.682320915510530186e-05 2.329801401601600170e-05 2.703654962514098964e-05
2.178164843072488921e+00 1.130144272159578673e-04 9.200794999609105871e-06 8.896310468437936491e-06 1.706536991484182712e-05 1.680956591448830664e-05 2.328557846847962448e-05 2.708756282443155767e-05
2.187390445965637920e+00 1.132576994730896143e-04 9.198838943685669193e-06 8.934897432879873895e-06 1.707200334680982390e-05 1.684215787724746137e-05 2.327620880049285858e-05 2.714154529690970753e-05
2.196616048858786474e+00 1.135140883568566461e-04 9.185416999582380585e-06 8.980686849323156929e-06 1.707938546715270756e-05 1.690851924762807072e-05 2.326973271332757616e-05 2.719858350515670165e-05
2.205841651751935473e+00 1.137782086370882855e-04 9.180196354281823013e-06 9.010181254066575640e-06 1.708808498162435430e-05 1.697523870211693005e-05 2.326568966708339947e-05 2.725790161999933666e-05
2.215067254645084471e+00 1.140522300152712731e-04 9.139808749745038756e-06 8.939059581138827340e-06 1.709832378056028320e-05 1.704264817622728133e-05 2.326442106382207368e-05 2.731995320051751406e-05
2.224292857538233026e+00 1.143373945120722344e-04 9.124901266099053531e-06 8.935434210118877937e-06 1.710915064498697859e-05 1.708938723211738233e-05 2.326556038449704056e-05 2.738460442015232265e-05
2.233518460431382024e+00 1.146292949885161476e-04 9.097703012147761157e-06 8.932767088604958859e-06 1.712104481654422121e-05 1.711169311527289169e-05 2.326873300608903519e-05 2.745122444819232351e-05
2.242744063324531023e+00 1.149297317406446772e-04 9.064600212138067986e-06 8.928790899281484382e-06 1.713398619397210750e-05 1.713090518469147781e-05 2.327412053738913279e-05 2.752011721771052113e-05
2.251969666217680022e+00 1.152074015504490299e-04 9.043106249126509435e-06 8.926176140062417469e-06 1.715379866188081442e-05 1.709421586408227454e-05 2.328048626538382849e-05 2.758772958288000974e-05
2.261195269110828576e+00 1.155274375138622367e-04 9.048433812328167554e-06 8.927971371634513568e-06 1.717093966972155011e-05 1.705809050143709902e-05 2.328987591564790182e-05 2.766112677969300424e-05
2.270420872003977575e+00 1.158545378672354027e-04 9.056389988983668590e-06 8.949704186038038331e-06 1.721643846312980982e-05 1.702383871620650134e-05 2.330102930363467276e-05 2.773639495616147838e-05
2.279646474897126573e+00 1.162020045220360352e-04 9.051920450918181133e-06 8.971105851490596941e-06 1.719416893067374208e-05 1.699072087279166084e-05 2.331419242916422431e-05 2.781486552486723315e-05
2.288872077790275128e+00 1.165278888502753284e-04 9.057043708506396537e-06 8.993041649433020936e-06 1.721295205161289018e-05 1.696071175184859408e-05 2.332828514032608206e-05 2.789218224376286965e-05
2.298097680683424127e+00 1.168733157473651339e-04 9.073018706681588866e-06 9.017428610702700725e-06 1.720842698553530980e-05 1.696025469246178249e-05 2.334417538288788524e-05 2.797250656651675675e-05
2.307323283576573125e+00 1.172242104855852478e-04 9.064192962641545357e-06 9.044368619811314364e-06 1.724756022686119129e-05 1.698907512391756725e-05 2.336145433880336419e-05 2.805435215377723472e-05
2.316548886469722124e+00 1.175808171437395233e-04 9.051105436319660351e-06 9.067421374680658341e-06 1.726111661004900563e-05 1.701935582998069540e-05 2.338010996903310294e-05 2.813774120034563892e-05
2.325774489362870678e+00 1.179418714491232457e-04 9.053872691251561985e-06 9.044899586875182799e-06 1.727310216411711381e-05 1.705072771166978062e-05 2.339994302072518555e-05 2.822243813033793334e-05
2.335000092256019677e+00 1.183078486225386727e-04 9.063676437657587365e-06 9.082668666126868522e-06 1.728587436249104186e-05 1.708328281527254260e-05 2.342100343720175432e-05 2.830852838085540007e-05
2.344225695149168676e+00 1.186800193408871635e-04 9.073072257930405609e-06 9.072827474323880950e-06 1.729734309943081803e-05 1.713151575276372109e-05 2.344262245514349633e-05 2.839564940404789943e-05
2.353451298042317230e+00 1.190525799441123032e-04 9.078337533648461809e-06 9.055133371427617761e-06 1.730205402932344621e-05 1.719713156492355200e-05 2.346634280685380811e-05 2.848443447271805024e-05
2.362676900935466229e+00 1.194314540802180494e-04 9.068776071574356540e-06 9.037666321823470189e-06 1.730507587327337370e-05 1.726426247579381510e-05 2.349056886595441730e-05 2.857424122477698458e-05
2.371902503828615227e+00 1.198138680976989628e-04 9.059665452387742342e-06 9.008707796305092524e-06 1.730892026677642939e-05 1.733187877932451041e-05 2.351564529966337577e-05 2.866509707194832312e-05
2.381128106721764226e+00 1.201999980665213893e-04 9.070761179394627076e-06 9.042689854626235688e-06 1.731363942797682349e-05 1.739998828119987818e-05 2.354162307727485776e-05 2.875706123644669544e-05
2.390353709614912781e+00 1.205896234045136193e-04 9.089894291462098544e-06 9.042315520625129150e-06 1.731924184284569133e-05 1.746853705161416110e-05 2.356847401592685398e-05 2.885010440813400403e-05
2.399579312508061779e+00 1.209825630983978810e-04 9.107882780139847125e-06 9.086707660373063815e-06 1.732556084972747376e-05 1.753755611550643313e-05 2.359606014323625280e-05 2.894412079048438492e-05
2.408804915401210778e+00 1.213785892149047747e-04 9.126499783819520839e-06 9.126344928672003439e-06 1.733263057503415356e-05 1.760697884523058563e-05 2.362436913110737018e-05 2.903909139658180836e-05
2.418030518294359332e+00 1.217775768635889842e-04 9.140463304667671880e-06 9.158354648136130980e-06 1.734041096043093476e-05 1.767679262560684376e-05 2.365335322209089798e-05 2.913497995537601059e-05
2.427256121187508331e+00 1.221795069558754556e-04 9.160991235596533657e-06 9.155440045314168691e-06 1.734895656900603653e-05 1.774696610265394728e-05 2.368304220606027156e-05 2.923181343724729354e-05
2.436481724080657330e+00 1.225842389767087194e-04 9.164766361971287767e-06 9.198173096472542004e-06 1.735811611659881788e-05 1.781753171627789578e-05 2.371331238382623930e-05 2.932949959456092825e-05
2.445707326973806328e+00 1.229915606297584665e-04 9.147296660903645902e-06 9.252070300968983827e-06 1.736791760351165934e-05 1.788842979988501550e-05 2.374415042358580022e-05 2.942801901269582663e-05
2.454932929866954883e+00 1.234013735977672040e-04 9.164666019362147434e-06 9.255819405152391761e-06 1.737834564779109172e-05 1.795964357963433680e-05 2.377553006337429194e-05 2.952735158276165997e-05
2.464158532760103881e+00 1.238134067529530580e-04 9.188711858278277673e-06 9.276101454611405733e-06 1.738932427822838028e-05 1.803114722279438437e-05 2.380736273845565740e-05 2.962741883691577180e-05
2.473384135653252880e+00 1.242277097124136768e-04 9.205986704708042125e-06 9.261747813516356680e-06 1.740090467525822544e-05 1.810350054202509084e-05 2.383968162028652629e-05 2.972825605491720251e-05
2.482609738546401434e+00 1.246442298742473037e-04 9.237966606511865920e-06 9.288334701056647933e-06 1.741233959303033403e-05 1.817620742007904761e-05 2.387244486203439443e-05 2.982983454122181514e-05
2.491835341439550433e+00 1.250628844407368782e-04 9.254850792327231181e-06 9.326476288926930118e-06 1.742395615413514193e-05 1.824917148660939851e-05 2.390563094979822247e-05 2.993213983979334746e-05
2.501060944332699432e+00 1.254833552886869166e-04 9.283716183678373960e-06 9.326816922653247458e-06 1.743608259831302314e-05 1.832233932862470654e-05 2.393917700678669888e-05 3.003510615658095502e-05
2.510286547225848430e+00 1.259059245028726619e-04 9.312698847905714070e-06 9.352192761580787098e-06 1.744864331561078339e-05 1.839579820923655754e-05 2.397306372732850425e-05 3.013874988800644219e-05
2.519512150118996985e+00 1.263300845720858440e-04 9.337301985262258606e-06 9.381079638541553792e-06 1.746173638021063452e-05 1.846939891728826980e-05 2.400728743926980324e-05 3.024303338484511520e-05
2.528737753012145983e+00 1.267561851333772740e-04 9.341519545669999154e-06 9.404686067490856754e-06 1.746986600387835436e-05 1.854326330186060892e-05 2.404181091614468100e-05 3.034796382730229757e-05
2.537963355905294982e+00 1.271835656286040455e-04 9.363210262896041157e-06 9.398228090704805219e-06 1.747957068359826441e-05 1.861723025155005977e-05 2.407658145963067933e-05 3.045345611646794711e-05
2.547188958798443537e+00 1.276129867934850705e-04 9.413373131507977087e-06 9.375432877322797259e-06 1.750587730566226935e-05 1.869148151544898810e-05 2.411164763866153094e-05 3.055961334201549894e-05
2.556414561691592535e+00 1.280436343006189942e-04 9.421580742095001047e-06 9.329442301642487212e-06 1.752560417137341824e-05 1.875895158096493019e-05 2.414690688827254936e-05 3.066630058167854633e-05
2.565640164584741534e+00 1.284750887549498879e-04 9.430092070786835973e-06 9.343542073143393397e-06 1.759639329891113792e-05 1.879083689424726326e-05 2.418224910236328219e-05 3.077341023820558683e-05
2.574865767477890532e+00 1.289092929273925967e-04 9.445070188433178854e-06 9.352864969212250509e-06 1.766826239253985967e-05 1.882339465861764113e-05 2.421807078415938127e-05 3.088139220940654497e-05
2.584091370371039087e+00 1.293440966608712156e-04 9.487734477912679104e-06 9.377657051046222767e-06 1.774168272840068801e-05 1.885629652649321679e-05 2.425387750744592455e-05 3.098972057574995846e-05
2.593316973264188086e+00 1.297800972267705198e-04 9.513134307638878477e-06 9.405310850419727428e-06 1.778013449050538453e-05 1.888968843548396862e-05 2.428985998641848727e-05 3.109858778996289470e-05
2.602542576157337084e+00 1.302174234315947089e-04 9.482243459829392453e-06 9.442756681398049921e-06 1.783159858967671278e-05 1.892350581313387184e-05 2.432595870364314653e-05 3.120796659219670559e-05
2.611768179050485639e+00 1.306561288299246104e-04 9.474870252625154990e-06 9.460096456318919044e-06 1.788300456688853880e-05 1.895779766389409885e-05 2.436222628970306217e-05 3.131790472681772648e-05
2.620993781943634637e+00 1.310955917728732080e-04 9.493191253750072603e-06 9.477934288567048111e-06 1.793279686291573104e-05 1.899247470051925997e-05 2.439852360882130552e-05 3.142825696793683594e-05
2.630219384836783636e+00 1.315362702034002587e-04 9.511491126696763063e-06 9.500380876124354815e-06 1.793870946483557037e-05 1.902754910393841792e-05 2.443489476666670080e-05 3.153909713463153941e-05
2.639444987729932635e+00 1.319779123107981962e-04 9.536379594321373792e-06 9.517859048778764272e-06 1.793196890934921155e-05 1.906307968553890562e-05 2.447138017606286181e-05 3.165043930532265262e-05
2.648670590623081189e+00 1.324205224476510416e-04 9.558105323322795737e-06 9.544105119846179415e-06 1.794360897816379562e-05 1.910084702880565969e-05 2.450786981105169049e-05 3.176221070281409504e-05
2.657896193516230188e+00 1.328641278016934703e-04 9.585667362585871890e-06 9.569153469089991624e-06 1.799140591370512526e-05 1.915767488371903867e-05 2.454442754011050684e-05 3.187446411077467343e-05
2.667121796409379186e+00 1.333085799039859473e-04 9.613325933625525236e-06 9.554722975868053117e-06 1.803917422724739695e-05 1.921487322977598702e-05 2.458098258401009931e-05 3.198714180110712874e-05
2.676347399302527741e+00 1.337539543851039509e-04 9.646180125612541061e-06 9.551257985371865980e-06 1.808702749185557156e-05 1.927245852079452200e-05 2.461758763168148557e-05 3.210029238823300423e-05
2.685573002195676739e+00 1.342001748086467340e-04 9.668557513133806212e-06 9.588440213080333917e-06 1.813480022988097555e-05 1.933040429930794652e-05 2.465415193803513591e-05 3.221384973648199542e-05
2.694798605088825738e+00 1.346471646843077220e-04 9.696966391011847689e-06 9.589662698611866806e-06 1.818256418172851246e-05 1.938870968108081312e-05 2.469068775323992010e-05 3.232782352048740274e-05
2.704024207981974737e+00 1.350950026781394552e-04 9.724621831824818794e-06 9.597838367951365152e-06 1.823041330886634569e-05 1.944738717341998465e-05 2.472724090185268796e-05 3.244225543213472517e-05
2.713249810875123291e+00 1.355433225031568158e-04 9.750616319823755514e-06 9.605573587652567729e-06 1.827825816728127122e-05 1.950638745705562873e-05 2.484300742427677545e-05 3.255705150245322870e-05
2.722475413768272290e+00 1.359926244093189092e-04 9.774588592007345993e-06 9.585626251505620019e-06 1.832604620497917417e-05 1.956575856474327985e-05 2.502752103672453775e-05 3.267228605415349694e-05
2.731701016661421288e+00 1.364423642865417608e-04 9.792093109418182825e-06 9.579300806724023098e-06 1.837353096632277061e-05 1.962544508369951318e-05 2.521337866464125940e-05 3.278787699694236219e-05
2.740926619554569843e+00 1.368929414856071979e-04 9.809629346212785268e-06 9.625638915582011195e-06 1.840796155810664513e-05 1.968549418746563351e-05 2.532455510548473477e-05 3.290391407201484974e-05
2.750152222447718842e+00 1.373440212749897909e-04 9.825343724515519898e-06 9.674666959009548591e-06 1.844261629807479965e-05 1.974585527318894931e-05 2.536784699696316989e-05 3.302029756906379641e-05
2.759377825340867840e+00 1.377956060058632660e-04 9.839590433905799367e-06 9.723523625661983135e-06 1.847766624534340619e-05 1.980654446892008357e-05 2.541157416138112302e-05 3.313708216618126655e-05
