9.225602893149067790e-04 1.397822340440280520e-03 7.383028303838416913e-05 8.446438298266752132e-05 1.491324321737273143e-04 1.853326095139268184e-04 2.463062224231547196e-04 3.148299214795178842e-04
1.014816318246397446e-02 1.427973409309802547e-03 7.504648207398104814e-05 8.495407537181354045e-05 1.512699123280573845e-04 1.872690222873322433e-04 2.517682132060193329e-04 3.140764874794545278e-04
1.937376607561304073e-02 1.459635904268995980e-03 7.693952905758944839e-05 8.607952303617098788e-05 1.538545709361238256e-04 1.891739553949477789e-04 2.579065682031859118e-04 3.163369683138656831e-04
2.859936896876210874e-02 1.492900431914409316e-03 7.804439220217805617e-05 8.680133993738733261e-05 1.569499682020690599e-04 1.922680383959120970e-04 2.648135846153726325e-04 3.141612996871824895e-04
3.782497186191117328e-02 1.528545761949962837e-03 7.989726416151362448e-05 8.709921688189415853e-05 1.599596680705284678e-04 1.921574555250877940e-04 2.719299496963388952e-04 3.120606607519525733e-04
4.705057475506025516e-02 1.566598711178745010e-03 8.144652221694199078e-05 8.867855811230313835e-05 1.630721414564860645e-04 1.945709347518126582e-04 2.794514882534849566e-04 3.098523702017646434e-04
5.627617764820931623e-02 1.607190683905041200e-03 8.344817878311642199e-05 8.948774361928232661e-05 1.666862808978788330e-04 1.972524465500566718e-04 2.875272519877564940e-04 3.073988921732796580e-04
6.550178054135838424e-02 1.652014584887111009e-03 8.297163076573265718e-05 9.119883505798067995e-05 1.694307757333659258e-04 2.025016208644825517e-04 2.947460496897404136e-04 3.077799860693414095e-04
7.472738343450743836e-02 1.699127792745064834e-03 8.419138924141054102e-05 9.323608112349790651e-05 1.745838537215128276e-04 2.075306545062541395e-04 3.033804170486623271e-04 3.166479646284805875e-04
8.395298632765652025e-02 1.750146798241434924e-03 8.592115684989231998e-05 9.740937147027740536e-05 1.789345000050613938e-04 2.131380059321003832e-04 3.122118967765034891e-04 3.265982374930475728e-04
9.317858922080557438e-02 1.804575574413715480e-03 8.761224152090845742e-05 9.867967147549733774e-05 1.839206979373560896e-04 2.176336119933382305e-04 3.221728854078359343e-04 3.347880214416402728e-04
1.024041921139546424e-01 1.863128922487016816e-03 8.867056657806625906e-05 1.016513949341250281e-04 1.865607356205524307e-04 2.239019339509633159e-04 3.330341402494681365e-04 3.333619728323681652e-04
1.116297950071036965e-01 1.925665742259921077e-03 9.204047925918728765e-05 1.040415819177568490e-04 1.900365204017847968e-04 2.284479673497249574e-04 3.455232335753039875e-04 3.309722919312408067e-04
1.208553979002527506e-01 1.993859247258947861e-03 9.336593186756118184e-05 1.073952401828847953e-04 1.972429778654720064e-04 2.366742786206511590e-04 3.586387840991689391e-04 3.357504842349363309e-04
1.300810007934018186e-01 2.068267867542943669e-03 9.683362209563992073e-05 1.116567576236065541e-04 2.046240916912718012e-04 2.438628763769411407e-04 3.725603512098056742e-04 3.457393454989936363e-04
1.393066036865509005e-01 2.149341450738999869e-03 9.916336420931438564e-05 1.148945097031654587e-04 2.125509878605018853e-04 2.516801256622542594e-04 3.877309978251607982e-04 3.566383156217677042e-04
1.485322065796999824e-01 2.237214734624605461e-03 1.027755436976136687e-04 1.172167958584913704e-04 2.222064171914957253e-04 2.588472930205943170e-04 4.050859565809862041e-04 3.677962585141797761e-04
1.577578094728490643e-01 2.333152935800251321e-03 1.067160934732566679e-04 1.202554917107715934e-04 2.349173763520773922e-04 2.639058842054983582e-04 4.245291219962784093e-04 3.796566285510748207e-04
1.669834123659981462e-01 2.440115334304391106e-03 1.092194780033294357e-04 1.270619766364998980e-04 2.470009790747963209e-04 2.726381676636832445e-04 4.445628037437416094e-04 3.941277369544867772e-04
1.762090152591472003e-01 2.557149798708322017e-03 1.133108986869162636e-04 1.318050824896401484e-04 2.599152630537184504e-04 2.814542735362778221e-04 4.678164701313108562e-04 3.931009760724836488e-04
1.854346181522962822e-01 2.687279980177469021e-03 1.191809207924691624e-04 1.379903639657578673e-04 2.729346610493852202e-04 2.947648083871526672e-04 4.933039814548428013e-04 3.915794729703286729e-04
1.946602210454453641e-01 2.835249969138558656e-03 1.229811538300666120e-04 1.486284369454629259e-04 2.842637414598599664e-04 3.050016801001364207e-04 5.186607828924962721e-04 4.115002928995192821e-04
2.038858239385944460e-01 2.998119678772078953e-03 1.289423627344561327e-04 1.566581090775213785e-04 3.051738651361460448e-04 3.222497222838682784e-04 5.497309979306981564e-04 4.384602378178395314e-04
2.131114268317435001e-01 3.180335223647325765e-03 1.359136474945268382e-04 1.631428107309040865e-04 3.289636150115961624e-04 3.348800292443791272e-04 5.856194341775171862e-04 4.680493110431126029e-04
2.223370297248925820e-01 3.387131915129356231e-03 1.435119197870015836e-04 1.711594036360960559e-04 3.499213882829557004e-04 3.552493445219411135e-04 6.254005585658519058e-04 5.025530506629345522e-04
2.315626326180416361e-01 3.622063111020793272e-03 1.539290552550437279e-04 1.829727093925234520e-04 3.713697597548804019e-04 3.745252743737955033e-04 6.709159156362068388e-04 5.418474016154598873e-04
2.407882355111907180e-01 3.890662748230999321e-03 1.685573700523825685e-04 1.975942227467756065e-04 3.958703372460908518e-04 3.982286693637094623e-04 7.232151405563366775e-04 5.869759176398005145e-04
2.500138384043397721e-01 4.197856508429088571e-03 1.876701604088546263e-04 2.116409071627961894e-04 4.342917361824967515e-04 4.272050337548942249e-04 7.858991119717925744e-04 6.290395840354199263e-04
2.592394412974888818e-01 4.556324839319301177e-03 2.063337644839279353e-04 2.333523165219996212e-04 4.886505525362808133e-04 4.675729680064417970e-04 8.569391967067708019e-04 6.767264435129974852e-04
2.684650441906379359e-01 4.975153293293504454e-03 2.271619539109389838e-04 2.528453176165639318e-04 5.388707427003589998e-04 5.072364761383027151e-04 9.412576375643745899e-04 7.317205395870364504e-04
2.776906470837869900e-01 5.465157648038005203e-03 2.577288232557548367e-04 2.733718587768513980e-04 6.074881869411064700e-04 5.503920597384297231e-04 1.046273230300743227e-03 8.088025402091664207e-04
2.869162499769360997e-01 6.054342720427090263e-03 2.942940933149404761e-04 3.027057086080571155e-04 6.872234430626567026e-04 6.165817110561720021e-04 1.168229592075800509e-03 9.069706729897724154e-04
2.961418528700851538e-01 6.763163579841337258e-03 3.384378555139891040e-04 3.259522261954894348e-04 7.848307629146440353e-04 6.800081533867591982e-04 1.319688400889753102e-03 1.023539420754402199e-03
3.053674557632342079e-01 7.636615927457183345e-03 3.852646293103362263e-04 3.680900180169227598e-04 8.892478772824646827e-04 7.763617416760701037e-04 1.574724646480535339e-03 1.172857697080936616e-03
3.145930586563833176e-01 8.725916356583311717e-03 4.462757715529251656e-04 4.142848931651937211e-04 1.087170346289145079e-03 8.764687736691773728e-04 1.961758374058550705e-03 1.362924363859579352e-03
3.238186615495323717e-01 1.009893436669837691e-02 5.393856408572178518e-04 4.832542344526454675e-04 1.316596472290449543e-03 1.031084494354664663e-03 2.481419656745122160e-03 1.599028598484958374e-03
3.330442644426814813e-01 1.187718062465848226e-02 6.518292022706199951e-04 5.805251112981739403e-04 1.617942603788573644e-03 1.182532498489928183e-03 3.183614884835041584e-03 1.909156675880341672e-03
3.422698673358305355e-01 1.424192771025242776e-02 7.973640502043164574e-04 7.113655985440617974e-04 1.995328113525179914e-03 1.436308344507952403e-03 4.154121646282028096e-03 2.298433307913960721e-03
3.514954702289795896e-01 1.746552765429603554e-02 1.029549033261790286e-03 8.873144281721923043e-04 2.514501604145354119e-03 1.756049120515194156e-03 5.552843485321399403e-03 2.723309233488614006e-03
3.607210731221286992e-01 2.200762040801115815e-02 1.397384596878582796e-03 1.123837370905687166e-03 3.192764612938030905e-03 2.213536155623415519e-03 7.648023639130370477e-03 3.293044843383944459e-03
3.699466760152777534e-01 2.876382851789539494e-02 1.937566464715826525e-03 1.506231330848498140e-03 4.428862135001324779e-03 2.893427999953589180e-03 1.082244677760317228e-02 4.703439767200313926e-03
3.791722789084268630e-01 3.929394610018878409e-02 2.806314181598532076e-03 2.091262908099626727e-03 6.396153176058155809e-03 4.183956658447396393e-03 1.583852169913724239e-02 6.452759032500920977e-03
3.883978818015759171e-01 5.671839433717984491e-02 4.589267522530540711e-03 3.073093198799316250e-03 9.731295622042321347e-03 6.400375116922665808e-03 2.377202348692875056e-02 9.458685548264657295e-03
3.976234846947249713e-01 8.770309811542045808e-02 7.701190312801184379e-03 4.946514964413964432e-03 1.573152413334664990e-02 1.071481524541267882e-02 3.437121789892243207e-02 1.518555103323325495e-02
4.068490875878740809e-01 1.437175922345866608e-01 1.301848857015791561e-02 8.394083753973741180e-03 2.403437437695371548e-02 1.770723271759278017e-02 4.312637678004174746e-02 2.622137131989439596e-02
4.160746904810231350e-01 2.246458295219349033e-01 1.697334746400178118e-02 1.276384010132475266e-02 3.444981405074615255e-02 2.796132088915767588e-02 8.177777997674384736e-02 4.272647771383766835e-02
4.253002933741722447e-01 2.473743146427876127e-01 1.458905053386957973e-02 1.328447662947365715e-02 3.358516508644374121e-02 3.453238533550487266e-02 6.680575047974476877e-02 7.335505145298948371e-02
4.345258962673212988e-01 1.690894643242554785e-01 1.191091479672476416e-02 1.188590508304968041e-02 2.761342600771707345e-02 2.993839367243561478e-02 4.494110612277296690e-02 4.994079450783844853e-02
4.437514991604703529e-01 9.755291677180208398e-02 7.143216544566718951e-03 6.944515355927535771e-03 1.777435393849188805e-02 1.613714801234572560e-02 2.711666588751558693e-02 2.239410246986980879e-02
4.529771020536194626e-01 5.791422583938906493e-02 4.113130106635984329e-03 3.597231300314980562e-03 1.037615392406481679e-02 8.463288252062023398e-03 1.592501706120063448e-02 1.141908608084402782e-02
4.622027049467684612e-01 3.683373096852865514e-02 2.628875821838093374e-03 2.151236923180317728e-03 6.480213179016376668e-03 4.793600973717566938e-03 1.014089900830511537e-02 7.069150012209538675e-03
4.714283078399175708e-01 2.493657553568683072e-02 1.781569504980855950e-03 1.395096746684781897e-03 4.176624643042487622e-03 3.012472536826741459e-03 7.148165441148178478e-03 4.714714456619806260e-03
4.806539107330666249e-01 1.772217663448542868e-02 1.314638841844843753e-03 9.251976078411446036e-04 3.085893071708627894e-03 2.054093161819023350e-03 5.290327829777473345e-03 3.308739266360284301e-03
4.898795136262157346e-01 1.312205458634657824e-02 9.906859503417859980e-04 6.636222693612078144e-04 2.419365131854476700e-03 1.489045332075467423e-03 4.101276833145805004e-03 2.450450301078266335e-03
4.991051165193647332e-01 1.002277637652624481e-02 7.748324315032910359e-04 5.032323887065037749e-04 1.938927409165435919e-03 1.137241397696884745e-03 3.261905386800096132e-03 1.877872651647089636e-03
5.083307194125139539e-01 7.847061050904231144e-03 6.299002702315429497e-04 3.900569686380505816e-04 1.577126615292327380e-03 9.036558667977192746e-04 2.654438488447844954e-03 1.475615788080466770e-03
5.175563223056629525e-01 6.276651300253711929e-03 5.107480324052660753e-04 3.086587401358526286e-04 1.323587167105082577e-03 7.342308164436381693e-04 2.201276918568808097e-03 1.190418190711990849e-03
5.267819251988120621e-01 5.104234734551290481e-03 4.268872910268570534e-04 2.417565227463445640e-04 1.092327926905092318e-03 6.045186463905808869e-04 1.942960701549692991e-03 9.746789387732558360e-04
5.360075280919610607e-01 4.216438916235010909e-03 3.539226670826291568e-04 2.039077247572140122e-04 9.450299176047794944e-04 5.076832073513323773e-04 1.720879430419276421e-03 8.151403755740486458e-04
5.452331309851101704e-01 3.525238736479269913e-03 3.004266381559550676e-04 1.724640856341891869e-04 8.202797752545690213e-04 4.291258128000744604e-04 1.535579117720378174e-03 6.890862849514003616e-04
5.544587338782591690e-01 2.981623008029748393e-03 2.568933920539212372e-04 1.451041664947321300e-04 7.363385153794695798e-04 3.687562514636932159e-04 1.376149473881199594e-03 5.913759803720208645e-04
5.636843367714083897e-01 2.546247273568042532e-03 2.222595682034619706e-04 1.266664928173109363e-04 6.345515073420513082e-04 3.186905732264857551e-04 1.239846161434372124e-03 5.129316985355634843e-04
5.729099396645573883e-01 2.191441829231418909e-03 1.958678987309774022e-04 1.103062972185086046e-04 5.596415222284423924e-04 2.722296035544053729e-04 1.124164420549316271e-03 4.474465649229888119e-04
5.821355425577064979e-01 1.901579377921345723e-03 1.708319273281155327e-04 9.675154336847972304e-05 4.939844209149333795e-04 2.410346366922926347e-04 1.022622233160678639e-03 3.934198177437491211e-04
5.913611454508554965e-01 1.659357082259241495e-03 1.515563622805614092e-04 8.436590721479383069e-05 4.442807987765672647e-04 2.133548291597658214e-04 9.360936268805822042e-04 3.465643977132800042e-04
6.005867483440046062e-01 1.457585003698975762e-03 1.356954113292865166e-04 7.421784844837265964e-05 3.991513739717658139e-04 1.936164507433573226e-04 8.593402809441315609e-04 3.080721349292641058e-04
6.098123512371537158e-01 1.287465584162649250e-03 1.209969837195072791e-04 6.617232925501081824e-05 3.602368308979304271e-04 1.769561380208844667e-04 7.916336172179938655e-04 2.754999732259520977e-04
6.190379541303028255e-01 1.144061070212039344e-03 1.098947217423765048e-04 6.086086031177042818e-05 3.253641218933487917e-04 1.609195598628783159e-04 7.305227055170381793e-04 2.518525122233247369e-04
6.282635570234518241e-01 1.019755028805988638e-03 9.927316368009788707e-05 5.460647904279177477e-05 2.966038430756701410e-04 1.477578137548433371e-04 6.778148052005682211e-04 2.280377870184196716e-04
6.374891599166009337e-01 9.135951514565611702e-04 9.033079318234490257e-05 5.037950667810401403e-05 2.705481932027684663e-04 1.360526112333921385e-04 6.298616054449988292e-04 2.075664192492384730e-04
6.467147628097499323e-01 8.223556524291841200e-04 8.208700570341875054e-05 4.691997451764233929e-05 2.469343059981216754e-04 1.260088289640972801e-04 5.861836007636338219e-04 1.902676685984265549e-04
6.559403657028991530e-01 7.426580679046781812e-04 7.505825162094123103e-05 4.366116326724094141e-05 2.263524107861010753e-04 1.163678228726562234e-04 5.471764793876896134e-04 1.750622726225868576e-04
6.651659685960481516e-01 6.730716292026346767e-04 6.817439582226662072e-05 4.052310375828982025e-05 2.079687507829702971e-04 1.076707217312670127e-04 5.118355330147964519e-04 1.649234719388402003e-04
6.743915714891972613e-01 6.117295663795958762e-04 6.236673777010488806e-05 3.753307135353481025e-05 1.918083022547863213e-04 9.823640049667708117e-05 4.800338331760005666e-04 1.554478608835474637e-04
6.836171743823462599e-01 5.574022970407804551e-04 5.816028712677084444e-05 3.436593863176276922e-05 1.775774595069106549e-04 9.083114465727800280e-05 4.513431424906415648e-04 1.465419536350426018e-04
6.928427772754953695e-01 5.091554141014230329e-04 5.446310839548771862e-05 3.163114799689746136e-05 1.649514201813303627e-04 8.295259580849131736e-05 4.253204914088624684e-04 1.382074362592270941e-04
7.020683801686443681e-01 4.667663778874617427e-04 5.063053136535912435e-05 2.921992730881435010e-05 1.530902706798868565e-04 7.671768416590423216e-05 4.010318140052614600e-04 1.310006899441126240e-04
7.112939830617935888e-01 4.289578767024095551e-04 4.721327044353930457e-05 2.718887268555520613e-05 1.423875783499361971e-04 7.191388819540074639e-05 3.787854557087518481e-04 1.242912515670932267e-04
7.205195859549425874e-01 3.955016557491292930e-04 4.377265575344554960e-05 2.540801019530232333e-05 1.355782013821715945e-04 6.699669193805106622e-05 3.579856185764338991e-04 1.183945177478169688e-04
7.297451888480916971e-01 3.654064446310994400e-04 4.119957209870246011e-05 2.408579106794083227e-05 1.297092017375261401e-04 6.248531513636566099e-05 3.389233800421430809e-04 1.127796864590762944e-04
7.389707917412406957e-01 3.384072760020047127e-04 3.915753240392677668e-05 2.263407273213411796e-05 1.238208437427350934e-04 5.881157483299991528e-05 3.212615448374487432e-04 1.075766219998918198e-04
7.481963946343899163e-01 3.138135327599800382e-04 3.698823994910030834e-05 2.076787629699572727e-05 1.179237671587279033e-04 5.572453542503048125e-05 3.051752454399732275e-04 1.017404715012975441e-04
7.574219975275389150e-01 2.917397636555520493e-04 3.491152791578269483e-05 1.917479249860499189e-05 1.112242079649844711e-04 5.238451118295348865e-05 2.901107643103655390e-04 9.546876714436260299e-05
7.666476004206880246e-01 2.719540161066245302e-04 3.264492399908191329e-05 1.778097417654841235e-05 1.048586714517953057e-04 5.027218501451512439e-05 2.759071262419362158e-04 8.982199919984750229e-05
7.758732033138370232e-01 2.540106287638740174e-04 3.087452973756811807e-05 1.707126752317547343e-05 9.900031566588147602e-05 4.713851870316782856e-05 2.626794119115647905e-04 8.454285043686974796e-05
7.850988062069861328e-01 2.376959601132632870e-04 2.936705625564375757e-05 1.603473399619653457e-05 9.337551469927094882e-05 4.477378200519872798e-05 2.503451504336532893e-04 7.958606054877016031e-05
7.943244091001351315e-01 2.230219151338111287e-04 2.752577172439486927e-05 1.522516351612290082e-05 8.776597781834941320e-05 4.333645757871511868e-05 2.386410989685282995e-04 7.510343301424753483e-05
8.035500119932843521e-01 2.095743452962521721e-04 2.585278962089924753e-05 1.416474142142563268e-05 8.379399940942471340e-05 4.110243806398612785e-05 2.277547803140764714e-04 7.080854650590994739e-05
8.127756148864333507e-01 1.973497077899385131e-04 2.467394735580744785e-05 1.321532940683656666e-05 7.944806868013463410e-05 3.906691098872833645e-05 2.174890756193851747e-04 6.817933245181119636e-05
8.220012177795824604e-01 1.863074682420110862e-04 2.329255228947910345e-05 1.259545640731649205e-05 7.525048988385211134e-05 3.796802198398831923e-05 2.077118203168183154e-04 6.615336966466934675e-05
8.312268206727314590e-01 1.760581981393350044e-04 2.243757104126387829e-05 1.176353156332637147e-05 7.167416079551468516e-05 3.651451973374675894e-05 1.986585564107200101e-04 6.404580991721897198e-05
8.404524235658805686e-01 1.670311965025720203e-04 2.130528333818966199e-05 1.131818118149560378e-05 6.923191413892287177e-05 3.535787389897872865e-05 1.897612603350380201e-04 6.237355414248704495e-05
8.496780264590296783e-01 1.585995112070040188e-04 2.020637185028121446e-05 1.083626951700272594e-05 6.705617603886758179e-05 3.413307490393496292e-05 1.815220124190171369e-04 6.058847665789809857e-05
8.589036293521787879e-01 1.511696158417224687e-04 1.894380177735753069e-05 1.058830357393230974e-05 6.467045926682274903e-05 3.324682527183460759e-05 1.734287406742450477e-04 5.916247910459985202e-05
8.681292322453277865e-01 1.442091079438616004e-04 1.777563309395826466e-05 1.012666108305960945e-05 6.256289437243806322e-05 3.237085903975472554e-05 1.659109300808423826e-04 5.762589135189559128e-05
8.773548351384768962e-01 1.378556939078210016e-04 1.687475081328995968e-05 9.794590484374024334e-06 6.050980566920359256e-05 3.149866819834045188e-05 1.587467140411875336e-04 5.616860878276968725e-05
8.865804380316258948e-01 1.319891169933517193e-04 1.597173504595955098e-05 9.422491198428047717e-06 5.857497125476713576e-05 3.070864232690251425e-05 1.519756135842662622e-04 5.471836259488898301e-05
8.958060409247751155e-01 1.266719391566398473e-04 1.522907238288686085e-05 9.178803605510408876e-06 5.666300142920488144e-05 2.998029292760663080e-05 1.454625435483931548e-04 5.338168346374533887e-05
9.050316438179241141e-01 1.217539920280028058e-04 1.454258954598090564e-05 8.746188565966810319e-06 5.520236450636595890e-05 2.911366166612388629e-05 1.392963218023867290e-04 5.177255154806243527e-05
9.142572467110732237e-01 1.173415604862267802e-04 1.373726524796108127e-05 8.469320515868094786e-06 5.402357054985950844e-05 2.824413008365465937e-05 1.333103709921450272e-04 5.012414847528897190e-05
9.234828496042222223e-01 1.132221471104618139e-04 1.322891674140964815e-05 8.149834140910863713e-06 5.255112974632397400e-05 2.758315164573805058e-05 1.276643044366629343e-04 4.848245658282639820e-05
9.327084524973712210e-01 1.094494439957064270e-04 1.256595896632373437e-05 7.995280184195608319e-06 5.278541977174580927e-05 2.652060993778704160e-05 1.222596830341446752e-04 4.692311841479629040e-05
9.419340553905202196e-01 1.061530884790044761e-04 1.198406477037301050e-05 7.915829787792359761e-06 5.227277832006924627e-05 2.534957892685478281e-05 1.169194399225071106e-04 4.559990523034291617e-05
9.511596582836694402e-01 1.030294204206485094e-04 1.123797005470214777e-05 7.810703840986044587e-06 5.168692692184442101e-05 2.500459649496519028e-05 1.119094834958343814e-04 4.422757963970601320e-05
9.603852611768185499e-01 1.001935204824714205e-04 1.084534788382627418e-05 7.520181688389155814e-06 5.109676005443890138e-05 2.482992528848500800e-05 1.070786979817151978e-04 4.293800017766703894e-05
9.696108640699675485e-01 9.767384793849986284e-05 1.037582332618328009e-05 7.404221264980390062e-06 5.047911805555625926e-05 2.398791594448789833e-05 1.023639755951359496e-04 4.177645394002849836e-05
9.788364669631165471e-01 9.541443197327376590e-05 9.906763403075559654e-06 7.264750711393646622e-06 4.982849509337463397e-05 2.363267380015596306e-05 9.779515308790324274e-05 4.069974779823812478e-05
9.880620698562656568e-01 9.329814116406249516e-05 9.640359180811865626e-06 7.031177244037502120e-06 4.859761745434638264e-05 2.300158649002702717e-05 9.345758578908715578e-05 3.960529288335505144e-05
9.972876727494148774e-01 9.141471724571318281e-05 9.246879732905039558e-06 6.894586248249644439e-06 4.787540184046098308e-05 2.254647456678541585e-05 8.923854538346804362e-05 3.859315388075254945e-05
1.006513275642563876e+00 8.977202055716811688e-05 8.670182391887695382e-06 6.747503357152964394e-06 4.832133173285962035e-05 2.209544870509778762e-05 8.582903731994441098e-05 3.768283324506721256e-05
1.015738878535712875e+00 8.829761889645471322e-05 8.396569721051076046e-06 6.742158536289630157e-06 4.764070891377631236e-05 2.181288770908735046e-05 8.668824036117225742e-05 3.680985553312908113e-05
1.024964481428862095e+00 8.693772396817686893e-05 8.287755074838114495e-06 6.704571959508816683e-06 4.636973282895400319e-05 2.166941702116247385e-05 8.765326762759039999e-05 3.592990631864148847e-05
1.034190084322011094e+00 8.571259853779362330e-05 8.188743584706324437e-06 6.407568397453176912e-06 4.581677330474693438e-05 2.122680750312469977e-05 8.869714002060792297e-05 3.507021723481818187e-05
1.043415687215160093e+00 8.464887821736866635e-05 7.747496257582952022e-06 6.372226367496469927e-06 4.565022907870988416e-05 2.078947860858812555e-05 8.978577944640452296e-05 3.426439976345546168e-05
1.052641290108309091e+00 8.372972659075996805e-05 7.645309141124522639e-06 6.348390042188828365e-06 4.390007634936493705e-05 2.034673951774430779e-05 9.232480924869406261e-05 3.350140747204213393e-05
1.061866893001458312e+00 8.291180973018868160e-05 7.684597702074428367e-06 6.247502775089407200e-06 4.421613529162964984e-05 1.986054806719482078e-05 9.513849421183978323e-05 3.329210939056887462e-05
1.071092495894607532e+00 8.230093347541768596e-05 7.737935882221462264e-06 6.330935307580708941e-06 4.164248845756091685e-05 2.045133887302901432e-05 9.799152780756420608e-05 3.343940955197576416e-05
1.080318098787756531e+00 8.190451961940693076e-05 7.715274744247036659e-06 6.451603553904320179e-06 4.087165181285818630e-05 2.136383699088627942e-05 1.008780104276343881e-04 3.303164416914107954e-05
1.089543701680905530e+00 8.156451531770794608e-05 7.563056222509106051e-06 6.461876416089960742e-06 4.012768501536754021e-05 2.106874491612770574e-05 1.039587119501684663e-04 3.238942727565214020e-05
1.098769304574054528e+00 8.135228205917258441e-05 7.357489577173198817e-06 6.490959287894034380e-06 4.026485624493226286e-05 2.048863956785101556e-05 1.071642563893677639e-04 3.178607166230287904e-05
1.107994907467203749e+00 8.123330368896305542e-05 7.498098961707415008e-06 6.482897495911678636e-06 3.901273037004743965e-05 2.093657813784046188e-05 1.105346166554651037e-04 3.220002071651403147e-05
1.117220510360352748e+00 8.126989939692834983e-05 7.582235740284589158e-06 6.462747082897031059e-06 3.859932894681814962e-05 2.069436990094172032e-05 1.140125548208199347e-04 3.218834808782336710e-05
1.126446113253501746e+00 8.138631095550690473e-05 7.661364762433860338e-06 6.345523552151306713e-06 3.776282677873904036e-05 2.019937437300227195e-05 1.176812515628656723e-04 3.261056218161932581e-05
1.135671716146650967e+00 8.171723297613675877e-05 7.763523150788490890e-06 6.264864679557887481e-06 3.647355505104452912e-05 2.101675354283044585e-05 1.214135074561349583e-04 3.314239034928743484e-05
1.144897319039799966e+00 8.202316144695728133e-05 8.090359644581692476e-06 6.187643158838144943e-06 3.769515903556397158e-05 2.171321532597590850e-05 1.254599371934420667e-04 3.356727530234179476e-05
1.154122921932948964e+00 8.261291551786938874e-05 8.297618743181208183e-06 6.372164039030662856e-06 3.894787461310668841e-05 2.187634738061214860e-05 1.295221214723208877e-04 3.419549713036789117e-05
1.163348524826097963e+00 8.323480048276329566e-05 8.427715889504136374e-06 6.464200554040386510e-06 3.975277886081547750e-05 2.228330390172381022e-05 1.338646251639496109e-04 3.477534631604443666e-05
1.172574127719247183e+00 8.401346604388100080e-05 8.232190368649621262e-06 6.574100213916885330e-06 4.035342019719238751e-05 2.224624015847034375e-05 1.383779813935841218e-04 3.543012701734713854e-05
1.181799730612396404e+00 8.494000301724080485e-05 8.449011153317012275e-06 6.727724586542057901e-06 4.129816228589756682e-05 2.223328074963431731e-05 1.430867141449859367e-04 3.615065425462699457e-05
1.191025333505545403e+00 8.599301291906287503e-05 8.466537118221654471e-06 6.889081733772806971e-06 4.190238336498512206e-05 2.274600003767251750e-05 1.480311100444478307e-04 3.691294141496084699e-05
1.200250936398694401e+00 8.708092710556588787e-05 8.726751586873748748e-06 6.894253546804027439e-06 4.318643329358922995e-05 2.333665670015964597e-05 1.533231399934458948e-04 3.762274365390896002e-05
1.209476539291843622e+00 8.842865449270196558e-05 8.645662113652096119e-06 6.890779853774436112e-06 4.455536754030661652e-05 2.409093216705449167e-05 1.587611378572082539e-04 3.850066785031168838e-05
1.218702142184992621e+00 8.991842719329113309e-05 8.735508728774469276e-06 7.164773672513045943e-06 4.649673641828091218e-05 2.503485043642358508e-05 1.644888609491485226e-04 3.953905228401898106e-05
1.227927745078141619e+00 9.159504945476640617e-05 9.047625081807857909e-06 7.283959941260329126e-06 4.854499950086404699e-05 2.593919183167395562e-05 1.704894216019206793e-04 4.134479874011086581e-05
1.237153347971290618e+00 9.339348483011631263e-05 9.257897702087954464e-06 7.515208876459570503e-06 5.077852557289452536e-05 2.654854527003810982e-05 1.768600692117598965e-04 4.290854887132100940e-05
1.246378950864439838e+00 9.540628934915295570e-05 9.740035510215033060e-06 7.728817603889435442e-06 5.313274833111238733e-05 2.681358754756854297e-05 1.835431207595504587e-04 4.411049241417778837e-05
1.255604553757589059e+00 9.777933275315119164e-05 1.000703633143891621e-05 8.037736307549576812e-06 5.548318239460755261e-05 2.689744752762678352e-05 1.904324503342477931e-04 4.554511564210958843e-05
1.264830156650738058e+00 1.002721450858357522e-04 1.076000669694769608e-05 8.363279991771373407e-06 5.810613048442213845e-05 2.685195574984435636e-05 1.978117142483816243e-04 4.695733874575812626e-05
1.274055759543887056e+00 1.030436156705748880e-04 1.137030162716296520e-05 8.627878812062276213e-06 6.017437726980604993e-05 2.821160637523086154e-05 2.055703985685260822e-04 4.849214647736875685e-05
1.283281362437036055e+00 1.060536734570496171e-04 1.202863396696623175e-05 8.690241565037951457e-06 6.256801851554740011e-05 3.144543439051073895e-05 2.138026642731762571e-04 5.009035251884954334e-05
1.292506965330185276e+00 1.094902733640557946e-04 1.241151081916611423e-05 8.846560984213810660e-06 6.473413175317962206e-05 3.321212042928691074e-05 2.223799554450551922e-04 5.191721196112875449e-05
1.301732568223334052e+00 1.134006401478134657e-04 1.286751153488439447e-05 9.148578522493922460e-06 6.784057151503600810e-05 3.591376244099345790e-05 2.313216157651524260e-04 5.399231449769776215e-05
1.310958171116483273e+00 1.177653796086581959e-04 1.403250051036065928e-05 9.561952888688837987e-06 7.091125779482022591e-05 3.829028802982668855e-05 2.407209930160930048e-04 5.626260941559700385e-05
1.320183774009632494e+00 1.225430086574865883e-04 1.457705638249846207e-05 9.928081887908648574e-06 7.438667797218833418e-05 4.380050769530794796e-05 2.507011394908072893e-04 5.864627603552941589e-05
1.329409376902781492e+00 1.280021943976247323e-04 1.577654842566786797e-05 1.053020703482047623e-05 7.572105694346660011e-05 4.876274149287413210e-05 2.610846179544333069e-04 6.253943810035250987e-05
1.338634979795930713e+00 1.340911926756410406e-04 1.701373214202234999e-05 1.113112114468892458e-05 8.025428716721815393e-05 5.493968722242269633e-05 2.720244055773306680e-04 6.751183710003442931e-05
1.347860582689079489e+00 1.410014507758988950e-04 1.800635920538783629e-05 1.183933153808824912e-05 8.427539194484276724e-05 5.777077604151589036e-05 2.778053769238175708e-04 7.533652380693818431e-05
1.357086185582228710e+00 1.487943574052935647e-04 1.922630446440568150e-05 1.241420072958809590e-05 9.055472179111758477e-05 6.047372792410768427e-05 2.719389083052926306e-04 8.301831071706019182e-05
1.366311788475377931e+00 1.576872380921594285e-04 2.104409609088973170e-05 1.321580523903792569e-05 9.654346942521835600e-05 6.662912483340923655e-05 2.662154740467461778e-04 9.258414967980731940e-05
1.375537391368526707e+00 1.679327254767363879e-04 2.290716100406982032e-05 1.409833185839220624e-05 1.046248467235334030e-04 7.254674395005255574e-05 2.606281747968916410e-04 1.013907593963168967e-04
1.384762994261675928e+00 1.795455380585013754e-04 2.458588955618311853e-05 1.500606113130872649e-05 1.136318850876637471e-04 7.948777838621096201e-05 2.554315249287042108e-04 1.138336621159033706e-04
1.393988597154824927e+00 1.931782207965223545e-04 2.609913119169658029e-05 1.634294983192001232e-05 1.232737001633235564e-04 8.445771096614813130e-05 2.503209113265969792e-04 1.282715294362668328e-04
1.403214200047974147e+00 2.094433389785926121e-04 2.874853018882208861e-05 1.804560607107487196e-05 1.340840554056144758e-04 9.133945296431265199e-05 2.451313451860146950e-04 1.453184884059272671e-04
1.412439802941123368e+00 2.285359265339199876e-04 3.254018244712886688e-05 1.974383970936241799e-05 1.467872448339033707e-04 9.960910645802063638e-05 2.586549485626091368e-04 1.651701096442580478e-04
1.421665405834272145e+00 2.512903589762295891e-04 3.742672963423520922e-05 2.161675992972832052e-05 1.594269821603156974e-04 1.091913901113502250e-04 2.611237359887148379e-04 1.886617819720026550e-04
1.430891008727421365e+00 2.785939106202029347e-04 4.167542380739555977e-05 2.405187740032739118e-05 1.742443441896493776e-04 1.219385915783653522e-04 2.769319438727361094e-04 2.166810228201499118e-04
1.440116611620570364e+00 3.118897743366089203e-04 4.729629140614352144e-05 2.654778258015240248e-05 1.924489120190798434e-04 1.335258814443956695e-04 2.966823280683278646e-04 2.506718245112702931e-04
1.449342214513719362e+00 3.536362608094260310e-04 5.206908775637716274e-05 2.988188385548711141e-05 2.185503391063005753e-04 1.498059768152194024e-04 3.276293614982630901e-04 2.930928498388797750e-04
1.458567817406868583e+00 4.065612663275326721e-04 6.118071836115190204e-05 3.454009158020029642e-05 2.369761675243235851e-04 1.696458951191073415e-04 3.668188417051586802e-04 3.466726319640664358e-04
1.467793420300017582e+00 4.740724966049330354e-04 6.968938273958845235e-05 4.144337815846976456e-05 2.718650317668164316e-04 1.938316157298535457e-04 4.009592310292306797e-04 4.148190054913114262e-04
1.477019023193166802e+00 5.633173027326933251e-04 8.345026736038588765e-05 5.096718138260019834e-05 3.121996061479186254e-04 2.328673717955906169e-04 4.677785213745985163e-04 5.046797491175413928e-04
1.486244626086316023e+00 6.817739704407224568e-04 9.908356307893376701e-05 6.080025037499890532e-05 3.678433231548219884e-04 2.772075336021368320e-04 5.558122946743204642e-04 6.237333358017900335e-04
1.495470228979464800e+00 8.449694344468785309e-04 1.224611215387836271e-04 7.403824987828300751e-05 4.453754135057825907e-04 3.333286181517280782e-04 6.465607052212995597e-04 7.875069083371002976e-04
1.504695831872614020e+00 1.076824683102287940e-03 1.528400484824470138e-04 9.624773016846284446e-05 5.682762050238491808e-04 4.117720770322755514e-04 7.498210584066130040e-04 1.019921924690994804e-03
1.513921434765763019e+00 1.412248708869600017e-03 2.010025965821515565e-04 1.336979499905500968e-04 7.285922321659560764e-04 5.649214395392432395e-04 9.599524970513903088e-04 1.355887655830399384e-03
1.523147037658912017e+00 1.909783620099950955e-03 2.689290453872965683e-04 1.868268126093198568e-04 9.059055364086074542e-04 7.901618901541083550e-04 1.318960984855425175e-03 1.853946373001225155e-03
1.532372640552061016e+00 2.644799080926116264e-03 3.368266194530246047e-04 2.780286971678599429e-04 1.150820093886332184e-03 1.112304595924752627e-03 1.800073384268744553e-03 2.589468093903133251e-03
1.541598243445210237e+00 3.647035275017894602e-03 4.494569163089913444e-04 4.053573486355382602e-04 1.526789290782405717e-03 1.621936364745546737e-03 2.444438721782475968e-03 3.592193310662841841e-03
1.550823846338359457e+00 4.676777927500475746e-03 5.717344625027652102e-04 6.364894371066005460e-04 1.967731710582266112e-03 2.251680376202582802e-03 3.097989757904432567e-03 4.622408034199989788e-03
1.560049449231508456e+00 5.058586940425251893e-03 6.428751773531965821e-04 7.507041624897061935e-04 2.281565880295455609e-03 2.705344902606002678e-03 3.672061478115631189e-03 5.004672552824844869e-03
1.569275052124657455e+00 4.402593273866320031e-03 6.152363210283678593e-04 6.059321210784272306e-04 2.031590818307831003e-03 2.450117009540911817e-03 2.800999212243775703e-03 4.349118612635997395e-03
1.578500655017806453e+00 3.320474564701342453e-03 4.293997329443081240e-04 3.913139804947222099e-04 1.316684257289862416e-03 1.816537461108767935e-03 1.992830126297254895e-03 3.267423437722559356e-03
1.587726257910955674e+00 2.394791050885691774e-03 2.881856780106834513e-04 2.440694156304813907e-04 8.385101782255621229e-04 1.297494230238970848e-03 1.341267464373553653e-03 2.342148281730088537e-03
1.596951860804104451e+00 1.738348639126966215e-03 1.969393112634322714e-04 1.774523054546225682e-04 5.940184942616587045e-04 8.980136277628736081e-04 9.828515527026732059e-04 1.686099010662018075e-03
1.606177463697253671e+00 1.301328985055553869e-03 1.417007652243598183e-04 1.435899630126918989e-04 3.935254993125704946e-04 6.593529179678725991e-04 7.046798777338720687e-04 1.249457897134616420e-03
1.615403066590402892e+00 1.004582721102581684e-03 1.079103683932476718e-04 1.143632966369907168e-04 2.974307767668517982e-04 5.284524597878383382e-04 5.702957501787456890e-04 9.530760011629441650e-04
1.624628669483551890e+00 7.970908674811522055e-04 8.570415021382968811e-05 9.467121264885311818e-05 2.296104969576169769e-04 4.133592979197327449e-04 4.715254429422979484e-04 7.459348022601511785e-04
1.633854272376701111e+00 6.497515320478626424e-04 6.698587251637705669e-05 7.990072144346306582e-05 2.067081445559587833e-04 3.385476697042844019e-04 4.025809602514597661e-04 5.989325470513890423e-04
1.643079875269850110e+00 5.419594555533841385e-04 5.697671233424706719e-05 6.980898904505443989e-05 1.708624954643065503e-04 2.746231522215714918e-04 3.439094677887915251e-04 4.914645441907782106e-04
1.652305478162999108e+00 4.610002565661062350e-04 4.900613605952013454e-05 6.073159237424949125e-05 1.549850535729637812e-04 2.280303427779177550e-04 2.959654870233366744e-04 4.108166878807037784e-04
1.661531081056148329e+00 3.995079613414618484e-04 4.011989934999689962e-05 5.339199962680132860e-05 1.410077105543147821e-04 2.016996809059202784e-04 2.580694058391507905e-04 3.496207559751114799e-04
1.670756683949297106e+00 3.517655397841799501e-04 3.370835825646043699e-05 4.915904561307826411e-05 1.317156365025727300e-04 1.804442784729555331e-04 2.428141604941259067e-04 3.021684267456166114e-04
1.679982286842446326e+00 3.129921841264692809e-04 2.981981179806376904e-05 4.443085826575868128e-05 1.251104410330343116e-04 1.575053677568033939e-04 2.251782381907849444e-04 2.636708895631225736e-04
1.689207889735595547e+00 2.824601680467078994e-04 2.664620648600626038e-05 4.100679433592657741e-05 1.197015419654648546e-04 1.421452663730947939e-04 2.078512382439656248e-04 2.334034616575962401e-04
1.698433492628744546e+00 2.568336680033098248e-04 2.339925767825710642e-05 3.733822548760183050e-05 1.092527768535416226e-04 1.318677905710515517e-04 2.026790115950855031e-04 2.080307651830259354e-04
1.707659095521893766e+00 2.356123541993062850e-04 2.155368263295087293e-05 3.488475702903098786e-05 1.041674476031568034e-04 1.221538789195072505e-04 1.979312409617535202e-04 1.870528607853808782e-04
1.716884698415042543e+00 2.181187782303508228e-04 2.020167984489770860e-05 3.306119952692208484e-05 9.975213390716345047e-05 1.117201790154222040e-04 1.933017249602491110e-04 1.697925649632400259e-04
1.726110301308191763e+00 2.033922713282316315e-04 1.889151546756909325e-05 3.156474060796816625e-05 9.609068367870176935e-05 1.022050760462748424e-04 1.869560584575901178e-04 1.552895624120577043e-04
1.735335904201340984e+00 1.905959625462620157e-04 1.892305756468298209e-05 2.993193376464483831e-05 9.336792394021544892e-05 9.405631365150858298e-05 1.785685895484577566e-04 1.427073390930491323e-04
1.744561507094489761e+00 1.797543421604247903e-04 1.826079279739102742e-05 2.845806997618213394e-05 9.102490945954536681e-05 8.733621414618889195e-05 1.710147005771752511e-04 1.320705893137721259e-04
1.753787109987638981e+00 1.708274214452762158e-04 1.761215972171566451e-05 2.732186396049338887e-05 9.010943807981737714e-05 8.095159810486110726e-05 1.638679456714820892e-04 1.233396514667045628e-04
1.763012712880787980e+00 1.628426492806120331e-04 1.743345053071819494e-05 2.612091920659658189e-05 8.738466197820383627e-05 7.495662306069776723e-05 1.601459294958368991e-04 1.155424583356569839e-04
1.772238315773937201e+00 1.563024362663185170e-04 1.694695279912935898e-05 2.540242177422475647e-05 8.564508078930579819e-05 7.042827989325249312e-05 1.614847768259154845e-04 1.091813640254026734e-04
1.781463918667086421e+00 1.502221374213125963e-04 1.659219679308869435e-05 2.410818840451936897e-05 8.429431542020539270e-05 6.521191588245753127e-05 1.580719664951557427e-04 1.032721923186764699e-04
1.790689521560235198e+00 1.449265285466787019e-04 1.618224644338881000e-05 2.334400324173841943e-05 8.300009986853619558e-05 6.172650635712068718e-05 1.531166861633750768e-04 9.813995994200827837e-05
1.799915124453384419e+00 1.403027588282911638e-04 1.626414569411822018e-05 2.261372154507765569e-05 8.170510647485327150e-05 5.846536954966542201e-05 1.485984069949676512e-04 9.367201066160302301e-05
1.809140727346533417e+00 1.356863355597028693e-04 1.689416808689752757e-05 2.157481674226158458e-05 8.100048562152356124e-05 5.479833384403478647e-05 1.450421028219076025e-04 8.920428123197426755e-05
1.818366330239682416e+00 1.320233256499467257e-04 1.660659053350500001e-05 2.070894425384001397e-05 7.916723496100550907e-05 5.246562556820961272e-05 1.433589635403707601e-04 8.568259536580167287e-05
1.827591933132831414e+00 1.286543192115179686e-04 1.679906452732135200e-05 2.017455609121727750e-05 7.826090142216529091e-05 4.983868901189653468e-05 1.423595433103798098e-04 8.244832558445697190e-05
1.836817536025980635e+00 1.254965920541078128e-04 1.694085573928291190e-05 1.933375083041812936e-05 7.756395184686809162e-05 4.725270979877453973e-05 1.416045685111264757e-04 7.941870902912723067e-05
1.846043138919129634e+00 1.229283196431046139e-04 1.704545033863209130e-05 1.909609461512715622e-05 7.664961627708123735e-05 4.528322560904849900e-05 1.406668357647465650e-04 7.697201085667339682e-05
1.855268741812278410e+00 1.205982830810798984e-04 1.715228502434455434e-05 1.877900680226512217e-05 7.615111662856655561e-05 4.343832478100996075e-05 1.398550573872970714e-04 7.475730238161660190e-05
1.864494344705427187e+00 1.185649773634160956e-04 1.721926029950892928e-05 1.824435372895125108e-05 7.588378394554710091e-05 4.152715540801243813e-05 1.390742699011208116e-04 7.283334769051416874e-05
1.873719947598576185e+00 1.168140568543186400e-04 1.721662466853469183e-05 1.751615107658377858e-05 7.758090300061078128e-05 4.038749288554140007e-05 1.383064707300580014e-04 7.118608777460050071e-05
1.882945550491724962e+00 1.153323327659292591e-04 1.712111541669360509e-05 1.705236837280445391e-05 7.913238383754341520e-05 3.991667536962425491e-05 1.375375169050735891e-04 6.980229818640095233e-05
1.892171153384873961e+00 1.138655735728096854e-04 1.713055595264358858e-05 1.685526568107428196e-05 7.902938886851555928e-05 3.867596878505229338e-05 1.369966209504214130e-04 6.842811887886382765e-05
1.901396756278022737e+00 1.126327264957285271e-04 1.706161832083495406e-05 1.676619748423239901e-05 7.847152173865828669e-05 3.706341456663891909e-05 1.364433878241900068e-04 6.728220805433409346e-05
1.910622359171171736e+00 1.115138120633037822e-04 1.698093348727291692e-05 1.657817143386263272e-05 7.781121758007821280e-05 3.610642409510907017e-05 1.359791365330639281e-04 6.624536904581041787e-05
1.919847962064320512e+00 1.105759473812000101e-04 1.693393226814756281e-05 1.626193079295418600e-05 7.751293356437989395e-05 3.590977673638256747e-05 1.352437918056812220e-04 6.538444411735932593e-05
1.929073564957469289e+00 1.097248759394268492e-04 1.697542101482978939e-05 1.612160892947726626e-05 7.730543578402394433e-05 3.554905348763776182e-05 1.334666603064425794e-04 6.460552258865557239e-05
1.938299167850618288e+00 1.092106396627258566e-04 1.676313323876614568e-05 1.601611260716934767e-05 7.684284341760616219e-05 3.575966408346907695e-05 1.315004410585213007e-04 6.415871940446598925e-05
1.947524770743767064e+00 1.085683173872195552e-04 1.671107128102986244e-05 1.590625200753974775e-05 7.665609245006491644e-05 3.536453204298368048e-05 1.297993530308955276e-04 6.357897793579298028e-05
1.956750373636916063e+00 1.079272110371876829e-04 1.674130628731757865e-05 1.583741172436719635e-05 7.658619811144515136e-05 3.465290381569037319e-05 1.282212789321972497e-04 6.299623198150613936e-05
1.965975976530064839e+00 1.074125407963394125e-04 1.673679923459202518e-05 1.564675446567264088e-05 7.676751168282256940e-05 3.395771788704551820e-05 1.280423192079504959e-04 6.253562323598808284e-05
1.975201579423213616e+00 1.069814632554041143e-04 1.678374714526479706e-05 1.551193914576658736e-05 7.920190386406528865e-05 3.412882146703429735e-05 1.287866233853319717e-04 6.215439040607034782e-05
1.984427182316362615e+00 1.066299515471011081e-04 1.668722711423809924e-05 1.540913374766234684e-05 7.924471767202043312e-05 3.454566558765657935e-05 1.295269747471819563e-04 6.184869480011876016e-05
1.993652785209511391e+00 1.062856507418577685e-04 1.687145934417368163e-05 1.525894065754585611e-05 7.830052319909963751e-05 3.413239964592088048e-05 1.303306140803156034e-04 6.154619388089123725e-05
2.002878388102660168e+00 1.059177959413528888e-04 1.699560627341475450e-05 1.501826498987293755e-05 7.748594103761891690e-05 3.336082703823976456e-05 1.312218425636398934e-04 6.121634688085496388e-05
2.012103990995809166e+00 1.056223819994605190e-04 1.707866739474586052e-05 1.486021675023541208e-05 7.690687412530788859e-05 3.237792884274018129e-05 1.321023003191462231e-04 6.095513993188966529e-05
2.021329593888958165e+00 1.054372908285898893e-04 1.703194699570329722e-05 1.463390460640479171e-05 7.708580863280184350e-05 3.213892604718188595e-05 1.319135029144084912e-04 6.080073753191565398e-05
2.030555196782107164e+00 1.055136059517448128e-04 1.682334846147282297e-05 1.480508584554419255e-05 7.707984625812488067e-05 3.195167632036808312e-05 1.310510651321315160e-04 6.090402515124728052e-05
2.039780799675255718e+00 1.055017451616056291e-04 1.680499043023883730e-05 1.478772862045522256e-05 7.716503436794671820e-05 3.146606549076008598e-05 1.303598419385274714e-04 6.091575360069592042e-05
2.049006402568404717e+00 1.055382871395961356e-04 1.683228407375802409e-05 1.493278679973292201e-05 7.684355031601996329e-05 3.144394666697895521e-05 1.296964719331823658e-04 6.097272621850729807e-05
2.058232005461553715e+00 1.055088979370539561e-04 1.691178143542126856e-05 1.490711166121067130e-05 7.665004664372424914e-05 3.146095730597991676e-05 1.307236753502190416e-04 6.096028276418673892e-05
2.067457608354702270e+00 1.056488289164550092e-04 1.679534673904428731e-05 1.495925664505734184e-05 7.633830565834222391e-05 3.139165581888869521e-05 1.317268603484684987e-04 6.111411331300481051e-05
2.076683211247851268e+00 1.058674981390327302e-04 1.659229581467110484e-05 1.515022630986500175e-05 7.604036097927461277e-05 3.134145528680482224e-05 1.326865322006092894e-04 6.134368732593504375e-05
2.085908814141000267e+00 1.058311173232727979e-04 1.693554660209941134e-05 1.502668557852968490e-05 7.645883064028075233e-05 3.131813018093981338e-05 1.339336165131854803e-04 6.131503269484037035e-05
2.095134417034148822e+00 1.061134626075874556e-04 1.686629837935617305e-05 1.512546607712891920e-05 7.661225755708323632e-05 3.159599096813925118e-05 1.348939518971513233e-04 6.160226304223561419e-05
2.104360019927297820e+00 1.062559103522946918e-04 1.696425676257973985e-05 1.529137303938304774e-05 7.695636217959896065e-05 3.170865939683389023e-05 1.358798843262508090e-04 6.174675582005059076e-05
2.113585622820446819e+00 1.063737160939716290e-04 1.700675992499992690e-05 1.536102433535396728e-05 7.720933528594157405e-05 3.171197477509098942e-05 1.363200829550742835e-04 6.186390592183114989e-05
2.122811225713595817e+00 1.066197918536165081e-04 1.691957872203659295e-05 1.554171003578015025e-05 7.714891673454267538e-05 3.169626395722505803e-05 1.366790244467424925e-04 6.210657409489687020e-05
2.132036828606744372e+00 1.069431596006418074e-04 1.679582284164993721e-05 1.568859706205997899e-05 7.747258089006180712e-05 3.174072729222192130e-05 1.370053272224858632e-04 6.242386013747904558e-05
2.141262431499893371e+00 1.070772019242322769e-04 1.698180757091879349e-05 1.567979926173709989e-05 7.818364821972683071e-05 3.159036254127288218e-05 1.375645828144763804e-04 6.254949383917991735e-05
2.150488034393042369e+00 1.072495132559494899e-04 1.705484093219847210e-05 1.566073682353206131e-05 7.728927763393077667e-05 3.164804513046523462e-05 1.381267309960056144e-04 6.271067866824315954e-05
2.159713637286190924e+00 1.075202565637542104e-04 1.702958106063927682e-05 1.549540221749440446e-05 7.812755412034581913e-05 3.178676408480524379e-05 1.391233862855164617e-04 6.296800361024931759e-05
2.168939240179339922e+00 1.079057423910222374e-04 1.688171614142603013e-05 1.566249331570896146e-05 7.990816000340297755e-05 3.202405543870285361e-05 1.402429030058819324e-04 6.333759172152849922e-05
2.178164843072488921e+00 1.083137657794070265e-04 1.678708983763796663e-05 1.593792998312919490e-05 8.047056945594780342e-05 3.225624083286466172e-05 1.413743375858643112e-04 6.372755518611190851e-05
2.187390445965637920e+00 1.087119804235294813e-04 1.680051449681167904e-05 1.621998254948272221e-05 8.097735578400473623e-05 3.239228066624669732e-05 1.425493056656238411e-04 6.410546166675549433e-05
2.196616048858786474e+00 1.090774901589076429e-04 1.690526556578426281e-05 1.639898138553796730e-05 8.316864912479094763e-05 3.258986192591135000e-05 1.437902280933644583e-04 6.444829974736019664e-05
2.205841651751935473e+00 1.093689374735214739e-04 1.697766458747859274e-05 1.641889244413922316e-05 8.332459599875046460e-05 3.275383595925071860e-05 1.451370431273744368e-04 6.471513451337929622e-05
2.215067254645084471e+00 1.096940031219774728e-04 1.693865853240623790e-05 1.661016306764398790e-05 8.394347024467941048e-05 3.286793307693679656e-05 1.464817405363571796e-04 6.501339491276952789e-05
2.224292857538233026e+00 1.100049582578251534e-04 1.697815945694081455e-05 1.654074679446795437e-05 8.555417773397612448e-05 3.295406216026231265e-05 1.478710760700644128e-04 6.529572325780892640e-05
2.233518460431382024e+00 1.104209735920628891e-04 1.687223986207838440e-05 1.673761233163136269e-05 8.574385901694142327e-05 3.313425323378535263e-05 1.491858374066127235e-04 6.568089614358691678e-05
2.242744063324531023e+00 1.107494344060112640e-04 1.685886236809980201e-05 1.677417103873062227e-05 8.566514165207560856e-05 3.321639881492341614e-05 1.512290346815257838e-04 6.597670517104593877e-05
2.251969666217680022e+00 1.110626422527145543e-04 1.684928637003855025e-05 1.665465144641713516e-05 8.680062558941215088e-05 3.327323340440012801e-05 1.535371355421042100e-04 6.625535806974514118e-05
2.261195269110828576e+00 1.113975403674776832e-04 1.694036380504144144e-05 1.660607749507856095e-05 8.811894441151561048e-05 3.341002787258055275e-05 1.558472994364745311e-04 6.655386398788827053e-05
2.270420872003977575e+00 1.117241686196019268e-04 1.703614567007618479e-05 1.656182112077200948e-05 8.751098477533395870e-05 3.354522817334380379e-05 1.576425356055330895e-04 6.684238620039170242e-05
2.279646474897126573e+00 1.121400291584263723e-04 1.698422264965438150e-05 1.652376741016132783e-05 8.778624567588866594e-05 3.375928781989161783e-05 1.589235002163354171e-04 6.721838931409191580e-05
2.288872077790275128e+00 1.125256249746069354e-04 1.695496474514912501e-05 1.657326111446610060e-05 8.857680321688451096e-05 3.393429602855970166e-05 1.602502025858364718e-04 6.756237170150905091e-05
2.298097680683424127e+00 1.129032902792999728e-04 1.718141531105476291e-05 1.661246967877988705e-05 8.941928022125430098e-05 3.409334245285093482e-05 1.616019094695047924e-04 6.789678880027855547e-05
2.307323283576573125e+00 1.132135434206208954e-04 1.724006578423568849e-05 1.650330753256362486e-05 9.035299042052364845e-05 3.417730785611127159e-05 1.630378556157076970e-04 6.816219538575227102e-05
2.316548886469722124e+00 1.135983659953027281e-04 1.726665812990043779e-05 1.657585341710309565e-05 9.160977141040619828e-05 3.433624147803203300e-05 1.648189991891783435e-04 6.850056049712715698e-05
2.325774489362870678e+00 1.141337504081588292e-04 1.712937578842235742e-05 1.679477488312705342e-05 9.320567070719446771e-05 3.462398697287254027e-05 1.659529510139435659e-04 6.898802176622402028e-05
2.335000092256019677e+00 1.146341121942181092e-04 1.720024338254428655e-05 1.697409879477378440e-05 9.484817338396992544e-05 3.487912932054629896e-05 1.671413552775876136e-04 6.943886061348601517e-05
2.344225695149168676e+00 1.150534386073596581e-04 1.725487037688449199e-05 1.706638010440879294e-05 9.658361524058888263e-05 3.504271455683527253e-05 1.684377251310179349e-04 6.980902373691070693e-05
2.353451298042317230e+00 1.155464536829344224e-04 1.729366656591411696e-05 1.722211384734252887e-05 9.744121217429082291e-05 3.528247778477495175e-05 1.696969512871189523e-04 7.024782532436907529e-05
2.362676900935466229e+00 1.159699273877319163e-04 1.735873765356810291e-05 1.729864225433951032e-05 9.900118614573226092e-05 3.544214756199067949e-05 1.711205345806355920e-04 7.061745841419423688e-05
2.371902503828615227e+00 1.164565590404198568e-04 1.744132769495649509e-05 1.744708819462481846e-05 9.927849146140047313e-05 3.547224664803641525e-05 1.724964026634927012e-04 7.104905340895938766e-05
2.381128106721764226e+00 1.168020508815730408e-04 1.750859270126755066e-05 1.742531777979336840e-05 1.009293891069744603e-04 3.528608247343629763e-05 1.742678865882165014e-04 7.133810360153601472e-05
2.390353709614912781e+00 1.171621158309143053e-04 1.756499376052850767e-05 1.742783117380010958e-05 1.013866362587980297e-04 3.529889419330688313e-05 1.760960052059619798e-04 7.164031777764801197e-05
2.399579312508061779e+00 1.175834408021787097e-04 1.760909995614733624e-05 1.747432356009652411e-05 1.024191447026701984e-04 3.536715098711036261e-05 1.778874975057137087e-04 7.200262171576737543e-05
2.408804915401210778e+00 1.179885987721990688e-04 1.792614028351973592e-05 1.748399048185553240e-05 1.034858022791946462e-04 3.541342314842456525e-05 1.797198220214298254e-04 7.234752029844541770e-05
2.418030518294359332e+00 1.184307202261764577e-04 1.821748311419500309e-05 1.736121372525040033e-05 1.045263405803360096e-04 3.549266598786795406e-05 1.815397453291244391e-04 7.272820184899999707e-05
2.427256121187508331e+00 1.187701544739615928e-04 1.832368455893538324e-05 1.729423038773467462e-05 1.056750813710349987e-04 3.546542109966020089e-05 1.834871483878197456e-04 7.300489692563293456e-05
2.436481724080657330e+00 1.191605333545126455e-04 1.849205898606760216e-05 1.728735069100483977e-05 1.067910941058610038e-04 3.548522985226236232e-05 1.854079850829141475e-04 7.333145121303846965e-05
2.445707326973806328e+00 1.195960195718417582e-04 1.849040967520290809e-05 1.738791601333888556e-05 1.078796331378225400e-04 3.554656260029820489e-05 1.873081414613722822e-04 7.370198377746776464e-05
2.454932929866954883e+00 1.199852163756352883e-04 1.860875834106754919e-05 1.743839694655791722e-05 1.090319294431718611e-04 3.555814344644927258e-05 1.892790275647836414e-04 7.402510428850409886e-05
2.464158532760103881e+00 1.204424355788576606e-04 1.871041262472821084e-05 1.755331330146521506e-05 1.101336179744086220e-04 3.577431323062649497e-05 1.912060955595491231e-04 7.441527679678388305e-05
2.473384135653252880e+00 1.208279369214109654e-04 1.875918647670946841e-05 1.759305285975585784e-05 1.113240836727234876e-04 3.576874746469688160e-05 1.932292918306016791e-04 7.473261248664578109e-05
2.482609738546401434e+00 1.212647531692095861e-04 1.886054801755312278e-05 1.768067492786646407e-05 1.124804627926960727e-04 3.585901605626009149e-05 1.952255794290346078e-04 7.510023575822167023e-05
2.491835341439550433e+00 1.217180953876657049e-04 1.894685732960282268e-05 1.778153185866074846e-05 1.136373578056183552e-04 3.598162349355177076e-05 1.972297416468633802e-04 7.548335485208495382e-05
2.501060944332699432e+00 1.221971518132569483e-04 1.899707846976126865e-05 1.790514878079090878e-05 1.147852194643784801e-04 3.608325281727574059e-05 1.992324904479634705e-04 7.589120287622986281e-05
2.510286547225848430e+00 1.226414592427355760e-04 1.923613237640655216e-05 1.798163708491665755e-05 1.159849621094978577e-04 3.603768358481616060e-05 2.012943244450140145e-04 7.626341819330797024e-05
2.519512150118996985e+00 1.231275666101480984e-04 1.924142574680440276e-05 1.808232963274202161e-05 1.171556154139904104e-04 3.603171138220598497e-05 2.033387910353287489e-04 7.667642314181264079e-05
2.528737753012145983e+00 1.235956997354217032e-04 1.924276172313177120e-05 1.816303286809033840e-05 1.184227469236474699e-04 3.605139795577454599e-05 2.054256766038864630e-04 7.707057789904444710e-05
2.537963355905294982e+00 1.240076417309525915e-04 1.929399672561912023e-05 1.818624768514606629e-05 1.199922977023434889e-04 3.606197573393535945e-05 2.075931034302736259e-04 7.740765965684263115e-05
2.547188958798443537e+00 1.244463236007932504e-04 1.941704225460276468e-05 1.823910734788132938e-05 1.215434452146491625e-04 3.615276882511689435e-05 2.097584651238412908e-04 7.777059690653253892e-05
2.556414561691592535e+00 1.248434074973814572e-04 1.958321408420071697e-05 1.827650672078223585e-05 1.231435037681101094e-04 3.627219877659667159e-05 2.119898364274494301e-04 7.809109918198262220e-05
2.565640164584741534e+00 1.252757142043055012e-04 1.989511143049590525e-05 1.834438984854286478e-05 1.247155618544193412e-04 3.642447216615315629e-05 2.142101185518890602e-04 7.844617832687445381e-05
2.574865767477890532e+00 1.257889796497560064e-04 2.004430119092380459e-05 1.848163013037267335e-05 1.262650154887029019e-04 3.665408336719710265e-05 2.163752361480928755e-04 7.888095490923765097e-05
2.584091370371039087e+00 1.263583590184702522e-04 1.994627923865556983e-05 1.861582135374872417e-05 1.280065019992038234e-04 3.693761550916720984e-05 2.185082774040339503e-04 7.937134399109630530e-05
2.593316973264188086e+00 1.269241935231597840e-04 2.012202668052283025e-05 1.874758787191664849e-05 1.295608890398734846e-04 3.721518095565737501e-05 2.206697642739238220e-04 7.985736491783376181e-05
2.602542576157337084e+00 1.274349147063657726e-04 2.044791969731590614e-05 1.880897144590546160e-05 1.307213288236761168e-04 3.743504617133338176e-05 2.229111909429539471e-04 8.028756143191274550e-05
2.611768179050485639e+00 1.279768013615728800e-04 2.055877760210063202e-05 1.891229619466773526e-05 1.321917112461535888e-04 3.768358317809492454e-05 2.251466276976148758e-04 8.074809066559979057e-05
2.620993781943634637e+00 1.285163716459685444e-04 2.058819723491694324e-05 1.897506793896105732e-05 1.336930033326964461e-04 3.784935590794011925e-05 2.274091664206177963e-04 8.120568086648167691e-05
2.630219384836783636e+00 1.289707639949204756e-04 2.093681510724785611e-05 1.905942117969315402e-05 1.346992215168658642e-04 3.783011699503992622e-05 2.297820134500235011e-04 8.157741828850408917e-05
2.639444987729932635e+00 1.294234821934600577e-04 2.110873036001147140e-05 1.910514762889584388e-05 1.354998573086352407e-04 3.780731491816539654e-05 2.321819590876667396e-04 8.194667400177643290e-05
2.648670590623081189e+00 1.299123955268864021e-04 2.122884173074755603e-05 1.915194992487307562e-05 1.367434061440482855e-04 3.790860622569467450e-05 2.345708612456012289e-04 8.235155541509241552e-05
2.657896193516230188e+00 1.305057536942682357e-04 2.155938528567097681e-05 1.935647570268666953e-05 1.378963426860234202e-04 3.819817102633997041e-05 2.368808755932195879e-04 8.286014449371224551e-05
2.667121796409379186e+00 1.309469619594829932e-04 2.196982371012584363e-05 1.941664664582692381e-05 1.392153251688051725e-04 3.833388627810376350e-05 2.393685085511678139e-04 8.321601673589437893e-05
2.676347399302527741e+00 1.313719273108541617e-04 2.231866951973228322e-05 1.945960721417671745e-05 1.409198718871551223e-04 3.845174499794075406e-05 2.418982060621373991e-04 8.355491194940092977e-05
2.685573002195676739e+00 1.318803725164665848e-04 2.257071747914315041e-05 1.958113856630543071e-05 1.428447836687135705e-04 3.865135826319094378e-05 2.443700730035985478e-04 8.397674877221047800e-05
2.694798605088825738e+00 1.324522897693226572e-04 2.306473975413183349e-05 1.973531292864984374e-05 1.447194869998691641e-04 3.887489137659348921e-05 2.468042791282145645e-04 8.446150067414125531e-05
2.704024207981974737e+00 1.329039753739715024e-04 2.356027762895769031e-05 1.979004163152498104e-05 1.467249625820347373e-04 3.894906993407168600e-05 2.493849290719648247e-04 8.482532347386706516e-05
2.713249810875123291e+00 1.333612949741342290e-04 2.403194096029333997e-05 1.987960917663444678e-05 1.487325881642642526e-04 3.903579453995662256e-05 2.519859450976294230e-04 8.519425745109445781e-05
2.722475413768272290e+00 1.338456044132784904e-04 2.446945466922623136e-05 2.000923965781367252e-05 1.505157333792027895e-04 3.918970311368820999e-05 2.545862795762695295e-04 8.558963587495813986e-05
2.731701016661421288e+00 1.344335524474233028e-04 2.469994230189603260e-05 2.021126454843963263e-05 1.521001362607145822e-04 3.944638102279878996e-05 2.571092280049530198e-04 8.608815290288331372e-05
2.740926619554569843e+00 1.349281545868922301e-04 2.490865527639534588e-05 2.023518826359572433e-05 1.543271615125465298e-04 3.960857607919030952e-05 2.597522249284777828e-04 8.649272159545396050e-05
2.750152222447718842e+00 1.354644662849310388e-04 2.491527358686936055e-05 2.028775668636909860e-05 1.558992834839545514e-04 3.981152078291604762e-05 2.623800032646766609e-04 8.693854748701256691e-05
2.759377825340867840e+00 1.359488534147724646e-04 2.497460585655720600e-05 2.033157990850911745e-05 1.575357714430503521e-04 3.996174020845508277e-05 2.650866345521142933e-04 8.733188989507189204e-05
2.768603428234016395e+00 1.363896423297041266e-04 2.559721879834633580e-05 2.028668731068823715e-05 1.592334543257228202e-04 4.006727799750729204e-05 2.678637485417864096e-04 8.768117193663958427e-05
2.777829031127165393e+00 1.369728134508610754e-04 2.606004890803558503e-05 2.039051312480555757e-05 1.611496512051237317e-04 4.031417744349747071e-05 2.705256110871957949e-04 8.817234540417292371e-05
2.787054634020314392e+00 1.374312088143582803e-04 2.633237843243738260e-05 2.042105667473266930e-05 1.633501077006323883e-04 4.043538255434876922e-05 2.733395002857270635e-04 8.853827229680385049e-05
2.796280236913463391e+00 1.379350253202772604e-04 2.663368308670845445e-05 2.050358200431005135e-05 1.650867524862756266e-04 4.060136612153631330e-05 2.761353595344669207e-04 8.894913339120279227e-05
2.805505839806611945e+00 1.383916004358686381e-04 2.699511249356582182e-05 2.054532086732068332e-05 1.668803652943678896e-04 4.071917865568177501e-05 2.790060245638992459e-04 8.931232980399328013e-05
2.814731442699760944e+00 1.388171204541890046e-04 2.756895411527900282e-05 2.055527167143415075e-05 1.687146919253258845e-04 4.080417718470943412e-05 2.819352029924474261e-04 8.964395552963284376e-05
2.823957045592909942e+00 1.394641204631065631e-04 2.808182781283819320e-05 2.077970272841499449e-05 1.703372210909092580e-04 4.110887113258220754e-05 2.850903692165815666e-04 9.019666823659598285e-05
2.833182648486058497e+00 1.399796497967693257e-04 2.873023954793466127e-05 2.086103563615556854e-05 1.721008893477766382e-04 4.128131369122929649e-05 2.890433250935797184e-04 9.061743069886801240e-05
2.842408251379207496e+00 1.404958389686417671e-04 2.938233334428072422e-05 2.092577488190704637e-05 1.738739412825635652e-04 4.145360565831767189e-05 2.930333371318562838e-04 9.103851221130463919e-05
2.851633854272356494e+00 1.410562021239755151e-04 2.999418177267499405e-05 2.100595730825078429e-05 1.756124138125624620e-04 4.166948573197818220e-05 2.970170183507467093e-04 9.150334968015941587e-05
2.860859457165505493e+00 1.416226338613594984e-04 3.018801179643961483e-05 2.109107432986992816e-05 1.776462250062261074e-04 4.188383994231171300e-05 3.010331302351265323e-04 9.197385909594012015e-05
2.870085060058654047e+00 1.421100419848348860e-04 3.030900519898299217e-05 2.109016073471814098e-05 1.803875069032178388e-04 4.196245244143055522e-05 3.051668923106963050e-04 9.236496431481040206e-05
2.879310662951803046e+00 1.426131684759958883e-04 3.088676472850831675e-05 2.112883736242438621e-05 1.836775167498362095e-04 4.205761084257963697e-05 3.093239118381178898e-04 9.277145101275123095e-05
2.888536265844952045e+00 1.431586157697950176e-04 3.099987451731314476e-05 2.128571514623549450e-05 1.871481222230434176e-04 4.225609508501031013e-05 3.134781077708790361e-04 9.321982397770419934e-05
2.897761868738100599e+00 1.436685222153108780e-04 3.140423560738989355e-05 2.141094008769407796e-05 1.906868554661697145e-04 4.241836324602342911e-05 3.177072051336948875e-04 9.363247669081956287e-05
2.906987471631249598e+00 1.441719775387582318e-04 3.202316269671314549e-05 2.153831360305122474e-05 1.934262356470130392e-04 4.257318083357241418e-05 3.219829529981289330e-04 9.403816065494676694e-05
2.916213074524398596e+00 1.446401242585908004e-04 3.255357765893956068e-05 2.153153133919771854e-05 1.957767005289270121e-04 4.269159854713900531e-05 3.263346500622313763e-04 9.440816812079396011e-05
2.925438677417547595e+00 1.451835309087064110e-04 3.252126925395410297e-05 2.159880893640075332e-05 1.980680838970383525e-04 4.288469895645923035e-05 3.306514032321585493e-04 9.485323682147700128e-05
2.934664280310696149e+00 1.456820838091691371e-04 3.299518727859529249e-05 2.172560260110353750e-05 2.004210497985289591e-04 4.303205331198307383e-05 3.350541388781984320e-04 9.525312968548678677e-05
2.943889883203845148e+00 1.461702971912630725e-04 3.342670762412599042e-05 2.184162274439520497e-05 2.029886204570399959e-04 4.316811807301640185e-05 3.395087668652869593e-04 9.564233130458430193e-05
2.953115486096994147e+00 1.466561193337033735e-04 3.395549078444868099e-05 2.195523803337706909e-05 2.059425252135314670e-04 4.330108691196466971e-05 3.440074628430265071e-04 9.602877526811929697e-05
2.962341088990142701e+00 1.471913619451453443e-04 3.443765390548020138e-05 2.207406737640352093e-05 2.085502110038048968e-04 4.348264314610989726e-05 3.484987764502557985e-04 9.646445430449193778e-05
2.971566691883291700e+00 1.476950803486642332e-04 3.495165598287332492e-05 2.213312788314718673e-05 2.111226049870000066e-04 4.363196054946978728e-05 3.530640383748546648e-04 9.686827856450756953e-05
2.980792294776440698e+00 1.481822903712337429e-04 3.541746693871676717e-05 2.216218917078729305e-05 2.137305787270336638e-04 4.376387736485129693e-05 3.576887636766107673e-04 9.725533537491729366e-05
2.990017897669589697e+00 1.487576974011614096e-04 3.579731421589943028e-05 2.223430222185023833e-05 2.162691805919611976e-04 4.398330953025531096e-05 3.622684120504685696e-04 9.773026118366950118e-05
2.999243500562738252e+00 1.492705947611911289e-04 3.622512465031732997e-05 2.235579019449173408e-05 2.188893025928015346e-04 4.413963653955560841e-05 3.669537979749952668e-04 9.814251612714182198e-05
3.008469103455887250e+00 1.497760561590344918e-04 3.674797718558503218e-05 2.239592058609580290e-05 2.215365917409584399e-04 4.428749656515621326e-05 3.716909667580632929e-04 9.854697046947347421e-05
3.017694706349036249e+00 1.502374152922132211e-04 3.731341983086741785e-05 2.242618862937717852e-05 2.242472141465373723e-04 4.439072129671139185e-05 3.765161974200339589e-04 9.890714441916847132e-05
3.026920309242184803e+00 1.507168316261373779e-04 3.786370546142803022e-05 2.246564480442347412e-05 2.269594505999620129e-04 4.451127350582249030e-05 3.813679856998906026e-04 9.928512652104697132e-05
3.036145912135333802e+00 1.512709976744368865e-04 3.834217951498522666e-05 2.257732341378798960e-05 2.296167415217594465e-04 4.470584267556399827e-05 3.861901476809349865e-04 9.973759813702875489e-05
3.045371515028482801e+00 1.518428279495290462e-04 3.880563177583769155e-05 2.270560973172936034e-05 2.322760908335497849e-04 4.491753381626574439e-05 3.910397792255096731e-04 1.002074550118384265e-04
3.054597117921631799e+00 1.523631712314883844e-04 3.932347676715715573e-05 2.277729547142716697e-05 2.350070573312154263e-04 4.507704474511145401e-05 3.959866124416478242e-04 1.006255197267318590e-04
3.063822720814780354e+00 1.528547867823484840e-04 3.986670451738331630e-05 2.281946732384849573e-05 2.377876292583145550e-04 4.520687925653020121e-05 4.010085451538192292e-04 1.010148797766503674e-04
3.073048323707929352e+00 1.533248686550337111e-04 4.034052922732831218e-05 2.287140691106971787e-05 2.406099715989773794e-04 4.531464500816855998e-05 4.060983069110938974e-04 1.013824872982442224e-04
3.082273926601078351e+00 1.538266442158408567e-04 4.075307393005812807e-05 2.295988622144680825e-05 2.434204255997308563e-04 4.545383383203431668e-05 4.112029075233681382e-04 1.017812858902979872e-04
3.091499529494226906e+00 1.544033593767918399e-04 4.080335876355706574e-05 2.312270245430312634e-05 2.461774004349544936e-04 4.566703360435991736e-05 4.162799593006324505e-04 1.022551176672357125e-04
3.100725132387375904e+00 1.550066096551942882e-04 4.079612698501216650e-05 2.328359281521976526e-05 2.489288261222592368e-04 4.590604415495417884e-05 4.213782884732760587e-04 1.027551422567461926e-04
3.109950735280524903e+00 1.555393477558432219e-04 4.075928989181733198e-05 2.322167765236420869e-05 2.517714785245535585e-04 4.607416507413135897e-05 4.265948102079964799e-04 1.031845284457546641e-04
3.119176338173673901e+00 1.561247103861288529e-04 4.081425178231783352e-05 2.331211648884691230e-05 2.545829021318527776e-04 4.629420831150944107e-05 4.318071594634627060e-04 1.036662748067169126e-04
3.128401941066822456e+00 1.566432522136849796e-04 4.115831963149825870e-05 2.341880075064971885e-05 2.574832882981921509e-04 4.644651724156473305e-05 4.371352704390188979e-04 1.040812983241442321e-04
3.137627543959971455e+00 1.571393990122685802e-04 4.181213211901851023e-05 2.345521391355513468e-05 2.604268770588493375e-04 4.657615814832937547e-05 4.425347531798001733e-04 1.044733894660307969e-04
3.146853146853120453e+00 1.575943021528312612e-04 4.243447703053697308e-05 2.346758445791161693e-05 2.634338997189595829e-04 4.666383586642395165e-05 4.480249696524254022e-04 1.048243719565592060e-04
3.156078749746269008e+00 1.581236816538128531e-04 4.302708127760650507e-05 2.358268938067466214e-05 2.663540769406448324e-04 4.682573069915362224e-05 4.534904217232995889e-04 1.052494071755513542e-04
3.165304352639418006e+00 1.586441938912855625e-04 4.372251925669935085e-05 2.370997792591842540e-05 2.693033906836038286e-04 4.697768942887321070e-05 4.590155727025908177e-04 1.056655281682077904e-04
3.174529955532567005e+00 1.591298516270272406e-04 4.445771485674589901e-05 2.378785084227729731e-05 2.723090753739172698e-04 4.710461437430140763e-05 4.646260099697137953e-04 1.060466787733637089e-04
3.183755558425716004e+00 1.596538533854197279e-04 4.515989429927649780e-05 2.390284368438460520e-05 2.752985075448707072e-04 4.728004668635772299e-05 4.702491788679314289e-04 1.064659872244581385e-04
3.192981161318864558e+00 1.601823396957191504e-04 4.589818380947266094e-05 2.400452593410648278e-05 2.783414567555585976e-04 4.744351563496427800e-05 4.759316594453235098e-04 1.068966308662948334e-04
3.202206764212013557e+00 1.606746168043253617e-04 4.652288517180451976e-05 2.410597426366544393e-05 2.813712059181385926e-04 4.760292665481257130e-05 4.816701612036145995e-04 1.072769040438724582e-04
3.211432367105162555e+00 1.612636274175135911e-04 4.710604226563022429e-05 2.428241395037829741e-05 2.843626541844289303e-04 4.784135286880697381e-05 4.873795825308948563e-04 1.077607289708289976e-04
3.220657969998311110e+00 1.618755139158343311e-04 4.767189269644286085e-05 2.445404541710305499e-05 2.873547278878397647e-04 4.809949953755632735e-05 4.931191126718204205e-04 1.082674820694726366e-04
3.229883572891460108e+00 1.623926957230201282e-04 4.844403332143249917e-05 2.447235097553703692e-05 2.904640560240589163e-04 4.814239321756488745e-05 4.990060588902518052e-04 1.086794732955465883e-04
3.239109175784609107e+00 1.628642337358388753e-04 4.942159546304401244e-05 2.452225836597742297e-05 2.936414450059218989e-04 4.822583401479229334e-05 5.049921225340038913e-04 1.090453602171411872e-04
3.248334778677758106e+00 1.633022199392645439e-04 4.993370606772238045e-05 2.453719007094882013e-05 2.968763650555263436e-04 4.829074004487524758e-05 5.110659020701825489e-04 1.093777914223864405e-04
3.257560381570906660e+00 1.637399269271217405e-04 5.056144698161474534e-05 2.455171900882390412e-05 2.997880459486396924e-04 4.835482992877631508e-05 5.171943631015025414e-04 1.097097897296132635e-04
3.266785984464055659e+00 1.642068441874012098e-04 5.129456716438293685e-05 2.459554153143374039e-05 3.021407781473596488e-04 4.844776254402077115e-05 5.233481459703751958e-04 1.100709292689031413e-04
3.276011587357204657e+00 1.647935177630777928e-04 5.190122900696974933e-05 2.475900774544852689e-05 3.043899837719384396e-04 4.865991994532350095e-05 5.294373965991899106e-04 1.105516518289516873e-04
3.285237190250353212e+00 1.652829632117436764e-04 5.251791240507838266e-05 2.482524943828929892e-05 3.075920035992922835e-04 4.877441910904134015e-05 5.356794382856928461e-04 1.109350166121812428e-04
3.294462793143502211e+00 1.657615591833004132e-04 5.314978468558143390e-05 2.488006737365533938e-05 3.111050632580135162e-04 4.887720831369727855e-05 5.419886222577557141e-04 1.113076288122319358e-04
3.303688396036651209e+00 1.662263702799569008e-04 5.379771762092992434e-05 2.492149209085801225e-05 3.146611873847605283e-04 4.896605718257322976e-05 5.483678344652526647e-04 1.116661428025268407e-04
3.312913998929800208e+00 1.667053479855672387e-04 5.462041570864097475e-05 2.497442835150035607e-05 3.182344124907156052e-04 4.906838708333340234e-05 5.547898530377836160e-04 1.120389117268692813e-04
3.322139601822948762e+00 1.672276530398555255e-04 5.537346031542935538e-05 2.500852214579098870e-05 3.217952726368674462e-04 4.921353364622000509e-05 5.612258480841144856e-04 1.124549514206644519e-04
3.331365204716097761e+00 1.677401362135416023e-04 5.587386194069534381e-05 2.502512203036205067e-05 3.253970978226976979e-04 4.934824759736147998e-05 5.677296884164401711e-04 1.128609661520394217e-04
3.340590807609246760e+00 1.683096610306129013e-04 5.625867371048478183e-05 2.509626888196658302e-05 3.289726743223146416e-04 4.953967681529068950e-05 5.742344869716569733e-04 1.133239363725928523e-04
3.349816410502395314e+00 1.688458858207104714e-04 5.677640560304277008e-05 2.513330202918379942e-05 3.326131886738610891e-04 4.969731523660923182e-05 5.808312107786370261e-04 1.137535686522515009e-04
3.359042013395544313e+00 1.692340386414484526e-04 5.753374791668956528e-05 2.502170766546701398e-05 3.364331120957679121e-04 4.970515893993394019e-05 5.872660748402751697e-04 1.140350457601034312e-04
3.368267616288693311e+00 1.697588556255953825e-04 5.815331874745719083e-05 2.504510254452147334e-05 3.401497741622583186e-04 4.984853991062606899e-05 5.915007767429111048e-04 1.144531827044218059e-04
3.377493219181842310e+00 1.702746152894563645e-04 5.877747427773517786e-05 2.505962923434279055e-05 3.439060031630660516e-04 4.998296868665605918e-05 5.957685811003379794e-04 1.148620707966109636e-04
3.386718822074990864e+00 1.707534431433870535e-04 5.944324927286719269e-05 2.503565290890952082e-05 3.477331021079547134e-04 5.007950819079981845e-05 6.001008342738430468e-04 1.152340743976075152e-04
3.395944424968139863e+00 1.712426491307971540e-04 6.008793076078114740e-05 2.507904221829784937e-05 3.513984020827601524e-04 5.018606123090268284e-05 6.044485041199882096e-04 1.156164077988595397e-04
3.405170027861288862e+00 1.717966294371902963e-04 6.065914905524076887e-05 2.518796967869698570e-05 3.549729780903617977e-04 5.035697349747259260e-05 6.087574284081547892e-04 1.160634483011447043e-04
3.414395630754437416e+00 1.723017609079885567e-04 6.126632322713871813e-05 2.525347847016917594e-05 3.586231861928914797e-04 5.047860638341483501e-05 6.131414115337591002e-04 1.164615965483590729e-04
3.423621233647586415e+00 1.728459679627466616e-04 6.178531881115024169e-05 2.536732184148062018e-05 3.622615794324404032e-04 5.063867712495515819e-05 6.175128594943818817e-04 1.168986407844934100e-04
3.432846836540735413e+00 1.733680948166192075e-04 6.235860160301321667e-05 2.545946055521782479e-05 3.659400490438887788e-04 5.077652683057115525e-05 6.219326416228111503e-04 1.173137530111158298e-04
3.442072439433883968e+00 1.739333345765623135e-04 6.312523694196466809e-05 2.558390429914403244e-05 3.695914939158827543e-04 5.095678861272268209e-05 6.263372712161712971e-04 1.177721306091299126e-04
3.451298042327032967e+00 1.744640424055957605e-04 6.372696636168631622e-05 2.566930487093381074e-05 3.731256401828858451e-04 5.110120721149870294e-05 6.308029652254812164e-04 1.181950640057435653e-04
3.460523645220181965e+00 1.749396488491834615e-04 6.414337466983079041e-05 2.571628803286232735e-05 3.763926367878501762e-04 5.119106730914273445e-05 6.353505405779489613e-04 1.185637036645118681e-04
3.469749248113330964e+00 1.753638404325835742e-04 6.491773739410237843e-05 2.571582589172820982e-05 3.797317011228732060e-04 5.122879045228452381e-05 6.399770357716935655e-04 1.188808699477048839e-04
3.478974851006479518e+00 1.757859751435318662e-04 6.584517154290000607e-05 2.569877055168945509e-05 3.834933416214416344e-04 5.126327971440494528e-05 6.460295014180288467e-04 1.191952525069671582e-04
3.488200453899628517e+00 1.762060572688019374e-04 6.691893900570160302e-05 2.567728293798452930e-05 3.882752085498228020e-04 5.129690668253256559e-05 6.530699326020301520e-04 1.195083777033185675e-04
3.497426056792777516e+00 1.766532031705114790e-04 6.796232706519016826e-05 2.568003244432387759e-05 3.928363859019845528e-04 5.135668565575947863e-05 6.601404223097081777e-04 1.198477076401430766e-04
3.506651659685926070e+00 1.770946961037187569e-04 6.897727755824159535e-05 2.569838971629636736e-05 3.968436509311993720e-04 5.137815461770455319e-05 6.672736222780343510e-04 1.201822262545322898e-04
3.515877262579075069e+00 1.775525748173360471e-04 6.998198702539150623e-05 2.570970138089767707e-05 4.008626665438866929e-04 5.137716373016372419e-05 6.744470985680617011e-04 1.205329677832816452e-04
3.525102865472224067e+00 1.780038767908458564e-04 7.100296157549286415e-05 2.567316533619320540e-05 4.049205323837180219e-04 5.140414730121339306e-05 6.816875808484715825e-04 1.208766191350098751e-04
3.534328468365373066e+00 1.784983219855280001e-04 7.198677214966767591e-05 2.570210589930221824e-05 4.089630124003599621e-04 5.147667930520226495e-05 6.889422954854822244e-04 1.212640317272515732e-04
3.543554071258521621e+00 1.789443939367868638e-04 7.286898494368487431e-05 2.568139360951485488e-05 4.130844991867926820e-04 5.149941960893295707e-05 6.963043882213279349e-04 1.216023593381435834e-04
3.552779674151670619e+00 1.794872698736535736e-04 7.358499904628690649e-05 2.580304465966176187e-05 4.171321490209319504e-04 5.161826951465686838e-05 7.036286503311370115e-04 1.220374738297768714e-04
3.562005277044819618e+00 1.800383837085022410e-04 7.429693174296051784e-05 2.597015860047129478e-05 4.211933503761573858e-04 5.174544501207866006e-05 7.110045758181907614e-04 1.224815714800728944e-04
3.571230879937968172e+00 1.805032672194347744e-04 7.500619780347972474e-05 2.602058043631738930e-05 4.253721145918504731e-04 5.178477866616353455e-05 7.185273183714636870e-04 1.228387019646195750e-04
3.580456482831117171e+00 1.809922631057363804e-04 7.568711470287830807e-05 2.604501493853387498e-05 4.295553866909751148e-04 5.184882422642271799e-05 7.260853949691383532e-04 1.232205392961307317e-04
3.589682085724266170e+00 1.814668057628276900e-04 7.638887699867185927e-05 2.610286775362474928e-05 4.337864471441395557e-04 5.189359706270893816e-05 7.337210623602677785e-04 1.235874707752585738e-04
3.598907688617415168e+00 1.818814063502534155e-04 7.704391345014955945e-05 2.604674540864127972e-05 4.381062436946726868e-04 5.187726043343312480e-05 7.414758046055771636e-04 1.238949508387581422e-04
3.608133291510563723e+00 1.823514983456362717e-04 7.756602599558773100e-05 2.597722233310507749e-05 4.424029894481551332e-04 5.191137218684335470e-05 7.492385576028251851e-04 1.242572962479078914e-04
3.617358894403712721e+00 1.828643244414416516e-04 7.804768258931819142e-05 2.596785631089792621e-05 4.466866486397310775e-04 5.185332300100913808e-05 7.570193963859163291e-04 1.246630909346641588e-04
3.626584497296861720e+00 1.832913655640526929e-04 7.862098099674575324e-05 2.588245404653723267e-05 4.510897332299229623e-04 5.174302673950154563e-05 7.649505842102007503e-04 1.249823867966601753e-04
3.635810100190010274e+00 1.837354805706423644e-04 7.918104072709018413e-05 2.589232451127347298e-05 4.554947310641924456e-04 5.184382003160979365e-05 7.729287901226245374e-04 1.253189297373454567e-04
3.645035703083159273e+00 1.841942172083105744e-04 7.972944046536687953e-05 2.594228568039794744e-05 4.599002718231141591e-04 5.196198423584365029e-05 7.809525171357549131e-04 1.256704643894077415e-04
3.654261305976308272e+00 1.847258508061894752e-04 8.021046996442796214e-05 2.605491172529795173e-05 4.642671846003700161e-04 5.214982690550259937e-05 7.889699396335403967e-04 1.260944387935584434e-04
3.663486908869457270e+00 1.851863017685457516e-04 8.076503400439571110e-05 2.603786973367797574e-05 4.687358704438932509e-04 5.227086869852117022e-05 7.971217404766094182e-04 1.264479104174157900e-04
3.672712511762605825e+00 1.856317465725444932e-04 8.130250386408828544e-05 2.594895128046724323e-05 4.732534284821011223e-04 5.237514667566823298e-05 8.053554340464820277e-04 1.267856862506662376e-04
3.681938114655754823e+00 1.860777117705659221e-04 8.182563994113545291e-05 2.585640827480875431e-05 4.778014212110691448e-04 5.248128421006520569e-05 8.136505712335077248e-04 1.271246825286393442e-04
