2.306400723287267349e-02 1.943525371799456640e+17 0.000000000000000000e+00 0.000000000000000000e+00 1.600000000000000000e+02 6.400000000000000000e+01 1.600000000000000000e+02 9.600000000000000000e+01
3.228961012602173802e-02 4.056481922928190000e+14 3.056250000000000000e+01 2.106250000000000000e+01 3.023125000000000000e+02 6.531250000000000000e+01 3.115000000000000000e+02 1.121250000000000000e+02
4.151521301917080603e-02 7.339012828399703125e+12 3.039746093750000000e+01 2.089453125000000000e+01 2.996933593750000000e+02 6.478027343750000000e+01 3.089960937500000000e+02 1.112041015625000000e+02
5.074081591231988098e-02 4.110522231392529297e+11 2.679156494140625000e+01 1.846716308593750000e+01 2.640829467773437500e+02 5.715423583984375000e+01 2.724792480468750000e+02 9.809527587890625000e+01
5.996641880546894204e-02 4.540632264746582031e+10 2.268812561035156250e+01 1.568685150146484375e+01 2.236447372436523438e+02 4.846204376220703125e+01 2.309312286376953125e+02 8.316040802001953125e+01
6.919202169861800311e-02 7.835937855712063789e+09 1.898336791992187500e+01 1.309138202667236328e+01 1.862808742523193359e+02 4.040526580810546875e+01 1.925041522979736328e+02 6.932681179046630859e+01
7.841762459176707112e-02 1.847159204505644321e+09 1.574787783622741699e+01 1.081568121910095215e+01 1.537629787921905518e+02 3.338371777534484863e+01 1.590342864990234375e+02 5.727345323562622070e+01
8.764322748491613913e-02 5.470798211157083511e+08 1.296392738819122314e+01 8.880685925483703613e+00 1.259889912605285645e+02 2.739320909976959229e+01 1.304252417087554932e+02 4.698427855968475342e+01
9.686883037806519325e-02 1.926537566802726984e+08 1.058546292781829834e+01 7.215999364852905273e+00 1.023829143643379211e+02 2.230382275581359863e+01 1.060886298418045044e+02 3.820806071162223816e+01
1.060944332712142474e-01 7.765172757654401660e+07 8.516820341348648071e+00 5.796236798167228699e+00 8.223855485022068024e+01 1.800024481117725372e+01 8.530176356434822083e+01 3.072257265448570251e+01
1.153200361643633154e-01 3.486082268897432089e+07 6.734981663525104523e+00 4.601402021944522858e+00 6.493217603862285614e+01 1.431639058887958527e+01 6.742495480179786682e+01 2.431000041961669922e+01
1.245456390575123834e-01 1.708483860219366103e+07 5.212630197405815125e+00 3.576255537569522858e+00 4.996397507190704346e+01 1.112296559661626816e+01 5.194431883096694946e+01 1.875912475585937500e+01
1.337712419506614514e-01 9.002731150235284120e+06 3.875262003391981125e+00 2.672697952017188072e+00 3.690576623380184174e+01 8.316642260178923607e+00 3.841983557865023613e+01 1.391300491429865360e+01
1.429968448438105333e-01 5.041207769439086318e+06 2.671445734798908234e+00 1.871194462291896343e+00 2.540801813732832670e+01 5.794047317467629910e+00 2.649404883291572332e+01 9.643411201424896717e+00
1.522224477369596152e-01 2.972262467958246823e+06 1.620750075206160545e+00 1.147525066509842873e+00 1.518630684446543455e+01 3.588998316787183285e+00 1.587087117182090878e+01 5.844084782991558313e+00
1.614480506301086971e-01 1.831609645902977325e+06 7.024714672006666660e-01 4.995751078240573406e-01 6.009512253105640411e+00 1.525355753256008029e+00 6.308735460974276066e+00 2.490342774428427219e+00
1.706736535232577512e-01 1.172682666570401751e+06 1.052514491602778435e-01 1.802884738426655531e-01 3.061492745764553547e-01 2.336468968307599425e+00 6.335185349453240633e-01 2.413147180806845427e+00
1.798992564164068331e-01 7.762551968264018651e+05 6.371799622429534793e-01 9.905103191267699003e-01 2.075788311543874443e+00 1.000991137418895960e+01 3.505370793165639043e+00 1.045001493114978075e+01
1.891248593095559150e-01 5.291053699307340430e+05 1.152758832322433591e+00 1.755868667620234191e+00 3.695553950732573867e+00 1.714633925887756050e+01 6.142576847807504237e+00 1.795953234273474663e+01
1.983504622027049968e-01 3.700977436702293926e+05 1.639915748033672571e+00 2.483929162495769560e+00 5.220937538892030716e+00 2.388047960482072085e+01 8.617300970305223018e+00 2.507544029492419213e+01
2.075760650958540787e-01 2.648976246804793482e+05 2.111393891857005656e+00 3.205470538174267858e+00 6.667026217968668789e+00 3.033026763983070850e+01 1.096579516824567690e+01 3.192307359632104635e+01
2.168016679890031329e-01 1.935356631770913955e+05 2.575923980417428538e+00 3.920075541216647252e+00 8.055794059706386179e+00 3.658644648652989417e+01 1.324057699856348336e+01 3.860082853247877210e+01
2.260272708821522147e-01 1.440283112883268041e+05 3.027213479741476476e+00 4.634731730155181140e+00 9.408668863005004823e+00 4.276303952280431986e+01 1.546535619813948870e+01 4.523077348366496153e+01
2.352528737753012689e-01 1.089789108419052500e+05 3.490003986837109551e+00 5.296858612491632812e+00 1.075427604827564210e+01 4.895526073775545228e+01 1.768239862644986715e+01 5.192148123579681851e+01
2.444784766684503230e-01 8.370433472508881823e+04 3.954504669818561524e+00 5.995667747745756060e+00 1.209505601220007520e+01 5.528933771040465217e+01 1.990823817251657601e+01 5.881319574062945321e+01
2.537040795615994049e-01 6.517012193985129852e+04 4.434496157489775214e+00 6.664794850999896880e+00 1.347655789589771302e+01 6.185885382993728854e+01 2.220357318600144936e+01 6.601718610132229514e+01
2.629296824547484590e-01 5.136823847249294340e+04 4.944639099303458352e+00 7.501187417561595794e+00 1.490788672567578033e+01 6.881108215669519268e+01 2.459443344285682542e+01 7.370355182642379077e+01
2.721552853478975686e-01 4.094396190962565015e+04 5.480208489774668124e+00 8.350556718956795521e+00 1.639379916939651594e+01 7.632328070985386148e+01 2.710540380929887760e+01 8.207964629721391248e+01
2.813808882410466228e-01 3.296685254214784072e+04 6.023495988702052273e+00 9.291939772199839354e+00 1.802406492400768911e+01 8.452186579780391185e+01 2.985306569680687971e+01 9.131239872006699443e+01
2.906064911341957324e-01 2.678742970962563413e+04 6.566032412323693279e+00 1.037061735602401313e+01 1.979963547610896057e+01 9.370136854797965498e+01 3.284434416440490168e+01 1.017520364307856653e+02
2.998320940273447865e-01 2.194520332886507822e+04 7.214138311126589542e+00 1.169690086074115243e+01 2.207348148248274811e+01 1.041617824395325442e+02 3.616356763257499551e+01 1.137768187583424151e+02
3.090576969204938407e-01 1.810893859243737461e+04 7.989503619526658440e+00 1.319604421401163563e+01 2.493321534265123773e+01 1.162974378753351630e+02 4.040105824204874807e+01 1.278936488173931139e+02
3.182832998136429503e-01 1.503697243044486459e+04 9.013463982344546821e+00 1.506277338180734660e+01 2.830291889845830156e+01 1.306051540128573833e+02 4.585416861628073093e+01 1.447653741693338816e+02
3.275089027067920044e-01 1.255062147730399556e+04 1.015563624951391830e+01 1.716813693697076815e+01 3.150766338446373993e+01 1.479128892865064699e+02 5.248555041735926352e+01 1.654715444280845986e+02
3.367345055999411141e-01 1.051555550954676801e+04 1.163914125030532887e+01 1.999652764773782110e+01 3.686243801348609850e+01 1.692561818901976949e+02 6.078585586310691724e+01 1.914401671048635762e+02
3.459601084930901682e-01 8.828793892957462958e+03 1.373361067599034868e+01 2.386155450825754087e+01 4.227531545022611681e+01 1.959994709143866203e+02 7.161526459726701432e+01 2.246666169987893227e+02
3.551857113862392223e-01 7.409712654461634884e+03 1.617557865112303261e+01 2.876515295864646760e+01 4.950528952126660442e+01 2.305745185189325639e+02 8.584074432662600884e+01 2.686263304222748047e+02
3.644113142793883320e-01 6.191609411396593714e+03 1.998889561829219019e+01 3.617249410611111671e+01 5.891822979891185241e+01 2.758138975075780763e+02 1.055362444312040680e+02 3.279124718635503086e+02
3.736369171725373861e-01 5.115571319221206068e+03 2.436677573352153559e+01 4.642611007377945498e+01 7.732368540664083412e+01 3.356490761610357367e+02 1.255720568836150051e+02 4.093923124044968063e+02
3.828625200656864958e-01 4.123501953012882950e+03 3.141436163028720330e+01 6.236444615935442926e+01 9.389118729187885037e+01 4.140090997360048277e+02 1.487799808270328867e+02 5.213070056024466794e+02
3.920881229588355499e-01 3.147258247913165178e+03 4.040178671636385843e+01 8.709564102037302291e+01 1.215631339440610645e+02 5.033448256112383206e+02 1.958230979948639288e+02 6.584243505474055382e+02
4.013137258519846040e-01 2.110093939387807040e+03 5.244461873417822062e+01 1.236046923425860768e+02 1.535531314549839408e+02 5.467926134527151589e+02 2.686871865807024733e+02 7.403029890817963405e+02
4.105393287451337136e-01 1.020857028900678074e+03 5.078612885863697102e+01 1.236086447920561113e+02 1.645075172995685762e+02 3.496703939299327430e+02 3.109045493756151473e+02 4.522464131521390982e+02
4.197649316382827678e-01 4.706683400664621786e+02 4.612078983996843817e+01 8.554222548051143349e+00 1.526429874225361800e+02 1.275402298968657533e+01 3.079638035555520901e+02 1.311007812294553787e+01
4.289905345314318219e-01 1.285945629585319921e+03 1.755990209166859586e+02 7.633552581382082280e+01 3.501948574013117650e+02 2.579481221205990096e+02 4.345302802642670486e+02 4.379770183370667382e+02
4.382161374245809315e-01 2.151029775996972603e+03 9.422846956153625797e+01 5.921361491952120559e+01 1.853404531936325839e+02 1.788698237910703028e+02 2.728029094223779794e+02 3.427274239152027349e+02
4.474417403177299857e-01 2.391940396530333601e+03 3.869303075369225553e+01 3.311267346970043945e+01 8.104060124060924863e+01 1.094081976394268167e+02 1.213787823234429197e+02 1.828528711046164972e+02
4.566673432108790953e-01 2.330689209383891011e+03 1.512452547010707349e+01 1.605099024805758745e+01 3.391717608503859083e+01 6.603335705929112009e+01 5.707888445104754283e+01 1.117271423621282338e+02
4.658929461040280939e-01 2.174494829819782808e+03 6.210940690634743078e+00 6.751264558035472874e+00 1.316990458874852266e+01 4.298615732842336001e+01 2.160831338289972336e+01 6.644974559291040350e+01
4.751185489971772036e-01 1.998749869056944362e+03 1.892721847507573329e+00 2.484007314172686165e+00 3.527767435703708543e+00 2.425428764434695950e+01 4.037835556008076310e+00 3.601771636737021254e+01
4.843441518903262577e-01 1.828355679858135545e+03 1.053759074679874175e-01 5.183133326809183927e-01 1.639031929157681589e-01 1.051316113005532316e+01 2.189626407825926435e-01 1.619754000955481388e+01
4.935697547834753673e-01 1.671392380489403422e+03 9.697516838291448948e-01 1.517506693793848171e+00 1.873811503717206506e+00 4.017764603894875108e+00 2.255168652150814523e+00 1.038257745584155600e+01
5.027953576766244215e-01 1.529384556409058405e+03 1.758358259453871142e+00 1.935456800950305478e+00 4.852178792162021637e+00 5.409203016241690420e+00 5.733733345278551496e+00 1.283384489444279097e+01
5.120209605697735311e-01 1.401813164957725803e+03 2.140911125365391854e+00 2.187725058530986644e+00 9.509312948834349299e+00 6.118445958453321509e+00 9.696361458561341351e+00 1.394914624263037695e+01
5.212465634629225297e-01 1.287514089548861648e+03 2.347650849443652987e+00 2.277500567865445191e+00 1.232276792414972988e+01 6.448886622090412857e+00 1.301525334322309391e+01 1.434255453779383060e+01
5.304721663560716394e-01 1.185096581357101059e+03 2.488224935453899889e+00 2.341219560223180451e+00 1.411936694877908849e+01 6.614000177416983206e+00 1.507048358181168624e+01 1.432572941157673085e+01
5.396977692492206380e-01 1.093217214222618850e+03 2.487897121670130218e+00 2.408546067746328845e+00 1.519969730234947747e+01 6.635914226212207723e+00 1.626867647937024230e+01 1.408497785335521257e+01
5.489233721423698587e-01 1.010603581005803903e+03 2.496070272798988299e+00 2.411595607854223999e+00 1.581306704737914970e+01 6.570977769490923492e+00 1.691846015483076826e+01 1.368734082922151174e+01
5.581489750355188573e-01 9.361823323844677134e+02 2.498754224143226566e+00 2.336158681944198179e+00 1.608176396021087839e+01 6.411292959740308106e+00 1.717668695278655377e+01 1.321969281389624484e+01
5.673745779286679669e-01 8.689905508144697706e+02 2.464617012159351361e+00 2.255488530304774031e+00 1.610805892693667829e+01 6.124711484504700820e+00 1.716612794881564241e+01 1.272018052667613119e+01
5.766001808218169655e-01 8.081849482910508868e+02 2.390743348778414656e+00 2.167351092233161580e+00 1.596742313463278151e+01 5.965708799181356881e+00 1.697456114992280618e+01 1.220881622040474213e+01
5.858257837149661862e-01 7.530357304712797486e+02 2.285761708018753779e+00 2.069133429470070951e+00 1.570984288462716449e+01 5.800654300051746759e+00 1.665940495702182034e+01 1.170121369348805729e+01
5.950513866081151848e-01 7.029060801008375847e+02 2.186735030372688016e+00 2.001485614632201759e+00 1.537257282396240043e+01 5.581422297669860200e+00 1.626239546780266210e+01 1.120553381714933039e+01
6.042769895012642944e-01 6.572415668872897641e+02 2.114416672809966258e+00 1.900768295565171684e+00 1.498210225859691036e+01 5.388129414791819727e+00 1.581271952554379823e+01 1.072685449424466242e+01
6.135025923944132931e-01 6.155644584945245015e+02 2.019328140273955796e+00 1.832588929111352627e+00 1.455146775556477223e+01 5.192703953360705782e+00 1.532497035980702549e+01 1.027414692763716175e+01
6.227281952875624027e-01 5.774392673030228025e+02 1.942415413717640149e+00 1.743447438012481143e+00 1.410692712764705448e+01 4.976597161174481698e+00 1.482622771601108980e+01 9.836490503229697424e+00
6.319537981807114013e-01 5.425048893684412405e+02 1.857356458620074591e+00 1.670878406932160942e+00 1.364875126692470531e+01 4.771798703489366744e+00 1.431717960910748388e+01 9.424184750001813882e+00
6.411794010738606220e-01 5.104344066532488569e+02 1.771035601886865152e+00 1.608352413471095588e+00 1.318526862639191677e+01 4.577964475555290846e+00 1.380630247532030808e+01 9.036103267086900814e+00
6.504050039670096206e-01 4.809362747307679911e+02 1.696187526167477699e+00 1.549837539087491223e+00 1.272755864482951438e+01 4.390924850567330395e+00 1.330337273766031103e+01 8.667247985155825063e+00
6.596306068601587302e-01 4.537582327797957760e+02 1.629909105106719380e+00 1.501397372765381988e+00 1.227960545594356745e+01 4.211930267537582040e+00 1.281092473439383639e+01 8.318039325810900664e+00
6.688562097533077289e-01 4.286737332030289167e+02 1.574625153050135395e+00 1.443188088916826928e+00 1.184391130949308035e+01 4.038613545986322606e+00 1.233379190488994936e+01 7.985304780489343557e+00
6.780818126464568385e-01 4.054888485794259623e+02 1.528322329379875555e+00 1.375837612532677667e+00 1.141670225927111915e+01 3.875756345850277285e+00 1.186870363067458811e+01 7.673060107037088073e+00
6.873074155396059481e-01 3.840252932144797455e+02 1.482139009784248174e+00 1.316893718428786997e+00 1.099817217812881154e+01 3.721605283862857050e+00 1.141823313372645998e+01 7.378832934031777313e+00
6.965330184327550578e-01 3.641227362751539545e+02 1.438450111341353477e+00 1.261371432666976489e+00 1.059510716300684408e+01 3.573004739280690956e+00 1.098585771133821254e+01 7.098798528513043493e+00
7.057586213259040564e-01 3.456420271885477860e+02 1.395619884094628560e+00 1.207001286639410864e+00 1.020662862460881115e+01 3.431041864545989029e+00 1.057045559687537661e+01 6.833424985479950919e+00
7.149842242190531660e-01 3.284565567507221431e+02 1.350759790899928703e+00 1.163709589563666214e+00 9.833924690610388097e+00 3.302382443068722750e+00 1.017296776545055081e+01 6.580914632318240365e+00
7.242098271122021647e-01 3.124567729420068645e+02 1.301753131721511636e+00 1.123403392223679020e+00 9.472790105140518335e+00 3.202562923710900122e+00 9.790163851746683576e+00 6.343513178225862248e+00
7.334354300053513853e-01 2.975411478615316128e+02 1.256316883804458939e+00 1.084678374431575776e+00 9.126435203610014923e+00 3.108358427240943911e+00 9.422175018838458982e+00 6.120026710459001151e+00
7.426610328985003839e-01 2.836167069432195262e+02 1.206319191653449252e+00 1.047500081793089066e+00 8.794553325339677485e+00 3.017664415367505626e+00 9.070659672553517794e+00 5.907694139846910275e+00
7.518866357916494936e-01 2.705981863871415953e+02 1.163477577332400870e+00 1.008478267423981833e+00 8.477305022690188707e+00 2.927071022332768280e+00 8.738540110870872013e+00 5.702511514471041210e+00
7.611122386847984922e-01 2.584170818358034012e+02 1.122526397388185160e+00 9.725566511164629446e-01 8.172266029368131512e+00 2.841934402464858067e+00 8.419916075318951698e+00 5.509296810170582148e+00
7.703378415779476018e-01 2.470050402244479244e+02 1.080326199120264619e+00 9.383439894610035026e-01 7.880561260516486755e+00 2.760661329666930897e+00 8.115816112079642153e+00 5.325968652940929360e+00
7.795634444710966005e-01 2.363003176676916723e+02 1.044408429074877631e+00 9.030694989476444334e-01 7.603011191270354630e+00 2.681948126538173938e+00 7.827587931349029304e+00 5.150780002858425632e+00
7.887890473642458211e-01 2.262477145409893637e+02 1.016036374934770947e+00 8.686692039036074675e-01 7.346516741174553999e+00 2.605400512723008433e+00 7.560914441739328140e+00 4.982933334006446557e+00
7.980146502573948197e-01 2.167990930397922966e+02 9.861699850796696865e-01 8.393223722385982910e-01 7.105256159606170741e+00 2.532652760912952772e+00 7.312547249885369638e+00 4.823695642257007421e+00
8.072402531505439294e-01 2.079098137963388808e+02 9.582846899653532091e-01 8.167692770571477467e-01 6.867374875244991017e+00 2.464333898946733825e+00 7.074599620759187246e+00 4.673360964545992147e+00
8.164658560436929280e-01 1.995362491169728969e+02 9.263351412938902740e-01 7.942485803213514828e-01 6.642202179398282169e+00 2.398048044763044118e+00 6.838570981897760248e+00 4.529227445088224613e+00
8.256914589368421487e-01 1.916416369575934766e+02 8.945255097995072902e-01 7.684124219412638013e-01 6.428338714624658223e+00 2.334641140092713840e+00 6.621949864850989798e+00 4.391861167416948319e+00
8.349170618299911473e-01 1.841908840496127482e+02 8.638269109625014153e-01 7.424935163310522057e-01 6.226343070140131886e+00 2.272491861028981930e+00 6.418859701124347339e+00 4.260262109228278860e+00
8.441426647231402569e-01 1.771517900993174521e+02 8.354442014680785178e-01 7.140364868678545918e-01 6.036636632435403271e+00 2.207945838042093101e+00 6.222002434407585270e+00 4.133410113550496590e+00
8.533682676162892555e-01 1.704968220475624321e+02 8.069864528886512289e-01 6.859686036254686314e-01 5.857648157463188454e+00 2.146400934518311487e+00 6.036741788070855819e+00 4.012324997083425160e+00
8.625938705094383652e-01 1.641987322826172999e+02 7.827941065519610220e-01 6.622488575099509944e-01 5.689940410728951292e+00 2.091963198652138090e+00 5.867329647836811546e+00 3.895939131352065488e+00
8.718194734025873638e-01 1.582361905942572378e+02 7.540980274546029705e-01 6.413630929579596796e-01 5.530350571548041216e+00 2.032086465946036924e+00 5.722757207919983102e+00 3.786956117721018700e+00
8.810450762957365844e-01 1.525843857150628082e+02 7.292787306834611627e-01 6.263369278632637815e-01 5.381185293263428093e+00 1.978351016571650689e+00 5.586040517617959722e+00 3.682654729377048852e+00
8.902706791888855831e-01 1.472217711708839261e+02 7.065137352645081137e-01 6.089814487645242025e-01 5.243292856976950134e+00 1.922727772862742768e+00 5.453624541858943076e+00 3.581815730282727372e+00
8.994962820820346927e-01 1.421317455208220508e+02 6.819318471863766717e-01 5.909072685954583903e-01 5.114181650217773267e+00 1.870785121937501572e+00 5.336069086148597762e+00 3.486564164712945058e+00
9.087218849751836913e-01 1.372939635276369756e+02 6.576055825881041983e-01 5.759131053370367681e-01 4.990337496872172096e+00 1.819541551451266059e+00 5.236592590874437292e+00 3.393825849244336723e+00
9.179474878683329120e-01 1.326940299715151355e+02 6.340201095439681467e-01 5.539423433449144341e-01 4.876313542483757146e+00 1.770591421545248068e+00 5.148291411063553369e+00 3.305151693724212691e+00
9.271730907614816886e-01 1.283161773168377522e+02 6.110192693760154725e-01 5.343783337751943918e-01 4.780778541468549747e+00 1.722695531959502091e+00 5.072090878810257664e+00 3.219512735114534507e+00
9.363986936546309092e-01 1.241472279135534222e+02 5.949546439914712437e-01 5.182113568571509177e-01 4.690214514133344892e+00 1.663840179704180855e+00 5.007474570268186653e+00 3.137368033255341970e+00
9.456242965477800189e-01 1.201753454650117305e+02 5.785097233799376681e-01 5.047984222473473892e-01 4.605157629754188520e+00 1.600926359428996193e+00 4.953637136528371343e+00 3.059511448734511418e+00
9.548498994409290175e-01 1.163873178859878124e+02 5.653062342255168460e-01 4.926320529083056954e-01 4.530470909791205258e+00 1.539396291945934081e+00 4.912210215538863167e+00 2.984440559588492192e+00
9.640755023340780161e-01 1.127722939045117414e+02 5.604657437758504557e-01 4.816807898562700530e-01 4.465999109836758407e+00 1.504211834909142453e+00 4.884499196742410732e+00 2.912171068375101868e+00
9.733011052272271257e-01 1.093207789243111279e+02 5.420670498680664195e-01 4.712270184044626831e-01 4.411179194999462538e+00 1.474253247302812042e+00 4.868806955075399401e+00 2.843303096885549053e+00
9.825267081203763464e-01 1.060230696634286858e+02 5.297725543195070941e-01 4.620707094285023686e-01 4.369957765524944193e+00 1.435792840867335940e+00 4.865629401236759577e+00 2.777519662011172841e+00
9.917523110135253450e-01 1.028699140737319624e+02 5.208213895690363415e-01 4.536349787410642875e-01 4.342760084472175208e+00 1.384829853651709186e+00 4.872341719727344866e+00 2.714304525922671019e+00
1.000977913906674344e+00 9.985367368199335658e+01 4.973173300922439921e-01 4.563801101165267937e-01 4.325699659624120841e+00 1.335749188900720696e+00 4.890131839167096928e+00 2.654157171465556075e+00
1.010203516799823564e+00 9.696479633276450727e+01 4.840301272614482286e-01 4.508834550658349372e-01 4.320866871137098997e+00 1.298403836529089972e+00 4.926396914651007819e+00 2.595113424592383922e+00
1.019429119692972563e+00 9.419894590586991967e+01 4.699474138893577901e-01 4.522681283644942596e-01 4.325658874001348408e+00 1.276884095767456984e+00 4.975391266886759922e+00 2.539918778150337175e+00
1.028654722586121562e+00 9.154835213004585626e+01 4.619642889737605174e-01 4.438753311033423188e-01 4.341378092374739595e+00 1.262874841558584649e+00 5.038649918603525180e+00 2.487417967205445279e+00
1.037880325479270560e+00 8.900535271336514143e+01 4.462421494685031576e-01 4.385983290567878612e-01 4.369639080790605590e+00 1.248966916571575325e+00 5.118068409422249943e+00 2.436133398751778145e+00
1.047105928372419781e+00 8.656346451643108253e+01 4.325006585184780761e-01 4.344024437943829753e-01 4.411446103114585071e+00 1.235087271483607196e+00 5.214796041138484384e+00 2.385369503079260767e+00
1.056331531265569001e+00 8.421857267411148484e+01 4.290264953993982999e-01 4.310364734568850054e-01 4.465746099043798267e+00 1.211951568180722916e+00 5.328013314163143832e+00 2.336432217826796887e+00
1.065557134158718000e+00 8.196458503628639392e+01 4.196242034724946279e-01 4.400298001902029910e-01 4.531373179819823349e+00 1.192925250873756227e+00 5.459245766604539085e+00 2.288311248645868545e+00
1.074782737051866999e+00 7.980120531026607011e+01 4.073222784211623093e-01 4.305228576328943291e-01 4.602953015907331746e+00 1.180643166610636285e+00 5.604560424371371141e+00 2.245478734508395746e+00
1.084008339945015997e+00 7.772066883264426451e+01 3.947261209108035018e-01 4.234750138598286640e-01 4.687566170535404808e+00 1.158104297182063647e+00 5.767800530706367113e+00 2.198251811108477227e+00
1.093233942838165218e+00 7.571834136052072495e+01 3.909345157317858366e-01 4.181996077716831905e-01 4.785941486223592278e+00 1.136271416132984768e+00 5.949957763641293695e+00 2.132240690335038380e+00
1.102459545731314217e+00 7.378837013136316614e+01 3.785820103871913034e-01 4.113921925931833812e-01 4.900283452791285299e+00 1.115110607302270296e+00 6.153492291211136944e+00 2.065666534310949487e+00
1.111685148624463215e+00 7.192996238705823941e+01 3.668743337965736373e-01 4.056895972338594447e-01 5.027969822877764727e+00 1.095243638913487416e+00 6.376025068719414435e+00 2.038151541503083308e+00
1.120910751517612436e+00 7.013904920667246756e+01 3.635510427054384763e-01 3.936110026991030963e-01 5.169864315238484664e+00 1.070991146978556685e+00 6.618644136216843776e+00 2.020424597323525973e+00
1.130136354410761435e+00 6.841280285742618616e+01 3.602840244464289299e-01 3.854626624385133482e-01 5.325775925089885732e+00 1.056353183077618496e+00 6.881356316824451369e+00 2.005284482706258586e+00
1.139361957303910433e+00 6.674764731697256082e+01 3.559401722786930122e-01 3.845412020032910050e-01 5.496424921824171861e+00 1.038390827818517437e+00 7.165044288128939343e+00 1.992075797568531925e+00
1.148587560197059654e+00 6.513835419881712596e+01 3.505254518096734273e-01 3.772621394441557641e-01 5.684323041536686105e+00 1.017429128291041707e+00 7.472336446695848622e+00 1.961913587405774706e+00
1.157813163090208652e+00 6.358705383821611434e+01 3.421150091908913282e-01 3.761720063273941150e-01 5.884737864727050294e+00 1.003483504529206982e+00 7.798559502514557096e+00 1.936563128610337969e+00
1.167038765983357873e+00 6.208796429293266073e+01 3.285821295449551371e-01 3.780335144640076805e-01 6.100938384910712386e+00 9.994061574126007486e-01 8.146970805884386380e+00 1.912908835680703135e+00
1.176264368876506872e+00 6.063612861989142999e+01 3.280623612748669871e-01 3.794198529119015006e-01 6.335431185353222361e+00 1.030393297543277242e+00 8.519979891004986428e+00 1.905120331630854480e+00
1.185489971769655870e+00 5.923117612313541258e+01 3.247457580891293105e-01 3.774074681263996922e-01 6.586171332437317005e+00 1.068741019610229159e+00 8.915343505367999910e+00 1.918872586794826418e+00
1.194715574662805091e+00 5.787021684329574356e+01 3.268406269834613909e-01 3.743495903499294286e-01 6.853638554545831596e+00 1.072309789129604951e+00 9.333224973947729097e+00 1.933752817106693556e+00
1.203941177555954090e+00 5.655540231628990711e+01 3.275721490182732509e-01 3.819504278122920482e-01 7.133245564458334798e+00 1.080369505009052489e+00 9.768585183307955333e+00 1.949486367184434243e+00
1.213166780449103088e+00 5.528030411905905339e+01 3.222789981283895600e-01 3.908015086811147398e-01 7.428926953008776479e+00 1.089017885498215321e+00 1.022475421441120602e+01 1.965251390101222739e+00
1.222392383342252087e+00 5.404457871857301399e+01 3.191928758942950139e-01 3.973416617525700190e-01 7.738440157809861830e+00 1.097275783453575571e+00 1.069871592624919998e+01 1.972678900663126456e+00
1.231617986235401307e+00 5.284523497530339142e+01 3.212298210392461328e-01 4.025018357537319957e-01 8.062062265583577414e+00 1.103365845075281015e+00 1.118979026007504984e+01 1.962449034608113152e+00
1.240843589128550528e+00 5.168064433707900207e+01 3.224658012044869793e-01 4.053918063731671850e-01 8.398542826470666967e+00 1.105808973926784233e+00 1.169557466959469849e+01 1.972042856831613733e+00
1.250069192021699527e+00 5.055000616050949702e+01 3.248639509079964682e-01 4.134223688247473660e-01 8.745579610693489769e+00 1.124508771949130903e+00 1.221243399825448250e+01 2.009878288364333798e+00
1.259294794914848525e+00 4.945144196157719563e+01 3.304651084373446679e-01 4.241329254120316250e-01 9.101727248329218867e+00 1.133279685374908752e+00 1.273736704494677241e+01 2.086281236645625370e+00
1.268520397807997524e+00 4.838278908566577030e+01 3.284335882113396110e-01 4.357649843956394875e-01 9.465559441392180418e+00 1.134713623650249303e+00 1.326718158547935644e+01 2.147025882764587834e+00
1.277746000701146745e+00 4.734341372972565409e+01 3.323433137802922488e-01 4.419351581392092498e-01 9.833788116080732777e+00 1.179902573442888070e+00 1.379666027510594972e+01 2.189059223264294474e+00
1.286971603594295521e+00 4.633461184171864033e+01 3.396890957069373940e-01 4.566415364308298308e-01 1.020084187468532377e+01 1.204788718881694365e+00 1.431815120309811817e+01 2.238230124749755134e+00
1.296197206487444742e+00 4.534737156502484368e+01 3.433737806077985510e-01 4.669835729290383597e-01 1.057106997570161866e+01 1.227855950433692556e+00 1.483381145706729143e+01 2.287223801344417495e+00
1.305422809380593963e+00 4.438509573802132024e+01 3.442380357148593362e-01 4.810609575309570118e-01 1.093596193727218235e+01 1.261910567486538071e+00 1.533290669486981272e+01 2.317963260545759852e+00
1.314648412273742961e+00 4.344847326394494047e+01 3.473784746875807627e-01 5.087723088154376683e-01 1.128893414277231955e+01 1.298649494375951008e+00 1.580697863235528189e+01 2.386960358391341686e+00
1.323874015166892182e+00 4.253175984907556995e+01 3.520503498309395241e-01 5.244705131668183640e-01 1.163003453532113696e+01 1.324282691595101369e+00 1.625361962602088539e+01 2.459617245045009781e+00
1.333099618060040958e+00 4.163172756235827876e+01 3.649685641091053867e-01 5.390496654339784754e-01 1.195600554596465770e+01 1.354625316605918783e+00 1.666759330607843737e+01 2.532630218056247884e+00
1.342325220953190179e+00 4.075387014341743708e+01 3.904102575265255837e-01 5.581163965966666751e-01 1.225893955571908833e+01 1.393441060969429657e+00 1.703471132902693341e+01 2.609693222419934955e+00
1.351550823846339400e+00 3.989624695920690556e+01 4.033258062876683425e-01 5.775981235642646539e-01 1.253239390378526963e+01 1.440402010566074864e+00 1.734807890500914596e+01 2.712717898128268246e+00
1.360776426739488176e+00 3.905598739442508105e+01 4.234505263691659138e-01 6.021543379463949464e-01 1.274862392368495279e+01 1.484028375160924895e+00 1.760168155006940083e+01 2.815327284818870623e+00
1.370002029632637397e+00 3.823175703600264796e+01 4.586118672289529741e-01 6.246689682174277891e-01 1.292122767105931302e+01 1.545016282909053018e+00 1.778800490717313920e+01 2.927051888579661920e+00
1.379227632525786396e+00 3.742247020064621665e+01 4.906702958428965644e-01 6.553152390082033207e-01 1.298624707207571305e+01 1.619440240892757288e+00 1.788579490609516398e+01 3.048875015774648034e+00
1.388453235418935616e+00 3.663111374097591977e+01 5.126795210579047080e-01 6.927022380889411579e-01 1.302317426753864282e+01 1.696755395485055828e+00 1.787273860014205695e+01 3.185875323793887048e+00
1.397678838312084837e+00 3.584607923277671659e+01 5.361220206709944591e-01 7.231193833359697010e-01 1.301857121444088250e+01 1.777507275855782609e+00 1.777127634881487239e+01 3.328573986443167598e+00
1.406904441205233613e+00 3.507636517155420819e+01 5.743157266205258793e-01 7.668539775714720008e-01 1.292901222626544211e+01 1.877344393594519545e+00 1.756387406672085660e+01 3.488072186123559959e+00
1.416130044098382834e+00 3.432333269850593638e+01 6.056708134014030520e-01 8.097687001389175521e-01 1.272565893533930392e+01 1.970144585476617749e+00 1.724073814959534445e+01 3.667804249816857265e+00
1.425355646991532055e+00 3.358064400559355533e+01 6.423184625499445133e-01 8.520856969321783936e-01 1.237214333793279053e+01 2.084594435516024191e+00 1.679980099940454608e+01 3.863299239732420176e+00
1.434581249884680831e+00 3.285199637368140912e+01 6.850908282370014035e-01 8.984593620097101052e-01 1.184308192187413766e+01 2.207657515906852552e+00 1.622890078379944612e+01 4.079684112778345195e+00
1.443806852777830052e+00 3.214243122000332420e+01 7.482970918361147028e-01 9.438868829118405301e-01 1.111592293845639290e+01 2.347202608580019501e+00 1.551440779091820588e+01 4.322619736139898805e+00
1.453032455670979051e+00 3.145291761862335278e+01 8.161803238638043467e-01 1.023339573254006041e+00 1.023316048048911853e+01 2.487692568612473565e+00 1.468875378084004524e+01 4.592229809578746824e+00
1.462258058564128271e+00 3.079140923363990368e+01 9.284223933079758240e-01 1.085688647769746495e+00 9.174963937229435373e+00 2.634199281359290268e+00 1.377191539277658450e+01 4.893002589034800565e+00
1.471483661457277492e+00 3.017016293660943660e+01 1.007433749646320820e+00 1.161491513462525660e+00 7.813618223214191971e+00 2.823307439313072820e+00 1.305931354672291889e+01 5.229107750196110516e+00
1.480709264350426269e+00 2.961485769330220563e+01 1.106297315718460794e+00 1.239274246432970017e+00 6.345045127060792822e+00 3.102506687539975161e+00 1.171787200063617718e+01 5.610429912783441608e+00
1.489934867243575489e+00 2.917050052540937344e+01 1.283374962673992314e+00 1.356030640588393510e+00 5.471060408701482913e+00 3.441732625474394069e+00 1.011337243847113854e+01 6.032100045668364885e+00
1.499160470136724488e+00 2.886915463272981697e+01 1.446491516209693629e+00 1.457691340077708730e+00 5.067962542480003663e+00 3.704675290327617887e+00 8.458045825282461294e+00 6.258991177279074947e+00
1.508386073029873486e+00 2.882324290923680721e+01 1.526154739469799182e+00 1.574982298925291957e+00 5.082636468304752242e+00 4.188447780560625944e+00 9.746326078681502025e+00 6.785739064654357833e+00
1.517611675923022485e+00 2.921508354952941033e+01 1.731984633218726088e+00 1.943453567552708705e+00 5.567157246527514758e+00 4.580498199669790438e+00 1.170579866984316197e+01 6.834477094588436330e+00
1.526837278816171706e+00 3.027625614847498170e+01 1.951384990714299050e+00 2.279992698102475401e+00 6.429807864377078630e+00 5.388999933248758367e+00 1.319155211515996129e+01 8.078659327805709722e+00
1.536062881709320926e+00 3.229772748816453287e+01 2.185399842001686466e+00 2.835971406164780717e+00 6.992553919932085194e+00 7.590945702133687689e+00 1.250940211707460747e+01 9.125829962874199452e+00
1.545288484602469925e+00 3.491167624200986097e+01 2.012327028997823675e+00 3.088997817735343432e+00 6.731250375904309635e+00 9.812944532381859375e+00 1.008365635457600007e+01 1.118246919556474950e+01
1.554514087495618924e+00 3.592719395802475901e+01 1.979971833637556244e+00 3.312659847666097335e+00 6.182713531136627694e+00 1.052323131318662774e+01 8.804740576198646806e+00 1.255048487429846915e+01
1.563739690388767922e+00 3.201555561560202534e+01 2.450360462133915007e+00 3.325813231071556686e+00 6.834365427547687943e+00 7.978362855246661667e+00 1.023787994776066057e+01 1.356941371422139753e+01
1.572965293281917143e+00 2.363582862543190544e+01 3.242437752539931495e+00 2.691910100808510009e+00 9.160599157436479345e+00 6.430468714726636392e+00 1.746923518857856550e+01 1.048169251836351812e+01
1.582190896175066142e+00 1.483998551593391291e+01 3.003826908216394642e+00 1.382231510151580522e+00 1.596357222385345587e+01 3.390532703133624537e+00 3.301552945288116092e+01 5.453953317031908554e+00
1.591416499068215140e+00 1.062280035407709988e+01 2.387008201138174357e+00 7.665785863904766018e-01 2.460547188036112942e+01 2.126669293889220214e+00 4.290113257240002298e+01 3.871197741799675462e+00
1.600642101961364361e+00 1.476791315238865820e+01 3.906589313380251838e+00 3.099828525819503966e+00 2.675302211379007389e+01 6.061859546589360548e+00 4.285714325210130227e+01 9.398460804618444797e+00
1.609867704854513359e+00 2.586604457211456776e+01 3.671811316503482914e+00 3.876121635002267141e+00 2.162849873108938681e+01 9.836670950518524137e+00 3.433495060232979768e+01 1.650848209006214518e+01
1.619093307747662580e+00 3.443857492928196962e+01 2.097457629969532888e+00 2.933706156191597358e+00 1.793283656455663078e+01 7.683969064347952127e+00 2.710743183990539507e+01 1.142942446268968837e+01
1.628318910640811579e+00 3.784199579802686486e+01 1.207964104159145791e+00 1.528233804471483381e+00 1.802099577001620645e+01 5.169897941120972007e+00 2.420606106925847456e+01 7.902557799666634963e+00
1.637544513533960577e+00 3.832926566130079493e+01 8.044388692748185576e-01 9.112195289325910608e-01 1.972614829440449569e+01 3.150492845602911984e+00 2.357661873359489135e+01 5.792470549925930356e+00
1.646770116427109798e+00 3.765326842514959083e+01 8.440809439555678750e-01 6.727292207666408785e-01 2.128684727919505093e+01 1.867384209534769468e+00 2.376334886508878697e+01 4.249908613669923341e+00
1.655995719320258575e+00 3.661084838708713107e+01 9.545358525963010266e-01 6.162648174149794045e-01 2.239766248578198571e+01 1.930449128908016121e+00 2.408528336567618311e+01 3.945566013392848959e+00
1.665221322213407795e+00 3.548530248631674766e+01 1.061804757182315484e+00 6.131606819086385940e-01 2.332005027096305128e+01 1.988422121947785115e+00 2.437706904573977340e+01 4.104685737176648530e+00
1.674446925106557016e+00 3.440046038532010186e+01 1.087248279220013103e+00 6.174156342909498107e-01 2.372774466924464321e+01 2.151687165074399388e+00 2.470662525127159626e+01 4.075998421592650800e+00
1.683672527999706015e+00 3.338479941330764689e+01 1.079161230608995936e+00 6.341599325418769695e-01 2.389499423514045162e+01 2.155213046612871608e+00 2.479479415783946195e+01 3.954161526134623017e+00
1.692898130892855235e+00 3.244610939827450125e+01 1.084848209233960858e+00 6.459188806384759118e-01 2.387631774146458952e+01 2.097722685574460399e+00 2.473738502883983159e+01 3.802431744488597332e+00
1.702123733786004012e+00 3.158072412848138200e+01 1.061086639460032899e+00 6.439827499831736191e-01 2.367782953052146055e+01 2.015528638224655111e+00 2.457345683815459481e+01 3.639616362927387883e+00
1.711349336679153232e+00 3.078809957387326790e+01 1.034395294370145990e+00 6.314621367261814555e-01 2.339632437465112957e+01 1.962903286945110182e+00 2.432670336939258249e+01 3.481928509826303753e+00
1.720574939572302453e+00 3.006096684866636082e+01 1.020380129273931402e+00 6.132566636964043028e-01 2.306997566183206771e+01 1.916999463172402329e+00 2.401944289440420732e+01 3.334694057500129816e+00
1.729800542465451230e+00 2.937641556385837305e+01 1.009464096932131127e+00 5.848200681572883752e-01 2.272666823367505629e+01 1.855165793613721803e+00 2.368424050736486208e+01 3.184585459064827262e+00
1.739026145358600450e+00 2.874184896075028561e+01 9.833942889126880971e-01 5.688854549693793672e-01 2.236181336415593890e+01 1.761090569314106347e+00 2.331975076655553991e+01 3.046396392199131498e+00
1.748251748251749449e+00 2.814993574522621600e+01 9.637495334741181807e-01 5.393375092407559634e-01 2.198594153601791135e+01 1.700179868491794366e+00 2.293696091525642089e+01 2.918572941526591080e+00
1.757477351144898670e+00 2.759725943392759007e+01 9.312643599962129315e-01 5.249075525905197992e-01 2.160458690336393062e+01 1.648326046085049512e+00 2.254133838026062620e+01 2.802274365694913172e+00
1.766702954038047890e+00 2.708012034689089731e+01 8.956666326325759542e-01 5.100131810957613254e-01 2.121688152816949113e+01 1.604970044907460647e+00 2.213756241849901940e+01 2.697470066435062819e+00
1.775928556931196667e+00 2.659077057270647160e+01 8.654101625970582745e-01 4.912333120754510674e-01 2.083046386793270344e+01 1.566795216288888071e+00 2.173364822954364328e+01 2.599388508719524538e+00
1.785154159824345887e+00 2.612884579642201999e+01 8.349991098716209592e-01 4.766770266927871091e-01 2.043841767223231898e+01 1.513618294282299104e+00 2.132975785137104197e+01 2.510106143090691688e+00
1.794379762717494886e+00 2.568922155071820868e+01 8.140005958642824169e-01 4.573580044053677796e-01 2.004082109041099358e+01 1.469985361343045582e+00 2.093050862501301879e+01 2.426520411864839133e+00
1.803605365610643885e+00 2.526965320024154593e+01 7.882393819422226500e-01 4.442832021693021716e-01 1.966409504547892695e+01 1.432151415960429830e+00 2.053744530840504368e+01 2.348077533982110054e+00
1.812830968503793105e+00 2.486822796153843740e+01 7.559080071849635374e-01 4.304936818180955527e-01 1.929444186006524120e+01 1.394583824689977547e+00 2.015166445087820080e+01 2.274291296232004100e+00
1.822056571396942104e+00 2.448107881061250524e+01 7.361276972911561245e-01 4.150270933364410553e-01 1.892570342218674639e+01 1.356255535411538204e+00 1.977615251731108614e+01 2.202508281587981287e+00
1.831282174290091325e+00 2.411099126172929630e+01 7.162427099037600442e-01 4.038615511794816371e-01 1.855641417721538033e+01 1.321324512742030777e+00 1.940721443329975671e+01 2.136554490213342206e+00
1.840507777183240323e+00 2.375769098341587338e+01 6.955792198404751048e-01 3.997903330437040381e-01 1.819451456343940876e+01 1.290695791946923521e+00 1.904420978610220416e+01 2.077054179105950027e+00
