1.6939e+00 8.5594e+00
2.3685e+00 7.5425e-03
3.5764e+04 1.2814e+05
-4.8106e-01 1.7651e+00
-2.1629e+03 2.5552e+04
3.5078e+00 8.2268e-03
5.4737e+04 5.5302e+05
-4.7066e-01 3.4537e+00
1.5132e-03 1.8394e-01
-3.9848e+02 4.3961e+03
7.1182e-01 1.1862e+01
3.5479e+00 1.4558e-02
4.7430e+04 5.3330e+05
1.0138e+00 8.1400e+00
1.0089e+00 1.1042e+01
1.0120e+00 6.8216e+00
1.0707e+00 1.1439e+01
1.0672e+00 1.0830e+01
1.1066e+00 1.0032e+01
8.7940e-01 9.7479e+00
1.0942e+00 1.1029e+01
8.0342e-01 1.0296e+01
8.0997e-01 9.1193e+00
1.2585e+00 1.1344e+01
1.1004e+00 1.2030e+01
1.1419e+00 1.0668e+01
1.0803e+00 1.2043e+01
1.0392e+00 1.1854e+01
