1.7825e+00 2.1031e+01
2.3696e+00 6.4548e-03
3.6219e+04 4.2145e+05
-4.9688e-01 5.1290e+00
-4.6109e+01 1.3859e+04
3.5055e+00 6.4644e-03
5.4155e+04 6.4033e+05
-5.0638e-01 6.8435e+00
8.8269e-05 1.7620e-01
-8.7358e+02 2.6762e+03
7.8693e-01 7.7393e+04
3.5472e+00 6.4641e-03
4.7167e+04 5.5324e+05
1.0175e+00 1.1744e+01
1.0124e+00 1.1745e+01
1.0071e+00 1.1746e+01
1.0871e+00 1.1727e+01
1.0792e+00 1.1729e+01
1.1497e+00 1.1712e+01
9.3552e-01 1.1763e+01
1.3141e+00 1.1673e+01
8.6892e-01 1.1779e+01
8.5836e-01 1.1782e+01
1.2817e+00 1.1681e+01
1.1267e+00 1.1718e+01
1.1665e+00 1.1708e+01
1.2251e+00 1.1694e+01
1.0517e+00 1.1736e+01
