1.5800e+02 -0.0000e+00 -0.0000e+00 0.0000e+00 -0.0000e+00 -0.0000e+00 -0.0000e+00 0.0000e+00 -0.0000e+00 0.0000e+00 -0.0000e+00 -0.0000e+00 0.0000e+00 0.0000e+00 -0.0000e+00 -0.0000e+00 0.0000e+00 0.0000e+00 0.0000e+00 0.0000e+00 -0.0000e+00 0.0000e+00 0.0000e+00 0.0000e+00 0.0000e+00 0.0000e+00 0.0000e+00 -0.0000e+00
-0.0000e+00 4.9400e-05 1.0000e-05 -0.0000e+00 -0.0000e+00 -0.0000e+00 -0.0000e+00 0.0000e+00 -0.0000e+00 0.0000e+00 -0.0000e+00 -0.0000e+00 1.0000e-05 0.0000e+00 -0.0000e+00 -0.0000e+00 -0.0000e+00 -0.0000e+00 -0.0000e+00 -0.0000e+00 -0.0000e+00 -0.0000e+00 -0.0000e+00 -0.0000e+00 -0.0000e+00 -0.0000e+00 -0.0000e+00 -0.0000e+00
-0.0000e+00 1.0000e-05 6.4300e+10 0.0000e+00 0.0000e+00 2.0000e-05 0.0000e+00 -0.0000e+00 0.0000e+00 -0.0000e+00 0.0000e+00 2.0000e-05 -0.0000e+00 -0.0000e+00 0.0000e+00 0.0000e+00 0.0000e+00 -0.0000e+00 0.0000e+00 0.0000e+00 0.0000e+00 0.0000e+00 0.0000e+00 -0.0000e+00 0.0000e+00 0.0000e+00 0.0000e+00 0.0000e+00
0.0000e+00 -0.0000e+00 0.0000e+00 1.0800e+01 -0.0000e+00 -0.0000e+00 -0.0000e+00 0.0000e+00 -0.0000e+00 0.0000e+00 -0.0000e+00 -0.0000e+00 0.0000e+00 0.0000e+00 -0.0000e+00 -0.0000e+00 -0.0000e+00 0.0000e+00 -0.0000e+00 0.0000e+00 -0.0000e+00 0.0000e+00 -0.0000e+00 0.0000e+00 -0.0000e+00 -0.0000e+00 -0.0000e+00 -0.0000e+00
-0.0000e+00 -0.0000e+00 0.0000e+00 -0.0000e+00 2.6700e+06 -0.0000e+00 -0.0000e+00 0.0000e+00 -0.0000e+00 0.0000e+00 -0.0000e+00 -0.0000e+00 0.0000e+00 0.0000e+00 0.0000e+00 -0.0000e+00 -0.0000e+00 -0.0000e+00 -0.0000e+00 -0.0000e+00 -0.0000e+00 -0.0000e+00 -0.0000e+00 0.0000e+00 -0.0000e+00 -0.0000e+00 -0.0000e+00 -0.0000e+00
-0.0000e+00 -0.0000e+00 2.0000e-05 -0.0000e+00 -0.0000e+00 4.9500e-05 -1.0000e-05 0.0000e+00 0.0000e+00 -0.0000e+00 -0.0000e+00 0.0000e+00 1.0000e-05 0.0000e+00 -0.0000e+00 -0.0000e+00 -0.0000e+00 -0.0000e+00 -0.0000e+00 -0.0000e+00 -0.0000e+00 -0.0000e+00 -0.0000e+00 0.0000e+00 -0.0000e+00 -0.0000e+00 -0.0000e+00 -0.0000e+00
-0.0000e+00 -0.0000e+00 0.0000e+00 -0.0000e+00 -0.0000e+00 -1.0000e-05 1.4600e+11 0.0000e+00 0.0000e+00 0.0000e+00 -0.0000e+00 3.0000e-05 0.0000e+00 0.0000e+00 -0.0000e+00 -0.0000e+00 -0.0000e+00 -0.0000e+00 -0.0000e+00 -0.0000e+00 -0.0000e+00 0.0000e+00 -0.0000e+00 0.0000e+00 -0.0000e+00 -0.0000e+00 -0.0000e+00 -0.0000e+00
0.0000e+00 0.0000e+00 -0.0000e+00 0.0000e+00 0.0000e+00 0.0000e+00 0.0000e+00 1.4600e+01 -0.0000e+00 -0.0000e+00 -0.0000e+00 0.0000e+00 -0.0000e+00 -0.0000e+00 -0.0000e+00 0.0000e+00 0.0000e+00 0.0000e+00 0.0000e+00 0.0000e+00 -0.0000e+00 -0.0000e+00 0.0000e+00 -0.0000e+00 0.0000e+00 0.0000e+00 0.0000e+00 0.0000e+00
-0.0000e+00 -0.0000e+00 0.0000e+00 -0.0000e+00 -0.0000e+00 0.0000e+00 0.0000e+00 -0.0000e+00 6.4900e-05 0.0000e+00 -0.0000e+00 -0.0000e+00 0.0000e+00 0.0000e+00 -0.0000e+00 -0.0000e+00 -0.0000e+00 -0.0000e+00 -0.0000e+00 -0.0000e+00 -0.0000e+00 0.0000e+00 -0.0000e+00 0.0000e+00 -0.0000e+00 -0.0000e+00 -0.0000e+00 0.0000e+00
0.0000e+00 0.0000e+00 -0.0000e+00 0.0000e+00 0.0000e+00 -0.0000e+00 0.0000e+00 -0.0000e+00 0.0000e+00 8.4900e+06 0.0000e+00 0.0000e+00 -0.0000e+00 -0.0000e+00 -0.0000e+00 0.0000e+00 0.0000e+00 0.0000e+00 0.0000e+00 0.0000e+00 0.0000e+00 -0.0000e+00 0.0000e+00 -0.0000e+00 0.0000e+00 0.0000e+00 0.0000e+00 0.0000e+00
-0.0000e+00 -0.0000e+00 0.0000e+00 -0.0000e+00 -0.0000e+00 -0.0000e+00 -0.0000e+00 -0.0000e+00 -0.0000e+00 0.0000e+00 2.5400e+05 0.0000e+00 0.0000e+00 0.0000e+00 -0.0000e+00 -0.0000e+00 -0.0000e+00 -0.0000e+00 -0.0000e+00 -0.0000e+00 -0.0000e+00 0.0000e+00 -0.0000e+00 -0.0000e+00 -0.0000e+00 -0.0000e+00 -0.0000e+00 -0.0000e+00
-0.0000e+00 -0.0000e+00 2.0000e-05 -0.0000e+00 -0.0000e+00 0.0000e+00 3.0000e-05 0.0000e+00 -0.0000e+00 0.0000e+00 0.0000e+00 4.9500e-05 -8.0000e-05 -0.0000e+00 0.0000e+00 0.0000e+00 -0.0000e+00 -0.0000e+00 -0.0000e+00 -0.0000e+00 -0.0000e+00 -0.0000e+00 -0.0000e+00 0.0000e+00 -0.0000e+00 -0.0000e+00 -0.0000e+00 -0.0000e+00
0.0000e+00 1.0000e-05 -0.0000e+00 0.0000e+00 0.0000e+00 1.0000e-05 0.0000e+00 -0.0000e+00 0.0000e+00 -0.0000e+00 0.0000e+00 -8.0000e-05 1.1000e+11 -0.0000e+00 -0.0000e+00 0.0000e+00 0.0000e+00 0.0000e+00 0.0000e+00 0.0000e+00 0.0000e+00 0.0000e+00 0.0000e+00 -0.0000e+00 0.0000e+00 0.0000e+00 0.0000e+00 0.0000e+00
0.0000e+00 0.0000e+00 -0.0000e+00 0.0000e+00 0.0000e+00 0.0000e+00 0.0000e+00 -0.0000e+00 0.0000e+00 -0.0000e+00 0.0000e+00 -0.0000e+00 -0.0000e+00 5.0400e+01 -0.0000e+00 0.0000e+00 0.0000e+00 0.0000e+00 0.0000e+00 0.0000e+00 0.0000e+00 0.0000e+00 0.0000e+00 -0.0000e+00 0.0000e+00 0.0000e+00 0.0000e+00 0.0000e+00
-0.0000e+00 -0.0000e+00 0.0000e+00 -0.0000e+00 0.0000e+00 -0.0000e+00 -0.0000e+00 -0.0000e+00 -0.0000e+00 -0.0000e+00 -0.0000e+00 0.0000e+00 -0.0000e+00 -0.0000e+00 5.0100e+01 0.0000e+00 0.0000e+00 -0.0000e+00 0.0000e+00 -0.0000e+00 0.0000e+00 -0.0000e+00 -0.0000e+00 -0.0000e+00 0.0000e+00 -0.0000e+00 0.0000e+00 0.0000e+00
-0.0000e+00 -0.0000e+00 0.0000e+00 -0.0000e+00 -0.0000e+00 -0.0000e+00 -0.0000e+00 0.0000e+00 -0.0000e+00 0.0000e+00 -0.0000e+00 0.0000e+00 0.0000e+00 0.0000e+00 0.0000e+00 4.9800e+01 -0.0000e+00 -0.0000e+00 -0.0000e+00 -0.0000e+00 -0.0000e+00 -0.0000e+00 -0.0000e+00 0.0000e+00 -0.0000e+00 -0.0000e+00 -0.0000e+00 -0.0000e+00
0.0000e+00 -0.0000e+00 0.0000e+00 -0.0000e+00 -0.0000e+00 -0.0000e+00 -0.0000e+00 0.0000e+00 -0.0000e+00 0.0000e+00 -0.0000e+00 -0.0000e+00 0.0000e+00 0.0000e+00 0.0000e+00 -0.0000e+00 5.3800e+01 0.0000e+00 -0.0000e+00 -0.0000e+00 -0.0000e+00 -0.0000e+00 -0.0000e+00 0.0000e+00 -0.0000e+00 -0.0000e+00 -0.0000e+00 -0.0000e+00
0.0000e+00 -0.0000e+00 -0.0000e+00 0.0000e+00 -0.0000e+00 -0.0000e+00 -0.0000e+00 0.0000e+00 -0.0000e+00 0.0000e+00 -0.0000e+00 -0.0000e+00 0.0000e+00 0.0000e+00 -0.0000e+00 -0.0000e+00 0.0000e+00 5.3400e+01 0.0000e+00 0.0000e+00 0.0000e+00 0.0000e+00 0.0000e+00 0.0000e+00 0.0000e+00 0.0000e+00 0.0000e+00 0.0000e+00
0.0000e+00 -0.0000e+00 0.0000e+00 -0.0000e+00 -0.0000e+00 -0.0000e+00 -0.0000e+00 0.0000e+00 -0.0000e+00 0.0000e+00 -0.0000e+00 -0.0000e+00 0.0000e+00 0.0000e+00 0.0000e+00 -0.0000e+00 -0.0000e+00 0.0000e+00 5.6800e+01 0.0000e+00 -0.0000e+00 0.0000e+00 -0.0000e+00 0.0000e+00 -0.0000e+00 -0.0000e+00 -0.0000e+00 -0.0000e+00
0.0000e+00 -0.0000e+00 0.0000e+00 0.0000e+00 -0.0000e+00 -0.0000e+00 -0.0000e+00 0.0000e+00 -0.0000e+00 0.0000e+00 -0.0000e+00 -0.0000e+00 0.0000e+00 0.0000e+00 -0.0000e+00 -0.0000e+00 -0.0000e+00 0.0000e+00 0.0000e+00 4.6300e+01 -0.0000e+00 0.0000e+00 0.0000e+00 0.0000e+00 -0.0000e+00 0.0000e+00 0.0000e+00 -0.0000e+00
-0.0000e+00 -0.0000e+00 0.0000e+00 -0.0000e+00 -0.0000e+00 -0.0000e+00 -0.0000e+00 -0.0000e+00 -0.0000e+00 0.0000e+00 -0.0000e+00 -0.0000e+00 0.0000e+00 0.0000e+00 0.0000e+00 -0.0000e+00 -0.0000e+00 0.0000e+00 -0.0000e+00 -0.0000e+00 6.4800e+01 -0.0000e+00 -0.0000e+00 0.0000e+00 -0.0000e+00 -0.0000e+00 -0.0000e+00 -0.0000e+00
0.0000e+00 -0.0000e+00 0.0000e+00 0.0000e+00 -0.0000e+00 -0.0000e+00 0.0000e+00 -0.0000e+00 0.0000e+00 -0.0000e+00 0.0000e+00 -0.0000e+00 0.0000e+00 0.0000e+00 -0.0000e+00 -0.0000e+00 -0.0000e+00 0.0000e+00 0.0000e+00 0.0000e+00 -0.0000e+00 4.3100e+01 0.0000e+00 0.0000e+00 -0.0000e+00 0.0000e+00 0.0000e+00 -0.0000e+00
0.0000e+00 -0.0000e+00 0.0000e+00 -0.0000e+00 -0.0000e+00 -0.0000e+00 -0.0000e+00 0.0000e+00 -0.0000e+00 0.0000e+00 -0.0000e+00 -0.0000e+00 0.0000e+00 0.0000e+00 -0.0000e+00 -0.0000e+00 -0.0000e+00 0.0000e+00 -0.0000e+00 0.0000e+00 -0.0000e+00 0.0000e+00 4.2500e+01 0.0000e+00 -0.0000e+00 -0.0000e+00 -0.0000e+00 -0.0000e+00
0.0000e+00 -0.0000e+00 -0.0000e+00 0.0000e+00 0.0000e+00 0.0000e+00 0.0000e+00 -0.0000e+00 0.0000e+00 -0.0000e+00 -0.0000e+00 0.0000e+00 -0.0000e+00 -0.0000e+00 -0.0000e+00 0.0000e+00 0.0000e+00 0.0000e+00 0.0000e+00 0.0000e+00 0.0000e+00 0.0000e+00 0.0000e+00 6.3300e+01 0.0000e+00 0.0000e+00 0.0000e+00 0.0000e+00
0.0000e+00 -0.0000e+00 0.0000e+00 -0.0000e+00 -0.0000e+00 -0.0000e+00 -0.0000e+00 0.0000e+00 -0.0000e+00 0.0000e+00 -0.0000e+00 -0.0000e+00 0.0000e+00 0.0000e+00 0.0000e+00 -0.0000e+00 -0.0000e+00 0.0000e+00 -0.0000e+00 -0.0000e+00 -0.0000e+00 -0.0000e+00 -0.0000e+00 0.0000e+00 5.5700e+01 -0.0000e+00 -0.0000e+00 -0.0000e+00
0.0000e+00 -0.0000e+00 0.0000e+00 -0.0000e+00 -0.0000e+00 -0.0000e+00 -0.0000e+00 0.0000e+00 -0.0000e+00 0.0000e+00 -0.0000e+00 -0.0000e+00 0.0000e+00 0.0000e+00 -0.0000e+00 -0.0000e+00 -0.0000e+00 0.0000e+00 -0.0000e+00 0.0000e+00 -0.0000e+00 0.0000e+00 -0.0000e+00 0.0000e+00 -0.0000e+00 5.7600e+01 -0.0000e+00 -0.0000e+00
0.0000e+00 -0.0000e+00 0.0000e+00 -0.0000e+00 -0.0000e+00 -0.0000e+00 -0.0000e+00 0.0000e+00 -0.0000e+00 0.0000e+00 -0.0000e+00 -0.0000e+00 0.0000e+00 0.0000e+00 0.0000e+00 -0.0000e+00 -0.0000e+00 0.0000e+00 -0.0000e+00 0.0000e+00 -0.0000e+00 0.0000e+00 -0.0000e+00 0.0000e+00 -0.0000e+00 -0.0000e+00 6.0500e+01 -0.0000e+00
-0.0000e+00 -0.0000e+00 0.0000e+00 -0.0000e+00 -0.0000e+00 -0.0000e+00 -0.0000e+00 0.0000e+00 0.0000e+00 0.0000e+00 -0.0000e+00 -0.0000e+00 0.0000e+00 0.0000e+00 0.0000e+00 -0.0000e+00 -0.0000e+00 0.0000e+00 -0.0000e+00 -0.0000e+00 -0.0000e+00 -0.0000e+00 -0.0000e+00 0.0000e+00 -0.0000e+00 -0.0000e+00 -0.0000e+00 5.2000e+01
