9.225602893149067790e-04 9.610108724752465525e-05 2.101176119740535259e-06 2.032995029003511296e-06 5.536446898623517601e-06 4.416499132474710943e-06 8.293860978349795830e-06 5.910271591850371048e-06
1.014816318246397446e-02 9.895008965828374693e-05 2.161460038172007469e-06 2.094840450878309454e-06 5.702944299161482526e-06 4.534779238243342872e-06 8.550057271160989834e-06 6.082636750913837285e-06
1.937376607561304073e-02 1.016987019194226922e-04 2.212414057764229385e-06 2.150479118007635844e-06 5.854839098766396674e-06 4.658340776149061326e-06 8.777268504432068018e-06 6.255992109105291249e-06
2.859936896876210874e-02 1.045358564110700998e-04 2.256594651607048922e-06 2.200016762456575041e-06 6.008758919547838593e-06 4.800469593170211434e-06 9.008486163244460603e-06 6.437060989366883432e-06
3.782497186191117328e-02 1.075038968204647914e-04 2.307995370212905656e-06 2.258941340714610484e-06 6.167997270811582619e-06 4.949761145628509039e-06 9.248297280964253323e-06 6.627694822993306372e-06
4.705057475506025516e-02 1.106298334805541471e-04 2.369411331343271375e-06 2.325657859143966111e-06 6.334367120874428558e-06 5.107356816135642645e-06 9.499297957303386815e-06 6.829296401913577505e-06
5.627617764820931623e-02 1.139332305977023457e-04 2.438400609427825551e-06 2.382303023424107383e-06 6.509057124448212536e-06 5.274057847904273016e-06 9.763219994135546734e-06 7.043001523589638132e-06
6.550178054135838424e-02 1.174475008192251368e-04 2.519215528276535034e-06 2.441772238195928407e-06 6.693959870720611691e-06 5.451750564428316475e-06 1.004288262579437459e-05 7.270755147826177245e-06
7.472738343450743836e-02 1.211795475972197116e-04 2.604294208378150183e-06 2.514432220308748171e-06 6.889359268514008076e-06 5.640890351996577360e-06 1.033872702023391321e-05 7.513157835459065553e-06
8.395298632765652025e-02 1.251658974044514211e-04 2.693066478719999442e-06 2.603913020709927931e-06 7.097216862646563932e-06 5.837342795027950729e-06 1.065371108733702450e-05 7.772426344320558099e-06
9.317858922080557438e-02 1.294292711701376382e-04 2.785747844339915786e-06 2.692280153232881482e-06 7.318650332208793356e-06 6.029601760991980903e-06 1.098954426845507909e-05 8.050096147509325901e-06
1.024041921139546424e-01 1.340022950587687407e-04 2.878124881947931053e-06 2.768147616358099857e-06 7.555294552679059578e-06 6.250973615078847393e-06 1.134872855497587037e-05 8.348292553310280618e-06
1.116297950071036965e-01 1.389257085822893088e-04 2.981875502162565587e-06 2.843584459089482921e-06 7.809269758933594331e-06 6.503302828339216097e-06 1.173446449957273670e-05 8.669593798916417357e-06
1.208553979002527506e-01 1.442396188961727536e-04 3.088339714494106082e-06 2.932232398425703998e-06 8.082533102898056647e-06 6.776260188059930788e-06 1.214976798494485258e-05 9.017171953206229700e-06
1.300810007934018186e-01 1.499841131892096658e-04 3.177752880432002528e-06 3.052806174489575272e-06 8.376988593281254778e-06 7.072060162187571771e-06 1.259758694020831076e-05 9.402445930548444016e-06
1.393066036865509005e-01 1.562293604877551501e-04 3.294579455695515998e-06 3.150932844926354094e-06 8.696290050577698679e-06 7.394210964239164661e-06 1.308344908740381686e-05 9.821761092471110012e-06
1.485322065796999824e-01 1.630381555989143751e-04 3.422046769193981715e-06 3.285025733997106812e-06 9.043514237251686289e-06 7.746062389649995385e-06 1.361755695179721055e-05 1.027945383537412168e-05
1.577578094728490643e-01 1.704555525773649891e-04 3.574853819115456251e-06 3.414561866703504740e-06 9.420538458319627261e-06 8.130399110905367748e-06 1.421037025075178473e-05 1.077922142054521504e-05
1.669834123659981462e-01 1.786103966543998089e-04 3.756100385119375256e-06 3.587569528253894491e-06 9.834244651362307422e-06 8.553138674312576973e-06 1.486110703718927111e-05 1.132906532963831852e-05
1.762090152591472003e-01 1.875862485715510406e-04 3.960082854534169739e-06 3.725175823196031797e-06 1.028838296267023627e-05 8.997674485681833503e-06 1.557601141609788603e-05 1.193521204844152288e-05
1.854346181522962822e-01 1.975148800948500045e-04 4.156032092401495785e-06 3.941115838713548508e-06 1.078903451062936114e-05 9.462363647102459835e-06 1.636546112528103596e-05 1.260297020641467768e-05
1.946602210454453641e-01 2.085435019091448324e-04 4.345850745461328577e-06 4.180548525493666670e-06 1.134275620040496179e-05 9.978722945935949778e-06 1.724086506474495264e-05 1.332694000344430583e-05
2.038858239385944460e-01 2.208470418440596655e-04 4.586985845458408815e-06 4.409964564896682541e-06 1.195899295813957690e-05 1.055493208721179675e-05 1.821579605375240425e-05 1.413560345796100967e-05
2.131114268317435001e-01 2.346505547342095886e-04 4.894851249414135588e-06 4.671494361892036080e-06 1.264872105894530451e-05 1.120160216095504048e-05 1.930771587213263329e-05 1.504391072500632556e-05
2.223370297248925820e-01 2.502144193687618986e-04 5.213913045142536118e-06 4.981820093383107322e-06 1.342462436425869831e-05 1.193088893124887116e-05 2.053684676740774595e-05 1.606919568588222351e-05
2.315626326180416361e-01 2.678714402917377314e-04 5.647384669123115073e-06 5.373444133512821682e-06 1.429747724916458768e-05 1.275846958134622174e-05 2.192880874685545264e-05 1.723364184018594215e-05
2.407882355111907180e-01 2.880303369555828937e-04 6.042963746034739347e-06 5.804846987988196254e-06 1.522494951900366794e-05 1.370348953922583468e-05 2.351523013220994072e-05 1.856444997905401170e-05
2.500138384043397721e-01 3.112076894669473784e-04 6.538855617731014445e-06 6.216506919076779207e-06 1.634851439410111261e-05 1.479022233581646405e-05 2.533580914639997541e-05 2.009606506848748237e-05
2.592394412974888818e-01 3.380579276395399499e-04 7.085006906557781564e-06 6.794798923964002427e-06 1.771083169261521368e-05 1.604870067540940934e-05 2.744082491395858801e-05 2.187211225912184896e-05
2.684650441906379359e-01 3.694569007416631632e-04 7.648546105859120505e-06 7.386917862506608024e-06 1.930224866095203067e-05 1.751785258185856219e-05 2.989783034685234049e-05 2.395076188031335400e-05
2.776906470837869900e-01 4.064931114248877754e-04 8.324652332580297596e-06 8.156716383464534051e-06 2.115425924463011122e-05 1.926503124594157023e-05 3.278978057005805342e-05 2.640442067026874725e-05
2.869162499769360997e-01 4.506561344211205185e-04 9.140947561217353801e-06 9.067098289909007822e-06 2.332291164365281159e-05 2.138618155157615604e-05 3.623052039516234338e-05 2.933245654805578589e-05
2.961418528700851538e-01 5.039620869122423200e-04 1.017904560265904448e-05 1.023732146502611112e-05 2.593292770113671698e-05 2.398578723125210487e-05 4.037357552112046718e-05 3.286915475469802915e-05
3.053674557632342079e-01 5.691770624584826426e-04 1.160216561012531941e-05 1.165175110563146810e-05 2.911609134743529601e-05 2.724998474474952560e-05 4.542886969258479353e-05 3.719870335689302431e-05
3.145930586563833176e-01 6.502300620729837026e-04 1.316532510765313323e-05 1.339244457676340688e-05 3.305901832082694825e-05 3.132016226910173864e-05 5.169356050785227103e-05 4.258255026681832377e-05
3.238186615495323717e-01 7.528019402990851136e-04 1.511327275486782067e-05 1.572676367759401339e-05 3.802983931087456932e-05 3.648945224676868916e-05 5.959500033810613117e-05 4.939870089132325504e-05
3.330442644426814813e-01 8.853851878057000628e-04 1.752995657961419970e-05 1.851640211979167176e-05 4.442769214598114077e-05 4.305208452231657542e-05 6.976910118367972338e-05 5.813410405246753881e-05
3.422698673358305355e-01 1.061016468302359477e-03 2.095791627167295154e-05 2.232173106771272002e-05 5.300540567809166291e-05 5.137426614656862359e-05 8.318357955105419414e-05 6.964033402773401119e-05
3.514954702289795896e-01 1.300719476035832592e-03 2.557061355075527370e-05 2.762166773679817187e-05 6.478064926582118715e-05 6.269121713836775175e-05 1.013859117694616407e-04 8.535299533843549759e-05
3.607210731221286992e-01 1.639854332246948538e-03 3.210173089074450266e-05 3.521905092311919915e-05 8.141051080673943063e-05 7.901423545165521534e-05 1.269459017258754447e-04 1.076058275106131848e-04
3.699466760152777534e-01 2.140860511313960862e-03 4.185076240673839612e-05 4.674542264659258331e-05 1.059064516263055929e-04 1.041212383110388592e-04 1.643134859127893047e-04 1.405372610747625435e-04
3.791722789084268630e-01 2.921203601610500820e-03 5.654992510975434886e-05 6.513520440393303496e-05 1.438603745637151085e-04 1.436207253840545914e-04 2.216211958199851978e-04 1.920597924453303421e-04
3.883978818015759171e-01 4.215431484107934682e-03 8.236972731087525978e-05 9.667200873444189296e-05 2.061396632085672059e-04 2.100989968520147050e-04 3.156469744189397894e-04 2.784882468530426938e-04
3.976234846947249713e-01 6.508125987990939949e-03 1.311419614038588505e-04 1.541002199105653489e-04 3.136032523207762240e-04 3.323788407642701975e-04 4.798869031384291745e-04 4.349266551806497266e-04
4.068490875878740809e-01 1.068485289441792503e-02 2.283816029946105636e-04 2.721170867197777316e-04 4.725816929213311202e-04 5.519880243971334033e-04 7.572642814487710872e-04 7.355766885296256136e-04
4.160746904810231350e-01 1.691590968060687969e-02 4.257141372138624480e-04 4.810780175398612912e-04 7.071018636800284474e-04 9.113173309524998100e-04 1.081701861998164704e-03 1.244357112614235400e-03
4.253002933741722447e-01 1.907023593632646910e-02 5.438701912868458554e-04 6.024392732244809867e-04 8.218746881692232109e-04 1.117532362586246691e-03 1.134800052078228927e-03 1.445591861731876371e-03
4.345258962673212988e-01 1.317769871938381278e-02 3.502435741300075067e-04 4.015897279480810933e-04 5.662215346750563982e-04 7.784270241305065591e-04 8.058603826092622380e-04 9.901243260979058353e-04
4.437514991604703529e-01 7.581195462539477847e-03 1.879129453740630354e-04 2.210041911260406805e-04 3.349754596607846385e-04 4.355983744827466100e-04 4.899998764329154682e-04 5.544775785811546093e-04
4.529771020536194626e-01 4.482477038134089105e-03 1.043796007305919371e-04 1.243794911208098014e-04 1.965610604587521987e-04 2.526433966073852663e-04 3.011690923822455193e-04 3.234081845350450859e-04
4.622027049467684612e-01 2.839714970845296210e-03 6.480514713622358841e-05 7.697752610288455602e-05 1.248748615589752829e-04 1.587044622381817219e-04 1.950697180831137759e-04 2.039126822661061281e-04
4.714283078399175708e-01 1.915981195162914236e-03 4.330371681583213006e-05 5.138891345529239367e-05 8.438536035505631375e-05 1.062637125460853902e-04 1.332283375916005000e-04 1.374991451162271058e-04
4.806539107330666249e-01 1.359769786924835012e-03 3.057553852214302779e-05 3.613606235275054757e-05 5.909575412314815347e-05 7.476332913121169418e-05 9.511296310233427302e-05 9.771805430083694080e-05
4.898795136262157346e-01 1.004314904438341786e-03 2.259739610793211340e-05 2.662614856209044416e-05 4.338258477926256948e-05 5.525321352839159070e-05 7.039568488843004658e-05 7.234572007487843990e-05
4.991051165193647332e-01 7.656375188865176306e-04 1.732632274750332737e-05 2.041903396233157256e-05 3.337647837286887836e-05 4.222934832820435247e-05 5.363863945568767781e-05 5.528001269647212813e-05
5.083307194125139539e-01 5.988162318398794958e-04 1.372662815416880039e-05 1.608611215679622841e-05 2.578994022315553736e-05 3.307123795105889035e-05 4.185423159457752305e-05 4.316688337477076615e-05
5.175563223056629525e-01 4.782881609357399937e-04 1.101666146884321823e-05 1.291883069549118164e-05 2.045313296232564079e-05 2.631776533061933954e-05 3.330820875870120316e-05 3.444853293296828338e-05
5.267819251988120621e-01 3.887674879353085716e-04 8.988472754630503006e-06 1.059735211940117600e-05 1.657294227471351345e-05 2.142521025797893431e-05 2.694837197758491064e-05 2.799026841428790173e-05
5.360075280919610607e-01 3.207099475658538204e-04 7.501870951406679460e-06 8.834535131528977511e-06 1.376658125588258114e-05 1.771137011054145114e-05 2.211039007861160003e-05 2.308923940837095783e-05
5.452331309851101704e-01 2.679301480677103733e-04 6.297751276759225216e-06 7.499001943275676683e-06 1.158310128531668233e-05 1.483163691225506753e-05 1.836022687778308786e-05 1.929266436859363148e-05
5.544587338782591690e-01 2.263102545370839760e-04 5.392436279423454878e-06 6.398648355472136371e-06 9.757580006234767116e-06 1.255935726392998718e-05 1.540715190899341050e-05 1.630033339190790171e-05
5.636843367714083897e-01 1.929966660375904161e-04 4.675554174461113476e-06 5.527325547264835045e-06 8.292993592771692431e-06 1.073835416584990442e-05 1.304847713090673896e-05 1.390538114992716820e-05
5.729099396645573883e-01 1.659782424430264588e-04 4.116806852615345711e-06 4.813803517053996152e-06 7.100330069810035540e-06 9.258996228361982992e-06 1.114072423567222551e-05 1.196255043818975701e-05
5.821355425577064979e-01 1.438389629821556061e-04 3.668603092077166086e-06 4.209184712234385764e-06 6.181683372770386490e-06 8.043743642545115972e-06 9.582999263721062163e-06 1.036918646067441037e-05
5.913611454508554965e-01 1.254834479951345513e-04 3.266168225410630982e-06 3.703649541723780790e-06 5.447666921102358980e-06 7.033745119336089939e-06 8.296350552668602151e-06 9.047186577291780273e-06
6.005867483440046062e-01 1.101489524388272860e-04 2.942726851412608277e-06 3.272088670231224072e-06 4.804276990844557563e-06 6.187220020294166090e-06 7.226308744716304546e-06 7.941272502214109688e-06
6.098123512371537158e-01 9.721905869954208584e-05 2.656511042538090310e-06 2.888407590550927124e-06 4.232756804774863999e-06 5.471054511654280294e-06 6.328444997430029213e-06 7.007513838492001462e-06
6.190379541303028255e-01 8.624755940264451648e-05 2.409335342331712969e-06 2.575585997006434361e-06 3.748851096161407489e-06 4.860953441990713991e-06 5.570723922047594824e-06 6.228161533914494934e-06
6.282635570234518241e-01 7.687835643092674341e-05 2.189838629875818544e-06 2.303759676184353035e-06 3.337659780380488510e-06 4.337656388714834581e-06 4.927532819794445311e-06 5.574688420528263206e-06
6.374891599166009337e-01 6.881924047959623073e-05 1.960450341892075064e-06 2.085037178620199557e-06 2.970894933400952307e-06 3.915953737337917514e-06 4.377756069367163823e-06 5.010194523551842437e-06
6.467147628097499323e-01 6.185763635834225596e-05 1.782459757267675017e-06 1.897469035313313732e-06 2.659664557198566752e-06 3.518064008249319197e-06 3.906144739528399847e-06 4.520322388880501814e-06
6.559403657028991530e-01 5.581193825957758080e-05 1.638770186645092182e-06 1.719879860682706478e-06 2.405131658637159700e-06 3.169797073076462926e-06 3.499652033828461422e-06 4.092841674668506557e-06
6.651659685960481516e-01 5.053247300921051826e-05 1.490012200459325982e-06 1.571633421629894695e-06 2.203467042916079513e-06 2.864828376491071265e-06 3.147466943857036388e-06 3.717719350050892378e-06
6.743915714891972613e-01 4.591004304865032345e-05 1.372918726393586113e-06 1.425189469764707431e-06 2.021787444180512508e-06 2.596562616152729111e-06 2.841785424039983458e-06 3.387532895152809581e-06
6.836171743823462599e-01 4.184467600367354500e-05 1.273802637997358976e-06 1.305248097598592357e-06 1.877319179279966430e-06 2.362284018984799115e-06 2.575462040521146864e-06 3.095511992858716638e-06
6.928427772754953695e-01 3.825741825605276082e-05 1.183356721227642216e-06 1.202119165331261730e-06 1.746198005646187640e-06 2.165966256396520352e-06 2.342778673680797512e-06 2.836358505795665691e-06
7.020683801686443681e-01 3.507956463333370079e-05 1.103795078497403644e-06 1.104432468295483635e-06 1.627422093067783248e-06 1.981222088789396014e-06 2.138837577057331430e-06 2.602102698654694933e-06
7.112939830617935888e-01 3.225855887418714460e-05 1.027383586761714776e-06 1.016911997806848602e-06 1.496815685391444256e-06 1.827654609093267937e-06 1.959893974259202271e-06 2.383075530297938823e-06
7.205195859549425874e-01 2.974884617874004009e-05 9.566059525657145328e-07 9.334846588079115403e-07 1.403437092631958853e-06 1.693038869440861166e-06 1.802687518397099581e-06 2.186892031882065144e-06
7.297451888480916971e-01 2.749753495847846659e-05 8.981798960670715163e-07 8.616809205874461210e-07 1.310185332962328017e-06 1.556119956220527767e-06 1.663474801739321489e-06 2.009890449183139105e-06
7.389707917412406957e-01 2.549207584126968193e-05 8.385808087264863433e-07 8.078930285013647729e-07 1.245651203465425027e-06 1.440494196355546875e-06 1.541323714069877055e-06 1.850881235351381607e-06
7.481963946343899163e-01 2.369003276864162623e-05 7.900339971315302749e-07 7.522761228850536870e-07 1.168790575802332418e-06 1.323702309435509123e-06 1.433254863121500693e-06 1.706950755707429326e-06
7.574219975275389150e-01 2.207093760923605055e-05 7.439102968752483135e-07 6.968036963650454778e-07 1.097388130207796453e-06 1.229720719901247864e-06 1.337817817510825950e-06 1.576542791217656095e-06
7.666476004206880246e-01 2.061097277796108290e-05 7.008082458796245249e-07 6.526241547815831985e-07 1.039314853138483040e-06 1.143702934831848617e-06 1.268233391549297148e-06 1.474531708960937978e-06
7.758732033138370232e-01 1.929577314351493554e-05 6.613055532434220743e-07 6.068827507488554381e-07 9.921088169623852831e-07 1.061061072872171321e-06 1.207410232434956849e-06 1.382348003732843637e-06
7.850988062069861328e-01 1.810804095450041119e-05 6.193146515889047803e-07 5.645504784877984357e-07 9.401649271683861810e-07 9.838776424822692356e-07 1.149637631908931361e-06 1.298159398015769224e-06
7.943244091001351315e-01 1.703244432267347783e-05 5.890439935378273995e-07 5.291659483886209249e-07 8.988011249132311421e-07 9.219477530603887065e-07 1.094561722082171859e-06 1.222041492050422669e-06
8.035500119932843521e-01 1.605884076381535396e-05 5.553576582927161032e-07 4.912217697697836868e-07 8.603972238055571716e-07 8.650381775616227341e-07 1.042093051184868368e-06 1.150340048580955577e-06
8.127756148864333507e-01 1.517604378156368978e-05 5.307292603323855793e-07 4.667361309559915595e-07 8.113835359806198522e-07 8.142832137105056008e-07 9.920282920590675461e-07 1.085416123609745937e-06
8.220012177795824604e-01 1.437721838509276817e-05 5.028757994298496014e-07 4.394084441280884370e-07 7.709874879906574818e-07 7.678320080131151857e-07 9.442541120308641753e-07 1.018731764855463159e-06
8.312268206727314590e-01 1.365063056730053643e-05 4.713920899258390351e-07 4.269588457536390932e-07 7.413799324781397790e-07 7.269317216156938045e-07 8.984536752730136927e-07 9.618054391160932569e-07
8.404524235658805686e-01 1.298934647511626418e-05 4.520592526621454270e-07 4.108334570357016714e-07 7.157520492601119678e-07 6.877888308093500769e-07 8.544797636592410837e-07 9.176669780680328200e-07
8.496780264590296783e-01 1.238902698252226626e-05 4.281495974318932056e-07 3.932755246314823862e-07 6.871662636329988139e-07 6.578069150951841278e-07 8.283780151340378381e-07 8.683089998633560593e-07
8.589036293521787879e-01 1.184317898170296985e-05 4.058851371744985067e-07 3.720950350677068298e-07 6.639964346290002062e-07 6.192138897439310608e-07 8.060413360253487438e-07 8.211319752037953983e-07
8.681292322453277865e-01 1.134773673034257468e-05 3.865169713249280524e-07 3.598983099927279548e-07 6.374023181943442662e-07 5.878868387261442164e-07 7.892126956303178667e-07 7.775540448836151651e-07
8.773548351384768962e-01 1.089577793598693657e-05 3.708343987770074216e-07 3.478631251341264492e-07 6.241287857088812424e-07 5.798518412386357060e-07 7.832043739708065429e-07 7.520759900859961920e-07
8.865804380316258948e-01 1.048615010197007276e-05 3.521237483698625971e-07 3.297902460719471732e-07 6.063417123995252497e-07 5.701301671484252731e-07 7.793416113809409546e-07 7.443416572527500081e-07
8.958060409247751155e-01 1.011504241619874977e-05 3.307783443080426717e-07 3.190200031407011374e-07 5.829913219669198023e-07 5.706043753361437305e-07 7.771655386530514743e-07 7.226479391511318707e-07
9.050316438179241141e-01 9.776477865404042315e-06 3.133748274110630707e-07 3.030376537980503045e-07 5.653381528241188252e-07 5.725086068645700315e-07 7.650790542534273100e-07 7.016210539742109343e-07
9.142572467110732237e-01 9.469883193354056464e-06 3.029163458311929992e-07 2.892849517077664042e-07 5.458649909519570242e-07 5.717159813654398907e-07 7.551800837981225648e-07 6.979161035989524459e-07
9.234828496042222223e-01 9.192679247356731195e-06 2.938650466881730821e-07 2.823384851276033785e-07 5.389702004710051101e-07 5.760778541010660704e-07 7.473127691131209048e-07 7.171180902557764862e-07
9.327084524973712210e-01 8.942698607770162671e-06 2.882452345584679066e-07 2.697260738811710910e-07 5.342795878010753494e-07 5.887756130447374512e-07 7.413407334067048334e-07 7.366188375035673383e-07
9.419340553905202196e-01 8.716857211562262407e-06 2.799297564595395218e-07 2.613306648824768272e-07 5.176003019541149146e-07 6.063080126032944215e-07 7.370668494826432114e-07 7.563913389310423054e-07
9.511596582836694402e-01 8.515104749551371204e-06 2.699945561802131490e-07 2.545434602071609186e-07 5.020344085396700009e-07 6.147925791543674132e-07 7.344785470967655930e-07 7.765149492026306253e-07
9.603852611768185499e-01 8.333197593593039270e-06 2.605656042104121409e-07 2.529246562927212652e-07 5.015399791735482163e-07 6.218665983574962806e-07 7.333232672355302666e-07 7.965730946642721874e-07
9.696108640699675485e-01 8.172645378987978778e-06 2.554752601586187446e-07 2.468323454908867516e-07 5.055599398488035893e-07 6.388488625536242624e-07 7.336709872014779681e-07 8.177477035918038738e-07
9.788364669631165471e-01 8.028642714622318737e-06 2.494469253601223733e-07 2.445551500005847671e-07 4.988365169950342729e-07 6.619322461669305467e-07 7.417983910585333897e-07 8.388885456892289944e-07
9.880620698562656568e-01 7.907989320744955884e-06 2.501924372555762487e-07 2.447314136611514467e-07 5.093644748857629263e-07 6.851468845453645356e-07 7.480528588693662111e-07 8.606007626610997672e-07
9.972876727494148774e-01 7.793172202024539335e-06 2.486109194803870590e-07 2.414083978363541888e-07 5.202795893357463791e-07 7.080704348210198768e-07 7.519838744532103900e-07 8.824140999949856923e-07
1.006513275642563876e+00 7.698471953827130504e-06 2.482275729366948525e-07 2.399555552237802369e-07 5.318201456862604328e-07 7.218460339590835787e-07 7.601984289389510102e-07 9.048296260144900898e-07
1.015738878535712875e+00 7.618375573848951469e-06 2.476878077817746724e-07 2.379033270238428967e-07 5.416773857533229997e-07 7.358525705422837477e-07 7.699850476491710346e-07 9.276628182128263865e-07
1.024964481428862095e+00 7.551927413895118035e-06 2.465528008478242746e-07 2.397199109966892923e-07 5.504431353342994869e-07 7.500439200526681815e-07 7.808484715474437132e-07 9.510045990145453947e-07
1.034190084322011094e+00 7.497724222693075606e-06 2.484212302867868920e-07 2.353245549195313654e-07 5.597216016610607453e-07 7.644922315547578016e-07 7.927290338020544569e-07 9.748573471136160698e-07
1.043415687215160093e+00 7.456345175336705074e-06 2.550923332199739625e-07 2.380111449583278545e-07 5.695365545321158879e-07 7.826857942330849038e-07 8.056291975973177815e-07 9.992715974358713988e-07
1.052641290108309091e+00 7.426200967583729321e-06 2.589825802719944510e-07 2.438478396206774732e-07 5.798616460829153613e-07 8.023409575034392739e-07 8.195120727832065890e-07 1.024270207752297933e-06
1.061866893001458312e+00 7.407414203614336447e-06 2.685835747899812363e-07 2.443373235069707189e-07 5.907151922173039344e-07 8.224642422993506052e-07 8.343837605159179927e-07 1.049907598074283656e-06
1.071092495894607532e+00 7.399178698716936146e-06 2.777614036830456490e-07 2.466439805761494567e-07 6.020771121013251595e-07 8.462170942288124080e-07 8.502079979257020070e-07 1.076191231077268062e-06
1.080318098787756531e+00 7.401672393587756078e-06 2.813758971111549571e-07 2.464587745131188457e-07 6.148024456992586277e-07 8.716646654863736168e-07 8.670434502983658551e-07 1.103232984038357978e-06
1.089543701680905530e+00 7.413999864416197274e-06 2.854677802748203377e-07 2.523654172025811915e-07 6.320288040433349780e-07 8.975941866486006267e-07 8.848168862125316156e-07 1.130982659374761830e-06
1.098769304574054528e+00 7.436150109901954799e-06 2.895582688685581428e-07 2.571237894788101978e-07 6.498779944811662994e-07 9.241017016094566161e-07 9.035826878496973968e-07 1.159541110567317173e-06
1.107994907467203749e+00 7.468787999240037013e-06 2.994398990609110301e-07 2.606200791303585649e-07 6.705213190436667902e-07 9.512673982840679624e-07 9.233927474750740696e-07 1.189021281601409040e-06
1.117220510360352748e+00 7.510429166035677284e-06 3.070019703399023926e-07 2.660073777888575055e-07 6.923655361232084116e-07 9.791204396275368524e-07 9.442189838920613616e-07 1.219418914898026370e-06
1.126446113253501746e+00 7.561489281254796742e-06 3.176445865061960910e-07 2.681684901817640328e-07 7.148279119166849380e-07 1.007747084512514878e-06 9.661213080439158573e-07 1.250837566785883158e-06
1.135671716146650967e+00 7.622287721423156155e-06 3.292944452936625476e-07 2.710279205702878920e-07 7.379236279647430059e-07 1.037198926096137940e-06 9.891188972588175094e-07 1.283339955344396236e-06
1.144897319039799966e+00 7.692760146350995543e-06 3.383930324455233839e-07 2.785237982586924333e-07 7.617421494956211629e-07 1.067563382891243936e-06 1.013264932591349652e-06 1.317017709189421155e-06
1.154122921932948964e+00 7.773170437787281316e-06 3.507358129146877760e-07 2.832715257802268709e-07 7.863772424918822289e-07 1.098962815100590545e-06 1.038652437597855388e-06 1.352006282975989962e-06
1.163348524826097963e+00 7.863152902741001352e-06 3.651811824119494359e-07 2.950462961387939143e-07 8.108250472596264456e-07 1.131395660547056030e-06 1.065241781668566735e-06 1.388297902073225281e-06
1.172574127719247183e+00 7.963336847557388331e-06 3.801158547941231271e-07 3.062334896943590308e-07 8.325967852883824934e-07 1.165051969860127880e-06 1.093200062893549861e-06 1.426106060357758928e-06
1.181799730612396404e+00 8.074138683107911306e-06 3.962314355670838061e-07 3.201753106226186944e-07 8.551019160707410576e-07 1.200010916567744742e-06 1.122572941867786155e-06 1.465525810927811107e-06
1.191025333505545403e+00 8.195338015453431621e-06 4.092781810662803169e-07 3.287296742925361573e-07 8.755656775555456560e-07 1.236298457778719886e-06 1.153348175865846805e-06 1.506583444030451451e-06
1.200250936398694401e+00 8.328234622613684437e-06 4.242744839296273249e-07 3.417152984596566782e-07 8.967184640223145391e-07 1.274300849665672848e-06 1.185909514146918229e-06 1.549705471635963990e-06
1.209476539291843622e+00 8.473172935059466169e-06 4.416706464767168903e-07 3.610150216748783485e-07 9.251276525871875704e-07 1.313543703174640440e-06 1.220094975463874691e-06 1.594812435491144289e-06
1.218702142184992621e+00 8.630635301429177245e-06 4.592229891345139624e-07 3.712625010476866549e-07 9.549297384139408102e-07 1.353437368805489855e-06 1.256178245767957871e-06 1.642208429858723806e-06
1.227927745078141619e+00 8.801430380825249597e-06 4.777888890274461294e-07 3.800618642169468581e-07 9.850403938111596008e-07 1.390522970695556100e-06 1.294246524329451800e-06 1.692054888173418254e-06
1.237153347971290618e+00 8.986137203705169105e-06 4.972935173993239165e-07 3.900838427927223826e-07 1.015211262863273555e-06 1.427677390089177579e-06 1.334517641684844383e-06 1.744613105949583852e-06
1.246378950864439838e+00 9.187022980935297397e-06 5.154986408898815054e-07 4.098315643596709616e-07 1.047159168258988808e-06 1.467162976933724717e-06 1.377299704075292034e-06 1.800298237501594069e-06
1.255604553757589059e+00 9.403140548992286327e-06 5.377339681456925580e-07 4.326419045171808075e-07 1.080769087723616097e-06 1.509009085091725304e-06 1.422454672524986192e-06 1.859034423224728371e-06
1.264830156650738058e+00 9.638286119992471734e-06 5.605582889804038650e-07 4.497995020092915389e-07 1.116559811874945690e-06 1.561742623080697616e-06 1.470664618955098613e-06 1.921615944288273875e-06
1.274055759543887056e+00 9.892451531752479704e-06 5.850972360349878049e-07 4.687148670454874619e-07 1.155239000717955700e-06 1.617728188250763216e-06 1.521903793873472535e-06 1.988119730746288401e-06
1.283281362437036055e+00 1.016856331398501350e-05 6.091270478726516546e-07 4.865584526924318388e-07 1.201724010933345106e-06 1.677543872352359289e-06 1.576733904334815857e-06 2.059223810990565528e-06
1.292506965330185276e+00 1.046846490825549562e-05 6.365959974782870606e-07 5.053063655931925907e-07 1.249663701400851156e-06 1.741572424055934140e-06 1.635475679825107738e-06 2.135385492266924875e-06
1.301732568223334052e+00 1.079571777310525721e-05 6.635229413110124751e-07 5.226273601860423373e-07 1.294520541157295637e-06 1.810365520972855382e-06 1.698559548860336803e-06 2.217281715577609330e-06
1.310958171116483273e+00 1.115181520818010695e-05 6.909749631853584993e-07 5.429277010880286701e-07 1.342630235672550253e-06 1.884442932722474635e-06 1.766504175423216994e-06 2.305507642246234780e-06
1.320183774009632494e+00 1.154152994157411854e-05 7.205229555209842056e-07 5.642445289386406089e-07 1.394363504059715299e-06 1.964617572885998586e-06 1.840026151843988559e-06 2.401044653661996538e-06
1.329409376902781492e+00 1.196943937436415896e-05 7.524037772212672706e-07 5.850134084595101294e-07 1.454219474858744560e-06 2.051681665694252837e-06 1.919762730210828125e-06 2.504855342677436982e-06
1.338634979795930713e+00 1.243990581118363940e-05 7.869582249852826112e-07 6.123669732127532902e-07 1.521290714363589033e-06 2.146588255708505979e-06 2.006581820619287066e-06 2.618065559036883707e-06
1.347860582689079489e+00 1.296034844862377689e-05 8.274865923388663094e-07 6.458368899686339591e-07 1.594604558014091838e-06 2.250688127964253123e-06 2.101699774085098813e-06 2.742292468929175006e-06
1.357086185582228710e+00 1.353711331689487165e-05 8.705474959178580196e-07 6.802598827531148077e-07 1.674935666431151036e-06 2.364403378395525364e-06 2.206169540651637892e-06 2.879046043165362994e-06
1.366311788475377931e+00 1.418015199577648254e-05 9.180986607708122163e-07 7.192877999216755426e-07 1.763467193332086079e-06 2.486162637625492227e-06 2.321576616373315180e-06 3.030518442281448529e-06
1.375537391368526707e+00 1.490039407822963614e-05 9.719029886586199977e-07 7.567242217950992145e-07 1.861555806779840452e-06 2.621531620491805272e-06 2.449730650996319575e-06 3.199220270245112544e-06
1.384762994261675928e+00 1.571213039539617607e-05 1.031720650618160362e-06 8.057005581442999845e-07 1.970918109414889011e-06 2.773028431739744230e-06 2.592929561235092473e-06 3.383093172773368252e-06
1.393988597154824927e+00 1.663240122584461455e-05 1.099465324863806121e-06 8.589627708585957937e-07 2.093639359792572014e-06 2.943709737023870592e-06 2.753953627158578797e-06 3.589864363085249350e-06
1.403214200047974147e+00 1.768347717653250630e-05 1.176271857809779535e-06 9.202440919900028483e-07 2.225282209352457872e-06 3.137503249849067795e-06 2.936329741653246575e-06 3.825044189724921190e-06
1.412439802941123368e+00 1.889339928421341648e-05 1.263261999842910593e-06 9.970680571858371360e-07 2.368359001804637984e-06 3.359408647191975040e-06 3.144556593654509893e-06 4.094773736149561215e-06
1.421665405834272145e+00 2.029817186962189861e-05 1.362747560855820318e-06 1.082236908012234586e-06 2.536030846160421506e-06 3.615814858289464692e-06 3.384259606913349007e-06 4.406999344966653969e-06
1.430891008727421365e+00 2.194615260092158714e-05 1.477865934464866245e-06 1.164864809062562056e-06 2.744170722534511049e-06 3.915321455120099981e-06 3.663017473597027446e-06 4.772310950922096313e-06
1.440116611620570364e+00 2.390007096470049731e-05 1.605129209784892562e-06 1.274802882829923867e-06 2.987802746666506524e-06 4.269192996139898645e-06 3.990616135348200148e-06 5.204595404637590454e-06
1.449342214513719362e+00 2.624682210528548487e-05 1.768159201523468888e-06 1.405311213201240452e-06 3.276417531921845276e-06 4.692970170529668975e-06 4.380289658448480845e-06 5.723091972349230404e-06
1.458567817406868583e+00 2.910502063623838462e-05 1.951920490429202078e-06 1.563524158849423389e-06 3.622997771802056706e-06 5.208118711309643861e-06 4.850022377135622159e-06 6.354267263188265592e-06
1.467793420300017582e+00 3.264319420108736626e-05 2.176337646772907614e-06 1.757531901248317134e-06 4.045714187722280217e-06 5.845363278366724568e-06 5.424969676265682314e-06 7.135890746205621313e-06
1.477019023193166802e+00 3.710348020200887408e-05 2.460674717914691063e-06 1.988365688481173515e-06 4.585352423912045336e-06 6.680396290142696583e-06 6.140601607907722568e-06 8.122863563103097296e-06
1.486244626086316023e+00 4.284255291882172454e-05 2.840380237234391950e-06 2.272332538770799467e-06 5.280346391789265633e-06 7.786629832349445054e-06 7.048220105674481433e-06 9.397013473125235563e-06
1.495470228979464800e+00 5.039809908087369454e-05 3.324516730115866924e-06 2.665750630084845398e-06 6.192199996399633710e-06 9.239773730052146131e-06 8.223222800935137090e-06 1.108387343580237840e-05
1.504695831872614020e+00 6.059203135803886513e-05 3.957113682022010215e-06 3.150744212657112108e-06 7.419381793226663456e-06 1.124431425504876433e-05 9.777278297707061509e-06 1.338037010466810805e-05
1.513921434765763019e+00 7.468105849513932725e-05 4.814677545510322957e-06 3.865605807114384481e-06 9.132115669904989665e-06 1.404215021791181163e-05 1.187444426154268947e-05 1.659896078568089269e-05
1.523147037658912017e+00 9.448268661128160527e-05 6.077426976373260376e-06 4.884491697728325773e-06 1.150337739589360378e-05 1.804486762222137406e-05 1.473973112095953238e-05 2.122860270019489421e-05
1.532372640552061016e+00 1.221081807230863479e-04 7.992030586185210192e-06 6.228432132580690676e-06 1.478717360926286306e-05 2.379173266797987780e-05 1.877534115227931402e-05 2.801110559098287029e-05
1.541598243445210237e+00 1.576708329353897686e-04 1.040592044744236542e-05 7.988908781979606579e-06 1.926902613261878214e-05 3.169917333155778858e-05 2.450773641737171815e-05 3.733376097860751025e-05
1.550823846338359457e+00 1.916869444166697265e-04 1.298227369163652552e-05 1.024218649678756456e-05 2.356407538491183426e-05 4.083298721294345069e-05 3.052868569189290350e-05 4.721250220667797155e-05
1.560049449231508456e+00 1.985148746473299082e-04 1.362399118172666237e-05 1.057458943873375453e-05 2.438593469401419502e-05 4.443702788636003185e-05 3.265274282754948337e-05 5.026169138046360728e-05
1.569275052124657455e+00 1.640668247295936299e-04 1.122854193446999149e-05 8.392694950224832001e-06 1.996903463496012688e-05 3.693205848393708553e-05 2.748173377110517315e-05 4.106943459346507931e-05
1.578500655017806453e+00 1.140851639396919028e-04 7.670514485077166824e-06 5.724843660747993830e-06 1.362075724259421289e-05 2.477517453392320856e-05 1.897600130302278291e-05 2.737344314880044843e-05
1.587726257910955674e+00 7.388134249740003557e-05 4.711285428748524049e-06 3.531662477500785088e-06 8.492008327745583385e-06 1.524470967154640058e-05 1.200083973054431635e-05 1.716256352990745346e-05
1.596951860804104451e+00 4.754690046720960815e-05 2.802945281473130711e-06 2.228819452396848058e-06 5.335882192268193299e-06 9.324956055637809052e-06 7.481524756157437043e-06 1.080424400905804941e-05
1.606177463697253671e+00 3.119098816198427745e-05 1.702068880986070819e-06 1.373504959060969802e-06 3.294815224306232426e-06 5.835046516874828972e-06 4.728742071051545315e-06 6.955850674019961366e-06
1.615403066590402892e+00 2.098453642753221675e-05 1.105853438834983636e-06 9.122113396592170236e-07 2.139628863239932254e-06 3.760832121649307087e-06 3.046670428392436156e-06 4.595298700979202927e-06
1.624628669483551890e+00 1.447238851529758350e-05 7.764894212549837616e-07 6.052066812068663388e-07 1.381683078475821251e-06 2.478553461512138914e-06 2.010501003787636452e-06 3.106979146691354662e-06
1.633854272376701111e+00 1.020680643142939444e-05 5.234824538615256057e-07 4.491553898826055078e-07 9.241124150626270817e-07 1.671658019668929753e-06 1.395190410953064895e-06 2.139134488581833859e-06
1.643079875269850110e+00 7.345500388027177418e-06 3.890227711697290098e-07 3.537475898689247688e-07 6.738002390846219053e-07 1.148081160879382320e-06 9.858454712780904844e-07 1.506161503806030499e-06
1.652305478162999108e+00 5.385773814218992159e-06 3.052446707920263087e-07 2.883393600059562374e-07 5.659696246002508420e-07 8.008083100934318562e-07 7.136042380807905899e-07 1.098612573448474860e-06
1.661531081056148329e+00 4.024791517380435134e-06 2.470128741925884346e-07 2.326522727649495172e-07 5.148798324839103875e-07 5.678673580380572568e-07 6.322948163680041636e-07 7.938993531435202211e-07
1.670756683949297106e+00 3.067240269955087569e-06 2.184956152834506617e-07 2.024907720659412535e-07 4.725558818765658940e-07 4.269262044008776847e-07 5.687683457816866934e-07 5.839484642139271420e-07
1.679982286842446326e+00 2.390476245006960850e-06 2.053078993599050723e-07 1.842696278063992070e-07 4.450407130290144377e-07 3.277933888237096903e-07 5.272228163966748232e-07 4.592523084181998537e-07
1.689207889735595547e+00 1.912348695776959208e-06 2.094281301279797261e-07 1.673241726980329550e-07 4.220942197912435933e-07 2.757627312105624209e-07 4.951456159473039782e-07 3.927317377494870429e-07
1.698433492628744546e+00 1.576201846550198263e-06 2.045446796810880588e-07 1.546331488821991478e-07 3.987058202679970215e-07 2.438972153788609653e-07 4.635052251398659871e-07 3.488355936027342394e-07
1.707659095521893766e+00 1.343903325191045371e-06 2.002040184437704836e-07 1.418773205015893697e-07 3.751959608344377599e-07 2.279070836201902586e-07 4.386209518942491064e-07 3.212362323367050461e-07
1.716884698415042543e+00 1.188241376642268522e-06 1.914756178691768771e-07 1.321527185156135074e-07 3.520668382349162962e-07 2.064191415039144312e-07 4.269841407810092291e-07 2.962974411591219761e-07
1.726110301308191763e+00 1.089533712210180223e-06 1.796835027949582380e-07 1.230441196994120267e-07 3.330831615523531964e-07 1.985162647403374020e-07 4.121350899244601854e-07 2.754274610006047021e-07
1.735335904201340984e+00 1.033660672515634703e-06 1.608420547264053864e-07 1.147836777634625825e-07 3.186025136767985067e-07 1.917570667388792433e-07 3.820866139333605843e-07 2.749713939458577674e-07
1.744561507094489761e+00 1.009972925679686560e-06 1.479930371206138346e-07 1.091502560947000009e-07 3.030800279115368125e-07 1.907236574086468972e-07 3.586270653035849430e-07 2.798799352951516129e-07
1.753787109987638981e+00 1.011203999243417526e-06 1.311723590503551659e-07 1.069498686083565716e-07 2.904757357150836153e-07 1.949151695284927604e-07 3.472198974564958125e-07 2.928672105996320326e-07
1.763012712880787980e+00 1.031324835407882749e-06 1.181847881357218571e-07 1.079817574815502600e-07 2.762759517613546243e-07 2.013161619155536272e-07 3.260894147405317581e-07 2.948489678020698789e-07
1.772238315773937201e+00 1.065768882129585256e-06 1.138722680100791312e-07 1.056930080139738679e-07 2.652837710438768607e-07 2.169802111421771263e-07 3.092031325923183561e-07 2.971229153215019323e-07
1.781463918667086421e+00 1.111357791712286894e-06 1.118503010241454871e-07 1.063579234412345935e-07 2.547950436854561153e-07 2.318328921410516726e-07 3.005481785728991872e-07 3.084817462492799444e-07
1.790689521560235198e+00 1.165106977116750231e-06 1.110878157453490101e-07 1.118587689627915153e-07 2.453173821065414535e-07 2.430623330444653121e-07 2.960768626091527840e-07 3.398983004968686735e-07
1.799915124453384419e+00 1.225678435800556661e-06 1.121818103240015809e-07 1.124977208286997357e-07 2.359096520315007395e-07 2.554520177205817665e-07 2.918738742889917628e-07 3.720080412772888827e-07
1.809140727346533417e+00 1.290877394316394916e-06 1.169767199459848604e-07 1.147039390113114200e-07 2.266749893966868072e-07 2.721455019550824787e-07 2.877881745052882983e-07 4.020625671072523534e-07
1.818366330239682416e+00 1.359624281827671216e-06 1.220470295753804617e-07 1.187343735785327007e-07 2.178535719615544408e-07 2.798889289620053111e-07 2.838459598892720414e-07 4.204246217542210948e-07
1.827591933132831414e+00 1.430936358380486245e-06 1.265777951518620037e-07 1.237533033952239821e-07 2.192478835841059841e-07 3.002504662517443345e-07 2.722132034731579502e-07 4.391493438167147899e-07
1.836817536025980635e+00 1.504123478842200375e-06 1.279011419304695938e-07 1.303278435091357687e-07 2.143765964377250590e-07 3.221074857321096340e-07 2.765369999470019789e-07 4.581427465549558238e-07
1.846043138919129634e+00 1.578535917195247193e-06 1.326605981645977949e-07 1.322409595544889526e-07 2.184089973035294089e-07 3.418718490553649459e-07 2.731061576702027204e-07 4.772949168288429674e-07
1.855268741812278410e+00 1.653686369954146342e-06 1.397561128361735152e-07 1.349671273183487083e-07 2.269589630562353767e-07 3.631090214907534949e-07 2.868907564199795680e-07 4.965599163656775771e-07
1.864494344705427187e+00 1.729157893040930048e-06 1.473195338593692129e-07 1.450313241236492418e-07 2.390072093905988223e-07 3.843997652947454119e-07 3.075663161419574520e-07 5.170389429650588389e-07
1.873719947598576185e+00 1.804672269764772441e-06 1.568243926235071939e-07 1.522555779007787870e-07 2.497465124115200216e-07 4.056952779925628490e-07 3.289716995223928358e-07 5.446405732663248926e-07
1.882945550491724962e+00 1.879994494979112632e-06 1.645524242352071590e-07 1.580767844088546284e-07 2.630249089236104414e-07 4.269592549336955351e-07 3.414411254513487290e-07 5.720766792969140539e-07
1.892171153384873961e+00 1.955033065670036841e-06 1.712990192636227990e-07 1.649991297176213730e-07 2.740376839658914130e-07 4.481604982447542638e-07 3.591401551710364446e-07 5.993402379532134818e-07
1.901396756278022737e+00 2.029514889008290249e-06 1.742076722316586889e-07 1.709334379832853798e-07 2.873630059410425354e-07 4.691861684832880987e-07 3.774213134932223079e-07 6.264026396360969561e-07
1.910622359171171736e+00 2.103397420282636696e-06 1.816246295711009178e-07 1.744400610504271820e-07 3.059269245901199657e-07 4.901180698285873033e-07 3.979269491914060077e-07 6.532653462678943176e-07
1.919847962064320512e+00 2.176662736732598990e-06 1.906781770629096287e-07 1.800708050782798789e-07 3.209720062869585290e-07 5.109547744251392952e-07 4.182621850227727185e-07 6.799387497495592551e-07
1.929073564957469289e+00 2.249054771101544144e-06 1.986472490961643605e-07 1.889953206550916571e-07 3.354271381035753749e-07 5.316598885310520723e-07 4.384035650939347062e-07 7.063911117142755357e-07
1.938299167850618288e+00 2.320540710490940859e-06 2.074888082996851050e-07 1.956391483119770608e-07 3.518627059375766343e-07 5.522297325646859985e-07 4.583499641465281236e-07 7.326242341246599678e-07
1.947524770743767064e+00 2.391359793231183916e-06 2.176212800442828265e-07 2.056611746194588851e-07 3.691532584759493547e-07 5.727034332183063298e-07 4.781265462425657496e-07 7.586900455929461752e-07
1.956750373636916063e+00 2.461210532598414297e-06 2.286066216713223202e-07 2.149922340252674682e-07 3.840897279773489224e-07 5.930375184241970826e-07 4.977194698488673216e-07 7.845485183032033760e-07
1.965975976530064839e+00 2.530114201997338819e-06 2.379178182084665889e-07 2.202136687428106807e-07 3.984351616645081822e-07 6.132368852078955354e-07 5.171209135382589887e-07 8.102061921849942232e-07
1.975201579423213616e+00 2.598181878584772567e-06 2.461494361152344214e-07 2.252147664460153299e-07 4.137177223016700132e-07 6.333219613408298343e-07 5.363552473384650849e-07 8.356946139387716370e-07
1.984427182316362615e+00 2.666487577810639695e-06 2.548148512395653337e-07 2.316477034502445639e-07 4.267059990632919223e-07 6.534775112169196550e-07 5.554534519363460458e-07 8.612059072113864383e-07
1.993652785209511391e+00 2.731721914207918756e-06 2.635054794845153064e-07 2.382693310487176664e-07 4.391137968019159739e-07 6.731464877097345489e-07 5.735867927684797995e-07 8.861746286958741538e-07
2.002878388102660168e+00 2.797112194813307327e-06 2.719403815893288285e-07 2.443299244928381335e-07 4.514392583602282161e-07 6.928777126207843124e-07 5.902872451394875716e-07 9.111636506510230843e-07
2.012103990995809166e+00 2.861673247915476704e-06 2.807049859175080966e-07 2.516961149104627408e-07 4.636324113013341290e-07 7.125058482485791748e-07 6.068507074364537189e-07 9.360115314221811495e-07
2.021329593888958165e+00 2.925386751054842722e-06 2.899553281557578480e-07 2.595841928573860840e-07 4.761105884623045030e-07 7.320310197735129375e-07 6.232755552396128913e-07 9.607192920591504965e-07
2.030555196782107164e+00 2.988221774612620426e-06 2.994158187747802303e-07 2.655305509086993870e-07 4.886938890938040709e-07 7.514504756453263956e-07 6.395610172926593338e-07 9.852851864548985789e-07
2.039780799675255718e+00 3.050254088269335453e-06 3.091294224836434618e-07 2.704976734205282700e-07 5.044990429533700095e-07 7.707783203491698684e-07 6.557261024991937365e-07 1.009729940956798276e-06
2.049006402568404717e+00 3.111514775646861807e-06 3.176536234638212153e-07 2.772018547457365114e-07 5.202861906439898378e-07 7.900210429999490203e-07 6.717850972909970153e-07 1.034065185137365661e-06
2.058232005461553715e+00 3.171976009754325595e-06 3.261477400945497349e-07 2.825005142301754927e-07 5.355111651967110668e-07 8.091779498671751476e-07 6.877251044274808053e-07 1.058287094064240755e-06
2.067457608354702270e+00 3.231773862149304771e-06 3.340172603835073316e-07 2.881568946875207251e-07 5.478378531221252712e-07 8.282727655000543335e-07 7.035745676713783148e-07 1.082428360975572704e-06
2.076683211247851268e+00 3.290534507583158476e-06 3.426111074935894588e-07 2.967788249423636569e-07 5.599903833293010916e-07 8.472444138660600358e-07 7.192878589186282379e-07 1.106415256961106660e-06
2.085908814141000267e+00 3.348824502037221769e-06 3.513285446303463774e-07 3.021786469998496372e-07 5.720894259721961090e-07 8.661911885754628263e-07 7.349386445508390184e-07 1.130367881153771280e-06
2.095134417034148822e+00 3.406348289730146681e-06 3.596705365987510495e-07 3.083893849631191431e-07 5.850934379981753166e-07 8.850625850395957387e-07 7.505005725412216682e-07 1.154228442436421384e-06
2.104360019927297820e+00 3.463134562105028850e-06 3.680638337959567638e-07 3.159116676139429134e-07 5.987310102491097688e-07 9.041830682688615446e-07 7.659757793773691344e-07 1.178004487174940108e-06
2.113585622820446819e+00 3.519251975092379407e-06 3.765512432779777666e-07 3.249095347151788416e-07 6.115016131124806990e-07 9.226844551667389799e-07 7.813721576310339912e-07 1.201713729099640727e-06
2.122811225713595817e+00 3.574755535187662498e-06 3.851591679086956075e-07 3.323594200138012967e-07 6.234220106658249046e-07 9.414490458225667508e-07 7.967000340530757707e-07 1.225369679108481594e-06
2.132036828606744372e+00 3.629643480941416253e-06 3.936432327013865263e-07 3.405105498227972198e-07 6.352738739126441894e-07 9.601704073605722329e-07 8.119671804061302474e-07 1.248974512275806318e-06
2.141262431499893371e+00 3.683868432984809469e-06 4.020852505402477754e-07 3.498079361377694961e-07 6.470112149395354348e-07 9.788416349854731705e-07 8.271685646840356379e-07 1.272519867258055214e-06
2.150488034393042369e+00 3.737516366677271106e-06 4.105011787743739993e-07 3.565589174145417891e-07 6.586731641036113968e-07 9.974813984231715704e-07 8.423079365850333287e-07 1.296026194736757625e-06
2.159713637286190924e+00 3.790694032306317110e-06 4.189097947516105342e-07 3.629004660272843574e-07 6.702901714919628638e-07 1.016107268914672340e-06 8.574136546560467306e-07 1.319518923207167699e-06
2.168939240179339922e+00 3.843134563968153377e-06 4.272197961337720568e-07 3.692947079426354070e-07 6.818259358477187621e-07 1.034673957718273663e-06 8.724451823791405232e-07 1.342940677786617423e-06
2.178164843072488921e+00 3.895054075022105594e-06 4.355148602661364956e-07 3.762988035438858908e-07 6.933073913084208075e-07 1.053221852205898885e-06 8.874322175452313444e-07 1.366341008529269008e-06
2.187390445965637920e+00 3.946519463214880627e-06 4.438029938621643915e-07 3.856495369420127368e-07 7.047442892665767701e-07 1.071764328669332886e-06 9.023857286110274764e-07 1.389736561941529605e-06
2.196616048858786474e+00 3.997415707317849492e-06 4.522994070889130086e-07 3.931378746078491095e-07 7.161349919911337859e-07 1.090274993473544134e-06 9.173066886968347385e-07 1.413099619318830469e-06
2.205841651751935473e+00 4.047830981982999591e-06 4.613684354610767687e-07 3.994799722369908508e-07 7.274771675971795031e-07 1.108779428948601723e-06 9.321892146107338289e-07 1.436455817368661620e-06
2.215067254645084471e+00 4.097790151892337696e-06 4.700805353053284509e-07 4.051936165761607891e-07 7.387755826314683195e-07 1.127281897517622330e-06 9.470393567632288129e-07 1.459810831609491442e-06
2.224292857538233026e+00 4.147266932312651706e-06 4.793982254576212342e-07 4.109188078104482077e-07 7.515082059583376667e-07 1.145770627835313366e-06 9.618729301999335616e-07 1.483155867789463655e-06
2.233518460431382024e+00 4.196242424748287009e-06 4.872981127082062685e-07 4.166687524060137131e-07 7.646120909752736032e-07 1.164251230381780117e-06 9.766706912155012640e-07 1.506492283275456764e-06
2.242744063324531023e+00 4.244839256283125520e-06 4.950675069697275799e-07 4.230484360191539138e-07 7.759192723269658169e-07 1.182714021136778942e-06 9.914578844787200055e-07 1.529847039497752780e-06
2.251969666217680022e+00 4.293170949221809345e-06 5.032167061368533574e-07 4.309828530667895386e-07 7.870910872671830054e-07 1.201283158948429926e-06 1.006096953062598118e-06 1.553297830470515350e-06
2.261195269110828576e+00 4.340772358089733726e-06 5.118368660403022739e-07 4.374044740388086832e-07 7.983147733759824230e-07 1.219700322957900719e-06 1.020853957932009403e-06 1.576632256890536117e-06
2.270420872003977575e+00 4.388081161201799802e-06 5.204906908848727005e-07 4.445900641511059197e-07 8.095432176232239774e-07 1.238145246749165986e-06 1.035618263665389012e-06 1.600005850499459091e-06
2.279646474897126573e+00 4.434842896744980772e-06 5.292243007360153078e-07 4.516274306898649478e-07 8.207841678690029667e-07 1.256528084521462256e-06 1.050422399731014605e-06 1.623334578833878157e-06
2.288872077790275128e+00 4.481448288754215740e-06 5.378802303758895416e-07 4.592576003255625399e-07 8.319653119971185981e-07 1.275057242853660541e-06 1.065107612612350035e-06 1.646791060566998586e-06
2.298097680683424127e+00 4.527533986561136984e-06 5.476086412528367522e-07 4.646868556658714867e-07 8.431635225507631151e-07 1.293530970801537419e-06 1.079837969583334866e-06 1.670210565026500494e-06
2.307323283576573125e+00 4.573276043309977986e-06 5.576861687782610542e-07 4.711971566921683161e-07 8.543618307495822860e-07 1.312026949680843098e-06 1.094569504445224222e-06 1.693661326238251395e-06
2.316548886469722124e+00 4.618772626418611467e-06 5.657739777351556614e-07 4.788472491413055861e-07 8.655743916606990209e-07 1.330562940121708730e-06 1.109319947096537354e-06 1.717166080938662468e-06
2.325774489362870678e+00 4.663817099864669457e-06 5.729118623251819745e-07 4.863044645234384098e-07 8.777455079975592670e-07 1.349103485740782160e-06 1.124054022435943547e-06 1.740678905946738193e-06
2.335000092256019677e+00 4.708556766926378956e-06 5.817102635813919140e-07 4.939033962627526703e-07 8.903735105239007027e-07 1.367675758464523449e-06 1.138796697073716631e-06 1.764234114016992603e-06
2.344225695149168676e+00 4.752761911955491334e-06 5.905507269022756855e-07 5.022348076336947674e-07 9.030502653252608485e-07 1.386219896926688059e-06 1.153538829336579744e-06 1.787767671040696752e-06
2.353451298042317230e+00 4.796989687467869182e-06 5.994079849827147987e-07 5.102728627700334519e-07 9.155540753821521767e-07 1.404893237412764044e-06 1.168289754204073314e-06 1.811443288737305800e-06
2.362676900935466229e+00 4.840805390281604316e-06 6.083158517466313473e-07 5.167539649048837603e-07 9.281282747514456224e-07 1.423561426694115821e-06 1.183062451402241551e-06 1.835126399067536646e-06
2.371902503828615227e+00 4.884309291765781215e-06 6.172612567498520761e-07 5.226776647603547578e-07 9.406868513761097337e-07 1.442261803554445507e-06 1.197845962002856472e-06 1.858852185477238887e-06
2.381128106721764226e+00 4.927525393598172910e-06 6.259162176878535106e-07 5.286079569874311632e-07 9.532324904231788775e-07 1.460999607050281593e-06 1.212644458492009420e-06 1.882626942105705995e-06
2.390353709614912781e+00 4.970370425804754632e-06 6.344040809143684600e-07 5.354881567725719953e-07 9.657486405758682321e-07 1.479760835864822037e-06 1.227442904819582394e-06 1.906432024518494055e-06
2.399579312508061779e+00 5.013039057885852277e-06 6.426916280009236060e-07 5.424222268113152991e-07 9.782744215907071000e-07 1.498580272095345361e-06 1.242277576347708638e-06 1.930312720587823447e-06
2.408804915401210778e+00 5.055441921844471352e-06 6.511875135398493826e-07 5.489101359516084520e-07 9.907905322004849339e-07 1.517443069758263395e-06 1.257131885079794464e-06 1.954249098145928824e-06
2.418030518294359332e+00 5.097579788272300831e-06 6.600830410164007137e-07 5.566584499241422160e-07 1.003300392768606944e-06 1.536349422408472253e-06 1.272007183377313544e-06 1.978241518596766063e-06
2.427256121187508331e+00 5.139371271337333360e-06 6.688781572361730379e-07 5.637253732144838071e-07 1.015787315660769893e-06 1.555285521003729543e-06 1.286886682154668308e-06 2.002271530749239327e-06
2.436481724080657330e+00 5.181005269210565171e-06 6.776122149591840552e-07 5.693587685216989629e-07 1.028287070910914336e-06 1.574285768204978954e-06 1.301804838945763052e-06 2.026383664004078273e-06
2.445707326973806328e+00 5.222411519587658893e-06 6.863775292551254956e-07 5.774572655121240234e-07 1.040788936754041378e-06 1.593337874207374010e-06 1.316752000721997528e-06 2.050561927851787305e-06
2.454932929866954883e+00 5.263571479445259254e-06 6.951116655200060068e-07 5.853010440609695460e-07 1.053285049746690053e-06 1.612439552833987708e-06 1.331723778214150214e-06 2.074802513353069730e-06
2.464158532760103881e+00 5.304481306542356409e-06 7.045236505919928261e-07 5.912172620517508446e-07 1.065782542872847562e-06 1.631589362165025235e-06 1.346721935376323831e-06 2.099104248723384454e-06
2.473384135653252880e+00 5.345191001901461537e-06 7.133656416856011778e-07 5.971423854450748201e-07 1.078310560435015467e-06 1.650798497070447187e-06 1.361753670264149871e-06 2.123480348441556527e-06
2.482609738546401434e+00 5.385666290946441011e-06 7.221266450051874689e-07 6.042813379297387675e-07 1.090870256590174126e-06 1.670059923419501007e-06 1.376814520731942600e-06 2.147922149988074514e-06
2.491835341439550433e+00 5.425931460516019450e-06 7.308272379738442313e-07 6.114888601111076664e-07 1.103434758603410578e-06 1.689830764982538423e-06 1.391908535112450725e-06 2.172436222121045293e-06
2.501060944332699432e+00 5.465972826557974645e-06 7.396082155910201243e-07 6.187143373746252246e-07 1.116002012762331433e-06 1.709665180103340370e-06 1.407033618935807945e-06 2.197019610242333245e-06
2.510286547225848430e+00 5.505913237794548811e-06 7.481634662875254633e-07 6.256327443473323971e-07 1.128598584922375290e-06 1.729581526067761402e-06 1.422213610464477022e-06 2.221701803638305948e-06
2.519512150118996985e+00 5.545547598760058511e-06 7.571192209408128044e-07 6.324218978101821373e-07 1.141181134564758095e-06 1.749538927348287461e-06 1.437409651346285237e-06 2.246434313745244211e-06
2.528737753012145983e+00 5.585096077304717734e-06 7.661469801952460888e-07 6.392412343965139384e-07 1.153794787765315137e-06 1.769581903119839984e-06 1.452663681193544009e-06 2.271270222304414264e-06
2.537963355905294982e+00 5.624324563449932826e-06 7.752435708543539377e-07 6.464692524425809926e-07 1.166394895149736975e-06 1.789663840718412800e-06 1.467932407844529422e-06 2.296152927591156742e-06
2.547188958798443537e+00 5.663476896681283963e-06 7.844099308298998845e-07 6.550153634191064090e-07 1.179028477180328151e-06 1.809834062991483529e-06 1.483261633468032187e-06 2.321142094004633393e-06
2.556414561691592535e+00 5.702436198647400880e-06 7.936149261049656455e-07 6.616168729176356316e-07 1.191670955238267562e-06 1.830069224035041560e-06 1.498629280286246157e-06 2.346209943808541489e-06
2.565640164584741534e+00 5.741193594971859803e-06 8.027998441984293581e-07 6.679412410255947807e-07 1.204324912359181149e-06 1.850368173140974825e-06 1.514035042775383368e-06 2.371353945249768820e-06
2.574865767477890532e+00 5.779832416207376512e-06 8.119435038299183867e-07 6.760073253259748732e-07 1.216975371307572988e-06 1.870747444057775573e-06 1.529492939189312115e-06 2.396595793290843948e-06
2.584091370371039087e+00 5.818349372830711260e-06 8.211315298773482391e-07 6.840164573591839164e-07 1.229614717187140040e-06 1.891207314872951999e-06 1.545004324085234854e-06 2.421934159253679996e-06
2.593316973264188086e+00 5.856606048471544818e-06 8.303515161094879163e-07 6.919821763332659984e-07 1.242253175301934237e-06 1.911719822413751836e-06 1.560543557678979978e-06 2.447334919512205470e-06
2.602542576157337084e+00 5.894780232688525292e-06 8.396196641872007886e-07 6.999788018583600444e-07 1.254923683485867505e-06 1.931400218535523445e-06 1.576143996134369886e-06 2.472842628282684021e-06
2.611768179050485639e+00 5.932805949070000134e-06 8.490397328319807137e-07 7.083952365110894570e-07 1.267611447007617435e-06 1.951137307613955485e-06 1.591792959105809796e-06 2.498441566353640795e-06
2.620993781943634637e+00 5.970662077423454468e-06 8.585328674762843196e-07 7.168217278886241712e-07 1.280315851420879081e-06 1.970940928133035283e-06 1.607487617261969226e-06 2.524126198474165719e-06
2.630219384836783636e+00 6.008448213963366380e-06 8.680776514140234882e-07 7.252712628589860717e-07 1.293056540160428737e-06 1.990831313095151491e-06 1.623247200120578622e-06 2.549921755501879905e-06
2.639444987729932635e+00 6.045986128694853188e-06 8.776569725858412982e-07 7.337162048506897763e-07 1.305794506551619654e-06 2.010773768812664594e-06 1.639036934543157588e-06 2.575784095433668142e-06
2.648670590623081189e+00 6.083464788558741080e-06 8.872893423710059846e-07 7.421855967204855000e-07 1.318571056278138091e-06 2.030805858033705103e-06 1.654894207500090666e-06 2.601760560618207730e-06
2.657896193516230188e+00 6.120798585891548094e-06 8.969666344346227002e-07 7.506659272848944825e-07 1.331367255041186962e-06 2.050911254051092692e-06 1.670802436908099895e-06 2.627830202057867741e-06
2.667121796409379186e+00 6.157978042619044633e-06 9.066888360895329583e-07 7.591597046466298370e-07 1.344184770007483750e-06 2.071087490625459821e-06 1.686760887013188077e-06 2.653990013143501785e-06
2.676347399302527741e+00 6.195024791024313886e-06 9.164573307650058975e-07 7.676652983211817459e-07 1.357023832168330793e-06 2.091340242494404518e-06 1.702772975220724013e-06 2.680246538987928219e-06
2.685573002195676739e+00 6.232008854604579020e-06 9.262792597884150566e-07 7.761939482906271077e-07 1.369900255541010932e-06 2.111683703828739900e-06 1.718852949519044922e-06 2.706617650243139879e-06
2.694798605088825738e+00 6.268859607268219690e-06 9.361487509791593340e-07 7.847161193245169621e-07 1.382802764408669669e-06 2.132103242320668881e-06 1.734988129173142788e-06 2.733084911537111361e-06
2.704024207981974737e+00 6.305584134649329179e-06 9.460654347029203573e-07 7.932186744721125133e-07 1.395726852997247921e-06 2.153047924495609313e-06 1.751178653894283647e-06 2.759651422212361524e-06
2.713249810875123291e+00 6.342176598860594843e-06 9.560298507072160809e-07 8.017332344562885473e-07 1.408681053884489955e-06 2.174155581872920807e-06 1.767424745130842543e-06 2.786314056817051014e-06
2.722475413768272290e+00 6.378716926448828576e-06 9.660159547058721582e-07 8.102716924282309653e-07 1.421697326074926119e-06 2.195360805415263191e-06 1.783742345361790794e-06 2.813093331884115056e-06
2.731701016661421288e+00 6.415126119868784948e-06 9.757993320229653412e-07 8.188213070547937134e-07 1.434737952451729054e-06 2.216648714107046734e-06 1.800116025670261335e-06 2.839970591762901041e-06
2.740926619554569843e+00 6.451415781133493388e-06 9.856275874403789414e-07 8.273844977927371778e-07 1.447806028111345217e-06 2.238021648323637070e-06 1.816548452271035608e-06 2.866948748420694416e-06
2.750152222447718842e+00 6.487683495261225493e-06 9.958450475209111737e-07 8.359752514942473547e-07 1.460921545652985721e-06 2.259499820610314250e-06 1.833059192225420519e-06 2.894054071522155050e-06
2.759377825340867840e+00 6.523701014174789884e-06 1.006240871522249518e-06 8.445603417031876479e-07 1.474070479261995927e-06 2.281037178355164121e-06 1.849603278929158163e-06 2.921225759422844387e-06
