9.225602893149067790e-04 1.102336740137072464e-04 2.340337426754134911e-06 2.360406439539099676e-06 6.373355993630666605e-06 5.027209142090423560e-06 9.541076502161751640e-06 6.643985954541721528e-06
1.014816318246397446e-02 1.123438096297115993e-04 2.371376525509997840e-06 2.408686335339453957e-06 6.476726878743539555e-06 5.124557809773686435e-06 9.700123472806325507e-06 6.790010882857014894e-06
1.937376607561304073e-02 1.145910561664784382e-04 2.424875855158530307e-06 2.442482566432846100e-06 6.586854498612744794e-06 5.242044420726660824e-06 9.869529714632180621e-06 6.945111455237585490e-06
2.859936896876210874e-02 1.169910272646899955e-04 2.482708329934251931e-06 2.461330878784605812e-06 6.704548470775058646e-06 5.367484526475925629e-06 1.005052237047517722e-05 7.110262728260904603e-06
3.782497186191117328e-02 1.195555812343802225e-04 2.547572081800254513e-06 2.483884703869540457e-06 6.830366743889028868e-06 5.501515918591987206e-06 1.024396761283861209e-05 7.286277045892436952e-06
4.705057475506025516e-02 1.222981725398152942e-04 2.609320511997627063e-06 2.509964747161809364e-06 6.964944095980710398e-06 5.644861130112301508e-06 1.045085038716171287e-05 7.474073849268053366e-06
5.627617764820931623e-02 1.252301363350720757e-04 2.682914417732342426e-06 2.553711050423755190e-06 7.108783920170991949e-06 5.798159291128885859e-06 1.067195850436403431e-05 7.674480395574470549e-06
6.550178054135838424e-02 1.283814708010096986e-04 2.741853957150225223e-06 2.578055859923960485e-06 7.263452584206847931e-06 5.962715999136453419e-06 1.090967184760581487e-05 7.889333921150840177e-06
7.472738343450743836e-02 1.317547426286958554e-04 2.820052724901325573e-06 2.663501811169194725e-06 7.428895027249550302e-06 6.138346383912615710e-06 1.116395974545215312e-05 8.119066279038553635e-06
8.395298632765652025e-02 1.353849403052389492e-04 2.889960314869270208e-06 2.764158787534596630e-06 7.606915982503125416e-06 6.322452188879668089e-06 1.143757096336178746e-05 8.365850961278823881e-06
9.317858922080557438e-02 1.392926288922084451e-04 2.960564941538142755e-06 2.851717290444519487e-06 7.798454645662828344e-06 6.495922439518132287e-06 1.173196909296729106e-05 8.631145791816979395e-06
1.024041921139546424e-01 1.435094199840995517e-04 3.041879288162287155e-06 2.905190499177508559e-06 8.005039810317913281e-06 6.711884091986614715e-06 1.204951544909896397e-05 8.917052968332109123e-06
1.116297950071036965e-01 1.480745112137494385e-04 3.107962976263043634e-06 2.978697207749024132e-06 8.228658615693168563e-06 6.956349204575648648e-06 1.239322599189384691e-05 9.226097581176845308e-06
1.208553979002527506e-01 1.530269876929044146e-04 3.208561859887568450e-06 3.058172164748478158e-06 8.471165619600899786e-06 7.221464768689914594e-06 1.276597043978837365e-05 9.560920377141941470e-06
1.300810007934018186e-01 1.584054800566375612e-04 3.321843247654297348e-06 3.156402686604935443e-06 8.734337810691869325e-06 7.509414587249512319e-06 1.317053533178021802e-05 9.924218509748484801e-06
1.393066036865509005e-01 1.642791113117798114e-04 3.452218957812472951e-06 3.305438975027927707e-06 9.021719138269448934e-06 7.823694994635337812e-06 1.361230261234900197e-05 1.033103547878734085e-05
1.485322065796999824e-01 1.707093497428018936e-04 3.594635006380831515e-06 3.419744740814078003e-06 9.336258003213364310e-06 8.167635725957205937e-06 1.409582976641082070e-05 1.077854097207851846e-05
1.577578094728490643e-01 1.777388853651765566e-04 3.724441205908132551e-06 3.583511972454024369e-06 9.679645274263099603e-06 8.543959456923621828e-06 1.462387459567871494e-05 1.126797047938906987e-05
1.669834123659981462e-01 1.854958618811425309e-04 3.843490240757071151e-06 3.719271333080660614e-06 1.005864847442573232e-05 8.955830782501764467e-06 1.520808131863098144e-05 1.180733731772327737e-05
1.762090152591472003e-01 1.940596755260825070e-04 4.023720741409749510e-06 3.883374263011874850e-06 1.047670502701223425e-05 9.406499493138552803e-06 1.587383986573900961e-05 1.240271944938394605e-05
1.854346181522962822e-01 2.035616065320670280e-04 4.199485119782024123e-06 4.018839649790208581e-06 1.094032111947413786e-05 9.906885932903464155e-06 1.661210483056010869e-05 1.306304550041504742e-05
1.946602210454453641e-01 2.141445902408692977e-04 4.432361153175793343e-06 4.228347956758377957e-06 1.145630398947993043e-05 1.043482498709797941e-05 1.743379545129654070e-05 1.379838137013583515e-05
2.038858239385944460e-01 2.259793454075211200e-04 4.695359107277072069e-06 4.474434049701073125e-06 1.203282101544048415e-05 1.099649544665542338e-05 1.835198618217157062e-05 1.462076358222348465e-05
2.131114268317435001e-01 2.392863092934798376e-04 4.980236333507149712e-06 4.770812403655764772e-06 1.268047414892698333e-05 1.162801314511739117e-05 1.938357033357153555e-05 1.554550710803424937e-05
2.223370297248925820e-01 2.543197985269634947e-04 5.295768329481793154e-06 5.101542805892604528e-06 1.341145263142882234e-05 1.234134337113401226e-05 2.054805331112304718e-05 1.659053691648986742e-05
2.315626326180416361e-01 2.714051298587278910e-04 5.664403908302154990e-06 5.401180239758811980e-06 1.423874779811923905e-05 1.315192870724054240e-05 2.187016778983005014e-05 1.777870784251271751e-05
2.407882355111907180e-01 2.909416433954048974e-04 6.089566986095364468e-06 5.798223671331511567e-06 1.518352395926610447e-05 1.407861518460551018e-05 2.338044314642426973e-05 1.913811768541868021e-05
2.500138384043397721e-01 3.134336373883710386e-04 6.524253947768840229e-06 6.318284506583713746e-06 1.626956477146078873e-05 1.514354921263225519e-05 2.511716075959385258e-05 2.066075120325794583e-05
2.592394412974888818e-01 3.395205578271797407e-04 7.010047039876336761e-06 6.907328611063768501e-06 1.752704868882205445e-05 1.638586588056044867e-05 2.712886052761304947e-05 2.242087143041555843e-05
2.684650441906379359e-01 3.700587902291534214e-04 7.587119203652137496e-06 7.598568943439768571e-06 1.896779815777576263e-05 1.788750751981866508e-05 2.948083761587240968e-05 2.447464802622195375e-05
2.776906470837869900e-01 4.061096071961167752e-04 8.320030848132453985e-06 8.431587809949953397e-06 2.066073541026359215e-05 1.965846587847987128e-05 3.225300015991390242e-05 2.683420989555882711e-05
2.869162499769360997e-01 4.491273951589099997e-04 9.096397804539630219e-06 9.431695798040615284e-06 2.278473317363538704e-05 2.176932051617348545e-05 3.555522700416919972e-05 2.964972995811248312e-05
2.961418528700851538e-01 5.010805444963698603e-04 1.010848523691867170e-05 1.050449518465016753e-05 2.528926361273868811e-05 2.431553912458060424e-05 3.953569897684379181e-05 3.305008205349465851e-05
3.053674557632342079e-01 5.646682325670158249e-04 1.147244325425708471e-05 1.188646053723152029e-05 2.833057591276704184e-05 2.749906400889557106e-05 4.439694240217337447e-05 3.721182314940930502e-05
3.145930586563833176e-01 6.437249186480792969e-04 1.307850183850816674e-05 1.364866210174452664e-05 3.210104742522529656e-05 3.142053371925823593e-05 5.042573463080453171e-05 4.238604783768232590e-05
3.238186615495323717e-01 7.437922508654532579e-04 1.505333751912571894e-05 1.590793783595235208e-05 3.685774767573572579e-05 3.618782122343552465e-05 5.803421838577679532e-05 4.900547287347710619e-05
3.330442644426814813e-01 8.731547156958270476e-04 1.751134978614623042e-05 1.883418197421782899e-05 4.298342290030984173e-05 4.250303966778288915e-05 6.783596967266402634e-05 5.761900436135488322e-05
3.422698673358305355e-01 1.044525759669487830e-03 2.074994044349177252e-05 2.272676617004996957e-05 5.105901014694643435e-05 5.085539226291793495e-05 8.076441431037299779e-05 6.902769111713784496e-05
3.514954702289795896e-01 1.278405542757482657e-03 2.528044511869052477e-05 2.805181399930835318e-05 6.227063567417466007e-05 6.223450599355498554e-05 9.831218936261622125e-05 8.459742976975456394e-05
3.607210731221286992e-01 1.609266635735077250e-03 3.179013550288936445e-05 3.570242785644914089e-05 7.819180469067848159e-05 7.829998424049400101e-05 1.229577087212927345e-04 1.066311935909961418e-04
3.699466760152777534e-01 2.097965664739387913e-03 4.121437682759986065e-05 4.698154549892183396e-05 1.016549876861724995e-04 1.027901215268083208e-04 1.589914829810742253e-04 1.392220670879658687e-04
3.791722789084268630e-01 2.858962870107643103e-03 5.571340467646311578e-05 6.528056998083512502e-05 1.380225945750651953e-04 1.415915535254758280e-04 2.142523431652634119e-04 1.901556061867609553e-04
3.883978818015759171e-01 4.120732949893931088e-03 8.234135914784741078e-05 9.586887378874343890e-05 1.977120013566908627e-04 2.071356055711407601e-04 3.047181317448596424e-04 2.753422519384150433e-04
3.976234846947249713e-01 6.355112191214073655e-03 1.307028042342953805e-04 1.518040809558472357e-04 3.001897456906179457e-04 3.265403062830771891e-04 4.629025385367042250e-04 4.286846417023912337e-04
4.068490875878740809e-01 1.042365714410870003e-02 2.239221122779591622e-04 2.657510780491086771e-04 4.572880935701448268e-04 5.419637056515679008e-04 7.297847363159793571e-04 7.251601475178857947e-04
4.160746904810231350e-01 1.648847506659113435e-02 4.225691458712536874e-04 4.737727904451406735e-04 6.880248222430156158e-04 8.995562400907538420e-04 1.040847987263549684e-03 1.221970827998105150e-03
4.253002933741722447e-01 1.857476449863033202e-02 5.358335463497045092e-04 5.941666495956933469e-04 8.052154688750513822e-04 1.096933882003648525e-03 1.092511861267214668e-03 1.417912413014352224e-03
4.345258962673212988e-01 1.282733069006023428e-02 3.473106834195327508e-04 3.950933020911307630e-04 5.481765569168191299e-04 7.595075917561453643e-04 7.760025474093917158e-04 9.700870409108230258e-04
4.437514991604703529e-01 7.375853159335405036e-03 1.865632193313974951e-04 2.185037201744358115e-04 3.245474292916227660e-04 4.277115262891640485e-04 4.721537352679163260e-04 5.449413472940721481e-04
4.529771020536194626e-01 4.359319673848728940e-03 1.033118433290090843e-04 1.221082375292750072e-04 1.914254031434199643e-04 2.478035669766275387e-04 2.903560124792523012e-04 3.176336503887067578e-04
4.622027049467684612e-01 2.760895905430819919e-03 6.359411768730189457e-05 7.514825467189265723e-05 1.212955370319956927e-04 1.554940980557175702e-04 1.881531940044829827e-04 2.001363241470079102e-04
4.714283078399175708e-01 1.862473015566439754e-03 4.262025033656413608e-05 5.058484854500271133e-05 8.152238464422261084e-05 1.040085885954820846e-04 1.285650573028052687e-04 1.348683595216830511e-04
4.806539107330666249e-01 1.321709367397033491e-03 2.990412803149000882e-05 3.572400360608309587e-05 5.752419848137758744e-05 7.310351828040745001e-05 9.187070776315274523e-05 9.579774232803509211e-05
4.898795136262157346e-01 9.762492365990881917e-04 2.211574521546210738e-05 2.624026481390080798e-05 4.241026851863082849e-05 5.403964918880934699e-05 6.808390923618810875e-05 7.089264791865657750e-05
4.991051165193647332e-01 7.443592530431924039e-04 1.695589679219381210e-05 2.009907243496773105e-05 3.199692351027439395e-05 4.110472744811913531e-05 5.196227103107845489e-05 5.412378620439791364e-05
5.083307194125139539e-01 5.823309259095906876e-04 1.336383895052522131e-05 1.574297672149102545e-05 2.492000784262628655e-05 3.215255981607405798e-05 4.062596587474723298e-05 4.226448031742740651e-05
5.175563223056629525e-01 4.652983195344691453e-04 1.078890254979045791e-05 1.267195407356067538e-05 1.996351062290703353e-05 2.566432856468636682e-05 3.238563079295954210e-05 3.373351292242185873e-05
5.267819251988120621e-01 3.783949854561251725e-04 8.804557736577956362e-06 1.041292719674630956e-05 1.633247078028940511e-05 2.088542992377832776e-05 2.623746416181046807e-05 2.741764312054868974e-05
5.360075280919610607e-01 3.123416612858684544e-04 7.378670484028265752e-06 8.650512433423026160e-06 1.354985757123252071e-05 1.725983016128519254e-05 2.155743163043940874e-05 2.262748677285444498e-05
5.452331309851101704e-01 2.611255508415485536e-04 6.261284971880375864e-06 7.348182631465355243e-06 1.129564333897137588e-05 1.445046208993315670e-05 1.792695845061545445e-05 1.891909979024819434e-05
5.544587338782591690e-01 2.207448340903613265e-04 5.373153250755514530e-06 6.275536191788645256e-06 9.524014818607941767e-06 1.223660073449694681e-05 1.506566749636829698e-05 1.599818739706857103e-05
5.636843367714083897e-01 1.884267659192774384e-04 4.662444612028241852e-06 5.411989409658159037e-06 8.111333079354778042e-06 1.046485969397682779e-05 1.277803957850214282e-05 1.366199881265518692e-05
5.729099396645573883e-01 1.622176997309393511e-04 4.077909674105148659e-06 4.714111364865716412e-06 6.989944740184490411e-06 9.027622160576469126e-06 1.092566247508160887e-05 1.176820981465767245e-05
5.821355425577064979e-01 1.407427896382229613e-04 3.619406528757224996e-06 4.141130393801319923e-06 6.088796267874783605e-06 7.848802666771180579e-06 9.411259612767720623e-06 1.021627498139099518e-05
5.913611454508554965e-01 1.229377605543938699e-04 3.243569902135732836e-06 3.630407390794416025e-06 5.321631903006644347e-06 6.870694307649832583e-06 8.158558547944765081e-06 8.929687766501948456e-06
6.005867483440046062e-01 1.080626657272627957e-04 2.951360708467156888e-06 3.207849431546231506e-06 4.669188391775207984e-06 6.052341597140387737e-06 7.115070465859264716e-06 7.854337627129944735e-06
6.098123512371537158e-01 9.551884176845907074e-05 2.674664603969305983e-06 2.872230784175118208e-06 4.105879231751548286e-06 5.361309055969243863e-06 6.237868507402756784e-06 6.947237828931895226e-06
6.190379541303028255e-01 8.487360652475474908e-05 2.397644351950089939e-06 2.584868651923192553e-06 3.627704586336714574e-06 4.773807693222420468e-06 5.496073185589305616e-06 6.184582694012202516e-06
6.282635570234518241e-01 7.578152495521501110e-05 2.180266927141220825e-06 2.330498053421123177e-06 3.233610417354589842e-06 4.274673141201342061e-06 4.864968012506266102e-06 5.551597764497326359e-06
6.374891599166009337e-01 6.795885890186528213e-05 1.973576855365114023e-06 2.110791176358143683e-06 2.898264538483483611e-06 3.858379362133736840e-06 4.324121437328408619e-06 5.005344728086961277e-06
6.467147628097499323e-01 6.119980564018433374e-05 1.832679588641050110e-06 1.921532462551349375e-06 2.628893916394983211e-06 3.501948681387643961e-06 3.858865842607263319e-06 4.531821425661547627e-06
6.559403657028991530e-01 5.532810602231959544e-05 1.663285479175408848e-06 1.746380169188223720e-06 2.425659281877115656e-06 3.169405685728991144e-06 3.456572199358982434e-06 4.119096175242248326e-06
6.651659685960481516e-01 5.019854307817690065e-05 1.544137638146876059e-06 1.592821674079878465e-06 2.243000654876664275e-06 2.878672270896810172e-06 3.106781320664308936e-06 3.757382005414671398e-06
6.743915714891972613e-01 4.570549520280095594e-05 1.432550341389602776e-06 1.466046702017466060e-06 2.071689444692086308e-06 2.638652761597037833e-06 2.801985384607144690e-06 3.439450010494815883e-06
6.836171743823462599e-01 4.175200843137280376e-05 1.341283712754034205e-06 1.351395151178326883e-06 1.928014451247455610e-06 2.429217808518684628e-06 2.535266684133132356e-06 3.158702208775101530e-06
6.928427772754953695e-01 3.826162866280436169e-05 1.252687216906340595e-06 1.248287219793093770e-06 1.779560759063015369e-06 2.244084096179287384e-06 2.301107064386101421e-06 2.907079885913352519e-06
7.020683801686443681e-01 3.516772193929630533e-05 1.174941907894927625e-06 1.161448526614068037e-06 1.674136294812382032e-06 2.068396353255325560e-06 2.136736804290378466e-06 2.672679317216605050e-06
7.112939830617935888e-01 3.241947444057892820e-05 1.110327014585625171e-06 1.082221332092018562e-06 1.589816988591085647e-06 1.918360607704691666e-06 2.000589780062889383e-06 2.463841732439317239e-06
7.205195859549425874e-01 2.997279559415331581e-05 1.050914380751157749e-06 1.004938615861530237e-06 1.507416933083971961e-06 1.779659795242290426e-06 1.850849991967660498e-06 2.277336928238156346e-06
7.297451888480916971e-01 2.777608905236769659e-05 9.861959657364295596e-07 9.391023259145794854e-07 1.419427933331644651e-06 1.654180003924876722e-06 1.710547724937141030e-06 2.109598040653304417e-06
7.389707917412406957e-01 2.581777857015979313e-05 9.199532036553225518e-07 8.786720227864964507e-07 1.344035039209814204e-06 1.540483991407436360e-06 1.621885832757827614e-06 1.959460128443934877e-06
7.481963946343899163e-01 2.405644862285394829e-05 8.773493403307298303e-07 8.262909441870928550e-07 1.279730214150450330e-06 1.438948614588500974e-06 1.541173733100552199e-06 1.824093920365694619e-06
7.574219975275389150e-01 2.247237309973275054e-05 8.358231966377120236e-07 7.827630385656040386e-07 1.227419315270761882e-06 1.350327884518692003e-06 1.467719517234135059e-06 1.701987520692331286e-06
7.666476004206880246e-01 2.104246373807710295e-05 7.885257161034623795e-07 7.400136114584701782e-07 1.174787701754845612e-06 1.269915148988061187e-06 1.400598438626236267e-06 1.591478083164499875e-06
7.758732033138370232e-01 1.975277354632203893e-05 7.524948782504009884e-07 7.065734499075507755e-07 1.125287989354074593e-06 1.195541967042412752e-06 1.339317573178663113e-06 1.494517534421039028e-06
7.850988062069861328e-01 1.858665668721018569e-05 7.211599323935093770e-07 6.703994797863666315e-07 1.079578221013507093e-06 1.128496116237172792e-06 1.269969397433708363e-06 1.419469390223180319e-06
7.943244091001351315e-01 1.752927996281735120e-05 6.881392319917713262e-07 6.388001230032189887e-07 1.032487465182866385e-06 1.073775247663409215e-06 1.223789647441041021e-06 1.354310488984719667e-06
8.035500119932843521e-01 1.657082406395334189e-05 6.611528701426708904e-07 6.089567269193318184e-07 9.904431682019468135e-07 1.026784468523716284e-06 1.180167877353422367e-06 1.294850478164355961e-06
8.127756148864333507e-01 1.570036203415719214e-05 6.373031953453637795e-07 5.783549210813385599e-07 9.555983661140767123e-07 9.789643210108351696e-07 1.134227267599609539e-06 1.240482372782937358e-06
8.220012177795824604e-01 1.491148742867298717e-05 6.133742468472615298e-07 5.525281581278156573e-07 9.223221498024470683e-07 9.336680786352320261e-07 1.094787991500282477e-06 1.190885666318103428e-06
8.312268206727314590e-01 1.419263028641902151e-05 5.881096532403283424e-07 5.296660281523797402e-07 8.941156055724479545e-07 8.921193603437194369e-07 1.058306040145923858e-06 1.145362910083078264e-06
8.404524235658805686e-01 1.353706392442793836e-05 5.650253105626282994e-07 5.088397795769620917e-07 8.678986111378104870e-07 8.539152201389584392e-07 1.024892861823130911e-06 1.102393781695674106e-06
8.496780264590296783e-01 1.294084425345404879e-05 5.465146494829653398e-07 4.894177352955971216e-07 8.435787640760833618e-07 8.188829423269327636e-07 9.944002099602977440e-07 1.057451348282860461e-06
8.589036293521787879e-01 1.239744107208088911e-05 5.320341167221098104e-07 4.704417111077950891e-07 8.209071244388588408e-07 7.866391614045034251e-07 9.626604134721052298e-07 1.016540350788434753e-06
8.681292322453277865e-01 1.190309649819168463e-05 5.190521436540063914e-07 4.532236678598076257e-07 8.002879274592414902e-07 7.571012447066861352e-07 9.345655075532876822e-07 9.793892793252785079e-07
8.773548351384768962e-01 1.145094407137369931e-05 5.066593890565315272e-07 4.375525648635375238e-07 7.815812026460706291e-07 7.353244622760374320e-07 9.125610366317562014e-07 9.454928147678083361e-07
8.865804380316258948e-01 1.103998805502814917e-05 4.938524874048764155e-07 4.261724150743091775e-07 7.635952069362682477e-07 7.157940394002604094e-07 8.921347047037115837e-07 9.147730665370312064e-07
8.958060409247751155e-01 1.066656052196377178e-05 4.805897698874581769e-07 4.112263951772379477e-07 7.480330679419278122e-07 6.921978835066586481e-07 8.731765127849724190e-07 8.869629984452817979e-07
9.050316438179241141e-01 1.032471824755528455e-05 4.710462765359812369e-07 3.990082367526706490e-07 7.298904504138682101e-07 6.741926829770573406e-07 8.553820174102923685e-07 8.609523008895329002e-07
9.142572467110732237e-01 1.001404566435694880e-05 4.604072670867243852e-07 3.888004420624535418e-07 7.153814963271662290e-07 6.507265687217120889e-07 8.384916244161098067e-07 8.369758477613334797e-07
9.234828496042222223e-01 9.731998475625253285e-06 4.496670283268805441e-07 3.792298239126195371e-07 7.001300956477420664e-07 6.379595342726205519e-07 8.220870533329632270e-07 8.151897967856028195e-07
9.327084524973712210e-01 9.476489669709952027e-06 4.393437564578036078e-07 3.709245218066129890e-07 6.871933142153336212e-07 6.209342977475316283e-07 8.070356296402015093e-07 7.954466600760842050e-07
9.419340553905202196e-01 9.244509132587634879e-06 4.299759914304900483e-07 3.635540064407099945e-07 6.734906191191296251e-07 6.072920942110225949e-07 7.944206015780881799e-07 7.775358497898002974e-07
9.511596582836694402e-01 9.036098777482683299e-06 4.219341960936921087e-07 3.558435965637142008e-07 6.607240891625921163e-07 5.989822373531258611e-07 7.824123359687107945e-07 7.614653628306764887e-07
9.603852611768185499e-01 8.847022191371189199e-06 4.147322608242114985e-07 3.487186492138062943e-07 6.486330660319792094e-07 5.879424788983708184e-07 7.715944337328765993e-07 7.469314571422546009e-07
9.696108640699675485e-01 8.678865923054850657e-06 4.056557211152303456e-07 3.422593722645068899e-07 6.373325767824562446e-07 5.770354737365493317e-07 7.618216079375767272e-07 7.340635567577588827e-07
9.788364669631165471e-01 8.526822329206008830e-06 4.009081301379675860e-07 3.372468991738779769e-07 6.273032548775905713e-07 5.670704526927687725e-07 7.520789760082407171e-07 7.225116217188361846e-07
9.880620698562656568e-01 8.397857674482392125e-06 3.965263009250561592e-07 3.330823867859852594e-07 6.192893390463612033e-07 5.585220304278663118e-07 7.437118076703176520e-07 7.128451141875332450e-07
9.972876727494148774e-01 8.274277355433527385e-06 3.936617177533638888e-07 3.296967923043294128e-07 6.128896400538384683e-07 5.503140764168531546e-07 7.351294192360639026e-07 7.064927879177408426e-07
1.006513275642563876e+00 8.170700231169693799e-06 3.898127318858895000e-07 3.256624516171206400e-07 6.076340102573356337e-07 5.456541484689824803e-07 7.277566058868054517e-07 7.015660563851195056e-07
1.015738878535712875e+00 8.081305041755307747e-06 3.856044375678568833e-07 3.229178049528702539e-07 6.029072543308477158e-07 5.460239909132204555e-07 7.219454749105674288e-07 6.976168165142251394e-07
1.024964481428862095e+00 8.005453981522678286e-06 3.812440367636314568e-07 3.199701560698370816e-07 5.990399906453358863e-07 5.420182072401327154e-07 7.206764504066618467e-07 6.946094216442950437e-07
1.034190084322011094e+00 7.941655678245746356e-06 3.758976680241612794e-07 3.194026186706161365e-07 5.957461905253206430e-07 5.440436148248493930e-07 7.204465402056229304e-07 6.924373743851668206e-07
1.043415687215160093e+00 7.890548730752057304e-06 3.717616023774859797e-07 3.168527702418184546e-07 5.931055826897173392e-07 5.466345477776381274e-07 7.213397499447698178e-07 6.911604913796903378e-07
1.052641290108309091e+00 7.850562548335070928e-06 3.683128538567927455e-07 3.151527373230057858e-07 5.910090669752690731e-07 5.496198275569985184e-07 7.218378510579105808e-07 6.906647047089893235e-07
1.061866893001458312e+00 7.821890333681824254e-06 3.661023171236994376e-07 3.184023172217829046e-07 5.908626991772925009e-07 5.486944957870600222e-07 7.203112971066460166e-07 6.909746204196011462e-07
1.071092495894607532e+00 7.803759825788768932e-06 3.659764520097223429e-07 3.172291298101677500e-07 5.932983313897476849e-07 5.502173445538321352e-07 7.194309213311069623e-07 6.920352205739518212e-07
1.080318098787756531e+00 7.796387477653540771e-06 3.671165459453324260e-07 3.195001757564033552e-07 5.961785701653301206e-07 5.548713173265993918e-07 7.192278851884750676e-07 6.938728289769622364e-07
1.089543701680905530e+00 7.798862150537318010e-06 3.696744249141370231e-07 3.222417959067413109e-07 5.946432028504473416e-07 5.558098034138644525e-07 7.196932208113301265e-07 6.964205252927409761e-07
1.098769304574054528e+00 7.811312691123768929e-06 3.701278708221612498e-07 3.257029533215990638e-07 5.984298486151779244e-07 5.553775194192746260e-07 7.208336133037347986e-07 6.996954521715989934e-07
1.107994907467203749e+00 7.834431697413327518e-06 3.716588388875331403e-07 3.302448396021908229e-07 6.001321727781774325e-07 5.552266297978128456e-07 7.227499271367427059e-07 7.037462681385341974e-07
1.117220510360352748e+00 7.866775682214107368e-06 3.772394878573948605e-07 3.318720452744313427e-07 6.035810782213921796e-07 5.571119851757177173e-07 7.253064869508009279e-07 7.084731192342288319e-07
1.126446113253501746e+00 7.908841299699494610e-06 3.783264936871263723e-07 3.340066256877207644e-07 6.074065677767775977e-07 5.615654289893338508e-07 7.285645509300409534e-07 7.139182816992373324e-07
1.135671716146650967e+00 7.961052761800810310e-06 3.797255373876147006e-07 3.379373373273841588e-07 6.114764099040393932e-07 5.669633999290161388e-07 7.326212200640533562e-07 7.201224046792726235e-07
1.144897319039799966e+00 8.023479517910246645e-06 3.855409855974825054e-07 3.422133121413518941e-07 6.218475877041491380e-07 5.724620242346589526e-07 7.374805913510355831e-07 7.256511324725781767e-07
1.154122921932948964e+00 8.096185739879072524e-06 3.869875973943798816e-07 3.489213376393709184e-07 6.262466283612292539e-07 5.781795100996053860e-07 7.437774309510410245e-07 7.308802209663924838e-07
1.163348524826097963e+00 8.179438452173253948e-06 3.941530540297585237e-07 3.558229626782346503e-07 6.292108366503626661e-07 5.892742207537192355e-07 7.558390947742187852e-07 7.382048009054524134e-07
1.172574127719247183e+00 8.273687958894170990e-06 4.008365194044045054e-07 3.648310347259097874e-07 6.357162148933650754e-07 5.992006511172514335e-07 7.690253819598977827e-07 7.527835672999784293e-07
1.181799730612396404e+00 8.379657676253518439e-06 4.067810275413039886e-07 3.743618509491085296e-07 6.529131139251375949e-07 6.112279668427225899e-07 7.834526388494865152e-07 7.630801499180052413e-07
1.191025333505545403e+00 8.496937047064365337e-06 4.180925546595017127e-07 3.824883101921971654e-07 6.682283931904017728e-07 6.242129198795554686e-07 7.991988517472144263e-07 7.801896226552066716e-07
1.200250936398694401e+00 8.627666543702578966e-06 4.311075923461226501e-07 3.923368637814412906e-07 6.796799536000754593e-07 6.375048619739116953e-07 8.162665887552540163e-07 8.002991807226552410e-07
1.209476539291843622e+00 8.772022515570090099e-06 4.343715194342553118e-07 4.021735730949590619e-07 6.924406518593086824e-07 6.534998820879990642e-07 8.349298337220485266e-07 8.219715012862181369e-07
1.218702142184992621e+00 8.930870984731504537e-06 4.501699748292139932e-07 4.132927338086739267e-07 7.064988015384149296e-07 6.710865430219019583e-07 8.551909323444514696e-07 8.453110660450887211e-07
1.227927745078141619e+00 9.105444973840108109e-06 4.664634948627534864e-07 4.254272255831933650e-07 7.220332767099000464e-07 6.896698035696383202e-07 8.830920540859232750e-07 8.704620049141588168e-07
1.237153347971290618e+00 9.296766330928270310e-06 4.754163502175976283e-07 4.376060738261520577e-07 7.392167720771078589e-07 7.098419898487042732e-07 9.065911457731973944e-07 8.975477328065306030e-07
1.246378950864439838e+00 9.507764775860535144e-06 4.921543168079703379e-07 4.520804957726773821e-07 7.579330268514427362e-07 7.317257957256901782e-07 9.290681912369782685e-07 9.268203033367801121e-07
1.255604553757589059e+00 9.737398491519455522e-06 5.111205478826406895e-07 4.695348727156172555e-07 7.786448794037495897e-07 7.556217855406701853e-07 9.557232424409291868e-07 9.583617172761572467e-07
1.264830156650738058e+00 9.991090626958560531e-06 5.310650223544750810e-07 4.898930500062529568e-07 8.014720646822809749e-07 7.833852474820163204e-07 9.866863060563889917e-07 9.925498345035106462e-07
1.274055759543887056e+00 1.026892983169706699e-05 5.549589182894743900e-07 5.083008004057671189e-07 8.288734910134740652e-07 8.154557551061279122e-07 1.020490945492364464e-06 1.029551633847750012e-06
1.283281362437036055e+00 1.057530358790424048e-05 5.791365133568413090e-07 5.289813902906127449e-07 8.652113453426254211e-07 8.491595957667743801e-07 1.057382960175007436e-06 1.069740652057587843e-06
1.292506965330185276e+00 1.091313687397068450e-05 6.044587065885479447e-07 5.509073653544981362e-07 8.949655687094658395e-07 8.763846096466259644e-07 1.099871001109096566e-06 1.113459802983059757e-06
1.301732568223334052e+00 1.128748323688914880e-05 6.311152155660623871e-07 5.729915621749147911e-07 9.279994551673394914e-07 9.139441646549618280e-07 1.155008738525922855e-06 1.161181605951964313e-06
1.310958171116483273e+00 1.170168199500994854e-05 6.603948066607581892e-07 5.969426379096902315e-07 9.714053636849707707e-07 9.575435688878728617e-07 1.215195135659876422e-06 1.213325363797163552e-06
1.320183774009632494e+00 1.216264194952197034e-05 6.947483431285796232e-07 6.297042175553940291e-07 1.014327876323716169e-06 1.006821190812920642e-06 1.281078143341449484e-06 1.270530242957783524e-06
1.329409376902781492e+00 1.267762756824329202e-05 7.337741998207967077e-07 6.655248110577347464e-07 1.070629821181571714e-06 1.060628734845060951e-06 1.353490482257750253e-06 1.333507570714134491e-06
1.338634979795930713e+00 1.325442311436879675e-05 7.771551768902358392e-07 7.007191815199146837e-07 1.140859294160031940e-06 1.118042428203881139e-06 1.433273039375893351e-06 1.402684764408817416e-06
1.347860582689079489e+00 1.390450320714287319e-05 8.228302817123759146e-07 7.420749184218375746e-07 1.208910456403222626e-06 1.178313796646534187e-06 1.521433351808970587e-06 1.479125154131193050e-06
1.357086185582228710e+00 1.463951047301471588e-05 8.723637148274865870e-07 7.914257028894210302e-07 1.285595998073388747e-06 1.253213021513314496e-06 1.619308118695836628e-06 1.564937372372902528e-06
1.366311788475377931e+00 1.547594297304417558e-05 9.424894697911132056e-07 8.428450513947180424e-07 1.373528311929525015e-06 1.337541600408021308e-06 1.728429889696436148e-06 1.661825102447543959e-06
1.375537391368526707e+00 1.643314464861082470e-05 1.014769453835473543e-06 9.004577853777256241e-07 1.494335646300337721e-06 1.433505669534971652e-06 1.850672769100971966e-06 1.770524950248972111e-06
1.384762994261675928e+00 1.753607106264402283e-05 1.108593078117538048e-06 9.713788965563839931e-07 1.606521571194035128e-06 1.543199581852260798e-06 1.988340199786962968e-06 1.893040273353022369e-06
1.393988597154824927e+00 1.881591681019040318e-05 1.200344023542968761e-06 1.056497121695765571e-06 1.756499787434780537e-06 1.668263179799237553e-06 2.172509087548608403e-06 2.039712133044257472e-06
1.403214200047974147e+00 2.031329137144873107e-05 1.315014588732816577e-06 1.147311063303815484e-06 1.912478153937622016e-06 1.815539873070336695e-06 2.348611388831531468e-06 2.209844841169775821e-06
1.412439802941123368e+00 2.208079189929464204e-05 1.443410253165145428e-06 1.256385427263387566e-06 2.097863182366160824e-06 1.986572138822410659e-06 2.553097997012774526e-06 2.406027476786173268e-06
1.421665405834272145e+00 2.418748330478721344e-05 1.586764489280485677e-06 1.384002105132398997e-06 2.301492403552923182e-06 2.182117654903899901e-06 2.792784250584479848e-06 2.637715141697967789e-06
1.430891008727421365e+00 2.672684841063247666e-05 1.752565246606847745e-06 1.537114908427613937e-06 2.574253938212128870e-06 2.404642633508882770e-06 3.122148694891054059e-06 2.914341186794745071e-06
1.440116611620570364e+00 2.982497412849106487e-05 1.948216386592145676e-06 1.718209147740914285e-06 2.905910166470383044e-06 2.703666491383886918e-06 3.528038061952689123e-06 3.248623850677199055e-06
1.449342214513719362e+00 3.365787921279844507e-05 2.188298632682750895e-06 1.941543151021609824e-06 3.259593673966293826e-06 3.069313764192308609e-06 4.016956710143673433e-06 3.658209583191558733e-06
1.458567817406868583e+00 3.847379232642974926e-05 2.498157150208091281e-06 2.202990942204517254e-06 3.721766392073041075e-06 3.498551202556199596e-06 4.613349585297333265e-06 4.182101075128303398e-06
1.467793420300017582e+00 4.463290150071011004e-05 2.901175228494310419e-06 2.540683204768589794e-06 4.354528876732677268e-06 4.042228383018686569e-06 5.351345684967125311e-06 4.836324691078147751e-06
1.477019023193166802e+00 5.266823977391842359e-05 3.386311332157487255e-06 2.974236636661873831e-06 5.142650029835065862e-06 4.780823158819547971e-06 6.291767850371662494e-06 5.700651371894562718e-06
1.486244626086316023e+00 6.339087947505849527e-05 4.051815963357122108e-06 3.552378927102039911e-06 6.155087164623701881e-06 5.749307880877105954e-06 7.507140107372434873e-06 6.815835739380174830e-06
1.495470228979464800e+00 7.806712467947354254e-05 4.945688235731481269e-06 4.295653607549646631e-06 7.453168960759796297e-06 6.983644734031270126e-06 8.994741992419385819e-06 8.308418586829222617e-06
1.504695831872614020e+00 9.871898292496470015e-05 6.163505974785197226e-06 5.336507023391592040e-06 9.273811827382070160e-06 8.815761684751461237e-06 1.100293938971033431e-05 1.036688716441016070e-05
1.513921434765763019e+00 1.286147659683453768e-04 7.959446023575748787e-06 6.836222042882792132e-06 1.160714598756772326e-05 1.129639850623111489e-05 1.367340671265903740e-05 1.336076810579955323e-05
1.523147037658912017e+00 1.729224486737210016e-04 1.052987297821264740e-05 8.965096952181491946e-06 1.477730378468954000e-05 1.473920515562555629e-05 1.754264022716785980e-05 1.759286985599528845e-05
1.532372640552061016e+00 2.388376050830367798e-04 1.409849944131245751e-05 1.193895238410045009e-05 1.959640478054776444e-05 1.985677796250269423e-05 2.309118806112736653e-05 2.321355253332926675e-05
1.541598243445210237e+00 3.315480007906240539e-04 1.803690187843768255e-05 1.602221228098400004e-05 2.490054132997689259e-05 2.632610602526654726e-05 3.069111116748147843e-05 3.137002683973325523e-05
1.550823846338359457e+00 4.360517492832760664e-04 2.109235009016893888e-05 1.938468596118851596e-05 3.096375780856780446e-05 3.284918165273370463e-05 3.902783408559433844e-05 3.990152830530565393e-05
1.560049449231508456e+00 4.917277131890817558e-04 2.103310786469054106e-05 1.991740448204317501e-05 3.154464085934843929e-05 3.495883133262153025e-05 4.246724780695076626e-05 4.611680797167032634e-05
1.569275052124657455e+00 4.456375831513375782e-04 1.678441414498007666e-05 1.685380234874381006e-05 2.496873594001053354e-05 2.987601316936807196e-05 3.471935408537967340e-05 3.996742348739919281e-05
1.578500655017806453e+00 3.422343411065519297e-04 1.164296278404554396e-05 1.230525004815855505e-05 1.748772053549818659e-05 2.219064761548619714e-05 2.439967085228933637e-05 2.951196977164858692e-05
1.587726257910955674e+00 2.465506815122676834e-04 7.821371583580940222e-06 8.583995887076142656e-06 1.210912309778370459e-05 1.521278469053131879e-05 1.496196499951656881e-05 1.994777593761668075e-05
1.596951860804104451e+00 1.777713465586493885e-04 5.251597945396194048e-06 5.782356565766353686e-06 8.378841334226374161e-06 1.049464533132784291e-05 1.091733609457113687e-05 1.382038195811024117e-05
1.606177463697253671e+00 1.315676362922987939e-04 3.609975385657589924e-06 3.924781516383493707e-06 6.048459594187448763e-06 7.428087541098743387e-06 8.152837113719908074e-06 9.731200825789529602e-06
1.615403066590402892e+00 1.005425285505282695e-04 2.549212522119388008e-06 2.835314861154871716e-06 4.469906853923457713e-06 5.477886717627291095e-06 6.354707240438278899e-06 7.079712099260449193e-06
1.624628669483551890e+00 7.924375412979833540e-05 1.846463616763044727e-06 2.065792559058897155e-06 3.612219041496290842e-06 4.066677245225067561e-06 5.155915017198960202e-06 5.297468290706302293e-06
1.633854272376701111e+00 6.420894153679951376e-05 1.385935729369275077e-06 1.548475912706046378e-06 2.980907839024768803e-06 3.155345561347365339e-06 4.287935508979793197e-06 4.102457484847106257e-06
1.643079875269850110e+00 5.329945242730446821e-05 1.070585669379409740e-06 1.187554590851318183e-06 2.554996584818727216e-06 2.437416093163841146e-06 3.727410869408564250e-06 3.292577770885240986e-06
1.652305478162999108e+00 4.518143204742431930e-05 9.087402218606324624e-07 9.357046634782405941e-07 2.252831369355267244e-06 1.946734358492335196e-06 3.317925512985662843e-06 2.689696511887927275e-06
1.661531081056148329e+00 3.900329686612099954e-05 7.612687617328616862e-07 7.994661311368735286e-07 2.048846917249097586e-06 1.633832706135798210e-06 3.035055027277684062e-06 2.212362960274722097e-06
1.670756683949297106e+00 3.420834329296237750e-05 6.491856317296601595e-07 6.910763096731840634e-07 1.876603030311890384e-06 1.426520953529829174e-06 2.809478981720442859e-06 1.867691965241400471e-06
1.679982286842446326e+00 3.042201465008526726e-05 5.718959720169785428e-07 6.270940009665829031e-07 1.738015710202899699e-06 1.223942486411006225e-06 2.595993365864820399e-06 1.601903200277210622e-06
1.689207889735595547e+00 2.738640834529840309e-05 5.265466533246555478e-07 5.519196049094661851e-07 1.625688200351394083e-06 1.161142989725357270e-06 2.391504253330983170e-06 1.517172769669216444e-06
1.698433492628744546e+00 2.492039466966811706e-05 4.952256335658350114e-07 5.335018498769657051e-07 1.552114050499518060e-06 1.113984353619653029e-06 2.225724607658655080e-06 1.438288704097353686e-06
1.707659095521893766e+00 2.289316954141668852e-05 4.755944996817842313e-07 5.152101396823013382e-07 1.478957223884566765e-06 1.102072459895875561e-06 2.101415343465542199e-06 1.433722997284065862e-06
1.716884698415042543e+00 2.120950406621579276e-05 4.722214051183888856e-07 4.872540222983341664e-07 1.412765596540658142e-06 1.113933939597398803e-06 2.004722010896395969e-06 1.424257757305247843e-06
1.726110301308191763e+00 1.979814789660465395e-05 4.798516562808712786e-07 4.638885732697078555e-07 1.362252769352095236e-06 1.107685968308070462e-06 1.922400287827240637e-06 1.411549532710586587e-06
1.735335904201340984e+00 1.860545851128280392e-05 4.832016023833692032e-07 4.496109912031257623e-07 1.320301680934337523e-06 1.075832578911716777e-06 1.851803135754583366e-06 1.396755186525992825e-06
1.744561507094489761e+00 1.759024865675793022e-05 4.835728928343768361e-07 4.321731329058511439e-07 1.283788199382695800e-06 1.088682636206371489e-06 1.797638856570838242e-06 1.380686923838202065e-06
1.753787109987638981e+00 1.672047885198987222e-05 4.832570921217905135e-07 4.269833836492700958e-07 1.251701972915212507e-06 1.101530524090182472e-06 1.737981473336177370e-06 1.363897644372122863e-06
1.763012712880787980e+00 1.597074472458129697e-05 4.747477017017032804e-07 4.262582279907302146e-07 1.223313014707522162e-06 1.112219762185163546e-06 1.691767057080058886e-06 1.346773642875330053e-06
1.772238315773937201e+00 1.532146178300168024e-05 4.769060031551318674e-07 4.210384842258614645e-07 1.198209882053788156e-06 1.107884600532086671e-06 1.651206047763938996e-06 1.329617764909126821e-06
1.781463918667086421e+00 1.475625188839407152e-05 4.698659244767829833e-07 4.160453328480024070e-07 1.175890314630758599e-06 1.110518589587445497e-06 1.615395364443639797e-06 1.324357135665925886e-06
1.790689521560235198e+00 1.426258703382121317e-05 4.721328612592358979e-07 4.108154032838081521e-07 1.156018847966988798e-06 1.108546408869934445e-06 1.581327183901684821e-06 1.319714834450554257e-06
1.799915124453384419e+00 1.382940209497328180e-05 4.760076700326965873e-07 4.123804946780136994e-07 1.138214780696767821e-06 1.099446471273201714e-06 1.544152190596905782e-06 1.313988562474520828e-06
1.809140727346533417e+00 1.344829402646852927e-05 4.787550515461948768e-07 4.148830936896216314e-07 1.122256867322107740e-06 1.089901116918485851e-06 1.510619073913313734e-06 1.312386109393511848e-06
1.818366330239682416e+00 1.311214027090902302e-05 4.779343483447227045e-07 4.088978745892843478e-07 1.107923498846445445e-06 1.095196714355219206e-06 1.480283818563924464e-06 1.310596366337329544e-06
1.827591933132831414e+00 1.281484526303273028e-05 4.720528120792539395e-07 4.078538137939646428e-07 1.091516524263438112e-06 1.086695345395689388e-06 1.452759333152801841e-06 1.307811891952735499e-06
1.836817536025980635e+00 1.255127457484947398e-05 4.699783998434396676e-07 4.072324658987625423e-07 1.079907763274963754e-06 1.077915760880617676e-06 1.427710597861348769e-06 1.304237561487523714e-06
1.846043138919129634e+00 1.231743154810885866e-05 4.690610216945350849e-07 4.051071270108655930e-07 1.071813902608648528e-06 1.069209444950621502e-06 1.404885284451662817e-06 1.294243432614144027e-06
1.855268741812278410e+00 1.210950991189293781e-05 4.679918600920895488e-07 4.042755088076520315e-07 1.061420793796168674e-06 1.060491088921005305e-06 1.384026639497938876e-06 1.272698091827319597e-06
1.864494344705427187e+00 1.192449443630579633e-05 4.640193035115472924e-07 4.007076268503564502e-07 1.050648846715278770e-06 1.052436780141605577e-06 1.364933883782330255e-06 1.258148541264387439e-06
1.873719947598576185e+00 1.175966741802790339e-05 4.623162493968990708e-07 4.007229292991278737e-07 1.040839098995437783e-06 1.049268003023466552e-06 1.347419278984867078e-06 1.249292126669223442e-06
1.882945550491724962e+00 1.161298385418382363e-05 4.569269946655909765e-07 3.973447707892034420e-07 1.031915879092858447e-06 1.039018626295175882e-06 1.331346290678098429e-06 1.240401986166962285e-06
1.892171153384873961e+00 1.148221775201277407e-05 4.529157456007600025e-07 3.938574005959573463e-07 1.023768935020408322e-06 1.039426403033995574e-06 1.316553665016498693e-06 1.231523484427628863e-06
1.901396756278022737e+00 1.136589001976699955e-05 4.510586043168995717e-07 3.903265215583686266e-07 1.016346926181577697e-06 1.038235451188481375e-06 1.304068924241185291e-06 1.222662809173724171e-06
1.910622359171171736e+00 1.126218384635286841e-05 4.486442824382198483e-07 3.912953540901808959e-07 1.009554518840921619e-06 1.034912775493503737e-06 1.296773102713783720e-06 1.213842802540666393e-06
1.919847962064320512e+00 1.117032980392529733e-05 4.484235483936569681e-07 3.940812716905661597e-07 1.003373460213062107e-06 1.036602359819861969e-06 1.290325481618842860e-06 1.200096776314759042e-06
1.929073564957469289e+00 1.108880338895186899e-05 4.481004779503954569e-07 3.950840492131447090e-07 9.980386215296461376e-07 1.034192520346219801e-06 1.284608140100079314e-06 1.186641404876082420e-06
1.938299167850618288e+00 1.101669432665892967e-05 4.472429697013238483e-07 3.939057297053671930e-07 9.940196972323308829e-07 1.031335095604853222e-06 1.279562234679803664e-06 1.173509799553788807e-06
1.947524770743767064e+00 1.095314231791486534e-05 4.456774109390188520e-07 3.928039602016250115e-07 9.932362921318864325e-07 1.027590983513141160e-06 1.275128128829825734e-06 1.160706841864955633e-06
1.956750373636916063e+00 1.089722654566473587e-05 4.434185601576542724e-07 3.949766105347345384e-07 9.931795212784686589e-07 1.023295922723530714e-06 1.271240092654286321e-06 1.148189385078072938e-06
1.965975976530064839e+00 1.084850894663652877e-05 4.411874090873922735e-07 3.945184960377814401e-07 9.932818975342077553e-07 1.017954744897084531e-06 1.267876930863694220e-06 1.137323632779981252e-06
1.975201579423213616e+00 1.080620740888103768e-05 4.389853737755676521e-07 3.939708114175356307e-07 9.935206523391730104e-07 1.011346756562377095e-06 1.264978288425073081e-06 1.134417602355491893e-06
1.984427182316362615e+00 1.076880768447608297e-05 4.367059917570143224e-07 3.923386560117357206e-07 9.937190371402049511e-07 1.004984943948497992e-06 1.262383207656696748e-06 1.131634020873415112e-06
1.993652785209511391e+00 1.073875570321231763e-05 4.345805879279364815e-07 3.910085895165341070e-07 9.943723940821229992e-07 1.002207520876635560e-06 1.260430395600803085e-06 1.128330472562275993e-06
2.002878388102660168e+00 1.071261476795340211e-05 4.342226988979387535e-07 3.889851314849479194e-07 9.936736366275946471e-07 1.002255152780819183e-06 1.258710646773100722e-06 1.125165301751760439e-06
2.012103990995809166e+00 1.069114697770570514e-05 4.341096616256015961e-07 3.853640005504574987e-07 9.923505731779939975e-07 1.002099746895403437e-06 1.257339634534900675e-06 1.116576371146298235e-06
2.021329593888958165e+00 1.067367088035031611e-05 4.339762213067737626e-07 3.823935210066293421e-07 9.912186333471472111e-07 9.975451844799049217e-07 1.256256755323075395e-06 1.107742870711442745e-06
2.030555196782107164e+00 1.066014215209392518e-05 4.326627904572631335e-07 3.812959110665108765e-07 9.902859647912507250e-07 9.876648702556876171e-07 1.255469448722109366e-06 1.099119217748902410e-06
2.039780799675255718e+00 1.065021226704607588e-05 4.311621977786453928e-07 3.813234618025259558e-07 9.895368554727578659e-07 9.802624214888334194e-07 1.254951428885036182e-06 1.090693590994111994e-06
2.049006402568404717e+00 1.064350042517023328e-05 4.296696383251154576e-07 3.813784823330990321e-07 9.889435928809766480e-07 9.795816879870119902e-07 1.254671377668864507e-06 1.082443919433377392e-06
2.058232005461553715e+00 1.063984431590989052e-05 4.280272161243550390e-07 3.801324264461208868e-07 9.884309067501347289e-07 9.736669527875238707e-07 1.254619615655843556e-06 1.074373683302517576e-06
2.067457608354702270e+00 1.063927372358926855e-05 4.264099909436902937e-07 3.783409975509261126e-07 9.880880055077779529e-07 9.678446469025481566e-07 1.254808032990495506e-06 1.066487463205960956e-06
2.076683211247851268e+00 1.064073102924089473e-05 4.264053874053400068e-07 3.796928628835482064e-07 9.878427400675573593e-07 9.640232484104950913e-07 1.255129243869378044e-06 1.062432329799245092e-06
2.085908814141000267e+00 1.064497304014651232e-05 4.270175896198541156e-07 3.770488000862016358e-07 9.877519456537558595e-07 9.606657937073375981e-07 1.255671050566809372e-06 1.059322940687156282e-06
2.095134417034148822e+00 1.065141280119362363e-05 4.276202260853591492e-07 3.789775087893570272e-07 9.877827153524294156e-07 9.574139941844381197e-07 1.256376655540391847e-06 1.056178333584051465e-06
2.104360019927297820e+00 1.066005394127079676e-05 4.281291256725042025e-07 3.799972267252580484e-07 9.879381392050877101e-07 9.544654017374523902e-07 1.257252012324469316e-06 1.049174644826435623e-06
2.113585622820446819e+00 1.067059362061638344e-05 4.270356874144725599e-07 3.787579217688168798e-07 9.874715127490408368e-07 9.511726004440299389e-07 1.258268157633036732e-06 1.042214687250285076e-06
2.122811225713595817e+00 1.068317418206096710e-05 4.251959801958289333e-07 3.774533166445148273e-07 9.864152307951301260e-07 9.482293337220550132e-07 1.259445572711757441e-06 1.039774729489047073e-06
2.132036828606744372e+00 1.069730126585650943e-05 4.245813687050993356e-07 3.779705099012761787e-07 9.854656217543572127e-07 9.453328886121413433e-07 1.260734723250628070e-06 1.039142614417276096e-06
2.141262431499893371e+00 1.071298009076658615e-05 4.254807443579036285e-07 3.797197009527484147e-07 9.846237094398449323e-07 9.444533702949055971e-07 1.262139376192025609e-06 1.038467700753489622e-06
2.150488034393042369e+00 1.073038276166337189e-05 4.256969070539974077e-07 3.793062663084694749e-07 9.839043715398232984e-07 9.384103800793468160e-07 1.263681923151186101e-06 1.037142628616066371e-06
2.159713637286190924e+00 1.074900610430359104e-05 4.247042548060779620e-07 3.792264828985781168e-07 9.832699748593074087e-07 9.316227581056820502e-07 1.265310425234436272e-06 1.033932794576408162e-06
2.168939240179339922e+00 1.076894269309756983e-05 4.237547656267114121e-07 3.811448713594734486e-07 9.827285289689718830e-07 9.247969804058190697e-07 1.267038193923929833e-06 1.030705539183783293e-06
2.178164843072488921e+00 1.079017550351637777e-05 4.228407359626009174e-07 3.825145809552838567e-07 9.822419571486154689e-07 9.180069944450456167e-07 1.268865631944014183e-06 1.027666872188095126e-06
2.187390445965637920e+00 1.081247567646964641e-05 4.225676021782326608e-07 3.819259458406913047e-07 9.818239183370456441e-07 9.149905180603411871e-07 1.270770082572513244e-06 1.026390375750928965e-06
2.196616048858786474e+00 1.083617216011886787e-05 4.219692743497031369e-07 3.819327917278839384e-07 9.815078012737911937e-07 9.115938664867367567e-07 1.272790559686476231e-06 1.025152564859049196e-06
2.205841651751935473e+00 1.086059666228677042e-05 4.221993608907908445e-07 3.834793574990762465e-07 9.812430958648572413e-07 9.056517377532623909e-07 1.274854515135164995e-06 1.023921103660359224e-06
2.215067254645084471e+00 1.088601339165405980e-05 4.218129112574868603e-07 3.847913340033722648e-07 9.828860247134622689e-07 9.025532811891787561e-07 1.276993732777754480e-06 1.022719059595308483e-06
2.224292857538233026e+00 1.091260405473555919e-05 4.214616696054463221e-07 3.841354478989041847e-07 9.850362404340815724e-07 9.000368308436234742e-07 1.279229947983584684e-06 1.021547135334427105e-06
2.233518460431382024e+00 1.093986331543544617e-05 4.217652734575473485e-07 3.839662583223115425e-07 9.872012905782548544e-07 8.953626767805472777e-07 1.281508508707733594e-06 1.020382646087072815e-06
2.242744063324531023e+00 1.096796407534828055e-05 4.226406661696148655e-07 3.852739431015393098e-07 9.875974760713331232e-07 8.891482094946066313e-07 1.283846977022184578e-06 1.019237908801644046e-06
2.251969666217680022e+00 1.099312018858479896e-05 4.231630786664401567e-07 3.846411063816581406e-07 9.885060487118183908e-07 8.850607690388954312e-07 1.285836009079277314e-06 1.017968029096481499e-06
2.261195269110828576e+00 1.102335629516482896e-05 4.232965602038902013e-07 3.834302008702321975e-07 9.886509998905147214e-07 8.822823189865253249e-07 1.288353382607605431e-06 1.016876693195349943e-06
2.270420872003977575e+00 1.105425982574274841e-05 4.227948169301728732e-07 3.822255665228989666e-07 9.886745519651373614e-07 8.794889900483781659e-07 1.290918460982481397e-06 1.015788196115454442e-06
2.279646474897126573e+00 1.108755598240251952e-05 4.225317976803807165e-07 3.809185466867084224e-07 9.888862434788278703e-07 8.766289384005948566e-07 1.293719298524535649e-06 1.014771750810127956e-06
2.288872077790275128e+00 1.111803910819539535e-05 4.219285382365543959e-07 3.812719519904462747e-07 9.889010249227545989e-07 8.753688642192500758e-07 1.296191775347037758e-06 1.013645569224132906e-06
2.298097680683424127e+00 1.115082618310906463e-05 4.214306852561573009e-07 3.800762132927311719e-07 9.890964161020565697e-07 8.715159371162355155e-07 1.298892133605862882e-06 1.010353676099106016e-06
2.307323283576573125e+00 1.118415765289048459e-05 4.209410894831407530e-07 3.787881335005843184e-07 9.893421694160735655e-07 8.663880615360690189e-07 1.301630309632297494e-06 1.004590591415066418e-06
2.316548886469722124e+00 1.121802265682783497e-05 4.204603784155989282e-07 3.772549387921905143e-07 9.896365534037752617e-07 8.612858091536494432e-07 1.304405468444858835e-06 9.988059473832325893e-07
2.325774489362870678e+00 1.125237810677932201e-05 4.199857763280442875e-07 3.758022928439854480e-07 9.899707554644778776e-07 8.561956966006768109e-07 1.307213879053212310e-06 9.953829400141913828e-07
2.335000092256019677e+00 1.128721971297749089e-05 4.195342549490783132e-07 3.774167355229177112e-07 9.903457657856988290e-07 8.511152264389749912e-07 1.310055485635638669e-06 9.937562654482013199e-07
2.344225695149168676e+00 1.132282322691779959e-05 4.191292503130167384e-07 3.780954364983465325e-07 9.907843098412100679e-07 8.460310385724081032e-07 1.312958278330163728e-06 9.920884029414917969e-07
2.353451298042317230e+00 1.135822030014705032e-05 4.186766187138975807e-07 3.788846292932096911e-07 9.912165551570305396e-07 8.409740129123970381e-07 1.315825639550605833e-06 9.904614999139547716e-07
2.362676900935466229e+00 1.139435161755373747e-05 4.182580501618713396e-07 3.805206171830613265e-07 9.923842420527585376e-07 8.380088080938682325e-07 1.318751931814776440e-06 9.887903500497001886e-07
2.371902503828615227e+00 1.143083829628475374e-05 4.178446448896558563e-07 3.821564947577864486e-07 9.942851228254801724e-07 8.381056628658075042e-07 1.321699115795107977e-06 9.870970543470835543e-07
2.381128106721764226e+00 1.146769776859703612e-05 4.174359639103610790e-07 3.837953628170466503e-07 9.961899522210568189e-07 8.404598110992102684e-07 1.324669709937284644e-06 9.853859503508799944e-07
2.390353709614912781e+00 1.150494638748714430e-05 4.170314033461943067e-07 3.854401081523930431e-07 9.981005594873215995e-07 8.427899830175356825e-07 1.327665709229783973e-06 9.836602781528628822e-07
2.399579312508061779e+00 1.154248033157370043e-05 4.166305166949300877e-07 3.870824035018465643e-07 1.000009185933908379e-06 8.392614820288410367e-07 1.330675925574362496e-06 9.819075726087505250e-07
2.408804915401210778e+00 1.158032100089728302e-05 4.162328044366873291e-07 3.871135339039069031e-07 1.001918280943490434e-06 8.335582670754734623e-07 1.333703272950750063e-06 9.801328857549722307e-07
2.418030518294359332e+00 1.161845822502106253e-05 4.159201218422050152e-07 3.885675413823784838e-07 1.003827526223725683e-06 8.287951433897768950e-07 1.336746863379527199e-06 9.783407865351079327e-07
2.427256121187508331e+00 1.165692849240441816e-05 4.155582418729787528e-07 3.903794286014103550e-07 1.005740183213571027e-06 8.232056810807812945e-07 1.339810775117171004e-06 9.765322569984553343e-07
2.436481724080657330e+00 1.169563753997098288e-05 4.150544352110268720e-07 3.921970417432773317e-07 1.007649192847486991e-06 8.175698769533923415e-07 1.342884891061169145e-06 9.746948900199654716e-07
2.445707326973806328e+00 1.173459602452141255e-05 4.146645928340258200e-07 3.942920212803513268e-07 1.009555861878617445e-06 8.196356668841051979e-07 1.345970729296084098e-06 9.728331057348980112e-07
2.454932929866954883e+00 1.177380634310887303e-05 4.142758451637932395e-07 3.961268596761275616e-07 1.011460804343619334e-06 8.169301367455031451e-07 1.349068725092343826e-06 9.709466616289177878e-07
2.464158532760103881e+00 1.181324173862982768e-05 4.138874507606385216e-07 3.983264628128040525e-07 1.013362187073644071e-06 8.125510512186785565e-07 1.352176081628695276e-06 9.690334453003761393e-07
2.473384135653252880e+00 1.185288922898471132e-05 4.134983384360746335e-07 3.990392070666914969e-07 1.015259265708795669e-06 8.080960019585847932e-07 1.355291532544898578e-06 9.670937358961806136e-07
2.482609738546401434e+00 1.189276174791963058e-05 4.131418968125483843e-07 4.006680938065867184e-07 1.017153367436178038e-06 8.044936182375385527e-07 1.358416543730488801e-06 9.651279353064358613e-07
2.491835341439550433e+00 1.193284396964287859e-05 4.127188600304962563e-07 4.012819928064115536e-07 1.019043691795801953e-06 8.032306212036853803e-07 1.361549741409539080e-06 9.631352687049192095e-07
2.501060944332699432e+00 1.197310550122637731e-05 4.123264982021338670e-07 4.019722432633992176e-07 1.021470235320477463e-06 7.999871997248685708e-07 1.364687587192304227e-06 9.611136459141343105e-07
2.510286547225848430e+00 1.201353166163560486e-05 4.119332005365568033e-07 4.046842991848789418e-07 1.024044717895689234e-06 7.947428113159388035e-07 1.367828655043252180e-06 9.590586845039730666e-07
2.519512150118996985e+00 1.205415404653905779e-05 4.115369023093089332e-07 4.068897983795604609e-07 1.026626687949374407e-06 7.894696867028427011e-07 1.370976688087245467e-06 9.569788153841025745e-07
2.528737753012145983e+00 1.209492153631111881e-05 4.111384417418638247e-07 4.070069398896060441e-07 1.029218537490827681e-06 7.913386887848320318e-07 1.374125799157572048e-06 9.548643028011409703e-07
2.537963355905294982e+00 1.213586163384874923e-05 4.104130513568790518e-07 4.084544683452540070e-07 1.031816358244617458e-06 7.946420831239330560e-07 1.377279493295717382e-06 9.527229793360110125e-07
2.547188958798443537e+00 1.217695978447947598e-05 4.101107874382996937e-07 4.116413174474793120e-07 1.034425037132279311e-06 7.929501513014115740e-07 1.380435603319623677e-06 9.505471851318533880e-07
2.556414561691592535e+00 1.221817502288628402e-05 4.098245418393137851e-07 4.135695578012323385e-07 1.037037548338201436e-06 7.884469233703787132e-07 1.383590210600396049e-06 9.483383322971844921e-07
2.565640164584741534e+00 1.225946411987205014e-05 4.095078703502693209e-07 4.149276220314186491e-07 1.039651330464849805e-06 7.839091149678808834e-07 1.386738533813336826e-06 9.460913527297266175e-07
2.574865767477890532e+00 1.230101912837726718e-05 4.090910867268831116e-07 4.148807350706841974e-07 1.042278622320019123e-06 7.802397431989456175e-07 1.389901069817428707e-06 9.438166875675140232e-07
2.584091370371039087e+00 1.234259477127910073e-05 4.086680410943141609e-07 4.150626579383016098e-07 1.044906475054688499e-06 7.766002721354384902e-07 1.393051336016436594e-06 9.414973989724771414e-07
2.593316973264188086e+00 1.238432226352913230e-05 4.083159349624805340e-07 4.173640872163028619e-07 1.047537630236135899e-06 7.770198532951294151e-07 1.396203949281557246e-06 9.391491432099863533e-07
2.602542576157337084e+00 1.242614348736913295e-05 4.079067089675777270e-07 4.205107439582087149e-07 1.050174040820197650e-06 7.745421115618106235e-07 1.399352209436042675e-06 9.367614413692287206e-07
2.611768179050485639e+00 1.246809344936207901e-05 4.081990991322294429e-07 4.211717152026834231e-07 1.052814260883597623e-06 7.712510107833340432e-07 1.402499882707079296e-06 9.355288039722330583e-07
2.620993781943634637e+00 1.251011128199415202e-05 4.081256951219237124e-07 4.186393305845804768e-07 1.055454302956350946e-06 7.679142975780478629e-07 1.405640498111023029e-06 9.347118397833902639e-07
2.630219384836783636e+00 1.255221023706080896e-05 4.080468479570967808e-07 4.213174266509295702e-07 1.058097517527658616e-06 7.667355468020866114e-07 1.408775123633985139e-06 9.338597779315902983e-07
2.639444987729932635e+00 1.259443729825325909e-05 4.079614275530346899e-07 4.220186141806351937e-07 1.060740831333727862e-06 7.644388087672661592e-07 1.411909226435607227e-06 9.329798258066322096e-07
2.648670590623081189e+00 1.263671677077374694e-05 4.080886364496815583e-07 4.236527508539580586e-07 1.063385793096772118e-06 7.606176192234757031e-07 1.415034274801410514e-06 9.320624569696351545e-07
2.657896193516230188e+00 1.267908736264685278e-05 4.083839788466182044e-07 4.218909203540041093e-07 1.066030077432924666e-06 7.568807198083272997e-07 1.418154407800097715e-06 9.311125848045908600e-07
2.667121796409379186e+00 1.272154002117926722e-05 4.086748723056614845e-07 4.223504454117207917e-07 1.068675488532839260e-06 7.528194352138827038e-07 1.421268716105269117e-06 9.301285624670326354e-07
2.676347399302527741e+00 1.276407301642529509e-05 4.089606345134238867e-07 4.230027472390080558e-07 1.071318628221060816e-06 7.489843168074784277e-07 1.424376868649355595e-06 9.291113064241410138e-07
2.685573002195676739e+00 1.280665173862363455e-05 4.090207148853927286e-07 4.237714269159758971e-07 1.073961923778325291e-06 7.467887322171517042e-07 1.427474708454176143e-06 9.308083455812769292e-07
2.694798605088825738e+00 1.284929924962732793e-05 4.088528583390964083e-07 4.263130499647712214e-07 1.076604084652420335e-06 7.445375134286946506e-07 1.431289368936148156e-06 9.351094868870489562e-07
2.704024207981974737e+00 1.289202070809149960e-05 4.086779990167876882e-07 4.279378914414016589e-07 1.079243256426035523e-06 7.433942093502328869e-07 1.435441676869730717e-06 9.394165287064785058e-07
2.713249810875123291e+00 1.293477783625433507e-05 4.084951038524727078e-07 4.310556871807389058e-07 1.081877416186354866e-06 7.462746377268831871e-07 1.439583091740755214e-06 9.406628377599104485e-07
2.722475413768272290e+00 1.297759935833669354e-05 4.083055466295694913e-07 4.295168466061683203e-07 1.084512475407694738e-06 7.461323129121281116e-07 1.443720292392465689e-06 9.379120773249714191e-07
2.731701016661421288e+00 1.302045305608427222e-05 4.072246464683617148e-07 4.290413553719878869e-07 1.087142165049602777e-06 7.457420369066944870e-07 1.447846475899980192e-06 9.351118305028899009e-07
2.740926619554569843e+00 1.306338320123887143e-05 4.076380222907239297e-07 4.311473200940982786e-07 1.089769258192518100e-06 7.471461457062188107e-07 1.451966225147875451e-06 9.322482575439732178e-07
2.750152222447718842e+00 1.310631200185655530e-05 4.080402153543113725e-07 4.283247419935785996e-07 1.092390531640719832e-06 7.485366541982462515e-07 1.456073185029242066e-06 9.293284907795019214e-07
2.759377825340867840e+00 1.314933341438624609e-05 4.084338440908829622e-07 4.301241781483372317e-07 1.095007427676128426e-06 7.499110364415235693e-07 1.460173364545836030e-06 9.263660408127007807e-07
