9.225602893149067790e-04 1.056576955300757894e-04 2.273333464216170598e-06 2.248747857011462498e-06 6.103153705028975680e-06 4.815988383470500575e-06 9.141372444591971676e-06 6.406566040956164932e-06
1.014816318246397446e-02 1.081761979183406815e-04 2.324998159075494742e-06 2.303359281443485103e-06 6.238240351235716766e-06 4.939022446950075309e-06 9.344378524568606732e-06 6.570992997011020076e-06
1.937376607561304073e-02 1.106816965916304402e-04 2.393872982672996157e-06 2.348719011168175523e-06 6.368316443628019145e-06 5.068004788185554018e-06 9.541516566035723821e-06 6.737585112872256608e-06
2.859936896876210874e-02 1.133007072106912160e-04 2.459140914700831530e-06 2.389948997114188880e-06 6.502954394487173314e-06 5.203074118125520673e-06 9.746080470741125290e-06 6.912381081419273227e-06
3.782497186191117328e-02 1.160641926427803547e-04 2.516919819473681570e-06 2.425109288924160908e-06 6.644211674428825306e-06 5.345767124873088832e-06 9.961004121222292811e-06 7.097068909022114305e-06
4.705057475506025516e-02 1.189937188525909688e-04 2.584757577549386381e-06 2.469134311554072470e-06 6.793353436476592521e-06 5.497185800651562112e-06 1.018814383687272865e-05 7.292939982648355933e-06
5.627617764820931623e-02 1.221052513050025889e-04 2.659472006123845536e-06 2.510787649378785663e-06 6.951237878363486413e-06 5.658183843053132085e-06 1.042877966630343148e-05 7.501033321040189925e-06
6.550178054135838424e-02 1.254311354085175005e-04 2.698670314305371245e-06 2.554559535884737276e-06 7.119622215855293422e-06 5.830139509321944887e-06 1.068555304278653059e-05 7.723289904787073216e-06
7.472738343450743836e-02 1.289761492235829191e-04 2.756928536463184708e-06 2.647976260533883765e-06 7.298616826883797285e-06 6.013163526512885562e-06 1.095866420555030064e-05 7.960240720104966804e-06
8.395298632765652025e-02 1.327764378927353953e-04 2.827604110858510794e-06 2.716102794263029882e-06 7.490124519007597230e-06 6.202785894934815213e-06 1.125099550260594316e-05 8.214106946629462632e-06
9.317858922080557438e-02 1.368537541463375404e-04 2.918018437393757368e-06 2.778407317440267097e-06 7.695177833094821087e-06 6.385216860872386380e-06 1.156413967268307350e-05 8.486396309929439752e-06
1.024041921139546424e-01 1.412404770374346696e-04 3.002839738281429466e-06 2.893039648167359222e-06 7.915372492138311386e-06 6.594827954698709348e-06 1.190054883379085119e-05 8.779239559883911682e-06
1.116297950071036965e-01 1.459766841922613043e-04 3.089033178672249665e-06 2.973462365081145069e-06 8.152769120478391401e-06 6.843900540746765924e-06 1.226334186559414332e-05 9.095195118397005236e-06
1.208553979002527506e-01 1.511021726696904399e-04 3.195113085285058822e-06 3.043160587021264980e-06 8.409285303436874869e-06 7.113616927363576245e-06 1.265548354289282610e-05 9.436927806426721310e-06
1.300810007934018186e-01 1.566563783008230394e-04 3.287272560493039505e-06 3.128380345960430058e-06 8.686766040155046885e-06 7.406180310527850884e-06 1.307984184483664014e-05 9.807163119065803909e-06
1.393066036865509005e-01 1.627091687037570766e-04 3.431810696831715793e-06 3.248236577959743914e-06 8.988825986549586582e-06 7.725100086110065628e-06 1.354189351511587091e-05 1.021547191380878087e-05
1.485322065796999824e-01 1.693228381329712454e-04 3.566324992243199337e-06 3.403557809699304113e-06 9.318488288035785966e-06 8.073722528299250674e-06 1.404629712698228679e-05 1.066887075484908450e-05
1.577578094728490643e-01 1.765411197216015858e-04 3.675788996510427056e-06 3.559737277238620616e-06 9.677528715615866823e-06 8.454796943074057314e-06 1.460148699392130886e-05 1.116428890597249957e-05
1.669834123659981462e-01 1.844929994458561486e-04 3.818839383665868694e-06 3.736182607744768141e-06 1.007280643873053987e-05 8.874617039685700481e-06 1.522775534314901218e-05 1.170975106158081338e-05
1.762090152591472003e-01 1.932596291662874157e-04 4.016941841600068716e-06 3.889607359106262091e-06 1.050789975909352460e-05 9.337882498372930638e-06 1.591734747856266420e-05 1.231139118074590162e-05
1.854346181522962822e-01 2.029730562220021612e-04 4.213294708846012943e-06 4.083492640243914507e-06 1.098940412540470282e-05 9.845337137645896429e-06 1.668061918871788642e-05 1.297814478490500910e-05
1.946602210454453641e-01 2.137782481302799120e-04 4.446886668950356634e-06 4.261548697575689038e-06 1.152430146173451567e-05 1.035524901173284231e-05 1.752873003804211564e-05 1.372013575871218493e-05
2.038858239385944460e-01 2.258480119979639931e-04 4.734037864483818482e-06 4.465415913619698697e-06 1.212094555023466680e-05 1.092480903250547765e-05 1.847501042704009257e-05 1.454945587509544401e-05
2.131114268317435001e-01 2.394052017897788857e-04 5.051140075986186497e-06 4.762046084749629437e-06 1.278862973914642260e-05 1.156456399758145248e-05 1.953665588673100546e-05 1.548148149489310637e-05
2.223370297248925820e-01 2.547070998043435676e-04 5.340016779562439721e-06 5.086586675513899737e-06 1.354054799902650996e-05 1.228644466147807294e-05 2.073353508991453587e-05 1.653421772976785089e-05
2.315626326180416361e-01 2.720827534383183960e-04 5.684125621131547613e-06 5.444835945435388697e-06 1.439290627640955672e-05 1.310604081565183579e-05 2.209083649671174203e-05 1.770526868784461820e-05
2.407882355111907180e-01 2.919359639803533889e-04 6.125369827410503260e-06 5.860937218307900060e-06 1.536514803316795788e-05 1.404238613707633251e-05 2.363963428655247541e-05 1.903024604541311447e-05
2.500138384043397721e-01 3.147768662196166614e-04 6.618863483210670699e-06 6.287533261851887927e-06 1.648156479001444642e-05 1.511943375966676379e-05 2.541890517312870483e-05 2.055527171263135319e-05
2.592394412974888818e-01 3.412520489140036576e-04 7.070718270916402735e-06 6.834439830233969993e-06 1.770646358425001770e-05 1.636471317440049743e-05 2.747805466359417746e-05 2.232370600538873635e-05
2.684650441906379359e-01 3.722270845363725164e-04 7.686739719665696118e-06 7.493430138457639160e-06 1.920997642104580903e-05 1.782139756308570100e-05 2.988348957688426654e-05 2.439323921509130690e-05
2.776906470837869900e-01 4.087755589564547455e-04 8.367329047455308519e-06 8.314950130990474749e-06 2.103828432119237389e-05 1.958574478443423587e-05 3.271656871067026191e-05 2.683584519415593795e-05
2.869162499769360997e-01 4.523677921032803338e-04 9.245302849160582075e-06 9.293453599517437994e-06 2.318218564861064318e-05 2.170134929829807763e-05 3.608906136005641261e-05 2.975017313277124016e-05
2.961418528700851538e-01 5.049937483562505795e-04 1.025492830039771968e-05 1.039074241625866524e-05 2.573287181957919275e-05 2.425310249638389787e-05 4.015168231488231744e-05 3.326945618207339476e-05
3.053674557632342079e-01 5.693821967313930079e-04 1.161206766084181032e-05 1.177687105604187465e-05 2.884492122175229354e-05 2.749245830651833328e-05 4.511040784922672880e-05 3.751039926457814394e-05
3.145930586563833176e-01 6.494089227820282802e-04 1.313175990963163283e-05 1.349354785499970281e-05 3.270086795936419377e-05 3.154359556377871968e-05 5.125681002222872047e-05 4.274888541002806915e-05
3.238186615495323717e-01 7.506756916847641707e-04 1.499825134510586900e-05 1.570657322715084733e-05 3.756284296408697859e-05 3.659081843613621893e-05 5.901003381924381161e-05 4.937806770708580168e-05
3.330442644426814813e-01 8.815557044670140324e-04 1.761416524066381460e-05 1.865819496176597970e-05 4.382101877593044901e-05 4.280131057408822874e-05 6.899373516044602327e-05 5.794695367335016018e-05
3.422698673358305355e-01 1.054897995639087838e-03 2.087850338446908989e-05 2.257894415412520228e-05 5.211981030874132323e-05 5.100015774559202644e-05 8.215660363332421071e-05 6.930239002995801888e-05
3.514954702289795896e-01 1.291419627508513714e-03 2.533262222449662524e-05 2.776224623018269666e-05 6.363270182901275586e-05 6.224070616102144946e-05 1.000154238116231220e-04 8.495582470240820028e-05
3.607210731221286992e-01 1.625955064057701526e-03 3.201582833937846422e-05 3.533370327982892668e-05 7.989164200679224961e-05 7.865935023875576977e-05 1.250882634259576753e-04 1.071075141211568372e-04
3.699466760152777534e-01 2.119995155138382562e-03 4.142266056033532332e-05 4.689371046593272113e-05 1.038385326191772554e-04 1.034964310643884076e-04 1.617336558885889425e-04 1.398728344639051796e-04
3.791722789084268630e-01 2.889181711693652142e-03 5.653596249035339541e-05 6.517489742270026268e-05 1.409342967028741865e-04 1.425824631701554795e-04 2.179134641919909694e-04 1.910804689896641005e-04
3.883978818015759171e-01 4.164322475645473344e-03 8.253123189118621167e-05 9.620583523874733783e-05 2.017860344979824014e-04 2.085276886862764273e-04 3.098860644774169976e-04 2.767315965213142277e-04
3.976234846947249713e-01 6.421995222447618272e-03 1.309509506107458393e-04 1.536609531301901324e-04 3.065010781327353467e-04 3.291496444235092814e-04 4.706233688056300074e-04 4.313552631853038652e-04
4.068490875878740809e-01 1.053213943005728084e-02 2.239359148454404813e-04 2.687740754445718666e-04 4.630343563729079348e-04 5.459724002825714489e-04 7.417654049857412557e-04 7.291612958191459604e-04
4.160746904810231350e-01 1.665709496806412962e-02 4.233177730208620426e-04 4.758799743581690334e-04 6.951609059425226111e-04 9.033105848589330356e-04 1.057896399012880906e-03 1.230206685067876740e-03
4.253002933741722447e-01 1.876017905985158732e-02 5.365592681296667277e-04 5.979792078691405222e-04 8.117318971922853066e-04 1.103442290563277917e-03 1.109564511551048432e-03 1.427616279801324078e-03
4.345258962673212988e-01 1.295142669565534262e-02 3.479408215845431612e-04 3.971035714333080030e-04 5.541748738003855063e-04 7.658398143450800138e-04 7.871481290773300887e-04 9.765082358788017974e-04
4.437514991604703529e-01 7.444459439866100633e-03 1.863870141148391696e-04 2.198951883724212936e-04 3.293772559157005786e-04 4.301324660518912602e-04 4.783552031370832958e-04 5.479498785266453606e-04
4.529771020536194626e-01 4.397955711973751056e-03 1.036002674472992491e-04 1.225460001784677705e-04 1.942172097311534520e-04 2.492816232981314925e-04 2.938141295523192739e-04 3.194126542419573056e-04
4.622027049467684612e-01 2.783970170413152968e-03 6.390737947231011143e-05 7.561797026284754197e-05 1.220681658288236791e-04 1.564802781315222276e-04 1.901568616843097616e-04 2.012823147569619241e-04
4.714283078399175708e-01 1.876971942488882576e-03 4.279581083454228954e-05 5.064334382603508967e-05 8.234799096761328228e-05 1.047358502249194460e-04 1.297611348684221417e-04 1.356607500608622823e-04
4.806539107330666249e-01 1.331151959122862331e-03 3.010924138991104976e-05 3.597294310380338631e-05 5.795846480798451730e-05 7.365610344098024245e-05 9.259138003110938681e-05 9.637609329159928587e-05
4.898795136262157346e-01 9.825319501788102282e-04 2.221066569467683785e-05 2.648544298642155348e-05 4.270611631976913188e-05 5.441771222887198042e-05 6.850981279007202669e-05 7.133326335239471763e-05
4.991051165193647332e-01 7.485710382335087655e-04 1.719583583351840580e-05 2.026926465202583127e-05 3.217696734522353455e-05 4.146919527149659640e-05 5.216605739954006515e-05 5.447216746429814176e-05
5.083307194125139539e-01 5.851331175925440428e-04 1.349417517222965737e-05 1.592972955971150122e-05 2.504394719314443143e-05 3.244040747643216118e-05 4.066481508469455171e-05 4.254193692774382862e-05
5.175563223056629525e-01 4.671112526201720485e-04 1.088359958333322969e-05 1.280772688751365520e-05 2.005968440941689529e-05 2.593649988643753190e-05 3.232599788400279152e-05 3.396033324675054111e-05
5.267819251988120621e-01 3.794966110935246869e-04 8.833028671120465337e-06 1.050398838389250298e-05 1.634148729114527198e-05 2.112723269820729072e-05 2.612144683067216993e-05 2.760734817898658671e-05
5.360075280919610607e-01 3.129216200707299724e-04 7.436146427101171952e-06 8.781063933023178225e-06 1.345676880161163430e-05 1.747835543209274537e-05 2.140220582898765250e-05 2.278943284656544934e-05
5.452331309851101704e-01 2.613169118704949554e-04 6.313126244215309501e-06 7.500284344726603457e-06 1.116813047502313201e-05 1.465043149463890557e-05 1.774433366662160659e-05 1.905989346434857549e-05
5.544587338782591690e-01 2.206432403627515341e-04 5.414323857525946918e-06 6.415126225242293295e-06 9.365811669767533029e-06 1.242089961444860181e-05 1.486393296138999740e-05 1.612263725023484564e-05
5.636843367714083897e-01 1.881023192175158062e-04 4.736372981252088242e-06 5.560762868247435013e-06 8.041173308044076559e-06 1.063619589229854168e-05 1.256311768713867490e-05 1.377368849149389709e-05
5.729099396645573883e-01 1.617226787418578511e-04 4.178547568954072994e-06 4.829497672278473212e-06 6.971172343421446751e-06 9.188119031527995726e-06 1.070184709863359349e-05 1.186985967056069439e-05
5.821355425577064979e-01 1.401167541593280298e-04 3.754034153830905106e-06 4.210259402713002752e-06 6.067969679311952056e-06 8.000165232119739282e-06 9.181684899774243246e-06 1.030998939419451501e-05
5.913611454508554965e-01 1.222111318276831548e-04 3.356814260748819737e-06 3.706135938463469854e-06 5.291566143131629747e-06 7.014290367058506484e-06 7.925565815705123756e-06 9.017119571748348082e-06
6.005867483440046062e-01 1.072589885437747739e-04 3.024920259669117433e-06 3.284309365502051706e-06 4.608401039054159137e-06 6.189303566682998869e-06 6.880385891643131763e-06 7.936812456951460515e-06
6.098123512371537158e-01 9.465666040443790536e-05 2.705314705062894357e-06 2.945222614850794896e-06 4.009057097021374015e-06 5.492568033614442908e-06 6.002802836223283876e-06 7.025804992657772789e-06
6.190379541303028255e-01 8.396753382732161195e-05 2.441386776356547009e-06 2.645882442309477030e-06 3.543427773683042797e-06 4.900149293976226519e-06 5.261598361137143987e-06 6.252459744779959310e-06
6.282635570234518241e-01 7.484320776198189579e-05 2.215439239444951208e-06 2.384865249487736253e-06 3.246446754919465210e-06 4.393078895476045767e-06 4.631811746761839541e-06 5.593019537208790762e-06
6.374891599166009337e-01 6.699768518548325741e-05 2.016779410955157935e-06 2.157303048282458932e-06 2.906262446117073464e-06 3.956094358810425225e-06 4.092839522088010979e-06 5.044704752319532633e-06
6.467147628097499323e-01 6.022335779977980395e-05 1.848386347898307749e-06 1.983472417448420028e-06 2.669529277689002673e-06 3.591922902909768162e-06 3.663001461250291906e-06 4.569601070820296471e-06
6.559403657028991530e-01 5.434250739719844440e-05 1.723014911970757192e-06 1.819871331233914515e-06 2.475111754278485265e-06 3.261649645007888229e-06 3.376356293936434879e-06 4.155698720538123728e-06
6.651659685960481516e-01 4.920886093167175872e-05 1.617465488959994461e-06 1.669976725675301524e-06 2.254980994516707772e-06 2.969437091883606853e-06 3.025673774102089115e-06 3.793148634055932308e-06
6.743915714891972613e-01 4.471580518120711031e-05 1.498937475913574003e-06 1.544817609600585158e-06 2.100233522203714042e-06 2.713024316837063174e-06 2.731025824236769700e-06 3.474669598350515782e-06
6.836171743823462599e-01 4.076567932158178868e-05 1.390659542745930320e-06 1.431527765244836991e-06 1.964073334977254530e-06 2.491077166467023612e-06 2.461177776169425329e-06 3.193622762919095539e-06
6.928427772754953695e-01 3.728143916474860472e-05 1.303309530583135099e-06 1.328829125484792925e-06 1.845750898304283612e-06 2.307899639501061943e-06 2.224054024061019935e-06 2.944809640656694037e-06
7.020683801686443681e-01 3.419597715470748425e-05 1.218147894666390171e-06 1.228937415618750883e-06 1.741555962639074185e-06 2.139349848726846152e-06 2.049455924058211725e-06 2.723658544122256749e-06
7.112939830617935888e-01 3.145807789292137050e-05 1.142417783628584937e-06 1.144188581590093091e-06 1.647077201763400792e-06 1.982959737170411450e-06 1.936432091093634672e-06 2.526651744745197733e-06
7.205195859549425874e-01 2.902326995350623789e-05 1.076528893799342742e-06 1.075321463558706462e-06 1.552809992130501959e-06 1.847695645742562749e-06 1.822757450385013915e-06 2.347385069320928619e-06
7.297451888480916971e-01 2.683985305292315224e-05 1.015797802260730239e-06 1.019142123139742362e-06 1.481092656239900625e-06 1.728651797192263368e-06 1.727342847493890153e-06 2.179971626094923251e-06
7.389707917412406957e-01 2.489585604651464785e-05 9.722186448411410499e-07 9.562685821689248565e-07 1.396930509534023511e-06 1.621733273258753284e-06 1.658552840368271837e-06 2.030279339678618634e-06
7.481963946343899163e-01 2.314974150673388464e-05 9.325582705476362399e-07 9.039206021267007999e-07 1.340524843121539627e-06 1.524961132572273930e-06 1.594020149863143977e-06 1.895462028197183134e-06
7.574219975275389150e-01 2.158161701896029721e-05 8.911955644568188859e-07 8.535464145452973436e-07 1.284889652016769050e-06 1.432192982598115143e-06 1.533495772809189344e-06 1.773997949782362354e-06
7.666476004206880246e-01 2.016824235735396713e-05 8.540746495831583087e-07 8.087803839261876267e-07 1.233103942634261027e-06 1.347839179539147447e-06 1.476535963126907855e-06 1.664217351454708497e-06
7.758732033138370232e-01 1.889574244363121668e-05 8.175276983845272325e-07 7.671849939576945443e-07 1.189626452013210577e-06 1.271159939202620709e-06 1.423034564022288180e-06 1.565054397110350728e-06
7.850988062069861328e-01 1.774719972680665505e-05 7.891378924135066756e-07 7.284183851948402080e-07 1.148679245281812627e-06 1.201271182493514968e-06 1.372624298933339720e-06 1.475270479471900946e-06
7.943244091001351315e-01 1.670768260171201931e-05 7.648589883000300445e-07 6.943606312139212326e-07 1.112361921319562631e-06 1.142850483626893900e-06 1.324983043347834527e-06 1.393785716920001831e-06
8.035500119932843521e-01 1.576738643233627793e-05 7.316324528781142868e-07 6.625634275828380925e-07 1.077275792713309425e-06 1.096726503883847667e-06 1.279994698652410674e-06 1.319849472301112107e-06
8.127756148864333507e-01 1.491541739044146440e-05 7.078194498840677235e-07 6.337632242518078345e-07 1.043927612259345472e-06 1.054574426569817924e-06 1.237451663804650916e-06 1.265505260384733395e-06
8.220012177795824604e-01 1.414512782384281993e-05 6.849379039867891029e-07 6.074606792955085030e-07 1.012888587784350255e-06 1.012518660108891564e-06 1.197273168020049724e-06 1.216534054298515789e-06
8.312268206727314590e-01 1.344512338796070948e-05 6.617222628579923080e-07 5.869094462026170652e-07 9.839248828336077528e-07 9.712981055484925093e-07 1.159135819245055171e-06 1.171675371832125019e-06
8.404524235658805686e-01 1.280857617330831695e-05 6.406479950757365928e-07 5.672996237070485368e-07 9.567242143445023220e-07 9.335115213409309840e-07 1.122902121633605467e-06 1.130548107709617665e-06
8.496780264590296783e-01 1.223141996016520011e-05 6.251900541124674326e-07 5.470054151368007611e-07 9.313101564128462701e-07 8.988701595710245573e-07 1.088509005387660922e-06 1.092959032198094745e-06
8.589036293521787879e-01 1.170725689106667856e-05 6.122689449643944941e-07 5.353613292789421383e-07 9.076565111402408220e-07 8.671118040848639858e-07 1.055824121187570212e-06 1.058533472704629330e-06
8.681292322453277865e-01 1.123221059732393082e-05 6.002994173439266091e-07 5.182928753691804391e-07 8.854617542330952076e-07 8.426340736999478201e-07 1.024794124732902230e-06 1.027075017665714731e-06
8.773548351384768962e-01 1.079950952629458931e-05 5.862668165380045295e-07 5.068066175284212198e-07 8.645947845444963676e-07 8.225112323097339491e-07 9.951570436976463446e-07 9.981475805716879840e-07
8.865804380316258948e-01 1.040806697944366495e-05 5.732496949260847618e-07 4.913320561665928386e-07 8.451798513573257628e-07 7.998776398345490033e-07 9.669963336560392491e-07 9.698010323088484885e-07
8.958060409247751155e-01 1.005420386395401528e-05 5.643214452699549201e-07 4.777589392345528733e-07 8.313942099038432919e-07 7.769090490199961495e-07 9.402230735175041640e-07 9.423894367542937208e-07
9.050316438179241141e-01 9.732100322899196271e-06 5.534132079954583356e-07 4.670567351714560017e-07 8.195263528529725893e-07 7.557802935140185685e-07 9.145589409162967616e-07 9.173752495140128358e-07
9.142572467110732237e-01 9.441232140141917443e-06 5.443994455362030134e-07 4.581009181426827536e-07 8.097277401118671049e-07 7.364688662258816565e-07 8.967093796470828373e-07 8.947337163453539661e-07
9.234828496042222223e-01 9.179094093864347556e-06 5.360407712089251418e-07 4.489836451942205535e-07 7.996149512990505519e-07 7.196543955348571779e-07 8.832535987014543475e-07 8.742871062023212968e-07
9.327084524973712210e-01 8.943593705850301379e-06 5.291449410749649723e-07 4.402021624577667194e-07 7.889664758036860640e-07 7.044625926861454202e-07 8.711250947701602442e-07 8.558887305889192659e-07
9.419340553905202196e-01 8.731763096737187119e-06 5.233629411445437079e-07 4.342055368024821656e-07 7.775706101679512642e-07 6.915512517838262439e-07 8.594561360361294562e-07 8.393259813000197763e-07
9.511596582836694402e-01 8.543569800693269747e-06 5.205000120495259893e-07 4.287894794876280594e-07 7.664772991460150478e-07 6.819334876949382444e-07 8.430065252990967274e-07 8.246054414925346797e-07
9.603852611768185499e-01 8.374915357078344379e-06 5.180123989294588163e-07 4.224458178072080464e-07 7.562312086598524076e-07 6.702228219290990493e-07 8.294163003676473418e-07 8.114234777118811204e-07
9.696108640699675485e-01 8.227251965470172018e-06 5.156089109026661897e-07 4.168261269176095160e-07 7.469130651479265323e-07 6.605185336320306406e-07 8.197091648623606015e-07 7.999036153558536225e-07
9.788364669631165471e-01 8.095975193180959462e-06 5.087303971693692546e-07 4.125045303010897089e-07 7.382222964699740797e-07 6.547604157722570288e-07 8.110090930919710487e-07 7.897000125640568960e-07
9.880620698562656568e-01 7.987613820600931894e-06 5.071761038046552713e-07 4.089885729387364064e-07 7.303728096245273117e-07 6.482399949952391668e-07 8.053884629066105120e-07 7.813528656876614305e-07
9.972876727494148774e-01 7.885394412451559597e-06 5.067358510602319645e-07 4.054891358048869689e-07 7.211726644583912757e-07 6.434969606437558880e-07 7.995824329656130581e-07 7.734896342042397297e-07
1.006513275642563876e+00 7.803108427852145700e-06 5.050061487586629495e-07 4.024878934339341116e-07 7.163853119366551828e-07 6.399972089539003912e-07 7.948973238074057097e-07 7.672641888571316457e-07
1.015738878535712875e+00 7.735234358812869971e-06 5.011512384861807140e-07 4.000759499455781257e-07 7.129688727025777735e-07 6.416506311388501846e-07 7.940946677754628729e-07 7.622463152021745483e-07
1.024964481428862095e+00 7.681118971837476219e-06 4.979013167526735175e-07 4.003782910262704460e-07 7.100388955982408806e-07 6.405437379477432527e-07 7.986446531493720906e-07 7.583793255863184083e-07
1.034190084322011094e+00 7.639367353219616712e-06 4.945443705785208593e-07 4.000475536457088888e-07 7.064299823292080843e-07 6.402558964838240871e-07 8.040144603613118464e-07 7.555591685776181539e-07
1.043415687215160093e+00 7.610544758898298943e-06 4.928103152310104568e-07 3.997915491259170751e-07 7.009424256555954385e-07 6.402573631297926124e-07 8.056682753667161151e-07 7.538494861949179832e-07
1.052641290108309091e+00 7.593180926896153281e-06 4.917310140650376735e-07 4.000486615056818448e-07 7.007146081515659239e-07 6.397472542580414796e-07 8.057729944815738619e-07 7.537100661354498510e-07
1.061866893001458312e+00 7.587429543976570223e-06 4.905585361789166021e-07 4.002072466931035793e-07 7.019211834227468165e-07 6.400142344575896226e-07 8.066563872118672076e-07 7.602916434268000150e-07
1.071092495894607532e+00 7.592585624837228855e-06 4.919451825059235686e-07 4.024106970915590755e-07 7.036980294901433228e-07 6.411286800975311327e-07 8.082800303293545061e-07 7.608679825103372400e-07
1.080318098787756531e+00 7.608844478834571064e-06 4.894570515246525117e-07 4.039190507840534285e-07 7.040517576771215019e-07 6.431564197125135571e-07 8.106788025592989247e-07 7.652706110080894979e-07
1.089543701680905530e+00 7.635377715572919043e-06 4.893366708663647309e-07 4.058863348786081977e-07 7.039722099703268936e-07 6.458417431498072409e-07 8.138170043105544678e-07 7.729167556861531703e-07
1.098769304574054528e+00 7.672304386322806620e-06 4.878858662622873477e-07 4.077417213277081200e-07 7.071111746010211817e-07 6.503819158664370852e-07 8.177132798571696198e-07 7.814213124327661395e-07
1.107994907467203749e+00 7.720257994125975288e-06 4.898843979367017661e-07 4.109260643179120622e-07 7.094912301623528141e-07 6.552090986978779220e-07 8.236298976815154774e-07 7.908332396275973014e-07
1.117220510360352748e+00 7.777973265741369621e-06 4.929340573944964436e-07 4.144098424686969189e-07 7.123969880893990661e-07 6.603919967656218980e-07 8.331375257705536837e-07 8.010878549712639141e-07
1.126446113253501746e+00 7.845912215914695287e-06 4.954826436287504318e-07 4.199969518899799063e-07 7.159406700401431536e-07 6.649631219377687434e-07 8.434705310230939187e-07 8.122254972965175268e-07
1.135671716146650967e+00 7.924485853721616519e-06 4.975002462970740889e-07 4.252644341902541100e-07 7.239379805008294992e-07 6.716530648065835833e-07 8.546870806273178760e-07 8.242858596051732157e-07
1.144897319039799966e+00 8.013808095522122619e-06 5.031056775147466320e-07 4.320446833897374780e-07 7.317119475815045832e-07 6.793667743916838889e-07 8.668078805435110818e-07 8.372929440447405324e-07
1.154122921932948964e+00 8.113978438057010902e-06 5.083312134970223163e-07 4.391789819615999257e-07 7.400917376518053057e-07 6.879612321526310984e-07 8.798428217284015742e-07 8.512634461822319063e-07
1.163348524826097963e+00 8.225305825338630327e-06 5.139465664710062264e-07 4.464334748861063226e-07 7.487870660377817140e-07 6.974905746513441945e-07 8.938651899630026249e-07 8.662329152906597077e-07
1.172574127719247183e+00 8.348239129708798784e-06 5.179764848272019878e-07 4.530347065146691289e-07 7.559101809303419347e-07 7.079696139518206952e-07 9.088868570425938609e-07 8.822520613688545398e-07
1.181799730612396404e+00 8.483490062526486794e-06 5.232088835324631839e-07 4.582337536595151552e-07 7.627028376126982531e-07 7.197922478140094754e-07 9.249910298410376482e-07 8.993911147249373565e-07
1.191025333505545403e+00 8.630724326507420755e-06 5.286329933619135084e-07 4.666340230868837416e-07 7.728418506346508885e-07 7.340790117982570631e-07 9.421999168667630637e-07 9.176389946557738677e-07
1.200250936398694401e+00 8.792163025546553400e-06 5.360854660111463667e-07 4.765872083112371657e-07 7.855026230883034214e-07 7.496197928525024490e-07 9.605590486796019108e-07 9.371851363268738006e-07
1.209476539291843622e+00 8.967803743278609946e-06 5.432910971290587560e-07 4.866450405370803387e-07 7.992286636260981784e-07 7.662243832425559369e-07 9.802374682188821231e-07 9.580361869344642734e-07
1.218702142184992621e+00 9.158713368137027353e-06 5.556133145922285369e-07 4.961352349414550092e-07 8.136808684531439818e-07 7.823094622836153529e-07 1.001244201977379860e-06 9.802962988366378160e-07
1.227927745078141619e+00 9.366015279885455032e-06 5.670221810474106855e-07 5.062487790533727518e-07 8.294725202009726599e-07 8.006863878958623599e-07 1.023710785110114801e-06 1.004067756178462831e-06
1.237153347971290618e+00 9.590813378362943211e-06 5.763467248791689245e-07 5.165046751007208638e-07 8.462069301858822132e-07 8.182858446283249797e-07 1.047692747806735559e-06 1.029456231522712708e-06
1.246378950864439838e+00 9.835992163513139320e-06 5.887338258403373206e-07 5.275485469191376349e-07 8.613769182794897886e-07 8.385157774091055323e-07 1.073372728744620660e-06 1.056694094460693963e-06
1.255604553757589059e+00 1.010045074697409123e-05 6.026689147422328039e-07 5.405945275187785726e-07 8.840983621707308423e-07 8.602058413360350687e-07 1.100837983204119633e-06 1.085722526246427522e-06
1.264830156650738058e+00 1.038961026567062720e-05 6.162028545360478731e-07 5.542538820824782748e-07 9.043984376721040405e-07 8.837615673698611058e-07 1.130296746553320731e-06 1.116972715751185112e-06
1.274055759543887056e+00 1.070347165204953636e-05 6.321972775201678351e-07 5.692528080846326869e-07 9.238826445109496439e-07 9.092321183435848891e-07 1.161895305024578418e-06 1.149152048305522727e-06
1.283281362437036055e+00 1.104638156640133783e-05 6.468994215292812622e-07 5.861309884751299553e-07 9.451160437021491540e-07 9.360002802695641859e-07 1.195844024063723220e-06 1.183934770607448334e-06
1.292506965330185276e+00 1.142116422137273657e-05 6.644306127370393905e-07 6.058564382777541170e-07 9.692617544165802747e-07 9.662656971394715361e-07 1.232367726893922441e-06 1.221734796122728406e-06
1.301732568223334052e+00 1.183256834210836235e-05 6.812803741085607221e-07 6.253942747532267578e-07 1.003824319553183925e-06 1.000366352420014527e-06 1.271839111604314323e-06 1.263003985416544516e-06
1.310958171116483273e+00 1.228381646987457798e-05 7.119380230827672781e-07 6.455400260641154547e-07 1.042873362535630112e-06 1.038251693885140824e-06 1.314422921323712376e-06 1.308014463521023162e-06
1.320183774009632494e+00 1.278158329402268811e-05 7.369561838791429873e-07 6.695246691152724212e-07 1.078502093309139707e-06 1.080074157098508451e-06 1.360546040007918142e-06 1.357371197175243850e-06
1.329409376902781492e+00 1.333255655454049998e-05 7.623621293796772766e-07 6.978249969747493713e-07 1.125226814000415796e-06 1.121398780898398922e-06 1.410719690127168401e-06 1.411701556487163060e-06
1.338634979795930713e+00 1.394407933858262171e-05 7.895768009276388715e-07 7.231544455809239325e-07 1.168674283361813003e-06 1.170310295627073963e-06 1.465364769782069731e-06 1.471652682507519180e-06
1.347860582689079489e+00 1.462704120744772295e-05 8.241801376548478747e-07 7.571505079587619529e-07 1.226807321234144082e-06 1.225889612942111968e-06 1.525100210751883763e-06 1.538188384744582776e-06
1.357086185582228710e+00 1.539203848379941373e-05 8.638357320610343495e-07 7.960821068725049040e-07 1.283790511021809706e-06 1.287690697836515338e-06 1.590624854883706315e-06 1.612269728419608359e-06
1.366311788475377931e+00 1.625435898905008925e-05 9.078620446235706020e-07 8.388022471305647473e-07 1.340573369803415606e-06 1.356806134669695472e-06 1.662838009051218927e-06 1.693832198858510985e-06
1.375537391368526707e+00 1.723171499233429159e-05 9.584362877498105344e-07 8.858320437977241265e-07 1.407731653941847732e-06 1.433483702298014438e-06 1.742755963259362431e-06 1.783065987626746246e-06
1.384762994261675928e+00 1.834688120159136488e-05 1.010291721352886868e-06 9.385149029265130649e-07 1.484533805456717258e-06 1.522453566880753060e-06 1.831657429987609310e-06 1.883204989566972747e-06
1.393988597154824927e+00 1.962808809004098110e-05 1.075985606799827838e-06 9.980850411869995398e-07 1.573486782930516478e-06 1.622681580944406409e-06 1.931077591711886883e-06 1.996286221746765998e-06
1.403214200047974147e+00 2.111188634970744083e-05 1.147995894114897046e-06 1.070017931849423970e-06 1.659311493610675619e-06 1.737660570344826491e-06 2.042980843631045298e-06 2.135777852980014229e-06
1.412439802941123368e+00 2.284538100149204976e-05 1.226073773221745227e-06 1.150581631682887713e-06 1.767492582809074015e-06 1.856773302703674828e-06 2.169776028921376005e-06 2.300332776140148500e-06
1.421665405834272145e+00 2.488967283100139180e-05 1.323406292622640644e-06 1.240803083835307795e-06 1.891250856029311184e-06 2.005306759484461074e-06 2.334434943694082789e-06 2.492233787553131463e-06
1.430891008727421365e+00 2.732752555692331974e-05 1.441284054615781982e-06 1.356356891114123133e-06 2.053413283646646670e-06 2.186064702101988893e-06 2.546944623156692522e-06 2.718383534576409178e-06
1.440116611620570364e+00 3.026920058236880028e-05 1.571131312972183080e-06 1.486982330179204616e-06 2.253522139147457056e-06 2.396022615199164545e-06 2.802756304563387420e-06 2.996909865360435971e-06
1.449342214513719362e+00 3.386787669149475620e-05 1.753012802493923174e-06 1.638909650691306526e-06 2.482133475254457073e-06 2.658064813364731708e-06 3.115100707461494214e-06 3.313272134298311485e-06
1.458567817406868583e+00 3.833764732951404353e-05 1.946723247376604907e-06 1.839682918039569585e-06 2.756537319040381609e-06 2.971543616691940453e-06 3.502404241527521268e-06 3.711744736417790574e-06
1.467793420300017582e+00 4.398707088201371626e-05 2.204806234766469955e-06 2.089960327866768051e-06 3.107293453797126354e-06 3.361921759347076620e-06 3.991313230167412821e-06 4.207802190254248244e-06
1.477019023193166802e+00 5.126852905638523992e-05 2.543053313287804641e-06 2.406371946599059855e-06 3.537827058833328733e-06 3.896336017508716942e-06 4.553270533135053298e-06 4.836713921432075523e-06
1.486244626086316023e+00 6.086392175514179455e-05 2.969344415357892133e-06 2.792361798366829067e-06 4.065905098578980023e-06 4.588658068734112168e-06 5.164252530004089696e-06 5.650621718455792620e-06
1.495470228979464800e+00 7.382696156142459429e-05 3.542493253620295304e-06 3.326249438431622151e-06 4.787695192307698535e-06 5.514806380557246007e-06 6.017454475256724371e-06 6.728160731257087392e-06
1.504695831872614020e+00 9.181932262772540777e-05 4.286063923973664402e-06 4.034595419630940326e-06 5.861555751607172723e-06 6.734148855298781040e-06 7.278986063192802538e-06 8.206884153532636918e-06
1.513921434765763019e+00 1.174861667439414418e-04 5.310876981540814954e-06 5.038532589084733439e-06 7.275362949731061435e-06 8.411967515611177572e-06 9.028095357265278863e-06 1.025391384109881985e-05
1.523147037658912017e+00 1.549143006576586827e-04 6.829233278613330198e-06 6.465209473017856628e-06 9.308085445030119974e-06 1.098312241390605147e-05 1.149337347585238319e-05 1.307962396625782751e-05
1.532372640552061016e+00 2.095556228512597129e-04 8.595395002220244853e-06 8.356339320765766333e-06 1.248699907454141485e-05 1.447783245260057610e-05 1.562445253007024490e-05 1.749117152792032510e-05
1.541598243445210237e+00 2.845426928057343181e-04 1.089260672431562136e-05 1.077043937795937011e-05 1.672117168778478914e-05 1.885271859651695527e-05 2.194559844280252270e-05 2.348366360999592584e-05
1.550823846338359457e+00 3.656297389722835576e-04 1.305767459480814937e-05 1.265615683248460296e-05 2.110399277059486246e-05 2.310671311447893119e-05 2.752452707012996175e-05 2.789452098206547269e-05
1.560049449231508456e+00 4.024395539424539597e-04 1.343784147397078478e-05 1.260928220647380710e-05 2.196186451166513799e-05 2.433752777360734991e-05 3.018776142198767659e-05 3.131919359187015786e-05
1.569275052124657455e+00 3.556835387105071683e-04 1.084669476461000339e-05 1.066605019403707357e-05 1.842796791617988235e-05 1.977976002749941981e-05 2.377439284130463152e-05 2.842874360165750965e-05
1.578500655017806453e+00 2.662240278166242390e-04 7.371200729622588103e-06 7.454690683193526853e-06 1.359680643137078796e-05 1.438161434359248739e-05 1.841828428031302024e-05 2.040106776525507388e-05
1.587726257910955674e+00 1.868590086064266279e-04 4.864788742331009911e-06 4.897568354210202765e-06 9.237662801251159388e-06 9.718269306031120016e-06 1.331794050508946603e-05 1.338601406449660739e-05
1.596951860804104451e+00 1.312581978180998009e-04 3.189268656720852056e-06 3.337652964225073897e-06 6.216827766580157065e-06 6.642721382676340354e-06 9.562536369100326427e-06 8.878570454682411855e-06
1.606177463697253671e+00 9.466136636424663236e-05 2.209640630072989029e-06 2.304293151423326253e-06 4.448424361183829241e-06 4.519320567804914913e-06 6.844590107154768462e-06 6.046035308816447408e-06
1.615403066590402892e+00 7.052612611497100067e-05 1.594650582816459130e-06 1.668722513776561963e-06 3.412283272459756584e-06 3.239593057701567729e-06 5.059841878414224423e-06 4.307864478630659202e-06
1.624628669483551890e+00 5.423718237961115826e-05 1.208248264090220324e-06 1.229538784706341536e-06 2.698513743496115734e-06 2.442841230340345876e-06 3.912872258928062875e-06 3.166747976343754843e-06
1.633854272376701111e+00 4.292656597166313984e-05 9.485417640906390786e-07 9.734170262446718218e-07 2.193811653028598257e-06 1.894688965213011354e-06 3.201287523642758150e-06 2.433340066584032107e-06
1.643079875269850110e+00 3.485206276110270902e-05 7.440053301577815421e-07 7.820806234343680337e-07 1.826261779787529879e-06 1.484562743269438002e-06 2.686128633892140413e-06 1.947887872844663443e-06
1.652305478162999108e+00 2.893991720844201848e-05 6.084818744156461363e-07 6.549644598489773231e-07 1.558776056694920838e-06 1.184688200635463848e-06 2.302218958115404967e-06 1.596997499754406136e-06
1.661531081056148329e+00 2.451466361696480551e-05 5.179174713695021415e-07 5.599258839290718003e-07 1.360099412120432727e-06 9.968579977783094924e-07 2.008970782206630988e-06 1.338062496001283527e-06
1.670756683949297106e+00 2.113646813343465444e-05 4.542603755259828728e-07 4.807444163864660683e-07 1.202167936314590420e-06 9.222683966964412533e-07 1.779989952362385130e-06 1.142414998959015622e-06
1.679982286842446326e+00 1.851415872218109193e-05 4.008250130192789315e-07 4.195759084991027639e-07 1.074483820113431910e-06 8.320828671915410900e-07 1.597769240785908921e-06 9.804287441396791693e-07
1.689207889735595547e+00 1.644855893550684181e-05 3.550949517010656639e-07 3.773061839805844791e-07 9.695959354212161155e-07 7.430114065044940929e-07 1.450294996418898837e-06 8.732571661169604425e-07
1.698433492628744546e+00 1.480047816641325954e-05 3.266404258422929229e-07 3.414330041800619451e-07 8.822583231085444317e-07 6.741441012293034925e-07 1.317992503473391824e-06 8.291204874317976189e-07
1.707659095521893766e+00 1.347092808106280979e-05 3.052698695488249739e-07 3.164006949634748085e-07 8.092539234508509284e-07 6.302856376218323142e-07 1.203611946195551672e-06 7.756674875422285114e-07
1.716884698415042543e+00 1.238807369200914361e-05 2.839407357507515653e-07 3.032281330060132985e-07 7.544176593547820064e-07 6.044820167079821967e-07 1.109780714474729857e-06 7.338884165407629732e-07
1.726110301308191763e+00 1.149867585542175199e-05 2.678971117594173537e-07 2.880844038440599742e-07 7.091124534562617940e-07 5.778473549070556472e-07 1.031998643943095672e-06 6.974608143670693919e-07
1.735335904201340984e+00 1.076296864226945863e-05 2.564753938602763023e-07 2.733471614530854087e-07 6.713329019581522930e-07 5.552298769581507027e-07 9.669601042257795217e-07 6.623484558635658713e-07
1.744561507094489761e+00 1.015059548923671173e-05 2.452037950626856269e-07 2.581372140542327793e-07 6.395724154615086289e-07 5.328673124667909864e-07 9.074548036899208775e-07 6.307979540525845996e-07
1.753787109987638981e+00 9.638385406217253484e-06 2.353523270992416330e-07 2.480067046459530068e-07 6.122418190297749179e-07 5.127509901337268884e-07 8.539539870715715880e-07 6.162399906377977383e-07
1.763012712880787980e+00 9.207961209071423484e-06 2.287124202115030467e-07 2.368765179113164538e-07 5.847749692739135545e-07 4.863547194789622738e-07 8.230789121652344820e-07 5.970306550537665680e-07
1.772238315773937201e+00 8.845130140374074193e-06 2.246479157123011308e-07 2.288640632955351098e-07 5.603464357795078481e-07 4.640099991550947835e-07 7.916540485077273691e-07 5.788979621102376268e-07
1.781463918667086421e+00 8.538395269455929833e-06 2.182926325917783475e-07 2.236542203854334780e-07 5.345211477258160503e-07 4.441944108826758475e-07 7.621134463273398460e-07 5.618236532011749843e-07
1.790689521560235198e+00 8.278701826923023333e-06 2.154540822498696086e-07 2.195162344245968578e-07 5.129831679593508184e-07 4.316665652401425031e-07 7.364690931389964872e-07 5.494149938774031558e-07
1.799915124453384419e+00 8.058604681211177758e-06 2.110718871504497400e-07 2.144516034777444851e-07 5.024275656776242281e-07 4.116516664737756155e-07 7.140800868081012418e-07 5.441531198384852173e-07
1.809140727346533417e+00 7.872019249604081053e-06 2.092518870619718027e-07 2.128037788301412504e-07 4.889836855281876190e-07 4.046832423544533271e-07 6.944495328989155924e-07 5.344794841010021540e-07
1.818366330239682416e+00 7.714078955894449396e-06 2.071124610316454553e-07 2.090013961240695881e-07 4.814223041218539204e-07 3.923333283090732387e-07 6.772019612607276158e-07 5.237662524737361511e-07
1.827591933132831414e+00 7.580632098364119208e-06 2.040674881706526744e-07 2.083660762482185175e-07 4.720185086210577935e-07 3.927239251966606513e-07 6.619935456292365921e-07 5.102307820277317144e-07
1.836817536025980635e+00 7.468251912580638732e-06 2.020606145181721950e-07 2.065907970692519628e-07 4.576700717639816190e-07 3.858476650608722123e-07 6.493478077747405516e-07 4.967915316243292831e-07
1.846043138919129634e+00 7.374161666763319112e-06 2.030350022067092043e-07 2.064598701561445570e-07 4.483231013761337214e-07 3.755043607641564719e-07 6.447776501982922982e-07 4.877212368446332626e-07
1.855268741812278410e+00 7.295868984073480991e-06 1.993043653979170168e-07 2.053095082549862908e-07 4.404368732920581027e-07 3.747448687612298953e-07 6.310063340401627816e-07 4.874710855023227534e-07
1.864494344705427187e+00 7.231359268107794228e-06 1.982176403602199245e-07 2.041241764837455042e-07 4.379737720705612541e-07 3.797856066603450166e-07 6.171797692803666159e-07 4.871195814659237596e-07
1.873719947598576185e+00 7.178874697887427107e-06 1.949143998567863851e-07 2.050682723537997868e-07 4.328913807167450759e-07 3.779271464372411802e-07 6.082387471153527649e-07 4.922719396666186281e-07
1.882945550491724962e+00 7.137052644959587092e-06 1.985565758566253995e-07 2.018828897381458060e-07 4.281212968484978255e-07 3.774569736946219392e-07 6.051863185388529985e-07 4.862179823910089447e-07
1.892171153384873961e+00 7.104495984764179738e-06 1.990058781300073378e-07 2.007630204450666352e-07 4.193860810679519180e-07 3.793516836752524248e-07 6.041757920745290887e-07 4.884712570951386211e-07
1.901396756278022737e+00 7.080228519757020661e-06 2.023761926654045129e-07 2.011679644683195603e-07 4.204380647325871921e-07 3.842665545096651036e-07 6.035171403804636371e-07 4.985231115798466236e-07
1.910622359171171736e+00 7.063115722800716596e-06 2.035698765953248673e-07 2.026445250927094732e-07 4.169748603802968904e-07 3.904550926856291789e-07 6.031432924693334554e-07 5.086007479098395383e-07
1.919847962064320512e+00 7.052694439248774517e-06 2.058501882366577768e-07 2.036815893870562333e-07 4.137827224994842821e-07 3.910436188413770781e-07 6.030620817500478666e-07 5.199342152621948282e-07
1.929073564957469289e+00 7.047915083756246765e-06 2.081551235615768317e-07 2.062912191184597326e-07 4.108664672991400296e-07 3.962368478438676420e-07 5.937469352239415669e-07 5.311625940758244168e-07
1.938299167850618288e+00 7.048285848680273592e-06 2.118143843125076277e-07 2.085792628634530534e-07 4.081970279244797944e-07 4.011652630163879240e-07 5.845976191282249319e-07 5.423039506427675778e-07
1.947524770743767064e+00 7.053318056133085969e-06 2.121386621338150155e-07 2.092950228410984188e-07 4.082850244247089510e-07 4.030234820101259049e-07 5.759373712226527746e-07 5.521589526023180870e-07
1.956750373636916063e+00 7.062389576516355324e-06 2.139533685847951682e-07 2.123669398961781186e-07 4.106508658630631539e-07 4.114767951757127465e-07 5.677201004296584646e-07 5.606099934762827250e-07
1.965975976530064839e+00 7.075244666769519761e-06 2.163687427806734883e-07 2.130551019082516117e-07 4.114467366183290886e-07 4.170152977666117194e-07 5.599079537833393270e-07 5.691988851393111582e-07
1.975201579423213616e+00 7.091439385020211500e-06 2.171899152409810429e-07 2.160639112205025713e-07 4.101470981936758417e-07 4.229085359267776575e-07 5.595140591241332795e-07 5.788156611643983227e-07
1.984427182316362615e+00 7.110284366910845619e-06 2.183237056813118034e-07 2.191190634315797592e-07 4.166460182848176044e-07 4.300119249786362065e-07 5.591589711441328321e-07 5.887740650600042634e-07
1.993652785209511391e+00 7.132595202060375102e-06 2.208205144475910026e-07 2.248012015674125122e-07 4.153137778560762623e-07 4.367137041857222841e-07 5.593376764213698455e-07 5.986715365405713050e-07
2.002878388102660168e+00 7.156956830835550291e-06 2.217995451527764522e-07 2.290859430304258428e-07 4.211082182395689072e-07 4.444895468515693639e-07 5.595018731876929906e-07 6.085495712575891898e-07
2.012103990995809166e+00 7.183646713701912138e-06 2.248529431729931786e-07 2.349750154751879976e-07 4.282802843060226728e-07 4.519059138887819560e-07 5.598231991469620198e-07 6.184039839095698408e-07
2.021329593888958165e+00 7.212243937792841250e-06 2.288605583041330147e-07 2.370596858064405894e-07 4.355164094200775413e-07 4.593860169569002013e-07 5.617725163083192534e-07 6.282182088802139354e-07
2.030555196782107164e+00 7.242739728637310377e-06 2.311743745773698534e-07 2.392974462235174151e-07 4.401723559102218398e-07 4.669348851410224608e-07 5.786705582292606825e-07 6.380095370473405075e-07
2.039780799675255718e+00 7.274938594630747778e-06 2.341744550105510651e-07 2.422700055494462679e-07 4.431887049503488882e-07 4.731403322683831836e-07 5.954718764425760916e-07 6.477737243476942587e-07
2.049006402568404717e+00 7.308632864858650420e-06 2.390366099012268392e-07 2.463018522867401575e-07 4.480118567040872524e-07 4.768773879740750417e-07 6.121643231351238924e-07 6.575019749302071542e-07
2.058232005461553715e+00 7.343730697396482950e-06 2.453363751294244417e-07 2.498015672595046304e-07 4.536992852193648507e-07 4.832547956611995494e-07 6.212212995057679791e-07 6.672076409953754344e-07
2.067457608354702270e+00 7.380280515229831409e-06 2.523879363924081060e-07 2.524742605135373667e-07 4.515190121390910406e-07 4.904002357782662625e-07 6.231548683451654973e-07 6.769030964137887641e-07
2.076683211247851268e+00 7.417573694986311852e-06 2.594215211298002169e-07 2.542493277394012490e-07 4.484113072074115346e-07 4.982888063586060165e-07 6.285899192056263170e-07 6.865301909845755816e-07
2.085908814141000267e+00 7.456211216636775545e-06 2.625561031898594061e-07 2.565473448291425573e-07 4.596787402108014928e-07 5.062041352749263386e-07 6.482624070126444076e-07 6.961562404547032480e-07
2.095134417034148822e+00 7.495766872019520279e-06 2.645936151323330160e-07 2.612193924082776864e-07 4.682928321290451214e-07 5.141377038801535790e-07 6.584339592425194709e-07 7.057507581237578399e-07
2.104360019927297820e+00 7.536271333015089299e-06 2.685515426391609384e-07 2.676229351544510211e-07 4.709778631530242077e-07 5.220838511294169138e-07 6.607362118949365175e-07 7.153290294411177242e-07
2.113585622820446819e+00 7.577556040216980063e-06 2.732308712028898567e-07 2.734115639045891699e-07 4.704755266257095228e-07 5.300357397054303749e-07 6.630165569811247920e-07 7.248853958184575487e-07
2.122811225713595817e+00 7.619727212579779762e-06 2.778178680118374220e-07 2.781069372409004052e-07 4.750506696875624781e-07 5.380044535472194218e-07 6.653380824746527839e-07 7.331607913772648675e-07
2.132036828606744372e+00 7.662498387910130214e-06 2.789321205623812100e-07 2.842411543356856819e-07 4.825239252634758511e-07 5.459727149502484212e-07 6.676765590352007492e-07 7.400405361260988405e-07
2.141262431499893371e+00 7.705869419634645700e-06 2.836772626784549980e-07 2.902570361762455347e-07 4.885772043746924029e-07 5.539458139972482708e-07 6.700334348796008226e-07 7.469170936488954871e-07
2.150488034393042369e+00 7.749967550914425157e-06 2.898485057595643493e-07 2.949581811374899195e-07 4.946752499496823331e-07 5.619377666051369181e-07 6.778935270359072354e-07 7.538145899369672745e-07
2.159713637286190924e+00 7.794519478463197648e-06 2.937285446098607933e-07 2.995045513487068877e-07 5.007624726773931715e-07 5.699274654903848920e-07 6.868729111758828252e-07 7.630670611133510037e-07
2.168939240179339922e+00 7.839536554990818808e-06 3.007905136472792222e-07 3.039139279190197139e-07 5.100034557749069539e-07 5.779259381670025740e-07 6.958395382306820456e-07 7.726090860529795295e-07
2.178164843072488921e+00 7.885050571858656418e-06 3.048405516882238606e-07 3.087405842399321918e-07 5.204474658203546330e-07 5.859360469527759792e-07 7.021649410837330307e-07 7.821761675164592276e-07
2.187390445965637920e+00 7.930951826092659808e-06 3.093033386948115798e-07 3.135846149594546950e-07 5.289969107286765569e-07 5.928830678639426439e-07 7.131761523692971554e-07 7.917585126715709649e-07
2.196616048858786474e+00 7.977424416814909758e-06 3.177381416509301207e-07 3.190146477132365938e-07 5.359770488328385787e-07 6.006716460281984481e-07 7.228181211974587026e-07 8.013622070443212993e-07
2.205841651751935473e+00 8.024081583365710467e-06 3.204217056256623662e-07 3.259365510310071776e-07 5.368234766838771648e-07 6.093837380067691978e-07 7.318195266228117048e-07 8.109736654038568609e-07
2.215067254645084471e+00 8.071094811962930375e-06 3.271915445007030353e-07 3.323327902648578005e-07 5.456998591619316701e-07 6.180591535681859042e-07 7.408441168747073238e-07 8.206098948713308550e-07
2.224292857538233026e+00 8.118583419273181430e-06 3.343859603686478245e-07 3.345680994234035506e-07 5.572758488583410468e-07 6.261210496368072490e-07 7.498476755184699699e-07 8.302657601675386776e-07
2.233518460431382024e+00 8.166231370815387719e-06 3.371812315131614887e-07 3.382368039894651239e-07 5.672609588294677004e-07 6.341867067058093197e-07 7.588657048399946847e-07 8.399337430771607871e-07
2.242744063324531023e+00 8.214182825927285840e-06 3.412545274306945739e-07 3.449510644941560802e-07 5.755495431856684296e-07 6.422639677327699224e-07 7.678935979498232022e-07 8.496209182599825244e-07
2.251969666217680022e+00 8.259985001357413831e-06 3.472836465836838537e-07 3.516790194630853777e-07 5.835547677760894266e-07 6.502155043544744520e-07 7.772551527095003163e-07 8.592667988517183324e-07
2.261195269110828576e+00 8.308796919440850488e-06 3.518685438775463520e-07 3.582389941200677812e-07 5.933128290188292798e-07 6.583411563953847249e-07 7.862562740676652114e-07 8.690036947351133381e-07
2.270420872003977575e+00 8.357845312556514081e-06 3.558090842548167004e-07 3.630190612058639059e-07 5.992180302117765429e-07 6.664765851266131843e-07 7.952615158524337140e-07 8.787547005360129906e-07
2.279646474897126573e+00 8.408208809795012740e-06 3.606777436745127073e-07 3.665786304832439408e-07 6.071211971432648240e-07 6.746915668617439819e-07 8.041243129996891969e-07 8.885531994787731011e-07
2.288872077790275128e+00 8.456547905030885231e-06 3.635253490461899141e-07 3.721262408352232998e-07 6.150243855475617843e-07 6.827925437662880507e-07 8.146158623407316515e-07 8.983213907532386857e-07
2.298097680683424127e+00 8.506163558398066653e-06 3.678111437156602280e-07 3.768107348020153824e-07 6.228287153514351046e-07 6.909724406620255027e-07 8.311901173612809606e-07 9.081358306439673780e-07
2.307323283576573125e+00 8.555941823616876617e-06 3.728931579895698679e-07 3.804362624208367031e-07 6.305562404762078742e-07 6.991669505138667058e-07 8.477960006589421380e-07 9.179703090279750792e-07
2.316548886469722124e+00 8.605907553364653431e-06 3.759188121990579562e-07 3.836153808287678593e-07 6.382970357271860795e-07 7.073756087845183439e-07 8.644289837861468778e-07 9.278232887956354332e-07
2.325774489362870678e+00 8.655979497118690768e-06 3.812892365581324318e-07 3.874678812943549119e-07 6.518667901617507639e-07 7.156017504920619506e-07 8.811097643461977949e-07 9.377001019057778402e-07
2.335000092256019677e+00 8.706200061038422131e-06 3.868403505360645876e-07 3.928503736931206587e-07 6.678265837404484203e-07 7.238444952067521682e-07 8.978311972864060737e-07 9.475992534286289314e-07
2.344225695149168676e+00 8.756715718867952970e-06 3.929493758988749014e-07 3.992411702100594884e-07 6.728291047822063949e-07 7.321160378557842711e-07 9.145734545014750028e-07 9.575126878792122669e-07
2.353451298042317230e+00 8.806972772626724374e-06 3.991246976617210195e-07 4.055137894386441806e-07 6.777105704875414720e-07 7.403832094695121728e-07 9.314209998278168758e-07 9.674676799986516512e-07
2.362676900935466229e+00 8.857553631204282904e-06 4.034249199971370306e-07 4.117363740931514245e-07 6.859939956325390091e-07 7.486793075349382898e-07 9.482863443814065508e-07 9.774360576997677858e-07
2.371902503828615227e+00 8.908206549547658087e-06 4.089298993079190821e-07 4.179806391151869813e-07 6.998156286230782815e-07 7.569918557610018324e-07 9.629736795440796009e-07 9.874248237013678533e-07
2.381128106721764226e+00 8.958960467297816745e-06 4.166712150113155644e-07 4.235723896123626389e-07 7.108848492556513096e-07 7.653246375510419549e-07 9.758256231320222888e-07 9.974395611362357327e-07
2.390353709614912781e+00 9.009802528527056481e-06 4.231228999841171571e-07 4.288932932016958612e-07 7.181139926498418687e-07 7.736806276470137680e-07 9.887361180941988499e-07 1.007484680291692315e-06
2.399579312508061779e+00 9.060722973844717720e-06 4.283923951821921736e-07 4.332253519285061803e-07 7.312398509404210962e-07 7.820527058547531863e-07 1.001685301378462810e-06 1.017548795671127153e-06
2.408804915401210778e+00 9.111715827913223771e-06 4.319828157583285616e-07 4.384436866266097529e-07 7.413023078431586234e-07 7.904447447093754616e-07 1.014684879799854583e-06 1.027637927676649894e-06
2.418030518294359332e+00 9.162775014940840960e-06 4.371778614653792482e-07 4.441548757665044850e-07 7.548293384608480453e-07 7.988578539950015448e-07 1.027736666223138276e-06 1.037753074631973259e-06
2.427256121187508331e+00 9.213907508830434189e-06 4.433059359040845222e-07 4.495973205714062245e-07 7.639580504370578704e-07 8.072968065741955256e-07 1.040852860249057496e-06 1.047901347850798507e-06
2.436481724080657330e+00 9.265104004511217571e-06 4.450004438358961514e-07 4.538234079990403094e-07 7.729551029178330710e-07 8.157539681314601254e-07 1.054013214343529735e-06 1.057740456156985970e-06
2.445707326973806328e+00 9.316356163517075262e-06 4.503154078604103901e-07 4.597677909125709277e-07 7.819933957588493629e-07 8.242336838085429054e-07 1.067229761670720063e-06 1.067431413916643452e-06
2.454932929866954883e+00 9.367662982525577040e-06 4.552594869446673678e-07 4.668178559552807884e-07 7.910740463952171177e-07 8.327361361749947735e-07 1.080503642612974394e-06 1.077141907702994046e-06
2.464158532760103881e+00 9.419009823173230626e-06 4.596415402022961704e-07 4.735547243994841230e-07 8.001963458727058358e-07 8.412622313312277840e-07 1.093835338086030260e-06 1.086872564253254091e-06
2.473384135653252880e+00 9.470398686071892442e-06 4.646104364776646654e-07 4.802010234688455250e-07 8.092462327190748698e-07 8.494732646805830097e-07 1.107225736295825767e-06 1.096622968044543876e-06
2.482609738546401434e+00 9.521836919815955126e-06 4.695540437140428131e-07 4.864608912110196564e-07 8.207292303676893565e-07 8.565235171242587231e-07 1.120678621251853786e-06 1.106396546695361611e-06
2.491835341439550433e+00 9.573323646294415850e-06 4.748636909722105435e-07 4.924068696412022185e-07 8.331926317742778727e-07 8.636012376775846592e-07 1.134193371928895154e-06 1.116192865418198226e-06
2.501060944332699432e+00 9.624830891224372341e-06 4.824332499633098644e-07 4.972127716304558704e-07 8.457158760340462785e-07 8.707064593056346988e-07 1.147771862025669378e-06 1.126011218084164298e-06
2.510286547225848430e+00 9.676392983188303757e-06 4.881342944617012778e-07 5.030527159353971150e-07 8.582914140367556039e-07 8.778332941434739917e-07 1.161403849636650606e-06 1.135850147278079329e-06
2.519512150118996985e+00 9.727969174513270690e-06 4.930178872525601993e-07 5.097170133764893681e-07 8.709363896750820487e-07 8.849947394527641747e-07 1.175111095928771726e-06 1.145716098465684790e-06
2.528737753012145983e+00 9.779594189363965319e-06 4.988390762098711222e-07 5.162923724127840380e-07 8.836358714826771663e-07 8.921786921238310345e-07 1.188874469042943078e-06 1.155603696488219056e-06
2.537963355905294982e+00 9.831218705931870475e-06 5.062577853971443083e-07 5.228996536077902009e-07 8.955613274819688969e-07 8.993981770245155404e-07 1.203492242280355219e-06 1.165519438395606417e-06
2.547188958798443537e+00 9.882906164527796163e-06 5.117570761489766368e-07 5.284895308185413317e-07 9.078585477492767702e-07 9.066416931975758062e-07 1.220782050029171949e-06 1.175459294265917469e-06
2.556414561691592535e+00 9.934598003051194873e-06 5.171812484280079224e-07 5.334839702569958692e-07 9.222518695571870010e-07 9.139039086995933494e-07 1.238153134063722175e-06 1.185423973110052604e-06
2.565640164584741534e+00 9.986261761698405866e-06 5.197395255851629622e-07 5.391877385818091964e-07 9.354917292758825945e-07 9.211630310753749287e-07 1.255605569557004285e-06 1.195411266985668122e-06
2.574865767477890532e+00 1.003805495283622961e-05 5.262437449122642333e-07 5.456753023171046819e-07 9.492436299359823426e-07 9.284605505803267570e-07 1.273148172364742950e-06 1.205436023042556046e-06
2.584091370371039087e+00 1.008981294356854587e-05 5.334721587372092674e-07 5.517050083576186919e-07 9.632166959211750586e-07 9.363275174888028218e-07 1.290764342243715969e-06 1.216490039075710444e-06
2.593316973264188086e+00 1.014158202653933662e-05 5.398371700433675043e-07 5.583191942443090517e-07 9.772822991475940105e-07 9.456595815813321858e-07 1.308478733708069659e-06 1.228466759873697952e-06
2.602542576157337084e+00 1.019338166183735979e-05 5.448615336613317456e-07 5.640818201880183820e-07 9.914206573422328832e-07 9.550193613708407613e-07 1.326273255235500126e-06 1.240470754573048942e-06
2.611768179050485639e+00 1.024521522971181075e-05 5.505146929381902072e-07 5.705473357945695838e-07 1.005642497567703136e-06 9.644109748680061489e-07 1.344158690898859134e-06 1.252505908196095873e-06
2.620993781943634637e+00 1.029703515184513896e-05 5.562081954657140066e-07 5.770387417306840482e-07 1.020064890100207485e-06 9.738322301245656398e-07 1.362134574672743535e-06 1.264569244261628530e-06
2.630219384836783636e+00 1.034888329777489708e-05 5.629476396271227134e-07 5.835327182752720471e-07 1.037052248152343310e-06 9.832831010094833545e-07 1.380195954382379761e-06 1.276662637227939830e-06
2.639444987729932635e+00 1.040074038590067180e-05 5.695034271377309997e-07 5.900880507849481113e-07 1.054021138355963700e-06 9.927696644337504454e-07 1.398361571337558370e-06 1.288790335144605927e-06
2.648670590623081189e+00 1.045261143445054981e-05 5.742425100718722130e-07 5.964923884853778804e-07 1.071044033094062538e-06 1.000520640416979398e-06 1.416612640504658232e-06 1.300445682639281793e-06
2.657896193516230188e+00 1.050449504894693943e-05 5.810979313568308876e-07 6.029953728470123340e-07 1.088134497654325220e-06 1.008030070200425303e-06 1.434962293137731937e-06 1.311394057502621508e-06
2.667121796409379186e+00 1.055639222106300136e-05 5.876512007005389265e-07 6.095225598471702060e-07 1.099282898575131359e-06 1.015568849051140502e-06 1.453410068547621224e-06 1.322380677967642320e-06
2.676347399302527741e+00 1.060830162371973681e-05 5.948530284824838190e-07 6.155671593530650013e-07 1.114700469440372009e-06 1.023140692371364877e-06 1.471959287901230206e-06 1.333407109252881761e-06
2.685573002195676739e+00 1.066022684652813372e-05 6.003202491316933688e-07 6.220300944641167105e-07 1.130106279174975832e-06 1.030737331127315123e-06 1.491820304566528476e-06 1.344466395776914468e-06
2.694798605088825738e+00 1.071215914414957981e-05 6.059392617149123288e-07 6.286897897997250213e-07 1.147929524643983483e-06 1.038364696871115712e-06 1.513396750224767871e-06 1.355564995388818997e-06
2.704024207981974737e+00 1.076410696992048952e-05 6.123969692591562627e-07 6.340171233323026206e-07 1.163564969547369258e-06 1.046026191989406960e-06 1.535107141061540641e-06 1.366704585228411737e-06
2.713249810875123291e+00 1.081604411978666060e-05 6.189091197914648942e-07 6.410519742766478959e-07 1.176355783875146483e-06 1.053718910729603640e-06 1.556953100310010880e-06 1.377882807013266196e-06
2.722475413768272290e+00 1.086801864759019938e-05 6.254580773656222509e-07 6.481213795453591279e-07 1.189200545222569077e-06 1.061439713121828827e-06 1.578929947883517764e-06 1.389093837233939014e-06
2.731701016661421288e+00 1.091997970166607919e-05 6.318750188435487278e-07 6.552310924614625063e-07 1.203565592340649038e-06 1.069191701978870380e-06 1.601043591019122455e-06 1.400342671447751204e-06
2.740926619554569843e+00 1.097196404540858334e-05 6.380161406355366210e-07 6.623837371009904507e-07 1.219707107747271943e-06 1.077277874640338948e-06 1.623299863641033069e-06 1.411635255564586263e-06
2.750152222447718842e+00 1.102394997046382532e-05 6.441900303228399933e-07 6.695653418514407678e-07 1.235934362830836219e-06 1.086695119632101605e-06 1.645686419171089797e-06 1.422962450689196535e-06
2.759377825340867840e+00 1.107593222853824003e-05 6.504144646835247832e-07 6.767358897220293867e-07 1.252266532502444694e-06 1.096151880381570259e-06 1.668229709665443119e-06 1.434339112346112458e-06
