2.306400723287267349e-02 1.943525371799456320e+17 3.200000000000000000e+01 -3.200000000000000000e+01 3.200000000000000000e+01 -3.200000000000000000e+01 3.200000000000000000e+01 -3.200000000000000000e+01
3.228961012602173802e-02 4.056481922928107500e+14 5.187500000000000000e+00 8.000000000000000000e+00 7.750000000000000000e+00 1.050000000000000000e+01 9.625000000000000000e+00 1.218750000000000000e+01
4.151521301917080603e-02 7.339012828391564453e+12 5.159179687500000000e+00 7.980468750000000000e+00 7.737304687500000000e+00 1.043261718750000000e+01 9.549804687500000000e+00 1.213183593750000000e+01
5.074081591231988098e-02 4.110522231320436401e+11 4.553588867187500000e+00 7.042846679687500000e+00 6.831054687500000000e+00 9.209533691406250000e+00 8.431274414062500000e+00 1.071252441406250000e+01
5.996641880546894204e-02 4.540632264132805634e+10 3.862846374511718750e+00 5.973190307617187500e+00 5.795631408691406250e+00 7.812896728515625000e+00 7.153747558593750000e+00 9.090515136718750000e+00
6.919202169861800311e-02 7.835937850581205368e+09 3.222977638244628906e+00 4.986448287963867188e+00 4.836280822753906250e+00 6.519124984741210938e+00 5.970066070556640625e+00 7.587390899658203125e+00
7.841762459176707112e-02 1.847159200256301165e+09 2.665854215621948242e+00 4.124826431274414062e+00 3.999872684478759766e+00 5.391289949417114258e+00 4.938081026077270508e+00 6.276623010635375977e+00
8.764322748491613913e-02 5.470798176114519835e+08 2.189738631248474121e+00 3.388745903968811035e+00 3.284694433212280273e+00 4.427046418190002441e+00 4.055694222450256348e+00 5.155601978302001953e+00
9.686883037806519325e-02 1.926537538302208781e+08 1.784179300069808960e+00 2.759756684303283691e+00 2.675525754690170288e+00 3.605851590633392334e+00 3.304134786128997803e+00 4.200534313917160034e+00
1.060944332712142474e-01 7.765172528049509227e+07 1.437712550163269043e+00 2.222006663680076599e+00 2.155133321881294250e+00 2.904456108808517456e+00 2.662142544984817505e+00 3.384452849626541138e+00
1.153200361643633154e-01 3.486082085447964817e+07 1.139911480247974396e+00 1.759851515293121338e+00 1.707847312092781067e+00 2.306087896227836609e+00 2.110383585095405579e+00 2.682824917137622833e+00
1.245456390575123834e-01 1.708483717052447423e+07 8.822251595556735992e-01 1.359980206936597824e+00 1.320405479520559311e+00 1.787766937166452408e+00 1.632494047284126282e+00 2.074881263077259064e+00
1.337712419506614514e-01 9.002730073589876294e+06 6.573659647256135941e-01 1.011059220880270004e+00 9.820151068270206451e-01 1.334338054060935974e+00 1.214992903172969818e+00 1.543506843969225883e+00
1.429968448438105333e-01 5.041207009132048115e+06 4.586221734061837196e-01 7.043036380782723427e-01 6.849647797644138336e-01 9.339100103825330734e-01 8.468646313995122910e-01 1.074712184257805347e+00
1.522224477369596152e-01 2.972261994309589732e+06 2.816292447969317436e-01 4.322641748003661633e-01 4.204589603468775749e-01 5.724034989252686501e-01 5.190969151444733143e-01 6.570469229482114315e-01
1.614480506301086971e-01 1.831609436228822218e+06 1.205277554690837860e-01 1.866213094908744097e-01 1.824753077235072851e-01 2.445091397967189550e-01 2.246196086052805185e-01 2.810728808399289846e-01
1.706736535232577512e-01 1.172682696777484845e+06 3.627916588447988033e-02 2.460744511336088181e-02 5.155127495527267456e-02 3.648677212186157703e-02 6.034314190037548542e-02 4.433918208815157413e-02
1.798992564164068331e-01 7.762554441418579081e+05 2.400222191354259849e-01 1.583513019140809774e-01 3.187265485757961869e-01 2.383246232056990266e-01 3.760518316412344575e-01 2.912182050058618188e-01
1.891248593095559150e-01 5.291058266160048079e+05 4.330911909928545356e-01 2.828811974031850696e-01 5.683194356970489025e-01 4.255620975745841861e-01 6.695821947650983930e-01 5.199674535542726517e-01
1.983504622027049968e-01 3.700983969099806272e+05 6.125090934801846743e-01 3.994729458936490119e-01 8.042003609589301050e-01 6.013379272771999240e-01 9.467080530594103038e-01 7.362746119033545256e-01
2.075760650958540787e-01 2.648984610368220601e+05 7.867358939838595688e-01 5.110676593030802906e-01 1.030890589172486216e+00 7.694269244093447924e-01 1.211982815526425838e+00 9.431405746145173907e-01
2.168016679890031329e-01 1.935366880201537861e+05 9.545340345066506416e-01 6.198001568554900587e-01 1.254605471011018381e+00 9.325110389909241349e-01 1.469646249199286103e+00 1.144070537993684411e+00
2.260272708821522147e-01 1.440295219333001296e+05 1.118462078593438491e+00 7.255000495642889291e-01 1.474586794909555465e+00 1.093167606595670804e+00 1.723784361209254712e+00 1.342574201262323186e+00
2.352528737753012689e-01 1.089803159094227885e+05 1.282848237940925173e+00 8.326568659394979477e-01 1.688845639801002108e+00 1.253883987315930426e+00 1.978486305364640430e+00 1.541678944529849105e+00
2.444784766684503230e-01 8.370592807675314543e+04 1.449492498577455990e+00 9.428544324618997052e-01 1.905741846319870092e+00 1.417316997278248891e+00 2.238009892855188809e+00 1.740503013308625668e+00
2.537040795615994049e-01 6.517192529738519806e+04 1.622081783069006633e+00 1.054831618530442938e+00 2.128736010687134694e+00 1.586391504119092133e+00 2.506969181580643635e+00 1.947723266013781540e+00
2.629296824547484590e-01 5.137026382247274887e+04 1.801861657550034579e+00 1.176867307338397950e+00 2.361909516082960181e+00 1.764326510405226145e+00 2.790561325477028731e+00 2.166377829635166563e+00
2.721552853478975686e-01 4.094620546595251653e+04 1.998464291209529620e+00 1.304983417103358079e+00 2.611075496497505810e+00 1.954864418483339250e+00 3.094856234252802096e+00 2.400433627692109440e+00
2.813808882410466228e-01 3.296938004548662138e+04 2.207472139256424271e+00 1.443683655859786086e+00 2.886907645821338519e+00 2.157074643451778684e+00 3.427183084764692467e+00 2.655397345042729285e+00
2.906064911341957324e-01 2.679025731871900643e+04 2.442357400810578838e+00 1.604188960009196308e+00 3.193610996164352400e+00 2.373217540007317439e+00 3.796664837391290348e+00 2.938086274753004545e+00
2.998320940273447865e-01 2.194836186827918937e+04 2.698807413966278546e+00 1.784719429204415064e+00 3.539616160607693018e+00 2.629857637250097468e+00 4.214979960153868888e+00 3.257178361636761110e+00
3.090576969204938407e-01 1.811247909196264663e+04 2.992436999549681786e+00 1.987886295450152829e+00 3.926119932704750681e+00 2.933568191205267794e+00 4.697477001533115981e+00 3.624009937069786247e+00
3.182832998136429503e-01 1.504100835932796144e+04 3.346101552642721799e+00 2.237515228704069159e+00 4.395643609057515278e+00 3.282058042657808983e+00 5.264845324449197506e+00 4.053759009586428874e+00
3.275089027067920044e-01 1.255521007169154109e+04 3.744654071633704007e+00 2.530538286122464342e+00 4.933887815019261325e+00 3.697578757417431916e+00 5.945675716577170533e+00 4.569009742675916641e+00
3.367345055999411141e-01 1.052080586202023005e+04 4.223042433095542947e+00 2.900468148536674562e+00 5.632710616737313103e+00 4.222431697606225498e+00 6.780460447556833969e+00 5.265515844635956455e+00
3.459601084930901682e-01 8.835009671690944742e+03 4.827616092634343659e+00 3.355628226039698347e+00 6.481808007456493215e+00 4.869379477553593460e+00 7.827917549549965770e+00 6.156102127339181607e+00
3.551857113862392223e-01 7.417020265623260457e+03 5.584050276618654607e+00 3.956264232046123652e+00 7.587550539196854515e+00 5.701642716867354466e+00 9.174930451778891438e+00 7.243086761733138701e+00
3.644113142793883320e-01 6.200515380469580123e+03 6.605476195789378835e+00 4.737251886960621050e+00 9.042806077035493217e+00 6.775644734701018024e+00 1.095129084526524821e+01 8.717777783078417997e+00
3.736369171725373861e-01 5.126849962916975528e+03 7.912998764420080988e+00 5.821060913403925952e+00 1.101468637984362431e+01 8.303652496831091412e+00 1.348701068085119914e+01 1.059778178605847643e+01
3.828625200656864958e-01 4.137568871577042046e+03 9.511359388791788660e+00 7.379430678993230686e+00 1.393632568724206067e+01 1.032246439601385646e+01 1.716315626572122710e+01 1.323356583299209888e+01
3.920881229588355499e-01 3.165438585682642497e+03 1.122953106916202159e+01 9.524836341784066462e+00 1.746090564487303709e+01 1.304610789893922629e+01 2.167720307504941957e+01 1.640374607230160109e+01
4.013137258519846040e-01 2.132887265407090581e+03 1.277089434361141684e+01 1.151729198578459545e+01 2.061864213276658120e+01 1.604957003367508150e+01 2.695546706864524822e+01 2.043679859157055034e+01
4.105393287451337136e-01 1.042336675407383609e+03 9.771759935026693711e+00 1.005314426156292029e+01 1.821026543121070063e+01 1.458324222102373824e+01 2.581929302285607264e+01 1.930010105527037467e+01
4.197649316382827678e-01 4.664152386631956233e+02 1.448854913421257606e+00 1.439887908427635921e+00 2.610478284531211557e+00 2.677415967976344291e+00 3.415931591221465169e+00 3.843335014536421568e+00
4.289905345314318219e-01 1.266456542677392918e+03 9.291085932918122126e+00 9.666852749693589431e+00 1.833972649683482814e+01 2.107233637544300109e+01 2.431678281727249669e+01 2.785434062962576718e+01
4.382161374245809315e-01 2.146545988234525339e+03 9.694140693798999564e+00 8.151219319289339182e+00 1.742951844269873618e+01 1.538961751493707197e+01 2.220286474841941526e+01 2.011905951557355365e+01
4.474417403177299857e-01 2.392731361022377769e+03 6.171064030979778181e+00 4.650783918706110853e+00 1.025003642492401923e+01 7.933222773906891234e+00 1.245172689385981357e+01 1.002859409498842069e+01
4.566673432108790953e-01 2.331849813906527288e+03 3.364380894941405131e+00 2.396437153048736945e+00 5.104490202883425809e+00 3.845675291517636651e+00 6.012720573635760957e+00 4.900453912988723459e+00
4.658929461040280939e-01 2.175290970271217702e+03 1.575883929578594689e+00 1.060571178099962708e+00 2.274990381884435919e+00 1.722203339185398363e+00 2.658381436844138079e+00 2.185133688480163983e+00
4.751185489971772036e-01 1.999071728291964519e+03 5.517204629074967670e-01 3.627737404729032278e-01 7.635754135287697864e-01 5.903940922003130254e-01 8.692543253359872324e-01 7.495987661750405096e-01
4.843441518903262577e-01 1.828420814174631460e+03 2.533114603966168943e-02 4.574964895277844334e-02 2.995271206896177318e-02 7.411638258145103464e-02 3.395692454819254635e-02 9.139060564348255866e-02
4.935697547834753673e-01 1.671146098405444491e+03 2.442476517746854370e-01 3.823217118153934280e-01 3.684680435251266317e-01 5.451035614860302303e-01 4.566908464880725660e-01 6.151792468365329114e-01
5.027953576766244215e-01 1.528924443842464598e+03 3.706558111553022172e-01 5.815614358248240023e-01 5.608347804259210534e-01 8.129268725008387264e-01 6.941766788115728559e-01 9.187038924812895857e-01
5.120209605697735311e-01 1.401248170650269003e+03 4.414237764153767785e-01 6.971206428845562186e-01 6.650760139082194655e-01 9.552416413678201934e-01 8.339702456116810936e-01 1.092584118538525217e+00
5.212465634629225297e-01 1.286881628001544414e+03 4.745689621504425304e-01 7.553956961919539026e-01 7.167289083838568331e-01 1.027215000684236657e+00 9.101799466420743556e-01 1.170159864713923525e+00
5.304721663560716394e-01 1.184419352988048558e+03 4.933654390183619398e-01 7.826971581866928318e-01 7.382695467274515977e-01 1.063168028498466811e+00 9.460207135780365206e-01 1.198498668288948465e+00
5.396977692492206380e-01 1.092499993140006382e+03 4.977250066867782152e-01 7.902038014913159714e-01 7.459047526799622574e-01 1.065566875228341814e+00 9.563847810043171194e-01 1.200362192372949721e+00
5.489233721423698587e-01 1.009882261271740504e+03 4.928548207834637651e-01 7.870063883436841934e-01 7.363146228595951470e-01 1.054601355391014295e+00 9.505907061285370219e-01 1.183926609973468658e+00
5.581489750355188573e-01 9.354643345033954347e+02 4.824400263801180699e-01 7.717907127378111909e-01 7.199219937480165754e-01 1.031527367225407943e+00 9.345891846940048708e-01 1.156421170137605259e+00
5.673745779286679669e-01 8.682803450739355640e+02 4.709525925372872734e-01 7.529962678686388244e-01 7.061711252218856316e-01 1.000534449621454769e+00 9.122445389400581917e-01 1.122441171154491713e+00
5.766001808218169655e-01 8.074883034461120133e+02 4.582189686088895542e-01 7.305598846253360534e-01 6.878526494273273784e-01 9.692937248514681414e-01 8.860994311110061972e-01 1.084920512840426454e+00
5.858257837149661862e-01 7.523556326759792228e+02 4.426308769170645974e-01 7.076860810517473510e-01 6.641280963053759478e-01 9.361725928696387200e-01 8.578426775691241346e-01 1.045754805812066479e+00
5.950513866081151848e-01 7.022449256250919234e+02 4.276917886168121186e-01 6.826030012811088454e-01 6.399517451163774240e-01 9.042646334942219255e-01 8.286019812153426756e-01 1.008116595543469884e+00
6.042769895012642944e-01 6.566009452234438868e+02 4.126939939899330057e-01 6.572316135737992226e-01 6.160016071144127636e-01 8.713018128897829229e-01 7.991308800671959034e-01 9.718620108184268247e-01
6.135025923944132931e-01 6.149391757796872753e+02 3.978579107451878372e-01 6.329036788970370253e-01 5.941308898186434817e-01 8.381509348390636660e-01 7.699303387195186588e-01 9.360419498079863843e-01
6.227281952875624027e-01 5.768359219219138367e+02 3.827218062732526960e-01 6.087933549115405185e-01 5.726199758140637641e-01 8.059773254014999111e-01 7.413291285191689894e-01 9.010331105603199831e-01
6.319537981807114013e-01 5.419198254891523447e+02 3.672415973013585244e-01 5.847912868838420763e-01 5.516623132324411927e-01 7.749533054940229704e-01 7.135377357262768783e-01 8.670736503098623871e-01
6.411794010738606220e-01 5.098646298147988318e+02 3.525244591087357549e-01 5.623777556046434256e-01 5.313669029314382897e-01 7.451725722348214731e-01 6.866849771828356097e-01 8.343063922477540473e-01
6.504050039670096206e-01 4.803830183563866854e+02 3.394701241448956353e-01 5.412498808312875553e-01 5.117996344648076956e-01 7.166756883989364724e-01 6.608431466448791980e-01 8.028084413939495789e-01
6.596306068601587302e-01 4.532213682153553691e+02 3.269559299939714947e-01 5.204294120699728410e-01 4.930393794552969666e-01 6.894675022167007228e-01 6.360454486888897918e-01 7.726116747387550276e-01
6.688562097533077289e-01 4.281552782092707048e+02 3.149567495524934202e-01 5.004362865127518489e-01 4.750432644082707156e-01 6.635291374560665645e-01 6.122981818043626845e-01 7.437170276193114660e-01
6.780818126464568385e-01 4.049857509527120101e+02 3.035875470590667646e-01 4.812979908860484102e-01 4.578074170930790388e-01 6.387025886422179610e-01 5.895893065995210236e-01 7.161045157516809923e-01
6.873074155396059481e-01 3.835359267802866725e+02 2.926824642012775257e-01 4.633477292356928956e-01 4.413186396167247949e-01 6.146843509231985081e-01 5.678945005061564189e-01 6.897402969922836746e-01
6.965330184327550578e-01 3.636482835484576981e+02 2.817700099908506672e-01 4.468561647240107959e-01 4.255567904731947237e-01 5.918132899065540187e-01 5.471814493532178858e-01 6.645816601542833268e-01
7.057586213259040564e-01 3.451822302503837818e+02 2.721408070848951866e-01 4.326673404023608782e-01 4.104967803363592793e-01 5.705914164284422441e-01 5.274128925851186978e-01 6.405805511964217658e-01
7.149842242190531660e-01 3.280120341143401106e+02 2.624690898486505830e-01 4.174278478492396971e-01 3.960926757983429525e-01 5.514607961192155017e-01 5.085487815871942985e-01 6.176860607211551724e-01
7.242098271122021647e-01 3.120250306820786932e+02 2.530892400642414941e-01 4.021941615039850149e-01 3.823336355609399106e-01 5.322723142693916998e-01 4.905478033825829698e-01 5.958461698967312259e-01
7.334354300053513853e-01 2.971200745504871179e+02 2.443072226943741043e-01 3.875351194135987498e-01 3.691942439692184053e-01 5.145390560336409180e-01 4.733684482055195986e-01 5.742215047190484256e-01
7.426610328985003839e-01 2.832061952669528182e+02 2.359188304934605185e-01 3.735675970362990483e-01 3.566448564333768445e-01 4.991927985276447544e-01 4.569697481704224629e-01 5.533187034843649599e-01
7.518866357916494936e-01 2.702014285250681382e+02 2.278533064153407395e-01 3.608943310878203192e-01 3.446563802441460211e-01 4.819905308034435620e-01 4.413117783082043388e-01 5.333937810102042931e-01
7.611122386847984922e-01 2.580317975096485270e+02 2.199972499253135538e-01 3.484951407661469602e-01 3.332005654274894368e-01 4.653160705466348190e-01 4.263559858233065825e-01 5.143904240956658214e-01
7.703378415779476018e-01 2.466304231538709644e+02 2.125523026996347653e-01 3.362682861911707732e-01 3.222501943286886217e-01 4.493777347604748229e-01 4.120653953172848105e-01 4.962554122712674598e-01
7.795634444710966005e-01 2.359367453343658667e+02 2.054435967602898927e-01 3.265514949971759506e-01 3.117791976189892011e-01 4.346573896845598028e-01 3.984047247474507003e-01 4.789385926309535080e-01
7.887890473642458211e-01 2.258958397556283728e+02 1.986573587158204646e-01 3.164145993527540668e-01 3.017704095776707618e-01 4.208659859474721543e-01 3.853404375112177149e-01 4.626150210578714450e-01
7.980146502573948197e-01 2.164578175567996254e+02 1.920739064462395618e-01 3.058089606954581541e-01 2.921928903603259187e-01 4.072292781964677033e-01 3.728407492528731382e-01 4.476268173055188981e-01
8.072402531505439294e-01 2.075772965880121319e+02 1.858417694140541698e-01 2.961669603724033095e-01 2.830259870965790014e-01 3.942131809768625317e-01 3.608756030265567460e-01 4.332636261705431480e-01
8.164658560436929280e-01 1.992129349133230676e+02 1.803247515760233455e-01 2.873658566904850886e-01 2.742459636595810935e-01 3.817580474929798129e-01 3.494166228138624319e-01 4.194927896984381732e-01
8.256914589368421487e-01 1.913270184540264722e+02 1.750183130474738391e-01 2.784125527936396338e-01 2.658328649008865341e-01 3.698515996689479834e-01 3.384370527229521031e-01 4.062834241266841673e-01
8.349170618299911473e-01 1.838850958331035770e+02 1.694996306887617266e-01 2.694167003010647932e-01 2.577678641024192530e-01 3.580677421202267396e-01 3.279116872251393033e-01 3.936063563936613718e-01
8.441426647231402569e-01 1.768556544489632358e+02 1.640544537463881625e-01 2.608628228551026496e-01 2.500322121157978472e-01 3.464333689525744830e-01 3.178167963163787135e-01 3.814340517728282975e-01
8.533682676162892555e-01 1.702098326396255459e+02 1.592515998838166524e-01 2.535811423459222169e-01 2.425929304159808453e-01 3.364665630730883095e-01 3.081300484326732203e-01 3.697405364156622909e-01
8.625938705094383652e-01 1.639211634864686005e+02 1.542873421884962681e-01 2.482340343163684793e-01 2.354609084047183387e-01 3.270109117988226899e-01 2.988304331126130364e-01 3.589987636779596869e-01
8.718194734025873638e-01 1.579653464156291989e+02 1.501486655469648213e-01 2.411518169492410379e-01 2.286167496279745137e-01 3.177027939379968302e-01 2.898981848372272907e-01 3.500079551021713087e-01
8.810450762957365844e-01 1.523200432600246188e+02 1.459852994767629752e-01 2.341133806598065803e-01 2.220416724251492724e-01 3.089229495269023573e-01 2.813147090146799201e-01 3.414059779531726235e-01
8.902706791888855831e-01 1.469646958839749118e+02 1.418659709954681603e-01 2.273587496634661420e-01 2.154250810665416793e-01 2.998159413717758071e-01 2.730625107617186131e-01 3.323453532153450851e-01
8.994962820820346927e-01 1.418803628473614822e+02 1.378764156973204535e-01 2.207220198549464385e-01 2.084417943395067141e-01 2.914145353242929559e-01 2.651251268891030577e-01 3.236233847362939287e-01
9.087218849751836913e-01 1.370495729089420820e+02 1.334289772689771780e-01 2.146670419157601373e-01 2.023971062755833827e-01 2.833487440717306072e-01 2.574870613219388815e-01 3.170215111865672952e-01
9.179474878683329120e-01 1.324561934463387161e+02 1.297086838608834114e-01 2.088104950297520190e-01 1.967664054548095010e-01 2.763905152623067352e-01 2.501337240595660205e-01 3.105704702607567924e-01
9.271730907614816886e-01 1.280853121101391423e+02 1.266020432467200862e-01 2.036770443878452852e-01 1.909997592183572124e-01 2.697449669516203130e-01 2.430513736852333295e-01 3.036784987490932508e-01
9.363986936546309092e-01 1.239231302369977215e+02 1.233152049393169136e-01 1.984227515157641619e-01 1.858111724906734707e-01 2.631332474205834160e-01 2.362270633722545199e-01 2.970853087446556628e-01
9.456242965477800189e-01 1.199568667263639270e+02 1.201500112401845399e-01 1.925917674513186739e-01 1.811226773315155469e-01 2.563976248374046918e-01 2.296485902870841755e-01 2.907790695326895047e-01
9.548498994409290175e-01 1.161746712414237948e+02 1.169928376727256136e-01 1.884847869095267470e-01 1.766287876428549453e-01 2.497893629649752256e-01 2.233044482609614079e-01 2.847487233149479380e-01
9.640755023340780161e-01 1.125655457305084326e+02 1.138640282538432302e-01 1.833928932645108034e-01 1.723068614629426065e-01 2.426202463056199576e-01 2.171837835828256402e-01 2.789839449104789537e-01
9.733011052272271257e-01 1.091192733832685349e+02 1.109476193917515729e-01 1.796028393655433320e-01 1.681496943592009075e-01 2.369176669600108198e-01 2.112763537542434733e-01 2.734751045608447839e-01
9.825267081203763464e-01 1.058263542389612724e+02 1.078022547376207285e-01 1.748174757060780848e-01 1.641505190695227157e-01 2.306837467092321958e-01 2.055724890451955389e-01 2.682132337466356375e-01
9.917523110135253450e-01 1.026779467542264541e+02 1.053280368446252169e-01 1.702409062790763983e-01 1.600415513722452943e-01 2.244961366557589599e-01 2.000628978983058914e-01 2.631899939197950289e-01
1.000977913906674344e+00 9.966581471642972190e+01 1.026580289610592445e-01 1.656824100897438257e-01 1.560105188163447565e-01 2.201262336091502902e-01 1.947386291311943296e-01 2.583976480563308087e-01
1.010203516799823564e+00 9.678227895774332978e+01 1.001282688138473986e-01 1.612565438753676972e-01 1.521310846530923300e-01 2.143998910880640096e-01 1.895920084101305747e-01 2.538290349394571876e-01
1.019429119692972563e+00 9.402017338567432603e+01 9.765175787765656423e-02 1.576772882934562858e-01 1.487651312835254203e-01 2.088954318901983243e-01 1.846153222158051221e-01 2.494775460911711207e-01
1.028654722586121562e+00 9.137280489901252167e+01 9.534050727594944874e-02 1.544728685210543517e-01 1.449267051595342082e-01 2.046437645564793684e-01 1.798636631294243671e-01 2.453371052806687658e-01
1.037880325479270560e+00 8.883391680502390386e+01 9.287746668368868086e-02 1.506133812117838033e-01 1.412662188803750496e-01 2.000099654425326889e-01 1.756722877989460585e-01 2.414021505495895781e-01
1.047105928372419781e+00 8.639765539503324021e+01 9.138223481954810268e-02 1.479176027796142989e-01 1.380300756441243948e-01 1.969973542103531372e-01 1.716314821537849866e-01 2.376676187075190683e-01
1.056331531265569001e+00 8.405853937197016990e+01 8.938343484655320026e-02 1.446619573682994542e-01 1.349237331881454338e-01 1.930056313989183536e-01 1.677358025832376143e-01 2.341289322678079543e-01
1.065557134158718000e+00 8.181143185565782971e+01 8.737119889165967379e-02 1.411712301528922353e-01 1.320215480601945046e-01 1.889429724337645666e-01 1.639801498410378144e-01 2.307819888081041881e-01
1.074782737051866999e+00 7.965151472010944644e+01 8.554561147705896929e-02 1.380882068170024013e-01 1.290699166900282080e-01 1.854738686989918506e-01 1.603597538382786070e-01 2.276231527593068904e-01
1.084008339945015997e+00 7.757426504232367392e+01 8.334414967008285657e-02 1.354925017329122738e-01 1.262600564191416197e-01 1.813317432570187293e-01 1.568701600525486128e-01 2.246492496457506149e-01
1.093233942838165218e+00 7.557543346442413679e+01 8.160223762645557599e-02 1.334995944798151868e-01 1.235786841809698444e-01 1.796712699178755202e-01 1.535072175085048229e-01 2.218541680727383891e-01
1.102459545731314217e+00 7.365102429084157620e+01 8.015471586290345840e-02 1.307957672628390355e-01 1.209798830040966777e-01 1.782565385866377028e-01 1.502670682993425544e-01 2.192361237412825403e-01
1.111685148624463215e+00 7.179727715985774239e+01 7.825184006526342273e-02 1.276357008455164532e-01 1.184884069043903310e-01 1.751282857212430599e-01 1.471461386314274478e-01 2.167961966267029084e-01
1.120910751517612436e+00 7.001065014451354784e+01 7.633662165835630731e-02 1.243187073596772052e-01 1.160925640199224063e-01 1.728403631722983391e-01 1.441411313921321380e-01 2.145330383406758301e-01
1.130136354410761435e+00 6.828780415181978469e+01 7.457503921878583242e-02 1.222305381603803198e-01 1.137865311711010463e-01 1.702847427616944742e-01 1.412490202538521089e-01 2.124457714810148445e-01
1.139361957303910433e+00 6.662558850165650881e+01 7.366732127506736560e-02 1.193711874966112418e-01 1.115680380591044241e-01 1.678070955994286351e-01 1.384670453477099272e-01 2.105340002791820098e-01
1.148587560197059654e+00 6.502102757781106845e+01 7.204926932192279310e-02 1.166188823423937038e-01 1.094350142948457005e-01 1.671229742038491395e-01 1.357927105581353544e-01 2.087978245488955054e-01
1.157813163090208652e+00 6.347130845353126460e+01 7.066816139146681053e-02 1.140489113198199789e-01 1.073855868428381655e-01 1.660310856824267489e-01 1.332237825132054354e-01 2.072378571886019927e-01
1.167038765983357873e+00 6.197376940282023128e+01 6.989354318015017498e-02 1.112430236492727431e-01 1.052047104867170901e-01 1.651435992076173420e-01 1.307582913679894432e-01 2.058552455317865792e-01
1.176264368876506872e+00 6.052588921666551158e+01 6.923646360408497458e-02 1.086705822130866750e-01 1.031072344225378856e-01 1.648097249526756514e-01 1.283938589751869586e-01 2.060646717276171103e-01
1.185489971769655870e+00 5.912527725058805572e+01 6.850392278673211877e-02 1.060398056854481297e-01 1.013482313362956688e-01 1.634298952322836840e-01 1.247178800493813355e-01 2.079475843162512660e-01
1.194715574662805091e+00 5.776966413641810760e+01 6.764305595298480966e-02 1.040050259891032169e-01 9.966759809930891834e-02 1.634215874114914868e-01 1.221385092468239009e-01 2.064684804193532841e-01
1.203941177555954090e+00 5.645689309721137050e+01 6.668313336990649987e-02 1.014228571908333265e-01 9.806475493659405629e-02 1.635716854258078001e-01 1.200441586695575324e-01 2.046832397034137330e-01
1.213166780449103088e+00 5.518491180985603961e+01 6.571370114230035142e-02 9.960895044535789111e-02 9.681700666226333851e-02 1.638766768508688187e-01 1.180417018780559602e-01 2.045014312757658104e-01
1.222392383342252087e+00 5.395176476529531584e+01 6.474887356913683334e-02 9.660075818479896270e-02 9.537915710897237886e-02 1.643733619500338250e-01 1.161303092402476977e-01 2.059444993839605331e-01
1.231617986235401307e+00 5.275558608168223174e+01 6.398691928885824609e-02 9.472326060048885665e-02 9.457411515060698548e-02 1.651079505123433933e-01 1.143093918948068222e-01 2.076210367642161714e-01
1.240843589128550528e+00 5.159459273136933888e+01 6.322141772590583741e-02 9.245263143741055956e-02 9.340584043319211105e-02 1.659042007068478597e-01 1.125836433837363870e-01 2.095418982268171249e-01
1.250069192021699527e+00 5.046707814880038256e+01 6.262590829428660300e-02 9.038667345836870481e-02 9.210791888840219599e-02 1.673846024313263570e-01 1.109460236681272249e-01 2.117192140865640226e-01
1.259294794914848525e+00 4.937140619355829330e+01 6.252578574129330491e-02 8.849715078268616253e-02 9.068167056245357571e-02 1.693743817954853625e-01 1.097968439837515575e-01 2.141665180222744880e-01
1.268520397807997524e+00 4.830600545167901316e+01 6.235578636387373308e-02 8.639337502658150925e-02 9.008330269441700011e-02 1.716122056658946349e-01 1.101982941346619782e-01 2.168988907370774655e-01
1.277746000701146745e+00 4.726936386980410276e+01 6.160020905170426886e-02 8.429507766881272346e-02 8.915427462036262796e-02 1.739281011234083962e-01 1.090004963558044437e-01 2.199331208876458277e-01
1.286971603594295521e+00 4.626002373212979535e+01 6.114570499648408486e-02 8.260630957884984582e-02 8.944808648276847407e-02 1.754446713685595682e-01 1.116571509204860035e-01 2.232878846343879786e-01
1.296197206487444742e+00 4.527657701140195456e+01 6.104992404957698682e-02 8.054450659389544853e-02 8.954358120846706015e-02 1.782335738223466137e-01 1.137383317140177041e-01 2.269839448669088711e-01
1.305422809380593963e+00 4.431766115525338989e+01 6.100383097793837806e-02 7.795209202217989741e-02 9.083436909862996345e-02 1.812841471056785281e-01 1.164828959622852267e-01 2.310443705676732407e-01
1.314648412273742961e+00 4.338195541232332886e+01 6.123897449343473909e-02 7.471306921436848825e-02 9.227192427957220389e-02 1.849109065091312232e-01 1.184524954500432159e-01 2.354947757265932751e-01
1.323874015166892182e+00 4.246817786527618921e+01 6.128912432600941429e-02 7.341380961464238908e-02 9.386128167673035705e-02 1.882522570421159003e-01 1.213238177535060913e-01 2.403635754392041690e-01
1.333099618060040958e+00 4.157508342992281314e+01 6.159899577602345744e-02 7.275058390452215917e-02 9.416828200362203916e-02 1.922098830613947484e-01 1.252224652813538341e-01 2.456822539119443150e-01
1.342325220953190179e+00 4.070146321624214636e+01 6.231642205881371410e-02 7.111450748561054525e-02 9.489961630315946195e-02 1.965113014865664809e-01 1.283333772922148341e-01 2.514856344233677987e-01
1.351550823846339400e+00 3.984614585170110956e+01 6.247109152589302994e-02 7.026822793088172148e-02 9.630690434010347190e-02 2.011764994107636539e-01 1.317973128913649816e-01 2.578121338649523864e-01
1.360776426739488176e+00 3.900800167678537633e+01 6.355785647602374411e-02 6.803091329143029498e-02 9.773439794483351761e-02 2.057652653728894165e-01 1.356545399441415611e-01 2.647039727714002311e-01
1.370002029632637397e+00 3.818595119583807929e+01 6.471270839110587758e-02 6.637744460311267858e-02 9.833943689047686121e-02 2.116906245813083842e-01 1.399517416829922922e-01 2.722072933186225896e-01
1.379227632525786396e+00 3.737897989794564779e+01 6.616040285085489359e-02 6.566844628739687550e-02 9.898365303107681257e-02 2.175858138588111501e-01 1.447438207347673256e-01 2.803721087994546224e-01
1.388453235418935616e+00 3.658616270785115177e+01 6.749025830699650896e-02 6.430086429949710691e-02 1.019587077280021958e-01 2.255012347707960885e-01 1.500957095444022116e-01 2.899469568450996348e-01
1.397678838312084837e+00 3.580670314356198958e+01 6.950415165471923729e-02 6.548095334017034475e-02 1.043692870850421173e-01 2.325249335839600917e-01 1.560846729925486898e-01 3.006638647434272116e-01
1.406904441205233613e+00 3.503999518102082078e+01 7.133165219858028649e-02 6.678227859672603017e-02 1.080363571672862122e-01 2.391202654800821392e-01 1.635826685731345265e-01 3.123319298747091466e-01
1.416130044098382834e+00 3.428572060537872801e+01 7.420779344420935786e-02 6.735425678695605711e-02 1.125494089767613559e-01 2.475420565820414254e-01 1.725651832381771555e-01 3.250338982546665534e-01
1.425355646991532055e+00 3.354400257210222236e+01 7.697328031518679836e-02 6.743794667544023014e-02 1.176079020258740115e-01 2.582477228622792609e-01 1.824642754384413479e-01 3.388532533156620730e-01
1.434581249884680831e+00 3.281564954046643834e+01 8.141448240129989244e-02 7.130508687890824149e-02 1.235150388882928496e-01 2.700672128480121614e-01 1.933960451750209586e-01 3.538685743303844333e-01
1.443806852777830052e+00 3.210254690144976308e+01 8.492681901393694943e-02 7.673358495782878208e-02 1.300939207231905925e-01 2.838866519926668275e-01 2.054883252447083919e-01 3.701437870203783120e-01
1.453032455670979051e+00 3.140829427860318290e+01 8.781977210722402560e-02 7.801270159175643926e-02 1.371033937899746036e-01 2.997685659749755871e-01 2.177606143108938852e-01 3.877119290800337126e-01
1.462258058564128271e+00 3.073925911129807531e+01 9.228886533067637288e-02 8.272951825007979210e-02 1.445656664142767056e-01 3.132057151546661089e-01 2.304526061095977241e-01 4.065490752124176765e-01
1.471483661457277492e+00 3.010634870619582415e+01 9.746616953509601444e-02 8.849131486933003998e-02 1.556678423900912378e-01 3.348935992724477728e-01 2.442333589074223710e-01 4.246608958658839583e-01
1.480709264350426269e+00 2.952804255002258316e+01 1.032968117271266806e-01 9.428946282777417309e-02 1.716362771445965052e-01 3.596101312689192753e-01 2.635631133746123567e-01 4.422638880193190403e-01
1.489934867243575489e+00 2.903565605965054530e+01 1.130779212294967806e-01 1.052776894237226202e-01 1.860147267109439895e-01 3.859856223499527061e-01 2.869536833134169740e-01 4.687107096713276633e-01
1.499160470136724488e+00 2.868252183449413195e+01 1.212917062772014276e-01 1.160623735622827724e-01 2.046605445814542179e-01 4.172316160189595280e-01 3.148941565919614050e-01 4.897712758769756647e-01
1.508386073029873486e+00 2.855966371098990209e+01 1.291047382861805204e-01 1.302839377588824732e-01 2.303493904056779229e-01 4.523135144143282105e-01 3.537198046237861604e-01 5.267411162672033242e-01
1.517611675923022485e+00 2.882000424372212066e+01 1.467780525956960958e-01 1.458512364691202379e-01 2.670032345793593720e-01 4.782083384730064779e-01 3.915640800890578532e-01 5.900051709964024838e-01
1.526837278816171706e+00 2.970196117727286733e+01 1.652225952518513452e-01 1.642437832892298388e-01 3.070843783300460927e-01 5.167946113708445921e-01 4.589017458278945583e-01 6.660178129608240738e-01
1.536062881709320926e+00 3.148097117675255063e+01 1.828971373004044665e-01 1.865353529443183334e-01 3.537751886517526145e-01 5.814728744275967642e-01 5.443030307703544679e-01 7.406716660836174526e-01
1.545288484602469925e+00 3.405676905624460460e+01 2.014245475481857284e-01 2.054504096336060570e-01 3.951682571979091563e-01 6.768406141909935059e-01 5.832059955710562349e-01 8.564657791946075349e-01
1.554514087495618924e+00 3.572281525013863046e+01 2.316161973184378553e-01 2.033625394529536834e-01 3.962025534018351891e-01 8.030660049376407983e-01 6.351374061891945644e-01 1.059533572611023544e+00
1.563739690388767922e+00 3.290477311874010269e+01 2.810491976209377185e-01 2.689780998306332549e-01 4.523288478716409600e-01 8.890777732061110328e-01 7.591015614235914200e-01 1.118048298668860241e+00
1.572965293281917143e+00 2.489184465236215260e+01 2.852045015893445168e-01 3.058540946421750562e-01 4.671974529119538033e-01 7.631104149302565531e-01 7.957147716800321291e-01 9.093168143870187237e-01
1.582190896175066142e+00 1.576050182995316362e+01 1.837406960097283104e-01 2.114123150236988380e-01 3.194278033348787460e-01 4.275704733437990512e-01 5.618677665323694725e-01 5.717844068315720563e-01
1.591416499068215140e+00 1.068528637770068990e+01 1.333993876187005156e-01 1.425657879564319330e-01 4.568846080700463830e-01 2.311625070951457417e-01 7.063758267428887905e-01 3.032667461624090066e-01
1.600642101961364361e+00 1.482703794276753584e+01 3.595833525927840668e-01 3.681095065930151122e-01 7.713997660664055900e-01 6.641821699778702737e-01 1.058813413252464031e+00 8.708454242424199521e-01
1.609867704854513359e+00 2.590016226928302956e+01 3.247081036000629695e-01 3.487759707282620525e-01 7.115936364404866765e-01 6.571946649276192431e-01 1.080814953613916884e+00 8.387345773695429330e-01
1.619093307747662580e+00 3.437069739096392595e+01 2.837601169286685376e-01 2.888359845038266371e-01 4.844424967777030133e-01 6.897581634433080922e-01 7.459982048170203939e-01 9.030992189523772140e-01
1.628318910640811579e+00 3.772382337099728744e+01 1.854185717662844013e-01 2.603129794488481252e-01 3.051908237665728052e-01 4.880769669158411261e-01 3.978026319900820340e-01 6.191849306365355687e-01
1.637544513533960577e+00 3.817677306324097231e+01 1.353494412263742674e-01 2.115856753286422531e-01 1.938321523773751665e-01 3.047043303365128963e-01 2.560561915118952925e-01 3.734578224938118751e-01
1.646770116427109798e+00 3.746673951421546889e+01 1.060734547677384398e-01 1.498230988454096746e-01 1.651766743667977266e-01 2.490479878882965181e-01 2.035926371903187260e-01 2.879817429410564955e-01
1.655995719320258575e+00 3.638038666383106801e+01 9.536577981643290514e-02 1.215707668056822399e-01 1.590523023626246868e-01 2.245303640753206764e-01 2.118477472403554884e-01 2.781775884597479376e-01
1.665221322213407795e+00 3.522650537005154092e+01 8.857619293618768097e-02 1.173579098854702352e-01 1.720234559469986380e-01 2.150425991222206790e-01 2.751799707090043512e-01 2.583382242541603091e-01
1.674446925106557016e+00 3.411762848332326570e+01 8.221759466046307807e-02 1.086257596248145774e-01 2.041804693777748980e-01 1.985698055158522379e-01 3.085398640789307478e-01 2.399287240999470328e-01
1.683672527999706015e+00 3.308917337275271819e+01 7.783062145628605322e-02 9.802078287250992616e-02 2.149801015586447761e-01 1.845644183960004625e-01 3.242291526661347234e-01 2.260145785853993061e-01
1.692898130892855235e+00 3.214683151574398323e+01 7.661058872900383676e-02 9.323673341971527861e-02 2.238570011426475048e-01 1.748324712036648521e-01 3.346468074076796029e-01 2.152361193125962302e-01
1.702123733786004012e+00 3.128540797556101438e+01 7.312508385875560180e-02 8.890606210597695735e-02 2.282512944303611846e-01 1.685407116851180831e-01 3.366823130403560071e-01 2.064320433250621534e-01
1.711349336679153232e+00 3.049635308483037122e+01 7.121739168505314410e-02 8.507038116917442494e-02 2.275354401458180575e-01 1.615092310103953821e-01 3.342022608938215456e-01 2.027118336193716175e-01
1.720574939572302453e+00 2.977073095261444990e+01 6.672674008069279239e-02 8.127793665016014302e-02 2.243775279737363348e-01 1.547088332650581322e-01 3.277318694543467359e-01 1.907410672812730468e-01
1.729800542465451230e+00 2.910031432132288387e+01 6.330963240468534536e-02 7.754957685444807680e-02 2.198806923067628816e-01 1.471468504085038376e-01 3.199399216298495219e-01 1.811007212603250593e-01
1.739026145358600450e+00 2.847790768348713186e+01 6.075005239517849986e-02 7.526900947196679681e-02 2.157340701174028652e-01 1.421641746816639795e-01 3.115347350377568603e-01 1.735868736373333832e-01
1.748251748251749449e+00 2.789736059345407071e+01 5.862392397434490476e-02 7.404958029087893578e-02 2.110866465070806441e-01 1.367898044039002059e-01 3.028052952960749167e-01 1.665843310363328555e-01
1.757477351144898670e+00 2.735346716580200166e+01 5.746342073592458632e-02 7.158924230430940838e-02 2.061982077650874601e-01 1.320257583514958810e-01 2.940573487548689968e-01 1.600725634573052503e-01
1.766702954038047890e+00 2.684183438684076961e+01 5.600823768154938875e-02 6.855951587709441242e-02 2.012373040466748364e-01 1.273187300579259329e-01 2.854774137275839507e-01 1.561093527839361172e-01
1.775928556931196667e+00 2.635875272425954918e+01 5.426042488451443546e-02 6.623455503982356163e-02 1.963126393387213398e-01 1.228772874791204117e-01 2.771914277264748705e-01 1.526864687312396995e-01
1.785154159824345887e+00 2.590108113594394723e+01 5.193543338861417169e-02 6.282909311926232476e-02 1.905261001998752590e-01 1.187003596239719627e-01 2.697984168385900716e-01 1.493092514082050570e-01
1.794379762717494886e+00 2.546614942467197196e+01 4.992909329626016302e-02 6.071594159949356140e-02 1.848492023330727818e-01 1.147878741080567977e-01 2.626956452345119430e-01 1.460147458878005011e-01
1.803605365610643885e+00 2.505167717168741959e+01 4.881590350772668785e-02 5.894781678961180660e-02 1.794836701903612664e-01 1.111184837036240936e-01 2.559098098136303179e-01 1.428257887516828362e-01
1.812830968503793105e+00 2.465570717918403432e+01 4.699418845564551361e-02 5.795801841338033000e-02 1.744219280596226440e-01 1.076805834500049741e-01 2.494513181856845563e-01 1.397555820766314127e-01
1.822056571396942104e+00 2.427655108958267860e+01 4.548354488771977344e-02 5.618429132769975354e-02 1.696519456966889550e-01 1.040666562713816745e-01 2.433200276017508656e-01 1.368107933650293262e-01
1.831282174290091325e+00 2.391274500678897752e+01 4.420103951987996993e-02 5.478033299924689459e-02 1.651592573143467746e-01 1.006110298775091394e-01 2.375090769276972935e-01 1.339936743282095222e-01
1.840507777183240323e+00 2.356301324266957664e+01 4.287956044430529801e-02 5.344142817596519990e-02 1.609282651353609594e-01 9.738362332095107377e-02 2.320074562330596279e-01 1.313035190622322546e-01
