9.225602893149067790e-04 1.019794588768413988e-04 1.136949982600948524e-05 1.186201816705934444e-05 2.427100670105350184e-05 2.412900336391931720e-05 4.905670535050270903e-05 3.599285917181059102e-05
1.014816318246397446e-02 1.050223891980679643e-04 1.170175118555973439e-05 1.221533535659281432e-05 2.503886401288020317e-05 2.482775360339485463e-05 5.056968804858189166e-05 3.705894388633899905e-05
1.937376607561304073e-02 1.079571885884192644e-04 1.202214156989255586e-05 1.258697475209150649e-05 2.576284078085333421e-05 2.551886902677199327e-05 5.200527589514151831e-05 3.809030816653337110e-05
2.859936896876210874e-02 1.109867123218867622e-04 1.235280280661985356e-05 1.294729557762885680e-05 2.650435683784768421e-05 2.623684007467586325e-05 5.347948150643489699e-05 3.915593997257712372e-05
3.782497186191117328e-02 1.141564145926791534e-04 1.269866424533800666e-05 1.334322454580927136e-05 2.727637245420113526e-05 2.699015587453071460e-05 5.501716945123978836e-05 4.027146153967795764e-05
4.705057475506025516e-02 1.174952826292590660e-04 1.307641563956144599e-05 1.373400074735247115e-05 2.808656767260871026e-05 2.778471571274809056e-05 5.663340839047906563e-05 4.144694460872276685e-05
5.627617764820931623e-02 1.210243736118051476e-04 1.348472460390043608e-05 1.414574938655875560e-05 2.894042395337237167e-05 2.862518027571726463e-05 5.833883716260388397e-05 4.268974529236730156e-05
6.550178054135838424e-02 1.247794194804154565e-04 1.391800693068052821e-05 1.458909362298115866e-05 2.984627000617983425e-05 2.951905268917928617e-05 6.015091021962327760e-05 4.401243517271799500e-05
7.472738343450743836e-02 1.287680892506465845e-04 1.437747208830086648e-05 1.506332719667189811e-05 3.080652094466319662e-05 3.046886428636131803e-05 6.207335661659194254e-05 4.541770402580338302e-05
8.395298632765652025e-02 1.330294852913190148e-04 1.486741645881256330e-05 1.556689628724607468e-05 3.183013998632998071e-05 3.148306681646079446e-05 6.412499215996961743e-05 4.691934607904609282e-05
9.317858922080557438e-02 1.375881401420627880e-04 1.539073333417482494e-05 1.610515290416930222e-05 3.292310191691161974e-05 3.256764219794144682e-05 6.631750374241150822e-05 4.852602411999148849e-05
1.024041921139546424e-01 1.424791451599747953e-04 1.595139136836644963e-05 1.668217703874497909e-05 3.409364329746419420e-05 3.373072132480304684e-05 6.866759387216413071e-05 5.025013633887789259e-05
1.116297950071036965e-01 1.477463236753832670e-04 1.655156993624740504e-05 1.729790499289921729e-05 3.535197661293882840e-05 3.498231856565893060e-05 7.119613492144574772e-05 5.210716554837635257e-05
1.208553979002527506e-01 1.534328880239555621e-04 1.719744124094389325e-05 1.795334941624436077e-05 3.670825494496755023e-05 3.633261002448986965e-05 7.392357614341326841e-05 5.411239363287842171e-05
1.300810007934018186e-01 1.595821640863557135e-04 1.789507952943097772e-05 1.866262683070056398e-05 3.817282168672950790e-05 3.779215420987424711e-05 7.687032169292876593e-05 5.628115251180359981e-05
1.393066036865509005e-01 1.662695961538781652e-04 1.865266744101553892e-05 1.943461523934547608e-05 3.976297881853673799e-05 3.937784539167349385e-05 8.007221844875622393e-05 5.864011229255320702e-05
1.485322065796999824e-01 1.735629679001049973e-04 1.947780034886297928e-05 2.027717863128556753e-05 4.149461064453484880e-05 4.110565474198924320e-05 8.356122734797433085e-05 6.121326044686546143e-05
1.577578094728490643e-01 1.815114277720452209e-04 2.037647400822916160e-05 2.119580366812136686e-05 4.337993369872249747e-05 4.298871660374811807e-05 8.736008344056939916e-05 6.401803462364423893e-05
1.669834123659981462e-01 1.902535404683536205e-04 2.136350662282444023e-05 2.220423315778846554e-05 4.545039786272420503e-05 4.505738260538656747e-05 9.153464669112352484e-05 6.710342224323709022e-05
1.762090152591472003e-01 1.998799461250623847e-04 2.244931092475926145e-05 2.332264785230957747e-05 4.772756454519147757e-05 4.733399183476122863e-05 9.612714627822450128e-05 7.050156100270964081e-05
1.854346181522962822e-01 2.105331433152030736e-04 2.364968469406632657e-05 2.455924273068012600e-05 5.024455193145346442e-05 4.985154605018058435e-05 1.012046437044923533e-04 7.426290322538490812e-05
1.946602210454453641e-01 2.223725564962028567e-04 2.498241123725445365e-05 2.590216951751705878e-05 5.303853096183489967e-05 5.264679159388939303e-05 1.068418364429295296e-04 7.844393594232313598e-05
2.038858239385944460e-01 2.355878993460535135e-04 2.646871649748176562e-05 2.743347118450319144e-05 5.615382451885214937e-05 5.576461728276402405e-05 1.131274673778573663e-04 8.311189773297514099e-05
2.131114268317435001e-01 2.504231473049925829e-04 2.813563460040611986e-05 2.915368370897856260e-05 5.970095258158250335e-05 5.926202883628183525e-05 1.201756697630758180e-04 8.835326565829324159e-05
2.223370297248925820e-01 2.671613361922909918e-04 3.001484130246348655e-05 3.109574880196815756e-05 6.371210326040668403e-05 6.320552817694552808e-05 1.281184187977476565e-04 9.426841484749478878e-05
2.315626326180416361e-01 2.861641145783899547e-04 3.214647000382089706e-05 3.330191166899220930e-05 6.823852767005378957e-05 6.767827559593829413e-05 1.371241217055874182e-04 1.009856400331859787e-04
2.407882355111907180e-01 3.078765889766768419e-04 3.458013420993882783e-05 3.582409172506124994e-05 7.336892161926021659e-05 7.278543957403032128e-05 1.473995950539202984e-04 1.086629043421774078e-04
2.500138384043397721e-01 3.328618334524608520e-04 3.737844294963456587e-05 3.872120432175300917e-05 7.926829192359842718e-05 7.865854118502138906e-05 1.592058117789629974e-04 1.175001336195113802e-04
2.592394412974888818e-01 3.618344739735620641e-04 4.060389601743131637e-05 4.207031299723821682e-05 8.612070616105743995e-05 8.546469580943545337e-05 1.728730952140191605e-04 1.277511910898987912e-04
2.684650441906379359e-01 3.957518826940411910e-04 4.442146276379630452e-05 4.599276991420656957e-05 9.422876668616607127e-05 9.349460097345823652e-05 1.888434404017537557e-04 1.397562690710637103e-04
2.776906470837869900e-01 4.358072851938896868e-04 4.893429082100788979e-05 5.058616250083064220e-05 1.038003183491626531e-04 1.030803042390051596e-04 2.076645200995410538e-04 1.539398048025918835e-04
2.869162499769360997e-01 4.836360038556988166e-04 5.431121187469262462e-05 5.601270691370262896e-05 1.152241019525133059e-04 1.145359211937059789e-04 2.300853488777973013e-04 1.708837468596018159e-04
2.961418528700851538e-01 5.414564767731180027e-04 6.080914899304153045e-05 6.267980367225916812e-05 1.290270776164156646e-04 1.283969134141031113e-04 2.571178423985850904e-04 1.913781633303349031e-04
3.053674557632342079e-01 6.123212629854301800e-04 6.877082713340463595e-05 7.084519968753553998e-05 1.459339519452515759e-04 1.454006860862243019e-04 2.901473823791663473e-04 2.165112001632096979e-04
3.145930586563833176e-01 7.005785339964300685e-04 7.868407755916794442e-05 8.100658994048036757e-05 1.669755745274397081e-04 1.665986198539115863e-04 3.311373651031996376e-04 2.478343287227833679e-04
3.238186615495323717e-01 8.125372342061722543e-04 9.125691068844810939e-05 9.388484289975446758e-05 1.936459849471771971e-04 1.935180304040180072e-04 3.829183327309723271e-04 2.876013137744639443e-04
3.330442644426814813e-01 9.576671966233105604e-04 1.075520018111144260e-04 1.105606045430330368e-04 2.281841266063656731e-04 2.284541014756220727e-04 4.497080872106839306e-04 3.391996442203439434e-04
3.422698673358305355e-01 1.150576039322611516e-03 1.294533597861703342e-04 1.329197783480130009e-04 2.740386915973539242e-04 2.749533601428465158e-04 5.379528819526762165e-04 4.078634461553222760e-04
3.514954702289795896e-01 1.414949069834596637e-03 1.595728375483130082e-04 1.639151907834712069e-04 3.367881287015704259e-04 3.387767446187052878e-04 6.579973787131873381e-04 5.020954419723347439e-04
3.607210731221286992e-01 1.790887260018994304e-03 2.025141588694848345e-04 2.081374206756342500e-04 4.258522654624480319e-04 4.286847856344966172e-04 8.271281470444823841e-04 6.363250854609688988e-04
3.699466760152777534e-01 2.349770580915603972e-03 2.666099188571718903e-04 2.735320482035170746e-04 5.579489327193561284e-04 5.607731994361230855e-04 1.075606641228890950e-03 8.363123259559751815e-04
3.791722789084268630e-01 3.227108668990290481e-03 3.683251901983176750e-04 3.742883393648911879e-04 7.675367000030226469e-04 7.670240460760447201e-04 1.459726858963453049e-03 1.151132907378268032e-03
3.883978818015759171e-01 4.696048490510576143e-03 5.385634887012241689e-04 5.465798327749394475e-04 1.121917160450449855e-03 1.109794479309281819e-03 2.090214556277572577e-03 1.680120754229412657e-03
3.976234846947249713e-01 7.323514821260586165e-03 8.430184373838462211e-04 8.536399654196545964e-04 1.760654266301797839e-03 1.734447383279589562e-03 3.194074493435288160e-03 2.630236425213304009e-03
4.068490875878740809e-01 1.211315907911895452e-02 1.368139031227144989e-03 1.407240940230416668e-03 2.912225965211991119e-03 2.853190928915070104e-03 5.290049236903149668e-03 4.366393401515566985e-03
4.160746904810231350e-01 1.888597867992404186e-02 2.125879046317627474e-03 2.172210758672285524e-03 4.515523015329793444e-03 4.393431285746356857e-03 8.239994514830040195e-03 6.789881788974135371e-03
4.253002933741722447e-01 2.006978001722185129e-02 2.219402702925036414e-03 2.306511004455436692e-03 4.846414516228750996e-03 4.761194142875988661e-03 9.520779848542743062e-03 7.092614008945461249e-03
4.345258962673212988e-01 1.326323777716311748e-02 1.444311972867711943e-03 1.520327851276946640e-03 3.224661194560123414e-03 3.176459361382541480e-03 6.788926390184206808e-03 4.616993524331633458e-03
4.437514991604703529e-01 7.576872272375129516e-03 8.207600201059535999e-04 8.707718710445309929e-04 1.824179120615268199e-03 1.782729073019552468e-03 3.933900729640792820e-03 2.627571493031207427e-03
4.529771020536194626e-01 4.503636698141639215e-03 4.929162341112862736e-04 5.210541295136436948e-04 1.076493965119855976e-03 1.068244003435476607e-03 2.342707242416757971e-03 1.562767987051212528e-03
4.622027049467684612e-01 2.872326906730499844e-03 3.134914001510068909e-04 3.339165405219952920e-04 6.843990419729203967e-04 6.835814172770943338e-04 1.484288985906557622e-03 9.981901800038047584e-04
4.714283078399175708e-01 1.949301076070120327e-03 2.140115489453003027e-04 2.262697791300910359e-04 4.644580497727376391e-04 4.642578641836547955e-04 1.000490972515181379e-03 6.784116347483700425e-04
4.806539107330666249e-01 1.389957877595529709e-03 1.530902671795951117e-04 1.617930347191309185e-04 3.310351531516867851e-04 3.308113267221635123e-04 7.092486811005533406e-04 4.843521172788647477e-04
4.898795136262157346e-01 1.030512964294830105e-03 1.134829571487138387e-04 1.205078579398525737e-04 2.452428794321806233e-04 2.448701064080577175e-04 5.232869156049939265e-04 3.594744735878404197e-04
4.991051165193647332e-01 7.880316237314819545e-04 8.662644861297166127e-05 9.203810736045246656e-05 1.873514291506253983e-04 1.868412087573596879e-04 3.985489547963897176e-04 2.751299379653954994e-04
5.083307194125139539e-01 6.178944579904108040e-04 6.825454022203779943e-05 7.198075646649623998e-05 1.467283941489651430e-04 1.461503411618377143e-04 3.114562506675890019e-04 2.158875951665133511e-04
5.175563223056629525e-01 4.945719010788559179e-04 5.481427662325179164e-05 5.760993590560412481e-05 1.172849633292898704e-04 1.171329550439060901e-04 2.485947637894919248e-04 1.729075319588114492e-04
5.267819251988120621e-01 4.027248582424997753e-04 4.463471577897693563e-05 4.708594804517446993e-05 9.536025012623510801e-05 9.550584964112521138e-05 2.019484541314398897e-04 1.408722151507990346e-04
5.360075280919610607e-01 3.327358881409930597e-04 3.691376931723525925e-05 3.887073313498461786e-05 7.865777144687219249e-05 7.901344723677149922e-05 1.665159672761245407e-04 1.164441161879736016e-04
5.452331309851101704e-01 2.783492816126306225e-04 3.085963702060688825e-05 3.246547429919792059e-05 6.568332109667385493e-05 6.618796637329670083e-05 1.390590162873939846e-04 9.745020740157126957e-05
5.544587338782591690e-01 2.353879702628676506e-04 2.609105902633200406e-05 2.750130209474823057e-05 5.561883385652745520e-05 5.604899121064294541e-05 1.174232897968936935e-04 8.243839188174648049e-05
5.636843367714083897e-01 2.009485395609103022e-04 2.225563658823177717e-05 2.350566253593908790e-05 4.733270448805084927e-05 4.791472743162798406e-05 1.001171730490231537e-04 7.039849750432663426e-05
5.729099396645573883e-01 1.729797569103087612e-04 1.914076298230906999e-05 2.024529772164831271e-05 4.066700170805219276e-05 4.130329950704394299e-05 8.609008840855650107e-05 6.061638598338917527e-05
5.821355425577064979e-01 1.500349601587945743e-04 1.658079251569953040e-05 1.748770342482010493e-05 3.525147682982248515e-05 3.587492168798045650e-05 7.460305052175538929e-05 5.258814178294114663e-05
5.913611454508554965e-01 1.309915756605136491e-04 1.444966466446309964e-05 1.516854385073687986e-05 3.076433947489282290e-05 3.136552535962067016e-05 6.508451563099520629e-05 4.592229392679810082e-05
6.005867483440046062e-01 1.150677118942382217e-04 1.266887874843558451e-05 1.335154697876470551e-05 2.700761417076582020e-05 2.759139625032230913e-05 5.713692960944671525e-05 4.034617876734490399e-05
6.098123512371537158e-01 1.016295869451295288e-04 1.116206032609919064e-05 1.178026537490804184e-05 2.383289326331386037e-05 2.440337846558773003e-05 5.043918077517801251e-05 3.563887871870232110e-05
6.190379541303028255e-01 9.021837074933402039e-05 9.885865823938171028e-06 1.041581159393886518e-05 2.112913757822768035e-05 2.164493137583822725e-05 4.475884829714018155e-05 3.164027821966819887e-05
6.282635570234518241e-01 8.046719158905451760e-05 8.853852691812128905e-06 9.277002997533386852e-06 1.882031282266909437e-05 1.927175330083566267e-05 3.991061261535625959e-05 2.822227145894722804e-05
6.374891599166009337e-01 7.207441401045170954e-05 7.893064892141208005e-06 8.313016669723245940e-06 1.683470105664960350e-05 1.722970183067469270e-05 3.574244669001586572e-05 2.527947282664888681e-05
6.467147628097499323e-01 6.482070411676307017e-05 7.096062282517333732e-06 7.458426339753203261e-06 1.511166810016069612e-05 1.550428015127484487e-05 3.214379173210674871e-05 2.273526918210395979e-05
6.559403657028991530e-01 5.851828780552122068e-05 6.411697260256575353e-06 6.743328753095709531e-06 1.361214948596969551e-05 1.402531032838764334e-05 2.902029967900802564e-05 2.052401465395598852e-05
6.651659685960481516e-01 5.301222388758205768e-05 5.824883515336734920e-06 6.132750429100995585e-06 1.229992453258518565e-05 1.273070430340323171e-05 2.629416537255575349e-05 1.859153444771861674e-05
6.743915714891972613e-01 4.818957714919865402e-05 5.297459236539462193e-06 5.605026966449585927e-06 1.114836638523282415e-05 1.159452326960854249e-05 2.390866822790440878e-05 1.689835198326710406e-05
6.836171743823462599e-01 4.394668001907298224e-05 4.811359872173461678e-06 5.103514940984914575e-06 1.013320444000740967e-05 1.059275606804428873e-05 2.181196502951692113e-05 1.540818799154090198e-05
6.928427772754953695e-01 4.020167580521386333e-05 4.404864709239596557e-06 4.658096684016887047e-06 9.235224036665442269e-06 9.706622580951617497e-06 1.996298821155687909e-05 1.409241982350798892e-05
7.020683801686443681e-01 3.688322355212398892e-05 4.047346830309193314e-06 4.281410849802253773e-06 8.437699525657506349e-06 8.919402722648337676e-06 1.832612628700114088e-05 1.292607047617960809e-05
7.112939830617935888e-01 3.393678257205015277e-05 3.759575181649463401e-06 3.930996117207417542e-06 7.768676111497061062e-06 8.218344951228793608e-06 1.687412588559708001e-05 1.189005528472486357e-05
7.205195859549425874e-01 3.131504315576670117e-05 3.537506243557636835e-06 3.640430393533820007e-06 7.233275780072880913e-06 7.591245390710890146e-06 1.558334116539507108e-05 1.096781722942542650e-05
7.297451888480916971e-01 2.896282645457157905e-05 3.272815645926537291e-06 3.385006180628117879e-06 6.656617549757125438e-06 7.008010147206962477e-06 1.442640939968837897e-05 1.013999752535849709e-05
7.389707917412406957e-01 2.686735574333111334e-05 3.072761852656140244e-06 3.153092130224292177e-06 6.163456134615831765e-06 6.450928459154527122e-06 1.339673669069547831e-05 9.402181711484183297e-06
7.481963946343899163e-01 2.498429461113204635e-05 2.874859160533841111e-06 2.941730415513311325e-06 5.756407824194208629e-06 6.012616027360913589e-06 1.247239381157031057e-05 8.738800126674731107e-06
7.574219975275389150e-01 2.329238055519377556e-05 2.662544255874732242e-06 2.727938789429508129e-06 5.358694730728991477e-06 5.606708763779390335e-06 1.164274666439493950e-05 8.142413858504909819e-06
7.666476004206880246e-01 2.176677935336302527e-05 2.490395575635292129e-06 2.554706901630967355e-06 5.009246323852505463e-06 5.260552334926839725e-06 1.089547627703601874e-05 7.604310265954889516e-06
7.758732033138370232e-01 2.039253666772621992e-05 2.337255096245828659e-06 2.420955008362369633e-06 4.710384645486229025e-06 4.936984791984787513e-06 1.022309804191895747e-05 7.119277783932841778e-06
7.850988062069861328e-01 1.915162630313720066e-05 2.177239789266431999e-06 2.300671087622170786e-06 4.446954770968366167e-06 4.643812967558028310e-06 9.616725970360304681e-06 6.711671027511328041e-06
7.943244091001351315e-01 1.802805506850717907e-05 2.078657993390706313e-06 2.169521679542086386e-06 4.221336706772431038e-06 4.382255929616273290e-06 9.062043714730879935e-06 6.375842128176163734e-06
8.035500119932843521e-01 1.701124227586034069e-05 1.967712909542302627e-06 2.046385026245063683e-06 4.017590626473620973e-06 4.137871067485512496e-06 8.543877792367939641e-06 6.074167585976600033e-06
8.127756148864333507e-01 1.608950191343117399e-05 1.853954158638439540e-06 1.944317786171382821e-06 3.814710422129020045e-06 3.913095831188138384e-06 8.075113922080417609e-06 5.802893745917407439e-06
8.220012177795824604e-01 1.525573843864018347e-05 1.766473204229476198e-06 1.833977631008829046e-06 3.574642857337709045e-06 3.734016749420686365e-06 7.651952581163985159e-06 5.559893684351687525e-06
8.312268206727314590e-01 1.449765298698484060e-05 1.690316932067208411e-06 1.737157515280174158e-06 3.408757883366953396e-06 3.533916104810315900e-06 7.268177441676852956e-06 5.302980218879281939e-06
8.404524235658805686e-01 1.380800618743724802e-05 1.623238153339128903e-06 1.676556716016355648e-06 3.257211413560550018e-06 3.358682336404872438e-06 6.920012558299057527e-06 5.133982756270264513e-06
8.496780264590296783e-01 1.318229861988357495e-05 1.558195727341897253e-06 1.624778137363985185e-06 3.120255439727489746e-06 3.204426206481816649e-06 6.605040868735952082e-06 4.968950154901132529e-06
8.589036293521787879e-01 1.261372169718482118e-05 1.499757853411026891e-06 1.563532190003217483e-06 2.969088465365222882e-06 3.062988481396799548e-06 6.319747342700096263e-06 4.811579711754264635e-06
8.681292322453277865e-01 1.209803760537378799e-05 1.449595433999385707e-06 1.513556376295008385e-06 2.865249689994622768e-06 2.933952917396602403e-06 6.061879429107525918e-06 4.671301462542304450e-06
8.773548351384768962e-01 1.162798889846392720e-05 1.391619663797241186e-06 1.468601576483421616e-06 2.782570929492755643e-06 2.820938781518112615e-06 5.827815090577747435e-06 4.545798368464198371e-06
8.865804380316258948e-01 1.120239553075386120e-05 1.337275479622246900e-06 1.429549180916901018e-06 2.697451368217387396e-06 2.722446612999907645e-06 5.616786862532827072e-06 4.434475714374938556e-06
8.958060409247751155e-01 1.081726982716182955e-05 1.288851108576692799e-06 1.421944403195901909e-06 2.616541948979391561e-06 2.665517699794024857e-06 5.426732378232724413e-06 4.324026133505170717e-06
9.050316438179241141e-01 1.046633520754938682e-05 1.246793990085818074e-06 1.392095833214700197e-06 2.541981189042139704e-06 2.594533120801095142e-06 5.254572509251722697e-06 4.176945138343874865e-06
9.142572467110732237e-01 1.014901663993406860e-05 1.216944932904873532e-06 1.370517441717081895e-06 2.477677260430175108e-06 2.530990160384767978e-06 5.099875102092511851e-06 4.043530904156834709e-06
9.234828496042222223e-01 9.862608524449586694e-06 1.184460684652674831e-06 1.334599576258060496e-06 2.417005947471128596e-06 2.511379204298461115e-06 4.961236529877058448e-06 3.922688401092530202e-06
9.327084524973712210e-01 9.604848536198209752e-06 1.160912539483258590e-06 1.327833348861145860e-06 2.352001019657069803e-06 2.544667484757219252e-06 4.837484431836185648e-06 3.813491168055317325e-06
9.419340553905202196e-01 9.372500647357898487e-06 1.137188459079084557e-06 1.292645477203349557e-06 2.294247846172527179e-06 2.548448609002565308e-06 4.727006980648942571e-06 3.805379366890828709e-06
9.511596582836694402e-01 9.165528346152291309e-06 1.117322520317006989e-06 1.258813230102178059e-06 2.243249656040639472e-06 2.555526226628978273e-06 4.629677417236208309e-06 3.820750978101655559e-06
9.603852611768185499e-01 8.979470559142696881e-06 1.094800509447529146e-06 1.225782507497821959e-06 2.199610979266151508e-06 2.566803115902229114e-06 4.543357540058937523e-06 3.817278043634098117e-06
9.696108640699675485e-01 8.815929756158755678e-06 1.084617559514331554e-06 1.202174153774663989e-06 2.162290685694311654e-06 2.598096283916034707e-06 4.468678673107814715e-06 3.744236020920912310e-06
9.788364669631165471e-01 8.669852331863463454e-06 1.075028799476389802e-06 1.181392748134447616e-06 2.153863744330780362e-06 2.595663753875409079e-06 4.403261851372997359e-06 3.678587945026390605e-06
9.880620698562656568e-01 8.548421122003319031e-06 1.066489834617272768e-06 1.157503361054610065e-06 2.136648999949225335e-06 2.626313782607464896e-06 4.350244739227763832e-06 3.623397790560955759e-06
9.972876727494148774e-01 8.433172608688918736e-06 1.058988100372919779e-06 1.138992901845762396e-06 2.119220388470103946e-06 2.643818388148755286e-06 4.301337756839881409e-06 3.570677776633670669e-06
1.006513275642563876e+00 8.339185288944825995e-06 1.054575441585221194e-06 1.116892907741734947e-06 2.090631165483783097e-06 2.689424564998682963e-06 4.263185031957325658e-06 3.527077773641999540e-06
1.015738878535712875e+00 8.260636898581289028e-06 1.052415263248498574e-06 1.111780563161495299e-06 2.065267418840889121e-06 2.733246351959729455e-06 4.233093164302727403e-06 3.542092954247584340e-06
1.024964481428862095e+00 8.196542017234272854e-06 1.054106914590979211e-06 1.101538779525260927e-06 2.046865203638441688e-06 2.763707632801235625e-06 4.210615766747736745e-06 3.583958016527704142e-06
1.034190084322011094e+00 8.145426887786402109e-06 1.053413673882920771e-06 1.084822837035679479e-06 2.048654895170734671e-06 2.760700384287322266e-06 4.195053038802689055e-06 3.629275255582130007e-06
1.043415687215160093e+00 8.107905819149792642e-06 1.056273806514663582e-06 1.072928123376948277e-06 2.052876206331782539e-06 2.791291898232550254e-06 4.186621286737214487e-06 3.678192823701269277e-06
1.052641290108309091e+00 8.082313463165361926e-06 1.061922066450445503e-06 1.063568269133236014e-06 2.059240686152118762e-06 2.830332007198110406e-06 4.184570004485607122e-06 3.730538903392224843e-06
1.061866893001458312e+00 8.068785792827299475e-06 1.067822364202276962e-06 1.061621933520724486e-06 2.067827097591630768e-06 2.882787640362706082e-06 4.188927203307142122e-06 3.786430069639266344e-06
1.071092495894607532e+00 8.066473721737844093e-06 1.075888462307323049e-06 1.057971054975401745e-06 2.078495771109213565e-06 2.938796399074029718e-06 4.199288984425321108e-06 3.845741695731845392e-06
1.080318098787756531e+00 8.075582882464532112e-06 1.079774219627487928e-06 1.053823842187911569e-06 2.091344235376105758e-06 3.000264523690186211e-06 4.215761200561702498e-06 3.908748977676407953e-06
1.089543701680905530e+00 8.095159578859791513e-06 1.090275098496101743e-06 1.056926130950368127e-06 2.106206286587790453e-06 3.064854000409382964e-06 4.237870150699294352e-06 3.975212465407442621e-06
1.098769304574054528e+00 8.125207496582400186e-06 1.097224743512875830e-06 1.056106101940941733e-06 2.123126858972411470e-06 3.123135171910826815e-06 4.265643872771750548e-06 4.045356546863921063e-06
1.107994907467203749e+00 8.166438731730367987e-06 1.096483841197312665e-06 1.059759710319232492e-06 2.142238839844204249e-06 3.187764410945207098e-06 4.299397970188208941e-06 4.119479608141463654e-06
1.117220510360352748e+00 8.217287475425284724e-06 1.098258515118376774e-06 1.062340239961146009e-06 2.145840857657489991e-06 3.256897736770132037e-06 4.338459287473829662e-06 4.197385266666511122e-06
1.126446113253501746e+00 8.278202422212983360e-06 1.117076567905009052e-06 1.071905573659150507e-06 2.156235402162040037e-06 3.324071174628591524e-06 4.383053414839824068e-06 4.279338224935198495e-06
1.135671716146650967e+00 8.349522708891662326e-06 1.135782456375740519e-06 1.085923685349036336e-06 2.186106634957895423e-06 3.404190524371774076e-06 4.433319295997934176e-06 4.365522565697314340e-06
1.144897319039799966e+00 8.431188942911830724e-06 1.145931825436109360e-06 1.095495863351624404e-06 2.193070951333013960e-06 3.481642789368634607e-06 4.489274062391623653e-06 4.456133759649470722e-06
1.154122921932948964e+00 8.523493895880234297e-06 1.157338730016338853e-06 1.103326476531940075e-06 2.215427246540599239e-06 3.541389258318554147e-06 4.551116517768538427e-06 4.540932657297472248e-06
1.163348524826097963e+00 8.626038885856154222e-06 1.179753554842403053e-06 1.112698853244900438e-06 2.260416289797569293e-06 3.581478264488966142e-06 4.618643469001300356e-06 4.622765008817719822e-06
1.172574127719247183e+00 8.739512524737332058e-06 1.206845125295053056e-06 1.128442517758433337e-06 2.309330289618220691e-06 3.671382317124902027e-06 4.692288419498611424e-06 4.710064009993685911e-06
1.181799730612396404e+00 8.864354417350409402e-06 1.235220904910636720e-06 1.156356291074116659e-06 2.346112457243908274e-06 3.769347999880341467e-06 4.772267558947742921e-06 4.829354572313847562e-06
1.191025333505545403e+00 9.000318634717493317e-06 1.257050438943256099e-06 1.179792719422839345e-06 2.382652764930862354e-06 3.871502965120263188e-06 4.858473611942129585e-06 4.958786187174210789e-06
1.200250936398694401e+00 9.148832590161226188e-06 1.271243926078105855e-06 1.210818846100975097e-06 2.421759789807571354e-06 3.978874521604733602e-06 4.951857060624477219e-06 5.094740001917354737e-06
1.209476539291843622e+00 9.310217568106801130e-06 1.296864060160038290e-06 1.233039588861650112e-06 2.472536626779461873e-06 4.091272256457046542e-06 5.052383305467085314e-06 5.236820431457109469e-06
1.218702142184992621e+00 9.485010132879759487e-06 1.317885363230387951e-06 1.250874069099713586e-06 2.527169601845821980e-06 4.209442327001975072e-06 5.160551536554525091e-06 5.374984064211709953e-06
1.227927745078141619e+00 9.674057835094372057e-06 1.343008667869575765e-06 1.269163279965768279e-06 2.585702890830122544e-06 4.333780823943683973e-06 5.276791931889679026e-06 5.520121311160126289e-06
1.237153347971290618e+00 9.877979891258567100e-06 1.377962998953009483e-06 1.303614596591173630e-06 2.648397864492942476e-06 4.464930204082036939e-06 5.401588958087736575e-06 5.673814363939092200e-06
1.246378950864439838e+00 1.009919256857963730e-05 1.421325028515234894e-06 1.329597228949387189e-06 2.715865432784985751e-06 4.595986079511892212e-06 5.536218480258476072e-06 5.837340509890546179e-06
1.255604553757589059e+00 1.033663426845631323e-05 1.458858402461503574e-06 1.360700120518804253e-06 2.783887253801133890e-06 4.733432291167588645e-06 5.680146443611861938e-06 6.010360597243742396e-06
1.264830156650738058e+00 1.059438075779393682e-05 1.508236761054363489e-06 1.402176442039067473e-06 2.862501363684207047e-06 4.879976517791511756e-06 5.835696654244726264e-06 6.195281518941107688e-06
1.274055759543887056e+00 1.087236580766190080e-05 1.554395682976468160e-06 1.438053223131250383e-06 2.949382496260799868e-06 5.035753396866199670e-06 6.002845064609685352e-06 6.392254401678216586e-06
1.283281362437036055e+00 1.117370295105827805e-05 1.610013926554577620e-06 1.486238005324889614e-06 3.039621452152375274e-06 5.202293659574996581e-06 6.183432784725594974e-06 6.603271147623254889e-06
1.292506965330185276e+00 1.150031028714069934e-05 1.673390730146467222e-06 1.537495825075327162e-06 3.136997669226188827e-06 5.386192586525870441e-06 6.378586756036101426e-06 6.829637738462706256e-06
1.301732568223334052e+00 1.185593292376430193e-05 1.728493682239348010e-06 1.584639812855362709e-06 3.239704176433418699e-06 5.598209186919006295e-06 6.590269354159783273e-06 7.073404429829460172e-06
1.310958171116483273e+00 1.224209571076995461e-05 1.790122687592291862e-06 1.637448590671290613e-06 3.330421340014980020e-06 5.826049054656171076e-06 6.819686094705688416e-06 7.336155365014472335e-06
1.320183774009632494e+00 1.266381086997407871e-05 1.855361692979520344e-06 1.692165813803353202e-06 3.429855638883032895e-06 6.072055198898227793e-06 7.069605453166890289e-06 7.620808465614163741e-06
1.329409376902781492e+00 1.312584173069622904e-05 1.927953297965139302e-06 1.751651087504061489e-06 3.574965504866452751e-06 6.338515769530515675e-06 7.342619641119368332e-06 7.930185256457256116e-06
1.338634979795930713e+00 1.363269777355122216e-05 2.018503527961417135e-06 1.812920937445734222e-06 3.757611162599742389e-06 6.628307338517957118e-06 7.641513631717566948e-06 8.267470723659575910e-06
1.347860582689079489e+00 1.419212035201122166e-05 2.103352938286169461e-06 1.879417689166757347e-06 3.907110795039619671e-06 6.945304431415950670e-06 7.970704265003199552e-06 8.637383045247996739e-06
1.357086185582228710e+00 1.481061903951794143e-05 2.203450737509988030e-06 1.961671733695279427e-06 4.061921771061599953e-06 7.279948067124554864e-06 8.333978129462323210e-06 9.044205037094206273e-06
1.366311788475377931e+00 1.549849588461718529e-05 2.309200041542790036e-06 2.056706251150884577e-06 4.234425370908049792e-06 7.644828457615838110e-06 8.737186064457079542e-06 9.494269354280845944e-06
1.375537391368526707e+00 1.626698370684317242e-05 2.441293667307525297e-06 2.162188231543176397e-06 4.427484474158995464e-06 8.050443256502478825e-06 9.186826328429967129e-06 9.994723939822944085e-06
1.384762994261675928e+00 1.713076057144234408e-05 2.583702283163621623e-06 2.275718944485570299e-06 4.666949254509465222e-06 8.504193258695464592e-06 9.691297324291776486e-06 1.055471948616237759e-05
1.393988597154824927e+00 1.810724122349896442e-05 2.743884297930275322e-06 2.402035900596482545e-06 4.940721901168322930e-06 9.014999432434243017e-06 1.026064406991177691e-05 1.118526708163898111e-05
1.403214200047974147e+00 1.921914313138788286e-05 2.931199743514571255e-06 2.547944735737768193e-06 5.251982666976687730e-06 9.594322232205900955e-06 1.090783568565401420e-05 1.190051760500893116e-05
1.412439802941123368e+00 2.049494967924118540e-05 3.128386171658054289e-06 2.726192946853041668e-06 5.614793248059792138e-06 1.025662215044938684e-05 1.164923949737361333e-05 1.271832897418973805e-05
1.421665405834272145e+00 2.197106183891176179e-05 3.360803964344640399e-06 2.919458466585296867e-06 6.033336274723603712e-06 1.102035941354592504e-05 1.250562219047727044e-05 1.366145020022869145e-05
1.430891008727421365e+00 2.369624405885515151e-05 3.627654329648353576e-06 3.144042618223209383e-06 6.508057019615330093e-06 1.191011492294183227e-05 1.350485280278989440e-05 1.476022024197706499e-05
1.440116611620570364e+00 2.573334825662487854e-05 3.961254573218535291e-06 3.439780988210323090e-06 7.070689783193371495e-06 1.295780296157667940e-05 1.468291291525139600e-05 1.605395727818570285e-05
1.449342214513719362e+00 2.816912341242349701e-05 4.348944852443545046e-06 3.773713165382969192e-06 7.749856907160392223e-06 1.420713348014340289e-05 1.608910792570559167e-05 1.759647882968922241e-05
1.458567817406868583e+00 3.112125760138283382e-05 4.813353992763836015e-06 4.172102571706936609e-06 8.572869921716576487e-06 1.571761876439540257e-05 1.779043169997359053e-05 1.946096945311107031e-05
1.467793420300017582e+00 3.475612328447682891e-05 5.374292425217070291e-06 4.698365413012140087e-06 9.586560650511116645e-06 1.757314276853632143e-05 1.988130359057733450e-05 2.175047539221668802e-05
1.477019023193166802e+00 3.931129574744013860e-05 6.055201185056483990e-06 5.355859665812797940e-06 1.085489028495300603e-05 1.991224261869462030e-05 2.249611871739245968e-05 2.461195299484423811e-05
1.486244626086316023e+00 4.513479604869709234e-05 6.914034387704931853e-06 6.148372326922090295e-06 1.244632034067728611e-05 2.297192196881419802e-05 2.583118707751708962e-05 2.826013157374374906e-05
1.495470228979464800e+00 5.274899265412232252e-05 8.079511238739583219e-06 7.136865281158377337e-06 1.451073348362843688e-05 2.697596550458542593e-05 3.017963061501912394e-05 3.301608022635477190e-05
1.504695831872614020e+00 6.295110513037468927e-05 9.624516003845610414e-06 8.454138346151148853e-06 1.724985268052385524e-05 3.234260933877393309e-05 3.598552756023014950e-05 3.931422740085762160e-05
1.513921434765763019e+00 7.696791308695356414e-05 1.176326160930326031e-05 1.042846610480744945e-05 2.095773712071567177e-05 3.942133696849689587e-05 4.392436832916310355e-05 4.782600063531406613e-05
1.523147037658912017e+00 9.662413948441594914e-05 1.466901682757430509e-05 1.316738985860856244e-05 2.621501825565174314e-05 4.929662573304041196e-05 5.497929114565562906e-05 5.987853394870978918e-05
1.532372640552061016e+00 1.242825426277996274e-04 1.857129814126636338e-05 1.692243665855899999e-05 3.405619332419600773e-05 6.308914624662640021e-05 7.036206338995070657e-05 7.674430476350322077e-05
1.541598243445210237e+00 1.612755580005392785e-04 2.403888316297814946e-05 2.200942631152923547e-05 4.547604159090877312e-05 8.182117025869486656e-05 9.053841845635862738e-05 9.909135636099907678e-05
1.550823846338359457e+00 2.013891342375398723e-04 3.060230138044012465e-05 2.763575387822474107e-05 5.771515455761899423e-05 1.022146052105191996e-04 1.115769579342728158e-04 1.229483575005882717e-04
1.560049449231508456e+00 2.202550774378961946e-04 3.316921847838327341e-05 3.007583869981677606e-05 6.292291884103426956e-05 1.119435531890976336e-04 1.200554006111138232e-04 1.335531924655946365e-04
1.569275052124657455e+00 1.928287860991493750e-04 2.893847087922216989e-05 2.644417774634846212e-05 5.507263972788807170e-05 9.779452056763659692e-05 1.037821356366450262e-04 1.162623878245252400e-04
1.578500655017806453e+00 1.380524964720230782e-04 2.095188271710246640e-05 1.913018972688296877e-05 3.942590955215890050e-05 6.962682630415751705e-05 7.384296450351285281e-05 8.280771310323936283e-05
1.587726257910955674e+00 8.960377605407754311e-05 1.337530861072150454e-05 1.221040924168882919e-05 2.502858847819616382e-05 4.540640772658713760e-05 4.771386069651969324e-05 5.277242026438693948e-05
1.596951860804104451e+00 5.707757435462842857e-05 8.644226418739924867e-06 7.680106757834696981e-06 1.612856782067401693e-05 2.867311152695766355e-05 3.018043558974981575e-05 3.274058416792924114e-05
1.606177463697253671e+00 3.692173646559614316e-05 5.528447269107383160e-06 5.020417900772000609e-06 1.055357381629839694e-05 1.832055705078013453e-05 1.940134384815454528e-05 2.097194982542564392e-05
1.615403066590402892e+00 2.448314929253623870e-05 3.650331085087013593e-06 3.377214889008637775e-06 7.019658301343942953e-06 1.200631509621905654e-05 1.285817447154741306e-05 1.379511951972162849e-05
1.624628669483551890e+00 1.665109325620466583e-05 2.517087620837882018e-06 2.354928313302518452e-06 4.884868025636086137e-06 8.183210383679720150e-06 8.735501639498999987e-06 9.375781379187774059e-06
1.633854272376701111e+00 1.158824806862848294e-05 1.764451551007550361e-06 1.694661144502124231e-06 3.457785789496858693e-06 5.638462866291020265e-06 6.068212424644470892e-06 6.392734003127658459e-06
1.643079875269850110e+00 8.234777490994528275e-06 1.295296015527543722e-06 1.244081221166723231e-06 2.619274684685944776e-06 3.885255931727696388e-06 4.299988441299364540e-06 4.540885569778649085e-06
1.652305478162999108e+00 5.965848786289301839e-06 9.946474181174068467e-07 9.755103369106049200e-07 2.018765522936838053e-06 2.728188617386923471e-06 3.102914367372680622e-06 3.195271074810090481e-06
1.661531081056148329e+00 4.408911596626676873e-06 7.500379840660899086e-07 7.767269727088172031e-07 1.591474396425090904e-06 1.974777069368096234e-06 2.485007817558767106e-06 2.300105308140947971e-06
1.670756683949297106e+00 3.327084726912562965e-06 6.158395014734089681e-07 6.153025710206269129e-07 1.310314459882772246e-06 1.467709668622851773e-06 1.990841427527801999e-06 1.719605296371111564e-06
1.679982286842446326e+00 2.572722500062414299e-06 5.118615327513825235e-07 5.092099882611228416e-07 1.150413762790397549e-06 1.113123808807147596e-06 1.815593426740757107e-06 1.315994131692567990e-06
1.689207889735595547e+00 2.047974997239778043e-06 4.535054587374773656e-07 4.460883908583464247e-07 1.034034857529520415e-06 8.809347182560036938e-07 1.636803156115737476e-06 1.036550623235499390e-06
1.698433492628744546e+00 1.686063474824336382e-06 4.020855833137162684e-07 4.043696058303460379e-07 9.446542110044190312e-07 7.282899847043125148e-07 1.475648567473771360e-06 8.454557668207726448e-07
1.707659095521893766e+00 1.442288191573691374e-06 3.781236937296573713e-07 3.731613057613149170e-07 8.991781002869827816e-07 6.393485511207529134e-07 1.401748568045818191e-06 7.210558676157592455e-07
1.716884698415042543e+00 1.285030499670160580e-06 3.663508330076222897e-07 3.489578852050497095e-07 8.333660768531801933e-07 5.796268580109000903e-07 1.343307481581071005e-06 6.410269634332110418e-07
1.726110301308191763e+00 1.191594620669869146e-06 3.589610935825760003e-07 3.340011051489157883e-07 8.019116915324354396e-07 5.546057181502539497e-07 1.296753024622424452e-06 6.070738024337000564e-07
1.735335904201340984e+00 1.145795979130211862e-06 3.465594808028616290e-07 3.219532333153368362e-07 7.785828799463944537e-07 5.498540715491573613e-07 1.259544980893056562e-06 5.973779078301189674e-07
1.744561507094489761e+00 1.135523388696992814e-06 3.331760542999390277e-07 3.171599174866660414e-07 7.472919810002171080e-07 5.571616577371366391e-07 1.229614346170802923e-06 6.310843433023613692e-07
1.753787109987638981e+00 1.152517666691283179e-06 3.343995747229856800e-07 3.136046825174849250e-07 7.247306255909480429e-07 5.834776914176168588e-07 1.205823355060633028e-06 6.789582917441402362e-07
1.763012712880787980e+00 1.190002230127841496e-06 3.326119381446110772e-07 3.133838602807989831e-07 7.078493096272715828e-07 6.170616909661998261e-07 1.186946067087942505e-06 7.373140159542455424e-07
1.772238315773937201e+00 1.242885678640718300e-06 3.371019190332394727e-07 3.108976506758633745e-07 7.013755278245741050e-07 6.582028107216327172e-07 1.171981513082548786e-06 8.026486784993108077e-07
1.781463918667086421e+00 1.307615459942788166e-06 3.439182253348426509e-07 3.141115335452873071e-07 6.989452929386062781e-07 7.067733422017122359e-07 1.160437735556537621e-06 8.731267320148778569e-07
1.790689521560235198e+00 1.380918277145056196e-06 3.561429057191226750e-07 3.171099995507504127e-07 6.935714078782884146e-07 7.592735743296876064e-07 1.151438547629392559e-06 9.497539995584347323e-07
1.799915124453384419e+00 1.461292835227939575e-06 3.623434623234287436e-07 3.196639398490959357e-07 7.105818492508559389e-07 8.153664879203630677e-07 1.150839374542755584e-06 1.032964700617359284e-06
1.809140727346533417e+00 1.546366155357652328e-06 3.709799227630857739e-07 3.284599415853552096e-07 7.234706740542622696e-07 8.771265266298933159e-07 1.140881453113802595e-06 1.112844386593982099e-06
1.818366330239682416e+00 1.634967919441881846e-06 3.892654237132276401e-07 3.358571368855348081e-07 7.387788197373749561e-07 9.433411268036600265e-07 1.137995283970112858e-06 1.193829047756680711e-06
1.827591933132831414e+00 1.726035800691714978e-06 3.977353158768268138e-07 3.410413055730383403e-07 7.502195617377065631e-07 1.009758336689561167e-06 1.166722848446710845e-06 1.275409768217971398e-06
1.836817536025980635e+00 1.818826128611125773e-06 4.062760446916802808e-07 3.499590250970860183e-07 7.749878244507340521e-07 1.076141203233716530e-06 1.202098792928255317e-06 1.357223717966339295e-06
1.846043138919129634e+00 1.912671797099506037e-06 4.165543151999247003e-07 3.564692859401315714e-07 7.695899754807949192e-07 1.142286399751364341e-06 1.236118266722119189e-06 1.439035844043908400e-06
1.855268741812278410e+00 2.007045562951684619e-06 4.227206746684250645e-07 3.706821354481452240e-07 7.908960420415712756e-07 1.205491253660550249e-06 1.254343614335928213e-06 1.520576243611912911e-06
1.864494344705427187e+00 2.101519077132275392e-06 4.301206806353039012e-07 3.852604969959830519e-07 8.064916302093337647e-07 1.269580649618887682e-06 1.272950173631051741e-06 1.601683601674769705e-06
1.873719947598576185e+00 2.195801709501981755e-06 4.459184524891961047e-07 3.969170811271866384e-07 8.066035342171410696e-07 1.336587252125676783e-06 1.291932171624000479e-06 1.682228336679711166e-06
1.882945550491724962e+00 2.289665154120531397e-06 4.614855588566290549e-07 4.112725290133640275e-07 8.326690012401425029e-07 1.403222741657225548e-06 1.332327539773350384e-06 1.762152104097892811e-06
1.892171153384873961e+00 2.383021795171338526e-06 4.837536926005155219e-07 4.235802445494321268e-07 8.559622249478494727e-07 1.467272505809265882e-06 1.395424247314240950e-06 1.841426665732154863e-06
1.901396756278022737e+00 2.475596050843822617e-06 5.000429373073286295e-07 4.330965487164805053e-07 8.815345710219712845e-07 1.530729721460056353e-06 1.425036821803819831e-06 1.919957814059809744e-06
1.910622359171171736e+00 2.567352844937425567e-06 5.148568296332997779e-07 4.427153592093420052e-07 9.040855965417277600e-07 1.593585378663057795e-06 1.441045564184714121e-06 1.997743695274702265e-06
1.919847962064320512e+00 2.658291170091386357e-06 5.276674666139400473e-07 4.541025164884434990e-07 9.320789160326125726e-07 1.655914451518840406e-06 1.495726486495398309e-06 2.074819396138282019e-06
1.929073564957469289e+00 2.748147080758333454e-06 5.385295704016447270e-07 4.621947138059583956e-07 9.551816724453743551e-07 1.717656631215832040e-06 1.552924836677484352e-06 2.151080113459465613e-06
1.938299167850618288e+00 2.836893865014616803e-06 5.583106182121042428e-07 4.727021405314905939e-07 9.882630776500729332e-07 1.778817684172510124e-06 1.583964154213678657e-06 2.226525236566872826e-06
1.947524770743767064e+00 2.924805786037203338e-06 5.728713829614308921e-07 4.824025483634543832e-07 1.018126896554488720e-06 1.839516069070356123e-06 1.606122729347751426e-06 2.301319303316932335e-06
1.956750373636916063e+00 3.011571312502111610e-06 5.850712067920406744e-07 4.923928773741726068e-07 1.054488099824361635e-06 1.899677010315044410e-06 1.628354683369756126e-06 2.375336316301374710e-06
1.965975976530064839e+00 3.097215553565929557e-06 5.987819624326162436e-07 5.024412688635427163e-07 1.089326448931602524e-06 1.959312722518767248e-06 1.650829133669005307e-06 2.448590139982720914e-06
1.975201579423213616e+00 3.181876198899766499e-06 6.114118907111564950e-07 5.145732740339943432e-07 1.107064663333208139e-06 2.018500850111868212e-06 1.691189414390900130e-06 2.521183116311428447e-06
1.984427182316362615e+00 3.266691594925988908e-06 6.253487234458772943e-07 5.291460525051750247e-07 1.128376355327126198e-06 2.077592875337792409e-06 1.736817810699230417e-06 2.593648780266149143e-06
1.993652785209511391e+00 3.348181821539592171e-06 6.383070689055778608e-07 5.407794844112883719e-07 1.154738456785935071e-06 2.135569203036177332e-06 1.780701813484671263e-06 2.664408092731177880e-06
2.002878388102660168e+00 3.429752280252491498e-06 6.496651612530333477e-07 5.542887132377621076e-07 1.176709360644404205e-06 2.193450705689777529e-06 1.832345291669643374e-06 2.735027845521889363e-06
2.012103990995809166e+00 3.510380523592859598e-06 6.634885736832816055e-07 5.654801828761732401e-07 1.202844863139765043e-06 2.250961590023311119e-06 1.883714425240557763e-06 2.805070058378409490e-06
2.021329593888958165e+00 3.590049573501432999e-06 6.818138372962701923e-07 5.760376779553907545e-07 1.231912981963472434e-06 2.308102454367336785e-06 1.934445553989182046e-06 2.874531241702814471e-06
2.030555196782107164e+00 3.668729793158341050e-06 6.982074825337342814e-07 5.862770030168787333e-07 1.265336261435638907e-06 2.364870984038157771e-06 1.984527132734446144e-06 2.943403278759433526e-06
2.039780799675255718e+00 3.746514693359946101e-06 7.072615824799497952e-07 5.969536450724491060e-07 1.285525670493051063e-06 2.421319148778200097e-06 2.034026159657197670e-06 3.011754983579278186e-06
2.049006402568404717e+00 3.823447933654992600e-06 7.145962999715570885e-07 6.080400653698653089e-07 1.304955755102747545e-06 2.477796217959753082e-06 2.082992508211126918e-06 3.079625276092421371e-06
2.058232005461553715e+00 3.899495006629864275e-06 7.268617819681848509e-07 6.181584447044873522e-07 1.330179517154176631e-06 2.537082823180106178e-06 2.131367661438813828e-06 3.146990970889989974e-06
2.067457608354702270e+00 3.974817541082441333e-06 7.385726105967461134e-07 6.292052988102499037e-07 1.355136546551422857e-06 2.596123018842158986e-06 2.179257090289926275e-06 3.213961457247652852e-06
2.076683211247851268e+00 4.048998900225965031e-06 7.514925141350001925e-07 6.388661694869091893e-07 1.379849158545226347e-06 2.654745607297113454e-06 2.218983115925962130e-06 3.280293015133538058e-06
2.085908814141000267e+00 4.122678095230837005e-06 7.645287727855466369e-07 6.489562188839837548e-07 1.404508070447807375e-06 2.713226288094799277e-06 2.258639159309705025e-06 3.347439336272278625e-06
2.095134417034148822e+00 4.195531530051200310e-06 7.784598549983745444e-07 6.588559587799380516e-07 1.429008834800272349e-06 2.771430400661656826e-06 2.298263575059849851e-06 3.414537618764166407e-06
2.104360019927297820e+00 4.267592188336331852e-06 7.912023841051264334e-07 6.698688233956806625e-07 1.455367049704585594e-06 2.829376333598293233e-06 2.337892588071312442e-06 3.481209660642738037e-06
2.113585622820446819e+00 4.338938069258326418e-06 8.041317222225106197e-07 6.793021807520926983e-07 1.482166467222492247e-06 2.887102782266207200e-06 2.377584163524914946e-06 3.547502047073598517e-06
2.122811225713595817e+00 4.409634385527675902e-06 8.158112734364485587e-07 6.895433739067547247e-07 1.508804335246885553e-06 2.944641932224780313e-06 2.417359940007086154e-06 3.613459051458365961e-06
2.132036828606744372e+00 4.479684984686323926e-06 8.272654015577354767e-07 6.997301609452735004e-07 1.535290170666173691e-06 3.001997110365240726e-06 2.457181620833615718e-06 3.679091756372120012e-06
2.141262431499893371e+00 4.549038378846635763e-06 8.393397662899404319e-07 7.094745547559518802e-07 1.561612617669172052e-06 3.059148863705804575e-06 2.497027261197443039e-06 3.744372210158490327e-06
2.150488034393042369e+00 4.617788398257744203e-06 8.525967975301581593e-07 7.215565305060976030e-07 1.587787594126387440e-06 3.114267926810385108e-06 2.537002357584028787e-06 3.809352961759624913e-06
2.159713637286190924e+00 4.686064169736444170e-06 8.676584915138021992e-07 7.310103625441953442e-07 1.613801876416270253e-06 3.169276586294990094e-06 2.577085005952139561e-06 3.874123229648861309e-06
2.168939240179339922e+00 4.753563378176181617e-06 8.838084188088679219e-07 7.398165887467939310e-07 1.639595070420912325e-06 3.224075762355524432e-06 2.617172458202819444e-06 3.938499809192656914e-06
2.178164843072488921e+00 4.820530938139309016e-06 8.987862324746067548e-07 7.495021578616386249e-07 1.665272953584286292e-06 3.278783278434646448e-06 2.657386187355095839e-06 4.002631895908263888e-06
2.187390445965637920e+00 4.887044324427779829e-06 9.129836276712528467e-07 7.591665089428623636e-07 1.694933583826487341e-06 3.333438037927162207e-06 2.697759841369702926e-06 4.066569725675451527e-06
2.196616048858786474e+00 4.952983795931427532e-06 9.264009948885427924e-07 7.687692431105857377e-07 1.723622570137031538e-06 3.387966543029307633e-06 2.738123529398261551e-06 4.130250489300747038e-06
2.205841651751935473e+00 5.018439704021867977e-06 9.385238746861945062e-07 7.785573995978940806e-07 1.745034496715385399e-06 3.442437124856878702e-06 2.778661240736245458e-06 4.193720674513400650e-06
2.215067254645084471e+00 5.083442577109950039e-06 9.528769476610712407e-07 7.919390561646507109e-07 1.767478525442625052e-06 3.496864608956101436e-06 2.819374711381614511e-06 4.257002576484513953e-06
2.224292857538233026e+00 5.147973976289656604e-06 9.646720296858911990e-07 8.020941480583502632e-07 1.792903845856425370e-06 3.551217654236410143e-06 2.860119065408724698e-06 4.320093839729643217e-06
2.233518460431382024e+00 5.212004107167433850e-06 9.757011647236755379e-07 8.124888559454752955e-07 1.818096390337353994e-06 3.605506955280440713e-06 2.901013056015226876e-06 4.382969474065374237e-06
2.242744063324531023e+00 5.275676868913866067e-06 9.892065243299084725e-07 8.210635492278021836e-07 1.843227282587474162e-06 3.659767930161219185e-06 2.942069750388372997e-06 4.445723218557489770e-06
2.251969666217680022e+00 5.339038784000758219e-06 1.003012932368033567e-06 8.315804320766530583e-07 1.868145070811071495e-06 3.714263733765059431e-06 2.984515045160030165e-06 4.508341738991385249e-06
2.261195269110828576e+00 5.401742516238739574e-06 1.016500329374523405e-06 8.417298449482332382e-07 1.893121587863219946e-06 3.768350854387221131e-06 3.025618413125737883e-06 4.570705733618226972e-06
2.270420872003977575e+00 5.464191153005410544e-06 1.028855036352010331e-06 8.518460090582152737e-07 1.918073232626209546e-06 3.822482759435923881e-06 3.066906194629925316e-06 4.633013679708537671e-06
2.279646474897126573e+00 5.526133510493393436e-06 1.043708673962396582e-06 8.620022854920652552e-07 1.943010203314568265e-06 3.876425441651121131e-06 3.107718196032215474e-06 4.695118751092879803e-06
2.288872077790275128e+00 5.587898799039635940e-06 1.057711970413149703e-06 8.719093921806274946e-07 1.967783252636376541e-06 3.930694916014407282e-06 3.149927926618223921e-06 4.757192762648499182e-06
2.298097680683424127e+00 5.649190667341008028e-06 1.070123858726770437e-06 8.818748137546148603e-07 1.992551759978020041e-06 3.984793297234923831e-06 3.191678934247483864e-06 4.819085372417597443e-06
2.307323283576573125e+00 5.710172437604679719e-06 1.082621516415364770e-06 8.931584880257908361e-07 2.017282471927126463e-06 4.038916743233664046e-06 3.233606387569180126e-06 4.880888607613776169e-06
2.316548886469722124e+00 5.770957940274613792e-06 1.095816172669983115e-06 9.026741874189631590e-07 2.042009055063441516e-06 4.093118314214462792e-06 3.275741280951701299e-06 4.942676466430604542e-06
2.325774489362870678e+00 5.831310229107441172e-06 1.108560086174230564e-06 9.130537754327350730e-07 2.066663713595897870e-06 4.147290342654989394e-06 3.318021959050548353e-06 5.004295541214618153e-06
2.335000092256019677e+00 5.891398955542787773e-06 1.121324727022573620e-06 9.226590079255263548e-07 2.091294809215982293e-06 4.201513470965851633e-06 3.360504440148062485e-06 5.065855680310312446e-06
2.344225695149168676e+00 5.950976033528694306e-06 1.134029089366030493e-06 9.320116093308457810e-07 2.115863588891852836e-06 4.255618683263636120e-06 3.402877676251420530e-06 5.127193253011650723e-06
2.353451298042317230e+00 6.010638243579708946e-06 1.149111248260066086e-06 9.410001026041146132e-07 2.140448769798129567e-06 4.310043188007819587e-06 3.446019598808803664e-06 5.188702532097331974e-06
2.362676900935466229e+00 6.069931207008896727e-06 1.164381339673107849e-06 9.507859021872452785e-07 2.165013869286150429e-06 4.364417401073011702e-06 3.489094534049606538e-06 5.250284739165965266e-06
2.371902503828615227e+00 6.128956202093412744e-06 1.179694815945787930e-06 9.622870544194116760e-07 2.189557733109525657e-06 4.418841112913546208e-06 3.532365418501551892e-06 5.312483339190700340e-06
2.381128106721764226e+00 6.187741286405399403e-06 1.194848164043129004e-06 9.739722283193999922e-07 2.214088434575715462e-06 4.473328964937357625e-06 3.575845741937260105e-06 5.374639510801973898e-06
2.390353709614912781e+00 6.246190683885773474e-06 1.209129516555126672e-06 9.848758981837706913e-07 2.238577749117446742e-06 4.527837772185268435e-06 3.619517293285353305e-06 5.436689663867716071e-06
2.399579312508061779e+00 6.304530288460157551e-06 1.222672884025526670e-06 9.958059178814572464e-07 2.263093378304993584e-06 4.582471574663421798e-06 3.663431398705548075e-06 5.498780986401618169e-06
2.408804915401210778e+00 6.362657063087735540e-06 1.237103229950078046e-06 1.006778992674396055e-06 2.287604503070427242e-06 4.637184748827933613e-06 3.703028933488410824e-06 5.560845425873672248e-06
2.418030518294359332e+00 6.420572923505066392e-06 1.252464210084039067e-06 1.017793113611672693e-06 2.312112922636816662e-06 4.691977055504782107e-06 3.740196609434412787e-06 5.622882983752287848e-06
2.427256121187508331e+00 6.478184077494214737e-06 1.267312512044085726e-06 1.028430514896612026e-06 2.336590738696219437e-06 4.746805627655698579e-06 3.777176749369174503e-06 5.684830382809352336e-06
2.436481724080657330e+00 6.535709597324023068e-06 1.281577298992535589e-06 1.040744873323747516e-06 2.361173933223558821e-06 4.801773733689515132e-06 3.814101636551940267e-06 5.746832094633846966e-06
2.445707326973806328e+00 6.593069148009464669e-06 1.295330160422068303e-06 1.052574163236485956e-06 2.387357925902806627e-06 4.856842969401160034e-06 3.850925780587099472e-06 5.808833583466121102e-06
2.454932929866954883e+00 6.650241159534108688e-06 1.307988797326620065e-06 1.064157010769229187e-06 2.413603656883764307e-06 4.912005897965217173e-06 3.887629677305524603e-06 5.870819884137749051e-06
2.464158532760103881e+00 6.707222832416722156e-06 1.320647757686001846e-06 1.077921946982703139e-06 2.439909782497913328e-06 4.967257114931382114e-06 3.924222095265049155e-06 5.932786778336697583e-06
2.473384135653252880e+00 6.764071431469055064e-06 1.333172838258493429e-06 1.088292677084699730e-06 2.466293217876047069e-06 5.022628995219803598e-06 3.960725855630015823e-06 5.994772727886549189e-06
2.482609738546401434e+00 6.820748603178545223e-06 1.345508010086510139e-06 1.098557234830303659e-06 2.492743587001731872e-06 5.078100030124838290e-06 3.997125541108344438e-06 6.056749770685430795e-06
2.491835341439550433e+00 6.877282648128189908e-06 1.360275926231694474e-06 1.108896493826952728e-06 2.519269282661074403e-06 5.133685589416226697e-06 4.033434260931447802e-06 6.118736096351981189e-06
2.501060944332699432e+00 6.933658284106176506e-06 1.375304220055571127e-06 1.119034456274203464e-06 2.545853332378976265e-06 5.189378231146038796e-06 4.069643099970142122e-06 6.180719857925784456e-06
2.510286547225848430e+00 6.990018962161109856e-06 1.390391464482756067e-06 1.129216380753300116e-06 2.572460537644088760e-06 5.245245765981437678e-06 4.105843129532464180e-06 6.242797232246508493e-06
2.519512150118996985e+00 7.046126716023979612e-06 1.404351269875218600e-06 1.139408012258213228e-06 2.599114034934412979e-06 5.301175604390229959e-06 4.141852853168148818e-06 6.304804781550253409e-06
2.528737753012145983e+00 7.102237942612903876e-06 1.417956686810423782e-06 1.149646893965402129e-06 2.625884009522668076e-06 5.357290651275694411e-06 4.177855375544681852e-06 6.366916358032373834e-06
2.537963355905294982e+00 7.158081400132663565e-06 1.431640007311165970e-06 1.159892888846217400e-06 2.652696690711141427e-06 5.413458506004926307e-06 4.213691536787288108e-06 6.428943714557597919e-06
2.547188958798443537e+00 7.213940771844635275e-06 1.445416974077271974e-06 1.169980675347618204e-06 2.679003403972619826e-06 5.469817873165667422e-06 4.249534268256807618e-06 6.491080957080080875e-06
2.556414561691592535e+00 7.269680573152974764e-06 1.459206233179287648e-06 1.180028638765898674e-06 2.701405804817021266e-06 5.526303882166931804e-06 4.285297522093393412e-06 6.553233435768358460e-06
2.565640164584741534e+00 7.325291553700099988e-06 1.472847481926537449e-06 1.190094560473649398e-06 2.723862754720047116e-06 5.582897966678810487e-06 4.320981243220511945e-06 6.615392182594859408e-06
2.574865767477890532e+00 7.380870130149924611e-06 1.486597066318875329e-06 1.199692005878589410e-06 2.746409388349335277e-06 5.639658946734387225e-06 4.356633936114352200e-06 6.677624121654068640e-06
2.584091370371039087e+00 7.436413912977668435e-06 1.500442841191777514e-06 1.211266921017574578e-06 2.769034275945603875e-06 5.696586272041515607e-06 4.392262687773461496e-06 6.739924789935883817e-06
2.593316973264188086e+00 7.491762473263592129e-06 1.514562746031258096e-06 1.222790669762436694e-06 2.791701001426642471e-06 5.753599237385980998e-06 4.427770129758882805e-06 6.802175040950869817e-06
2.602542576157337084e+00 7.547122958362855126e-06 1.529376882543945837e-06 1.232341903879136452e-06 2.814459451614616726e-06 5.810802371582361983e-06 4.463280138668357970e-06 6.864524024582254677e-06
2.611768179050485639e+00 7.602418874351283102e-06 1.544083810295846265e-06 1.242422286581487177e-06 2.837297012648773546e-06 5.868158684643025528e-06 4.498742756975969468e-06 6.926916645079479474e-06
2.620993781943634637e+00 7.657626606324273346e-06 1.558785966368100536e-06 1.252527529577375445e-06 2.868748662135390461e-06 5.925653892449040861e-06 4.534148085893969764e-06 6.989333615918730696e-06
2.630219384836783636e+00 7.712862736283441595e-06 1.573513003782427310e-06 1.262473211339171159e-06 2.901948201291592734e-06 5.983346903186788925e-06 4.569567282958590524e-06 7.051856191350028944e-06
2.639444987729932635e+00 7.767919512742667729e-06 1.588212903259574306e-06 1.271112998552739318e-06 2.935364804052869789e-06 6.041134521890164533e-06 4.604866885902028040e-06 7.114334942475092019e-06
2.648670590623081189e+00 7.823018296592252829e-06 1.602940404594385004e-06 1.283873918454629840e-06 2.969025888448856911e-06 6.098177095302383920e-06 4.640188090277822414e-06 7.176925485733275434e-06
2.657896193516230188e+00 7.878059540772946564e-06 1.617353949981892972e-06 1.295023698806399592e-06 3.002921121750061587e-06 6.155171797531853714e-06 4.675466443579553381e-06 7.239555118797501990e-06
2.667121796409379186e+00 7.933033141787037548e-06 1.631935949950031581e-06 1.306214090825237474e-06 3.037048224164565284e-06 6.212299642338401501e-06 4.710700343148873382e-06 7.302213706506769332e-06
2.676347399302527741e+00 7.987964336523120581e-06 1.647523152640258676e-06 1.317449611861659459e-06 3.068886587784573698e-06 6.269576997547238726e-06 4.745899099559299211e-06 7.364918236173685875e-06
2.685573002195676739e+00 8.042935695183446262e-06 1.662946275905544328e-06 1.328342737343515030e-06 3.097673640875968538e-06 6.327047566505337856e-06 4.781115749065687523e-06 7.427726442948216159e-06
2.694798605088825738e+00 8.097865637754082701e-06 1.678108190230459383e-06 1.339186560514985211e-06 3.126444738641776235e-06 6.384665053245662647e-06 4.816303606835685782e-06 7.490576522225468392e-06
2.704024207981974737e+00 8.152762186101383858e-06 1.691477229312726374e-06 1.352671012298475002e-06 3.155293785897982719e-06 6.442437748674021875e-06 4.851458714272321093e-06 7.553473423988936823e-06
2.713249810875123291e+00 8.207619608161795117e-06 1.704120604043263170e-06 1.367053919932100708e-06 3.184258719096887035e-06 6.500359462793385443e-06 4.886583257114828527e-06 7.616409831377288190e-06
2.722475413768272290e+00 8.262532013986724841e-06 1.719497342540799307e-06 1.381316806209087533e-06 3.213353955505733261e-06 6.558481486851713591e-06 4.921735641300756665e-06 7.679452853736166380e-06
2.731701016661421288e+00 8.317407383174788186e-06 1.736047340028647683e-06 1.391720274472075402e-06 3.240958717244716325e-06 6.616754022275169014e-06 4.956856781408655870e-06 7.742532899709279133e-06
2.740926619554569843e+00 8.372259896016961492e-06 1.753244256187765210e-06 1.401293772170231912e-06 3.261393303680051176e-06 6.675184080059597144e-06 4.991956048769206328e-06 7.805657940941431350e-06
2.750152222447718842e+00 8.427204471733692516e-06 1.768832252949330394e-06 1.415320460927061386e-06 3.281796263682579980e-06 6.733828717270951968e-06 5.027104258845407171e-06 7.868911451236736696e-06
2.759377825340867840e+00 8.481974080099646921e-06 1.784403622427615293e-06 1.429610367782551567e-06 3.302068967677705859e-06 6.792538791617611933e-06 5.062135005855798915e-06 7.932091841465979280e-06
