1.393066036865509005e-01 2.728942315950577516e-10 2.603821351216114553e-11 3.086411786238764474e-11 6.435504857044547256e-11 5.814296449780856051e-11 1.261942768486705248e-10 7.928343630303583642e-11
1.826669372843515715e-01 1.778055805780797893e-09 1.676386386283746843e-10 2.005876880790687330e-10 4.207350489232693475e-10 3.783459932038352921e-10 8.217324781766078280e-10 5.159144488195740802e-10
1.983504622027049691e-01 3.067510599998023528e-09 2.880473512475004839e-10 3.458231036637840483e-10 7.267250758047893644e-10 6.524769058891285519e-10 1.417167474872921069e-09 8.897572987916280955e-10
2.223370297248925265e-01 6.502336010544497755e-09 6.101041494979570704e-10 7.325253498747101775e-10 1.543237127395751681e-09 1.382411548301143141e-09 3.001898206907511488e-09 1.885350049316608115e-09
2.370979943539310297e-01 9.965451317686683372e-09 9.348979464390961500e-10 1.122397370839427684e-09 2.367720814482405980e-09 2.118167405983028736e-09 4.598040724456361391e-09 2.889078491929445731e-09
2.583168810081739042e-01 1.786737826135547201e-08 1.672847702026698958e-09 2.011419929191836235e-09 4.251715088916971723e-09 3.796698197327416431e-09 8.235068726706374119e-09 5.179555149922303291e-09
2.776906470837869345e-01 2.996530511429513712e-08 2.809390701528582799e-09 3.371510244620783834e-09 7.140550210631384916e-09 6.366338744285965549e-09 1.379249129449099842e-08 8.687325486628439942e-09
2.869162499769359886e-01 3.829301674142217549e-08 3.592059574428977754e-09 4.306277434321369436e-09 9.131163880509019288e-09 8.135143178357963138e-09 1.761151182467896570e-08 1.110264026418050170e-08
2.878388102662509107e-01 3.924604225881656800e-08 3.681634225026685607e-09 4.413234458681552360e-09 9.359055662337094434e-09 8.337565182777893168e-09 1.804825593248582885e-08 1.137908322383877506e-08
3.007546543166595976e-01 5.552217869207049596e-08 5.211662038074003995e-09 6.239575240103686643e-09 1.325324450829192297e-08 1.179463754947121338e-08 2.549827181658800707e-08 1.610130671408679637e-08
3.182832998136427838e-01 9.028002834330598136e-08 8.469870059679281906e-09 1.013932603831746802e-08 2.157988952665876872e-08 1.918900474383132837e-08 4.135898720705847364e-08 2.619071173641198944e-08
3.228961012602172831e-01 1.030936205379769171e-07 9.677913530208959822e-09 1.157726455095358952e-08 2.465209022165317997e-08 2.192026629222614098e-08 4.719144112822837436e-08 2.991179978947358654e-08
3.321217041533664482e-01 1.355372120062669910e-07 1.272226229917965746e-08 1.521909740421662276e-08 3.243627845195948532e-08 2.884064872785351264e-08 6.192816120010517981e-08 3.933584374347651419e-08
3.441149879144602131e-01 1.976421201767314945e-07 1.851527792748514540e-08 2.218879974965139554e-08 4.735397680118314052e-08 4.210328618909988881e-08 9.002963516875905157e-08 5.738382410371460811e-08
3.561082716755539779e-01 2.980906306569088849e-07 2.795572353099324510e-08 3.354876429882506686e-08 7.151733728339146507e-08 6.358716705982558884e-08 1.352303528123366582e-07 8.659022556599345582e-08
3.588759525434987441e-01 3.297630552391702617e-07 3.097643086449108741e-08 3.714174140916211347e-08 7.914380744002869125e-08 7.036826789713386176e-08 1.494271090550895177e-07 9.580206776157368028e-08
3.662564348580180096e-01 4.377207260439449870e-07 4.125670098856514530e-08 4.941774813285469441e-08 1.051616223031583635e-07 9.350287071156613931e-08 1.976444471392156879e-07 1.272084018376035205e-07
3.745594774618521416e-01 6.197558652807130394e-07 5.864495290829520533e-08 7.020413688303814883e-08 1.490465211173880270e-07 1.325696987913286642e-07 2.784252402859502005e-07 1.801826403326688124e-07
3.865527612229459065e-01 1.099436546948473210e-06 1.041637272936072633e-07 1.246813465614915111e-07 2.647128984893393742e-07 2.356640837882228890e-07 4.889192108151164343e-07 3.198176924369491522e-07
3.948558038267800940e-01 1.739904908875934848e-06 1.661785054573919149e-07 1.988458275655435837e-07 4.205402761295814571e-07 3.737766572014901318e-07 7.663343235155538747e-07 5.062688316306726094e-07
4.040814067199291482e-01 3.079451218564016563e-06 3.001508345724056542e-07 3.519134477487281459e-07 7.459317458802406491e-07 6.653035612786110619e-07 1.344052154569704037e-06 8.960201316224657172e-07
4.086942081665037030e-01 4.132674247530532854e-06 4.069353412152434103e-07 4.689161128585177322e-07 1.001008232126140604e-06 8.974486119622729675e-07 1.807374697058066500e-06 1.202115055070436695e-06
4.289905345314316554e-01 6.436063902474450909e-06 6.416967252594207944e-07 7.203317441020264607e-07 1.519574506581323246e-06 1.417268736748006384e-06 3.028175497567598921e-06 1.868621471259158044e-06
4.345258962673210212e-01 5.032235827957274621e-06 5.028122145636929337e-07 5.610467891820600011e-07 1.173262108042231828e-06 1.102878966982109498e-06 2.416107144818532105e-06 1.462309103211180188e-06
4.354484565566359433e-01 4.798961401752802418e-06 4.795537745324261251e-07 5.351466375467757032e-07 1.119009782016114712e-06 1.050914199205753108e-06 2.308640705562746636e-06 1.394771706583827447e-06
4.419063785818402867e-01 3.397534380178717033e-06 3.418383213207618942e-07 3.808022292470136086e-07 7.939440750519883804e-07 7.349113479840889366e-07 1.643993192062276116e-06 9.887462374510491384e-07
4.529771020536191850e-01 1.958662077596340372e-06 1.987111014475923603e-07 2.217186072626994125e-07 4.595233997675836618e-07 4.201785005020219814e-07 9.492060136181344202e-07 5.711516151986367016e-07
4.631252652360832167e-01 1.287318840344921441e-06 1.311321324098241744e-07 1.462328668502126827e-07 3.027125939229005483e-07 2.761854250181667004e-07 6.211508756219551945e-07 3.759733900430268514e-07
4.834215916010111691e-01 6.772790957786592167e-07 6.883360352359787187e-08 7.694175185547468778e-08 1.595202239322497590e-07 1.453837687089936874e-07 3.242584533825082930e-07 1.983632945811709262e-07
5.027953576766241994e-01 4.307314467749485350e-07 4.376587138093245289e-08 4.869208958657735902e-08 1.013856974430294573e-07 9.254155975925349105e-08 2.051683749978985228e-07 1.264896928321843116e-07
5.313947266453862284e-01 2.607733348733443275e-07 2.650298485100611810e-08 2.925371504547111444e-08 6.140377888782065466e-08 5.611949630894700934e-08 1.235989698852545552e-07 7.690105446736413226e-08
5.572264147462036021e-01 1.839256234958968792e-07 1.856420937201935573e-08 2.056357681274385766e-08 4.332682296144371664e-08 3.973121608718231159e-08 8.691064142611448038e-08 5.446577637683396091e-08
5.802904219790763207e-01 1.421074231290941366e-07 1.422773379906329862e-08 1.604590791355702600e-08 3.338184071843008160e-08 3.100313841685909979e-08 6.700975895552212965e-08 4.225267256285163576e-08
6.051995497905787724e-01 1.119836412570216262e-07 1.138143390158704078e-08 1.263074211316211239e-08 2.619826562384336803e-08 2.471765032692297804e-08 5.270613034050108132e-08 3.345208918818074977e-08
6.291861173127665241e-01 9.173918970341482759e-08 9.344765253337155044e-09 1.039954452769759608e-08 2.138574511405758398e-08 2.049387748533747958e-08 4.310990706836061493e-08 2.753539618777560591e-08
6.448696422311197551e-01 8.155864329092894854e-08 8.350375720711842504e-09 9.238931184585666750e-09 1.891342738009385151e-08 1.836955471244398640e-08 3.828951881741379919e-08 2.455834662187677843e-08
6.688562097533072848e-01 6.926406727675755554e-08 7.162785174229843510e-09 7.880305368642790493e-09 1.594710508893742798e-08 1.580350342901408554e-08 3.247311284258688287e-08 2.096709141252077263e-08
6.937653375648099585e-01 5.952536566518201364e-08 6.241780823975883175e-09 6.762298238679055141e-09 1.358647637162096812e-08 1.360551291815394243e-08 2.787003363080467738e-08 1.813294066653324545e-08
7.168293447976825661e-01 5.248757244536273955e-08 5.464680234559318397e-09 5.951438161443856527e-09 1.186855218331944449e-08 1.187501836266758338e-08 2.454618651880775295e-08 1.608065586243940064e-08
7.417384726091850178e-01 4.647598289646888664e-08 4.779039675175489646e-09 5.327245547365257707e-09 1.040033543721262389e-08 1.038549197851589076e-08 2.170915468657153080e-08 1.432189800611248890e-08
7.850988062069855777e-01 3.884828133008006251e-08 4.040405508387595200e-09 4.435362079784874762e-09 8.579966136525746990e-09 8.815354137625215333e-09 1.811399398080824910e-08 1.207211383067657904e-08
8.330719412513608590e-01 3.333286745742278434e-08 3.457728978869300575e-09 3.872197138958140382e-09 7.453465165857448576e-09 7.631845392432735499e-09 1.548157318295045318e-08 1.040917804824361972e-08
8.552133881949185445e-01 3.153918663673676387e-08 3.270940161577375285e-09 3.664005563050289428e-09 7.328584676275292660e-09 7.134727808899417786e-09 1.461965420728986350e-08 9.849821468115545607e-09
9.041090835286086369e-01 2.887668153105468340e-08 2.966126314609144956e-09 3.388284419956266600e-09 6.576764713349470231e-09 6.442144768883078902e-09 1.334811838406841819e-08 8.964400557490624562e-09
9.465468568370943858e-01 2.772752691290500515e-08 2.788694808671927960e-09 3.260019862065419816e-09 6.181801346899615302e-09 6.193483176657449274e-09 1.281158759159986184e-08 8.495222087954398018e-09
9.972876727494142113e-01 2.749950779956292440e-08 2.769983449890342162e-09 3.251851261190587032e-09 6.179394058627297900e-09 6.029686248453726603e-09 1.273235553136954454e-08 8.206441099431347226e-09
1.042493126925844615e+00 2.823160908057815366e-08 2.905975095394638871e-09 3.337143967628374357e-09 6.359966059255812213e-09 6.080133037053715907e-09 1.312310905115932371e-08 8.148784855265326325e-09
1.088621141391590053e+00 2.984606656283483407e-08 3.067764671997945253e-09 3.411168774621824957e-09 6.716727969331940483e-09 6.303584133468699858e-09 1.395300603476546927e-08 8.248029617105795607e-09
1.133826595568020457e+00 3.233477888370846147e-08 3.249554740829795158e-09 3.618243902906669360e-09 7.370180778697449484e-09 6.709215651773479346e-09 1.521995886238939632e-08 8.647381469721734071e-09
1.227005184788826142e+00 4.122980931251406446e-08 3.985125207555658783e-09 4.318719051558108276e-09 9.506427785890217748e-09 8.254165040066165841e-09 1.972847257000711074e-08 1.026198870721175519e-08
1.272210638965256546e+00 4.850327473611384610e-08 4.380365200529786809e-09 4.832983740201650199e-09 1.112894622643727404e-08 9.663800901106255575e-09 2.340941816103154021e-08 1.169027962272139138e-08
1.314648412273742295e+00 5.867306031601088450e-08 5.328343407399441677e-09 5.748117723412684552e-09 1.319882418160604244e-08 1.132350259911052238e-08 2.861316027556925634e-08 1.379639755058478039e-08
1.363544107607432165e+00 7.820974441773221268e-08 7.062534779648000947e-09 7.537215058908648992e-09 1.688015434397869591e-08 1.470525887026104691e-08 3.872175593550689408e-08 1.838924027658206911e-08
1.385685554550990073e+00 9.227897834487773786e-08 8.632957096259403080e-09 8.862308758970474500e-09 1.994243044968291510e-08 1.708202347131978162e-08 4.600273110385217718e-08 2.192990681603195330e-08
1.406904441205232503e+00 1.113222905359477250e-07 1.044394112990571929e-08 1.090915290322276123e-08 2.428348809868474134e-08 2.045424037338859012e-08 5.585288045392649702e-08 2.678627978792334070e-08
1.434581249884679943e+00 1.506241376581137164e-07 1.401003288934172813e-08 1.498928511583954190e-08 3.431727940532041435e-08 2.782947329023859139e-08 7.615839331144838555e-08 3.696316013840912384e-08
1.470561101167961349e+00 2.578831135048523823e-07 2.502678982760143435e-08 2.682370859873397585e-08 6.243021521587137213e-08 4.764888441682751545e-08 1.314517367527158021e-07 6.531564182356613311e-08
1.477019023193165692e+00 2.909811029000530304e-07 2.828083522432031505e-08 3.041716629802220990e-08 7.096821305267929081e-08 5.400585243156451065e-08 1.484893263224668377e-07 7.417131501367554618e-08
1.502850711293983288e+00 5.241111457412054685e-07 5.206931177410833830e-08 5.772603490223486641e-08 1.310203252536873527e-07 1.029662492116641900e-07 2.682814553217649482e-07 1.362384152974392478e-07
1.506540952451242754e+00 5.796399289669311206e-07 5.787455290782261911e-08 6.463387302447463070e-08 1.442456719246311222e-07 1.147462803576543652e-07 2.967665154253234470e-07 1.507107584961321857e-07
1.518534236212336408e+00 8.322780963458129671e-07 8.496554551587322570e-08 9.465440314936452053e-08 2.093087655589533159e-07 1.674145063450453052e-07 4.261231677359483949e-07 2.165671268979333177e-07
1.529604959684115473e+00 1.219314875690607965e-06 1.283797229206653488e-07 1.389642794176596435e-07 3.136875838633779491e-07 2.518663217025051845e-07 6.233670885416704504e-07 3.176447513484675081e-07
1.543443364023838971e+00 2.039255245562683425e-06 2.094154665967652533e-07 2.315780036052816660e-07 5.183964740490860928e-07 4.291317858336799445e-07 1.035562473408957685e-06 5.378902489787357252e-07
1.559126888942192535e+00 3.115879990779093853e-06 3.411872126633157341e-07 3.490992267168830732e-07 7.597090163011348195e-07 6.775260448143970877e-07 1.549379369702606162e-06 8.438258925115818344e-07
1.572042732992601222e+00 2.912190664438245377e-06 3.110092674128319123e-07 3.393499593082479303e-07 7.103785779396739056e-07 6.516408053761465124e-07 1.411056384094595047e-06 8.059546254827592641e-07
1.579423215307120376e+00 2.385174990708322155e-06 2.538194027467492031e-07 2.785905128329100092e-07 5.774326192351639020e-07 5.521825783813512726e-07 1.139608638879877346e-06 6.718365135637091775e-07
1.589571378489584408e+00 1.684315159240404414e-06 1.850091359786734338e-07 1.981198421694737557e-07 4.049185823504393349e-07 4.072207669049367967e-07 7.970765244657797433e-07 4.853456269495094850e-07
1.597874421093418373e+00 1.262165321099770157e-06 1.415329731904859660e-07 1.501294580366125501e-07 3.032609480440892575e-07 3.085541065258486006e-07 5.949247432521662440e-07 3.711416682142205508e-07
1.616325626879716593e+00 7.205027401247280496e-07 8.158554144257085306e-08 8.812535833646883485e-08 1.748603923896374963e-07 1.800416479722819705e-07 3.374428420565950577e-07 2.194028532640334497e-07
1.643079875269849000e+00 3.960067883306104115e-07 4.603252207504101701e-08 4.725673112773501808e-08 9.854158372549928948e-08 1.101655537210909552e-07 1.824119121800995376e-07 1.299061516787496729e-07
1.689207889735594437e+00 2.101417366778060067e-07 2.583819058726636249e-08 2.652114618790105417e-08 5.328459462765874602e-08 6.236314186009620296e-08 9.335940716811229972e-08 7.458675411943970474e-08
1.734413343912024619e+00 1.487334207766182255e-07 1.811539376313358933e-08 1.907689741193843614e-08 3.972350533312757274e-08 4.556185839257896152e-08 6.495727523254477828e-08 5.584261174507425226e-08
1.777773677509825401e+00 1.228332129648927381e-07 1.537391553083356141e-08 1.631194881509237116e-08 3.345152769108097868e-08 3.812298578883140944e-08 5.376587643202638204e-08 4.775981189816331173e-08
1.823901691975570616e+00 1.093985209720062711e-07 1.390891343885210877e-08 1.502794464967269822e-08 2.960797882048805545e-08 3.403886260188035075e-08 4.795855799441058598e-08 4.319243467927402874e-08
1.871874827019945675e+00 1.027271230862727940e-07 1.325712369344229632e-08 1.474259001662859023e-08 2.717934212541457466e-08 3.174343903878733213e-08 4.518701841186753922e-08 4.061518847636611873e-08
1.915235160617746235e+00 1.001161997958433864e-07 1.284530191647896858e-08 1.449982260924184795e-08 2.597050688810734448e-08 3.028047611832880538e-08 4.410079486287534806e-08 3.933790298104893164e-08
2.006568629259922076e+00 1.000926485581620373e-07 1.264985084593727964e-08 1.401369503706830682e-08 2.556165796142599157e-08 2.880599428681704705e-08 4.409636609826408455e-08 3.837899013757695001e-08
2.042548480543203482e+00 1.012688849312084953e-07 1.261462579786407470e-08 1.417628516224088482e-08 2.568958226326200190e-08 2.858904148584818092e-08 4.459056667230862476e-08 3.837977451893291301e-08
2.104360019927302261e+00 1.042121869077120517e-07 1.305726610182828374e-08 1.445702604141158310e-08 2.614286823956378292e-08 2.892119968779462299e-08 4.582600681679797199e-08 3.867182104019634852e-08
2.196616048858792691e+00 1.100402884125514837e-07 1.397777385603925495e-08 1.487309519563226879e-08 2.711874699036780760e-08 2.935249391319610562e-08 4.826976809418884640e-08 3.953704726609760104e-08
2.286104396922339355e+00 1.167112547320189890e-07 1.486252192532123959e-08 1.522803583235097149e-08 2.828761961902654318e-08 3.024108107693551485e-08 5.109705558435253081e-08 4.064048506592637195e-08
