4.612801446574533726e-01 1.748158235275295965e+03 6.880729018660076690e-01 1.093456005486132199e+00 9.154638317671469849e+00 3.789935204868925211e+00 1.947277529357916137e+01 9.045316938350424607e+00
4.705057475506024267e-01 1.528890325474255405e+03 6.856599786922288331e-01 1.122266704784806279e+00 9.555167504724977334e+00 3.863768537460373409e+00 2.045780306527740322e+01 9.230894572296620026e+00
4.797313504437515363e-01 1.348024057655700062e+03 6.280723579432105907e-01 1.061937794450159345e+00 9.106764963227533372e+00 3.659802079159135246e+00 1.957309856334359210e+01 8.696499451746603881e+00
4.889569533369005905e-01 1.198540316932344240e+03 5.618660911006827519e-01 9.688523610595893842e-01 8.410103803394804345e+00 3.363922290478512878e+00 1.812601740463856004e+01 7.976633517960408426e+00
4.981825562300497001e-01 1.073657203243413960e+03 5.020877660269889020e-01 8.736421917703864892e-01 7.686468074109143345e+00 3.060447863897024945e+00 1.659601603746341425e+01 7.255927286430960521e+00
5.074081591231986987e-01 9.680696082182541886e+02 4.565669380585859471e-01 7.909384527944212095e-01 7.009539110263858674e+00 2.734744372163959270e+00 1.515285518849077562e+01 6.594061068387304658e+00
5.166337620163478084e-01 8.778006962440624648e+02 4.152820626450193231e-01 7.208490370674098813e-01 6.400509128568387496e+00 2.489938787890082494e+00 1.384816058846968190e+01 6.005284239467528096e+00
5.258593649094969180e-01 7.998719596608468692e+02 3.787338927205610162e-01 6.590989325550253852e-01 5.860818013849325325e+00 2.274709358374366275e+00 1.268834258012452665e+01 5.487560522214039338e+00
5.350849678026460277e-01 7.320255843201384778e+02 3.467401340653850639e-01 6.021161590318797607e-01 5.384901679199288083e+00 2.086072874465571658e+00 1.166329737454202586e+01 5.033589441952926791e+00
5.443105706957950263e-01 6.725229684740918401e+02 3.192058949734928319e-01 5.545429782475821412e-01 4.965238886647398431e+00 1.921330633212392058e+00 1.075792083545468358e+01 4.635005892763615520e+00
5.535361735889441359e-01 6.200037498570815160e+02 2.968104374864424244e-01 5.142527614267464742e-01 4.594317088243883518e+00 1.776215446784362939e+00 9.956683733403224323e+00 4.283918795280328595e+00
5.627617764820932456e-01 5.733874358730347467e+02 2.766656957429631802e-01 4.777206623782603856e-01 4.265335928892227457e+00 1.647874022392329607e+00 9.245333016689301076e+00 3.973393442439601131e+00
5.719873793752422442e-01 5.318040780668970910e+02 2.579375946285153987e-01 4.450127307475213456e-01 3.972392086893819396e+00 1.533867842191966702e+00 8.611394348403905497e+00 3.697519249524361840e+00
5.812129822683913538e-01 4.945446894057556051e+02 2.411036137748396868e-01 4.168080858752318818e-01 3.710457890221732669e+00 1.432142687525583824e+00 8.044186267427335224e+00 3.451325333547401897e+00
5.904385851615404635e-01 4.610252000613082259e+02 2.257079824839252069e-01 3.897290993223805344e-01 3.475286575821883162e+00 1.340977552211711554e+00 7.534651725064179573e+00 3.230651512180429563e+00
5.996641880546894621e-01 4.307598248776719743e+02 2.116892884026242427e-01 3.654277013778255423e-01 3.263300151888302025e+00 1.258931727897447672e+00 7.075138063140229860e+00 3.032017543276879223e+00
6.088897909478385717e-01 4.033410759211558911e+02 1.990011326717535667e-01 3.437907622068223645e-01 3.071081039933517332e+00 1.184796984746128601e+00 6.659179634828262806e+00 2.852506059471068056e+00
6.181153938409876814e-01 3.784245418926094544e+02 1.874755501357867615e-01 3.239894008118540114e-01 2.896283064022213694e+00 1.117556779192682370e+00 6.281303248615358825e+00 2.689663214481470277e+00
6.273409967341367910e-01 3.557171405672231685e+02 1.769703288907180649e-01 3.053221952723106369e-01 2.737035564095265272e+00 1.055793012052617996e+00 5.936861757457620570e+00 2.541416500490413455e+00
6.365665996272857896e-01 3.349679393317409790e+02 1.673645405559796018e-01 2.893767180906934300e-01 2.591483410731882486e+00 9.990892631319638895e-01 5.621894924752439238e+00 2.406007609411005888e+00
6.457922025204348992e-01 3.159609012656364939e+02 1.585548925569923995e-01 2.745360718736264971e-01 2.458041962335300923e+00 9.471622299455475513e-01 5.333014423439067286e+00 2.281937877368420686e+00
6.550178054135840089e-01 2.985090937973373002e+02 1.503524579907775660e-01 2.604910623551290882e-01 2.335351736023653757e+00 8.994679661140594362e-01 5.067309280181632403e+00 2.167924012378762200e+00
6.642434083067330075e-01 2.824500216795566416e+02 1.426933509993091320e-01 2.475805509457700282e-01 2.222241367283515956e+00 8.555390920378727060e-01 4.822268254493849327e+00 2.062862127998528194e+00
6.734690111998820061e-01 2.676418338750002022e+02 1.355515944437115650e-01 2.363766445424744234e-01 2.117697297957249702e+00 8.149721962732314751e-01 4.595716080609236087e+00 1.965798450466991198e+00
6.826946140930312268e-01 2.539602166747853573e+02 1.289065918465155391e-01 2.256916329149873945e-01 2.020838905122701590e+00 7.772535555144486352e-01 4.385760991911269002e+00 1.875905379479235080e+00
6.919202169861803364e-01 2.412958307578949473e+02 1.227050393776210058e-01 2.157189452986187916e-01 1.930898026159383107e+00 7.417931757483984256e-01 4.190751408190408256e+00 1.792461847019382049e+00
7.011458198793293350e-01 2.295521831459292912e+02 1.169469861425795898e-01 2.068806570765104880e-01 1.847202039610806423e+00 7.088312585655671683e-01 4.009240064964984640e+00 1.714837134378029759e+00
7.103714227724783337e-01 2.186438496465050036e+02 1.115901280012394636e-01 1.980616229454028598e-01 1.769159828518723998e+00 6.781288188392124994e-01 3.839954196477577852e+00 1.642477480190933647e+00
7.195970256656274433e-01 2.084949818422622911e+02 1.065972589304067242e-01 1.898996152773406720e-01 1.696250087397686457e+00 6.494755104108094201e-01 3.681770655100649492e+00 1.574894949271538280e+00
7.288226285587766640e-01 1.990380466607603296e+02 1.019443964405581937e-01 1.818064750258656659e-01 1.628011541332966772e+00 6.227765875521811267e-01 3.533695068319815391e+00 1.511658140031755693e+00
7.380482314519256626e-01 1.902127572469504742e+02 9.799927993918799984e-02 1.749724724045904622e-01 1.564034730985554233e+00 5.984612342329853618e-01 3.394844309404561500e+00 1.452384393353526093e+00
7.472738343450746612e-01 1.819651621037814095e+02 9.457078329427304197e-02 1.683257338788450852e-01 1.503955084978315426e+00 5.756303827514273053e-01 3.264431697547877320e+00 1.396733232801807389e+00
7.564994372382237708e-01 1.742468658802575305e+02 9.132844362005698713e-02 1.622681190882815372e-01 1.447447054885088846e+00 5.541591680853912294e-01 3.141754454685923292e+00 1.344400818953033649e+00
7.657250401313729915e-01 1.670143602161587921e+02 8.805225818207418342e-02 1.559915938912013189e-01 1.394219130784733807e+00 5.339358713435160553e-01 3.026183035199352389e+00 1.295115242461321259e+00
7.749506430245219901e-01 1.602284470263473395e+02 8.494348029398679500e-02 1.503382592232469506e-01 1.344009589404151939e+00 5.148602673030495680e-01 2.917152015854924230e+00 1.248632513686459333e+00
7.841762459176709887e-01 1.538537397694371123e+02 8.200613371292320153e-02 1.450948996580905259e-01 1.296582854118696559e+00 4.968422114096711084e-01 2.814152290436197745e+00 1.204733133161198566e+00
7.934018488108200984e-01 1.478582307770496129e+02 7.917165488856880984e-02 1.402226099409347171e-01 1.251726367912084470e+00 4.798004272328739717e-01 2.716724359380236820e+00 1.163219148309877937e+00
8.026274517039692080e-01 1.422129147599623877e+02 7.637757774600117955e-02 1.353925950708969594e-01 1.209247897985193276e+00 4.637251544670561998e-01 2.624452541772370751e+00 1.123911618800036649e+00
8.118530545971182066e-01 1.368914602602773130e+02 7.371795646918144485e-02 1.308180690168114779e-01 1.168973204901476493e+00 4.485478619924094801e-01 2.536959967002815119e+00 1.086648426575777648e+00
8.210786574902672053e-01 1.318699221655536462e+02 7.117072089531006895e-02 1.265838190073509395e-01 1.130744020668828398e+00 4.341352633936139682e-01 2.453904227729992726e+00 1.051282377677722479e+00
8.303042603834164259e-01 1.271264895041883278e+02 6.875646112430899848e-02 1.224653000463575836e-01 1.094416289542294862e+00 4.204331925403295145e-01 2.374973595658531167e+00 1.017679551943544425e+00
8.395298632765655356e-01 1.226412636449875606e+02 6.646614369422820801e-02 1.186143831976096408e-01 1.059858632895966934e+00 4.073922867451642560e-01 2.299883717673495198e+00 9.857178639225878669e-01
8.487554661697145342e-01 1.183960627830734182e+02 6.429150020942131505e-02 1.151462259263666965e-01 1.026951005999336530e+00 3.949674762556867336e-01 2.228374723659072743e+00 9.552858045259000619e-01
8.579810690628635328e-01 1.143742492043580796e+02 6.222494783705201371e-02 1.117691012907044978e-01 9.955835194061677385e-01 3.831175365462939908e-01 2.160208687668401240e+00 9.262813375825942330e-01
8.672066719560127535e-01 1.105605763491752356e+02 6.025951937350271237e-02 1.085455814083076120e-01 9.656554021457566250e-01 3.717808613624526970e-01 2.095167393663743383e+00 8.986109297387656625e-01
8.764322748491618631e-01 1.069410531254301873e+02 5.838880156768766483e-02 1.053992404037700226e-01 9.370740873385017267e-01 3.608915201739790746e-01 2.033050364348909511e+00 8.721886953949393728e-01
8.856578777423108617e-01 1.035028232869405826e+02 5.660688059106178116e-02 1.023267749526723946e-01 9.097544038113767328e-01 3.504805529358492322e-01 1.973673117918153253e+00 8.469356411870023749e-01
8.948834806354598603e-01 1.002340579995941567e+02 5.490829370863536951e-02 9.937848224700474020e-02 8.836178597358497200e-01 3.405181601667663926e-01 1.916865622763879173e+00 8.227789968315022406e-01
9.041090835286089700e-01 9.712385997735043475e+01 5.328798634501197284e-02 9.647218811277014083e-02 8.585920063542147318e-01 3.309768547168658870e-01 1.862470924552965812e+00 7.996516210958617421e-01
9.133346864217581906e-01 9.416217779022665013e+01 5.174127385596705153e-02 9.373437177072219129e-02 8.346098715806817836e-01 3.218312447273348198e-01 1.810343923758551909e+00 7.774914732799373951e-01
9.225602893149071893e-01 9.133972913343394850e+01 5.041006978987638831e-02 9.111600469563541083e-02 8.116094547071384113e-01 3.130578401085841733e-01 1.760350284819523381e+00 7.562411419619934350e-01
9.317858922080561879e-01 8.864793200643082116e+01 4.918413321580317188e-02 8.860572149048095980e-02 7.895332746648477951e-01 3.046348796248850022e-01 1.712365460717478527e+00 7.358474239143077966e-01
9.410114951012052975e-01 8.607884288709357179e+01 4.799544911203668107e-02 8.619726028102547843e-02 7.683279653253265451e-01 2.965421760748938595e-01 1.666273818969614240e+00 7.162609470705234571e-01
9.502370979943544071e-01 8.362510110319362866e+01 4.684198853743737345e-02 8.394126778034660674e-02 7.479439122012792041e-01 2.887609773956398840e-01 1.621967856916796791e+00 6.974358322523386278e-01
9.594627008875034058e-01 8.127987870391929448e+01 4.572188222010709069e-02 8.172718329912243007e-02 7.283349256534563665e-01 2.812738418064100188e-01 1.579347495785498268e+00 6.793293890677460922e-01
9.686883037806525154e-01 7.903683522079009549e+01 4.463340737083854037e-02 7.962407184649578085e-02 7.094579463462196145e-01 2.740645253555271665e-01 1.538319444367402866e+00 6.619018419919200369e-01
9.779139066738016250e-01 7.689007678208845675e+01 4.356552623916343236e-02 7.760030938833040182e-02 6.912727792377637570e-01 2.671178804419156450e-01 1.498796624327582094e+00 6.451160831544342500e-01
9.871395095669507347e-01 7.483411910969718406e+01 4.248921888415679859e-02 7.561448320956287716e-02 6.737418528578871246e-01 2.604197640655456780e-01 1.460697650155609040e+00 6.289374487956962412e-01
9.963651124600997333e-01 7.286385398329296947e+01 4.144998050870185580e-02 7.369863242678320603e-02 6.568300010248009357e-01 2.539569547133311289e-01 1.423946357630484272e+00 6.133335167319131642e-01
1.005590715353248843e+00 7.097451880566447358e+01 4.044588990771558201e-02 7.184897630399689206e-02 6.405042644971103982e-01 2.477170769218162150e-01 1.388471375413573128e+00 5.982739224920265997e-01
1.014816318246397842e+00 6.916166894527857778e+01 3.947514711099131546e-02 7.005335430312698008e-02 6.247337103528991520e-01 2.416885326702811199e-01 1.354205735016890344e+00 5.837301920674207167e-01
1.024041921139547062e+00 6.742115256931917600e+01 3.853606376738127892e-02 6.833310501654921154e-02 6.094892671420950592e-01 2.358604388594329748e-01 1.321086514947978685e+00 5.696755894584555335e-01
1.033267524032696061e+00 6.574908771267054419e+01 3.762705436099622602e-02 6.667389181659189035e-02 5.947435740788051817e-01 2.302225702127174145e-01 1.289054515302836990e+00 5.560849774061153994e-01
1.042493126925845059e+00 6.414184135660126174e+01 3.674662816976592694e-02 6.506713466473001972e-02 5.804708427289853034e-01 2.247653070140032128e-01 1.258053959490553098e+00 5.429346898787201781e-01
1.051718729818994280e+00 6.259601031569095397e+01 3.589338188825763609e-02 6.351291688003612990e-02 5.666467298124757690e-01 2.194795871557815303e-01 1.228032220124994467e+00 5.302024150367969924e-01
1.060944332712143279e+00 6.110840375320049134e+01 3.506599284177980280e-02 6.200841959434200135e-02 5.532482198770836135e-01 2.143568620291418370e-01 1.198939566421842073e+00 5.178670875325792622e-01
1.070169935605292277e+00 5.967602716417190578e+01 3.426321272903720683e-02 6.055096481219379712e-02 5.402535167233040170e-01 2.093890558320197215e-01 1.170728930700768444e+00 5.059087891156721639e-01
1.079395538498441276e+00 5.829606768226861391e+01 3.348386183470353217e-02 5.913800334663932290e-02 5.276419425588017020e-01 2.045685279128690581e-01 1.143355691815969521e+00 4.943086566137324667e-01
1.088621141391590497e+00 5.696588058102258856e+01 3.272682365849277630e-02 5.776710354264480429e-02 5.153938439473861877e-01 1.998880378011875791e-01 1.116777473521942454e+00 4.830487964405065782e-01
1.097846744284739717e+00 5.568297685309018163e+01 3.199103991292417959e-02 5.643594068693857935e-02 5.034905036873666972e-01 1.953407126040431763e-01 1.090953955942914888e+00 4.721122048540138394e-01
1.107072347177888716e+00 5.444501176240004270e+01 3.126635890657780692e-02 5.516399559690654542e-02 4.919140578108809336e-01 1.909200164720132875e-01 1.065846698439465001e+00 4.614826932447115837e-01
1.116297950071037715e+00 5.324977427397458740e+01 3.053371142615191047e-02 5.390707095400415483e-02 4.806474169394618912e-01 1.866197218559761950e-01 1.041418972266953347e+00 4.511448177804879833e-01
1.125523552964186713e+00 5.209517727481834015e+01 2.981761333339250086e-02 5.268773551801331223e-02 4.696741912611486214e-01 1.824338822899846946e-01 1.017635601495719300e+00 4.410838127712040091e-01
1.134749155857335934e+00 5.097924850675659769e+01 2.911770124750745481e-02 5.149789685465577804e-02 4.589786184125159707e-01 1.783568064466223291e-01 9.944628107112478688e-01 4.312855271398277068e-01
1.143974758750484932e+00 4.990012213849736611e+01 2.841679374478900399e-02 5.033328041426443633e-02 4.485454935541213217e-01 1.743830332136013794e-01 9.718680780354702620e-01 4.217363634027151420e-01
1.153200361643633931e+00 4.885603090964195161e+01 2.772452752543586030e-02 4.919607502977640934e-02 4.383601009176203434e-01 1.705073075430760809e-01 9.498199920047980527e-01 4.124232185641787396e-01
1.162425964536783152e+00 4.784529878385027502e+01 2.704722339937148945e-02 4.813377507992555593e-02 4.284081460782758199e-01 1.667245568187354365e-01 9.282881108054468200e-01 4.033334263232575267e-01
1.171651567429932372e+00 4.686633405195313884e+01 2.638468399614168902e-02 4.705047889404312400e-02 4.186756881650666173e-01 1.630298674748758003e-01 9.072428222992954261e-01 3.944546999679019450e-01
1.180877170323081371e+00 4.591762282848693388e+01 2.573672961728590280e-02 4.596439083131542702e-02 4.091490711571665884e-01 1.594184615859219889e-01 8.866552031657164434e-01 3.857750752984259179e-01
1.190102773216230370e+00 4.499772288685203847e+01 2.510319374020042460e-02 4.491644046882470320e-02 3.998148533314491715e-01 1.558856731173037247e-01 8.664968753368000876e-01 3.772828528673102255e-01
1.199328376109379368e+00 4.410525777901865041e+01 2.450566983154800482e-02 4.391072018994890414e-02 3.906597338104447203e-01 1.524269234975363929e-01 8.467398576985090131e-01 3.689665387517067074e-01
1.208553979002528589e+00 4.323891118534632483e+01 2.392247572184658111e-02 4.289589594746701096e-02 3.816704750135855306e-01 1.490376961231945074e-01 8.273564107650557276e-01 3.608147829782240024e-01
1.217779581895677588e+00 4.239742143841468192e+01 2.333251865413643600e-02 4.191007799312984616e-02 3.728338196222225065e-01 1.457135093519710267e-01 8.083188716891314129e-01 3.528163145944915868e-01
1.227005184788826586e+00 4.157957616163985648e+01 2.276943620972105009e-02 4.093056307886655532e-02 3.641364004270357668e-01 1.424498874617228239e-01 7.895994765290765827e-01 3.449598722209401558e-01
1.236230787681975807e+00 4.078420695849927569e+01 2.207473994371156323e-02 3.996139081484528788e-02 3.555646411156345721e-01 1.392423289567830125e-01 7.711701661316183731e-01 3.372341287099658302e-01
1.245456390575124805e+00 4.001018408102688539e+01 2.148495848697251631e-02 3.900282706495517004e-02 3.471046456634212518e-01 1.360862714784119021e-01 7.530023712722027085e-01 3.296276082780167371e-01
1.254681993468273804e+00 3.925641099621092422e+01 2.095657029855857445e-02 3.806764880349078339e-02 3.387420734884827311e-01 1.329770524163933487e-01 7.350667717826127046e-01 3.221285941397553643e-01
1.263907596361422803e+00 3.852181875531246646e+01 2.063555051940113572e-02 3.714712590628010958e-02 3.303925407648549140e-01 1.299098641160227885e-01 7.173330232308714471e-01 3.147250242494834538e-01
1.273133199254572023e+00 3.780536005270224820e+01 2.021336731530709585e-02 3.622550971554261423e-02 3.220594854875145074e-01 1.268797023107310906e-01 6.997694432276304610e-01 3.074043722072516971e-01
1.282358802147721244e+00 3.710600283613673867e+01 1.975033151175153989e-02 3.521096090609177054e-02 3.137738505103371267e-01 1.238813060726258186e-01 6.823426475153979709e-01 3.001535096885419307e-01
1.291584405040870243e+00 3.642272329724749369e+01 1.928526490673476701e-02 3.433419234878698489e-02 3.055172053912755814e-01 1.209090871337465956e-01 6.650171235229578315e-01 2.929585458535370890e-01
1.300810007934019241e+00 3.575449802640930130e+01 1.884222221011100373e-02 3.348671272249958974e-02 2.972695319214508913e-01 1.179570458570822211e-01 6.477547258509019912e-01 2.858046380254393171e-01
1.310035610827168240e+00 3.510029505580369857e+01 1.844527013987828923e-02 3.263905716278969749e-02 2.890088671132531317e-01 1.150186703854743087e-01 6.305140739577339559e-01 2.786757664057546435e-01
1.319261213720317460e+00 3.445906343224077517e+01 1.802392574855105067e-02 3.178336552560523387e-02 2.807108695118927244e-01 1.120868145052256182e-01 6.132498268008177433e-01 2.715544636064137762e-01
1.328486816613466459e+00 3.382972084830117865e+01 1.756579483648579298e-02 3.088971708991294918e-02 2.723482880318499610e-01 1.091535484448797888e-01 5.959118018973086350e-01 2.644214871606465067e-01
1.337712419506615458e+00 3.321113870352455422e+01 1.718040020057998163e-02 3.003031235311226510e-02 2.638903061328505828e-01 1.062099750726801517e-01 5.784438965723666115e-01 2.572554197077181470e-01
1.346938022399764678e+00 3.260212374741330166e+01 1.673459295365375965e-02 2.928254683413200610e-02 2.547039674373507978e-01 1.032460015925238395e-01 5.607827561797478211e-01 2.500321769353277546e-01
1.356163625292913677e+00 3.200139514374589567e+01 1.625821416678974174e-02 2.850056760300034853e-02 2.458201378354516464e-01 1.002500536420924959e-01 5.428561165939456146e-01 2.427243971894270658e-01
1.365389228186062898e+00 3.140755534669176541e+01 1.593806900145011696e-02 2.763287764190636153e-02 2.369590444362899007e-01 9.720871434640443454e-02 5.245807245861939805e-01 2.353006783641760080e-01
1.374614831079211896e+00 3.081905252446210852e+01 1.556382036050152351e-02 2.675573516841467381e-02 2.291215882507984247e-01 9.405648652406028987e-02 5.058597074604662680e-01 2.277246164926154393e-01
1.383840433972360895e+00 3.023413129705824787e+01 1.495471048069063613e-02 2.579059985139053879e-02 2.205246781202809814e-01 9.051130894983572261e-02 4.865792193121230014e-01 2.199535853399261498e-01
1.393066036865510116e+00 2.965076709678504230e+01 1.405414053484932424e-02 2.487868628831435558e-02 2.112025090181148812e-01 8.679718374441591777e-02 4.666041311394018010e-01 2.119371759143788836e-01
1.402291639758658892e+00 2.906657722910169994e+01 1.319859729692396400e-02 2.391240430168295461e-02 2.023753765290585704e-01 8.333857963118518342e-02 4.457724502011757295e-01 2.036151875193965566e-01
1.411517242651808113e+00 2.847869823366461262e+01 1.234399000469110774e-02 2.297170873654152956e-02 1.892997556618709609e-01 7.974832353832539411e-02 4.238880439275263257e-01 1.925826322853332329e-01
1.420742845544957333e+00 2.788361361775739766e+01 1.146207707541790910e-02 2.212596984734105376e-02 1.788949864441988780e-01 7.596942846640786229e-02 4.007110994794942371e-01 1.796366683491150695e-01
1.429968448438106332e+00 2.727690706540179022e+01 1.059945627525493705e-02 2.101910505426118903e-02 1.677137971613902323e-01 7.197441145832428333e-02 3.759455718183204453e-01 1.656109545798010174e-01
1.439194051331255553e+00 2.665290135634493041e+01 9.635074681057176349e-03 1.997874564656854091e-02 1.544948046819989429e-01 6.756761964388502406e-02 3.492226820157888767e-01 1.520804965881374926e-01
1.448419654224404329e+00 2.600411802836464403e+01 8.818061837409629788e-03 1.895239521217462197e-02 1.410956114379544601e-01 6.291218313114654848e-02 3.301166920825124862e-01 1.396020243661553195e-01
1.457645257117553550e+00 2.532044916281540026e+01 7.983623463971412093e-03 1.757854753315868379e-02 1.261122218111090376e-01 5.721195936618883593e-02 2.929144452646035290e-01 1.258304862264445489e-01
1.466870860010702771e+00 2.458785552864082646e+01 7.487728294247375516e-03 1.598066908936957020e-02 1.075410120877684506e-01 5.206505961677976302e-02 2.562391228532305831e-01 1.115718846564917044e-01
1.476096462903851547e+00 2.378626695119220358e+01 7.321073319698001569e-03 1.413875681185672306e-02 9.098760949488138294e-02 4.582286642021671241e-02 2.182919342640836646e-01 9.866760496230853050e-02
1.485322065797000768e+00 2.288611201733997191e+01 7.868020619582694053e-03 1.221938228686525463e-02 7.340494889873383499e-02 4.288832279928200819e-02 1.759877700690317681e-01 1.037606393174534958e-01
1.494547668690149766e+00 2.184246982294017059e+01 8.481950492541301401e-03 9.605440210581406291e-03 5.336279714370917304e-02 4.166966274823025174e-02 1.421473521743941149e-01 1.563239983293414070e-01
1.503773271583298987e+00 2.058516514760550820e+01 1.013799491648015305e-02 7.788209432501247420e-03 3.837305968396975686e-02 4.063768830256009323e-02 8.240656120680966978e-02 1.758095498957210623e-01
1.512998874476448208e+00 1.900257031774902217e+01 1.191426280824003925e-02 8.517254012048169898e-03 3.157876401400727673e-02 5.203835971847325936e-02 7.395872992736229889e-02 2.171258356159775360e-01
1.522224477369596984e+00 1.691919751587072440e+01 1.679818769916607835e-02 1.090532876064287393e-02 3.993267316776538678e-02 7.605188504764370805e-02 7.788227549056969679e-02 2.867249276822789739e-01
1.531450080262746205e+00 1.408661405627179697e+01 2.298084340262107617e-02 1.547036421430547648e-02 5.025570627933717560e-02 1.100482832773632680e-01 1.024252203318614107e-01 3.418956092986249473e-01
1.540675683155895204e+00 1.029818584285550642e+01 2.645290023082935704e-02 1.691710082095454482e-02 5.428156071490874979e-02 1.113863662570206969e-01 1.337435622458222895e-01 3.208400075948549812e-01
1.549901286049044202e+00 5.970535013084477427e+00 2.345832854064511253e-02 1.943363217189730818e-02 4.858204437666557851e-02 7.035446976556691823e-02 1.302645886457689528e-01 2.136672713147129699e-01
1.559126888942193201e+00 3.184219383089366584e+00 4.879147407983808193e-02 4.526922884382145185e-02 8.634308721545025378e-02 8.235418905227254172e-02 1.406502468635402181e-01 1.088937201051107806e-01
1.568352491835342422e+00 4.390483488827111813e+00 8.595665583729061865e-02 8.260600530741868397e-02 1.667181278506202347e-01 1.529981622339446901e-01 3.466066840976482766e-01 2.194179100846742614e-01
1.577578094728491642e+00 8.977496803033071515e+00 8.189772335486900090e-02 7.870587348322821697e-02 1.732795508896050052e-01 1.604014462669951513e-01 4.185555468601673823e-01 5.490674068993559587e-01
1.586803697621640641e+00 1.561778868714149660e+01 4.840382120850428294e-02 4.425224951713779831e-02 1.466472179879456661e-01 1.821445743812653006e-01 3.797231832955176856e-01 9.118697696154001164e-01
1.596029300514789639e+00 2.447766875032077039e+01 1.696272844039121708e-01 1.633666132604894017e-01 3.213533990618202552e-01 3.760955382480268838e-01 5.159334791842589141e-01 1.136592821899881756e+00
1.605254903407938860e+00 3.310455217903148650e+01 2.845478426663134996e-01 2.961156309710020196e-01 5.736271936795702686e-01 5.228731382501479175e-01 8.099286095342961289e-01 1.329333946751138029e+00
1.614480506301087859e+00 3.665409058876682025e+01 3.054534874471173111e-01 3.333203394158488209e-01 6.457376089367272698e-01 5.606362803387057170e-01 1.038414042668435400e+00 1.027735164345074281e+00
1.623706109194236857e+00 3.585979019292438608e+01 2.653657763140344628e-01 2.993888019273711620e-01 5.940030209087652224e-01 4.959256431645542307e-01 1.010562530227453237e+00 8.214541657775882300e-01
1.632931712087385856e+00 3.378439456327311774e+01 2.235948368137528064e-01 2.495822199279587039e-01 5.049285307650706045e-01 4.189596627852196775e-01 9.232729022452801360e-01 6.991589360257393082e-01
1.642157314980535077e+00 3.178093453057192619e+01 1.875922123593731783e-01 2.084970240057373303e-01 4.396089522313957332e-01 3.509551802311889901e-01 8.536344588151578705e-01 5.354834097148319927e-01
1.651382917873684297e+00 3.012554697358014977e+01 1.578210590000423963e-01 1.792067965114476635e-01 3.855346604553346879e-01 2.998930350278321555e-01 7.847973099969536293e-01 4.619277858982187013e-01
1.660608520766833296e+00 2.879254823279252662e+01 1.361974043402582879e-01 1.560626266825444475e-01 3.521877180874888325e-01 2.652982303731761249e-01 7.376801431386432739e-01 4.297375487870667143e-01
1.669834123659982295e+00 2.770810133691098542e+01 1.213089392637982655e-01 1.394929899542525220e-01 3.268078628791002416e-01 2.388566185548413046e-01 6.995537572426258066e-01 3.798578881254321971e-01
1.679059726553131293e+00 2.680786751543282165e+01 1.091999619140580080e-01 1.262735506127405927e-01 3.121854811463506962e-01 2.140620540891404744e-01 6.680614662739685627e-01 3.450152976684641715e-01
1.688285329446280514e+00 2.604429470387540491e+01 9.922831853840818894e-02 1.164331936565723424e-01 3.001078122001992199e-01 1.973683879828129761e-01 6.414328020428072819e-01 3.176880931634578076e-01
1.697510932339429290e+00 2.538359051466431637e+01 9.202971074034849153e-02 1.081994754026567307e-01 2.888108485949913984e-01 1.832861100680389654e-01 6.194710563795204905e-01 3.044507264927318602e-01
1.706736535232578511e+00 2.480179357726519740e+01 8.534678842592668957e-02 1.015175448093081911e-01 2.798865962001677588e-01 1.697334440171403003e-01 6.002855884340334569e-01 2.937971700366510674e-01
1.715962138125727732e+00 2.428172322227349511e+01 8.021902559081439676e-02 9.594549203658786496e-02 2.716062599182187398e-01 1.598420333278198768e-01 5.829997357965837068e-01 2.844344215521275032e-01
1.725187741018876730e+00 2.381086217820658035e+01 7.493929939297316878e-02 9.111216904726049393e-02 2.640256962282059305e-01 1.523394421409030031e-01 5.672590686465746046e-01 2.764568016871393752e-01
1.734413343912025951e+00 2.337993104964681024e+01 7.140976102466467523e-02 8.649823384717691965e-02 2.571472619832100293e-01 1.461053983899986974e-01 5.527969355575130805e-01 2.697066251100466161e-01
1.743638946805174728e+00 2.298193112477003197e+01 6.810215655311679939e-02 8.304783050456165938e-02 2.499675307426620918e-01 1.402849848049427806e-01 5.394091374369196501e-01 2.634549921104181180e-01
1.752864549698323948e+00 2.261149613148452886e+01 6.547911045445076184e-02 7.996896260750929741e-02 2.434053165344529646e-01 1.348273215345372478e-01 5.269365048072742752e-01 2.576266461179130829e-01
1.762090152591473169e+00 2.226444736457224494e+01 6.313213054308874916e-02 7.741047236065412562e-02 2.380692384437068654e-01 1.307359644178625047e-01 5.152528775593445687e-01 2.521625051131728412e-01
1.771315755484621945e+00 2.193748375107369242e+01 6.083477299566908414e-02 7.513144946076977249e-02 2.331151618913338552e-01 1.277265213193032878e-01 5.042567156700812347e-01 2.470153345903582931e-01
1.780541358377771166e+00 2.162796256281828988e+01 5.872562688496785199e-02 7.300931898220852645e-02 2.286579180700094582e-01 1.244616531911546531e-01 4.938651545265422271e-01 2.421467681009765727e-01
1.789766961270920165e+00 2.133374189389339293e+01 5.724291004716164366e-02 7.115893283620522425e-02 2.243128360969777191e-01 1.212768620005810760e-01 4.840097227814617042e-01 2.375252071524229791e-01
1.798992564164069385e+00 2.105306584833241246e+01 5.592980187028473438e-02 6.949814027028367036e-02 2.201404740252357328e-01 1.184196478108070494e-01 4.746332066228831081e-01 2.331243085845322582e-01
1.808218167057218606e+00 2.078447969650850169e+01 5.458089465187399014e-02 6.800059755505216685e-02 2.161259891842668424e-01 1.158446051563117862e-01 4.656873168104347371e-01 2.289218733324283050e-01
1.817443769950367383e+00 2.052676635942221850e+01 5.340191374187241991e-02 6.661399224430297750e-02 2.122565056185372612e-01 1.135142857434168207e-01 4.571309267516312502e-01 2.248990152680399035e-01
1.826669372843516603e+00 2.027889827795384647e+01 5.234853719760224067e-02 6.525624771043680994e-02 2.085207685900272168e-01 1.113975461147909130e-01 4.489287231092013997e-01 2.210395293349805002e-01
1.835894975736665824e+00 2.004000052319642577e+01 5.143157876950610330e-02 6.408622112503792323e-02 2.049088747650920084e-01 1.094682863492622005e-01 4.410501588837263398e-01 2.173294040772226765e-01
