3.113640976437810903e-01 1.948639358975889913e+00 2.000734560494432657e-04 1.864366452373200644e-04 4.611860322647487465e-04 3.550794117954669815e-04 6.832510049334938884e-04 5.882815802833452068e-04
3.394099304389541771e-01 1.593918961337918994e+00 4.109185545118076988e-04 3.865018746291859486e-04 9.403646537655685478e-04 7.327130119554325915e-04 1.400756028059779723e-03 1.214782016888404925e-03
3.670867391184013950e-01 1.260482923825385848e+00 8.845148085021570239e-04 8.547653230259744106e-04 2.028262175294059944e-03 1.650746443044637246e-03 3.035434166911654685e-03 2.658810148187251698e-03
3.761278299536874870e-01 1.136446142976509144e+00 1.171677775627877338e-03 1.152862289806488860e-03 2.697761369433671064e-03 2.170035037503126318e-03 4.022016576698650425e-03 3.444230308809803631e-03
3.857224569625625765e-01 9.798958792092011816e-01 1.622248529528524941e-03 1.570823246558661346e-03 3.743068041042518779e-03 2.949012851887311548e-03 5.476998929333509736e-03 4.585790312091608811e-03
3.943945236821226330e-01 7.979947812966444731e-01 2.137008681726282333e-03 2.074259429458380488e-03 4.990996537094671837e-03 4.021246506767273132e-03 7.117752183958714340e-03 6.100298629819755902e-03
3.991918371865600945e-01 6.721235546938242322e-01 2.410387918265977092e-03 2.319930414678150754e-03 5.620795213608364982e-03 4.524859656754531834e-03 8.163271973623986710e-03 6.920380384478841407e-03
4.037123826042031682e-01 5.339552870034443011e-01 2.540108076163005713e-03 2.464893882420882143e-03 6.096866323338390181e-03 5.090732266847197707e-03 8.501500525003535813e-03 7.331795565038157214e-03
4.084174400797092597e-01 3.756930602587846280e-01 2.301681788279219543e-03 2.288748118003336440e-03 5.501363391310465367e-03 5.031030232906630317e-03 7.637228604065460225e-03 6.928551013499539835e-03
4.136760337288042377e-01 2.164963931212109949e-01 1.346212385360312513e-03 1.336440587444004402e-03 3.332854851426952925e-03 3.120936661693218817e-03 5.322108370616945860e-03 4.477039926127662772e-03
4.174585309149952961e-01 1.617602150392295768e-01 1.183145509576766230e-04 1.236039938444233321e-04 3.216022480053148946e-04 2.570590386598292643e-04 7.792251843284081492e-04 3.379471642110387641e-04
4.220713323615698509e-01 2.229094583516305628e-01 1.397341836322757436e-03 1.483376624819121581e-03 4.341961190701182360e-03 3.432419908193096170e-03 6.658757314636359892e-03 8.302612256796709778e-03
4.266841338081444057e-01 4.153995631024334778e-01 2.476137956988866407e-03 2.613444677305898356e-03 7.822739712622706065e-03 6.518757270240038704e-03 1.150487181786297164e-02 1.506111126641779263e-02
4.316659593704448294e-01 6.618091638212315608e-01 3.283953705906506038e-03 3.263182383216989280e-03 8.004485932298188722e-03 7.454117982509611551e-03 1.220540391201552222e-02 1.532507949974593053e-02
4.361865047880879587e-01 8.390129973666039520e-01 3.324070329515427247e-03 3.225002534233523122e-03 7.272861521486539971e-03 6.580166183618452180e-03 1.216831408308172158e-02 1.235356355041639098e-02
4.408915622635939391e-01 9.589364606833321591e-01 2.805226135981664370e-03 2.681337142859563372e-03 5.779195382125346114e-03 5.156722884421593989e-03 9.045642390836605706e-03 9.711294487844246426e-03
4.456888757680314561e-01 1.028298279185982711e+00 2.080641843339003927e-03 2.020380133763710617e-03 4.543084308542333360e-03 3.928571864973084971e-03 6.993303703380915337e-03 7.370539121935415494e-03
4.508552133881948976e-01 1.064523538512537559e+00 1.477144524432372208e-03 1.452054943475555859e-03 3.245392694690707458e-03 2.757687666504304858e-03 4.770297544413049096e-03 5.232601409722370533e-03
4.598963042234810450e-01 1.077142552881827919e+00 7.619591116578838808e-04 7.354485958899203979e-04 1.740733239087965956e-03 1.397118691816912062e-03 2.308411251474629111e-03 2.680874730561111363e-03
4.783475100097790977e-01 1.032647650912083437e+00 7.764539543742010608e-05 7.253441425625339889e-05 1.606043821387181936e-04 1.517239819552873570e-04 2.086113848203119403e-04 2.819808981575633311e-04
4.966142037382142993e-01 9.702214480527903140e-01 1.711813589455601914e-04 1.800192981535886361e-04 3.082247180362651662e-04 4.223411019063094685e-04 5.237810426709232914e-04 5.840448321230429229e-04
5.152499215823753698e-01 9.087410437674013908e-01 2.790688358934589886e-04 2.951068595438144371e-04 5.158333560573158394e-04 6.879259431779027878e-04 8.804788526152185213e-04 9.456622010960424873e-04
5.338856394265365513e-01 8.529561246780247297e-01 3.309553061632275472e-04 3.509404309504082775e-04 6.198742955004776789e-04 8.141252593907299939e-04 1.059717199019538647e-03 1.125344511817116810e-03
5.611011679613262526e-01 7.817190495917357707e-01 3.630214004471943312e-04 3.891354095633126065e-04 6.971971354232664453e-04 8.927977045684043489e-04 1.183454067313238767e-03 1.244487390865245402e-03
5.890547447275679138e-01 7.193621009465263061e-01 3.726115200280988304e-04 4.024326781392195684e-04 7.192989031281626922e-04 9.174852593730742356e-04 1.235520854948934932e-03 1.290375419336742269e-03
6.461612266361607126e-01 6.177335388801548088e-01 3.728688172489613706e-04 4.011173045883609234e-04 7.113316128979363384e-04 9.298390475590556647e-04 1.168484685233894815e-03 1.294877274028327641e-03
1.507463512740557343e+00 1.771589812314525170e-01 1.142059220377855677e-03 1.199855040970670972e-03 2.617470850301284457e-03 3.136429670496820865e-03 3.765784337109889801e-03 4.659249182354857632e-03
1.535140321420004783e+00 1.935869017608289055e-01 1.563772830405735226e-03 1.654718331878246573e-03 3.506336617082855822e-03 4.272261497432788824e-03 5.238575520571220334e-03 6.379927222883136073e-03
1.544365924313154004e+00 2.095730929038866208e-01 1.784100130432009212e-03 1.781644081217781395e-03 3.942023202992389619e-03 4.699266121310968769e-03 6.357453075015589983e-03 7.055912419652587975e-03
1.553591527206302780e+00 2.257914699523067004e-01 1.873100907462260656e-03 1.990537332821229466e-03 4.482695630925431773e-03 4.824790880582213726e-03 7.191973144785063221e-03 7.534061890661636340e-03
1.562817130099452001e+00 2.212824460838086205e-01 2.055839519932572967e-03 2.200715644933182169e-03 5.111278668907426326e-03 5.252060462455271361e-03 9.346834456584657280e-03 8.016663107588556381e-03
1.572042732992601222e+00 1.790212929241563888e-01 1.916903875313902272e-03 2.048747849790644171e-03 4.399316213139492504e-03 4.540861352956726549e-03 8.534618097128021663e-03 7.476041027775381931e-03
1.582190896175065253e+00 1.127906054695525379e-01 1.304945313494704218e-03 1.287715321888982523e-03 2.607875690381358802e-03 2.802915243973774784e-03 4.898473208684070435e-03 4.210117900845883332e-03
1.591416499068214252e+00 7.742895497989984999e-02 1.392363552065303822e-03 1.490574527335253308e-03 3.174973594011254452e-03 3.457876258250017210e-03 4.520046595112722776e-03 4.486571043455872543e-03
1.600642101961363251e+00 1.065206301238579845e-01 1.576088955548157755e-03 1.618257463854480549e-03 3.716228862590223447e-03 3.888816317349344520e-03 5.321826891713052343e-03 5.014486524714770188e-03
1.609867704854512471e+00 1.833543924856348983e-01 2.055971191003203025e-03 1.928549164347176381e-03 4.335767307052901254e-03 4.773049183818600660e-03 6.532876355228200982e-03 7.170488217710213608e-03
1.618170747458346659e+00 2.369141986752445750e-01 2.236066536945330308e-03 2.050966738829929081e-03 5.047325885196740636e-03 5.516332058789624737e-03 7.191170559157328279e-03 9.150468535915778912e-03
1.626473790062180402e+00 2.611448803793228191e-01 1.768121753107421146e-03 1.682610420341679180e-03 3.549440875008580409e-03 4.155848711299037213e-03 4.799187695164963685e-03 7.135029168075901485e-03
1.636621953244644656e+00 2.673669098555364054e-01 1.190992984689720480e-03 1.231681520919014616e-03 2.155165281082005446e-03 2.813541629362426022e-03 3.066096418770536403e-03 3.979843113045666847e-03
1.654150598741627620e+00 2.584096593167506950e-01 1.068695402134611783e-03 1.124251497673145472e-03 2.214179688360295994e-03 2.648844647776538164e-03 3.595058276391394081e-03 3.904858605877803424e-03
1.746406627673118495e+00 2.104768638871120923e-01 8.789541339721262947e-04 9.051720793800677178e-04 1.961455472028583724e-03 2.290097945155084025e-03 3.605333789739789685e-03 3.564517189842575373e-03
1.837740096315294336e+00 1.885287585265929544e-01 6.755894616114754836e-04 6.747517180173134843e-04 1.511017236670408881e-03 1.692891554602171666e-03 2.718192894633264522e-03 2.762948839156953440e-03
