2.306400723287267349e-02 5.572493953409607200e+16 -8.000000000000000000e+00 8.000000000000000000e+00 0.000000000000000000e+00 2.400000000000000000e+01 0.000000000000000000e+00 2.400000000000000000e+01
3.228961012602173802e-02 1.163078255396038125e+14 2.687500000000000000e+00 2.468750000000000000e+00 6.093750000000000000e+00 4.875000000000000000e+00 8.734375000000000000e+00 7.593750000000000000e+00
4.151521301917080603e-02 2.104248557364777344e+12 2.443603515625000000e+00 2.260986328125000000e+00 5.543212890625000000e+00 4.413574218750000000e+00 7.947265625000000000e+00 6.950683593750000000e+00
5.074081591231988098e-02 1.178572736988726501e+11 2.262680053710937500e+00 2.095657348632812500e+00 5.135696411132812500e+00 4.075927734375000000e+00 7.374130249023437500e+00 6.468017578125000000e+00
5.996641880546894204e-02 1.301894237723443413e+10 2.119171142578125000e+00 1.971521377563476562e+00 4.820365905761718750e+00 3.813461303710937500e+00 6.932266235351562500e+00 6.098211288452148438e+00
6.919202169861800311e-02 2.246726883187690258e+09 2.003549575805664062e+00 1.882387161254882812e+00 4.572041511535644531e+00 3.603544235229492188e+00 6.582340240478515625e+00 5.777190208435058594e+00
7.841762459176707112e-02 5.296187564301249385e+08 1.899279952049255371e+00 1.801622569561004639e+00 4.379359781742095947e+00 3.432170450687408447e+00 6.299831628799438477e+00 5.515169382095336914e+00
8.764322748491613913e-02 1.568588220332435966e+08 1.830252766609191895e+00 1.730683505535125732e+00 4.221263527870178223e+00 3.290138185024261475e+00 6.068700730800628662e+00 5.299322366714477539e+00
9.686883037806519325e-02 5.523747842984219640e+07 1.776820704340934753e+00 1.668775402009487152e+00 4.077215634286403656e+00 3.187621779739856720e+00 5.878024712204933167e+00 5.129627190530300140e+00
1.060944332712142474e-01 2.226401191595157981e+07 1.735016480088233948e+00 1.619485300034284592e+00 3.956734482198953629e+00 3.115295484662055969e+00 5.720129046589136124e+00 5.001585319638252258e+00
1.153200361643633154e-01 9.994982391885673627e+06 1.693634364753961563e+00 1.579429304227232933e+00 3.855796387419104576e+00 3.056596567854285240e+00 5.589490577578544617e+00 4.896859126165509224e+00
1.245456390575123834e-01 4.898251259790111333e+06 1.661203891038894653e+00 1.544160346500575542e+00 3.771159291267395020e+00 3.009717968292534351e+00 5.482064527459442616e+00 4.812043069861829281e+00
1.337712419506614514e-01 2.580954992801981512e+06 1.633492317050695419e+00 1.518215546850115061e+00 3.704934439621865749e+00 2.973163017537444830e+00 5.394856951199471951e+00 4.744629484135657549e+00
1.429968448438105333e-01 1.445114340880509932e+06 1.610969391884282231e+00 1.495389989344403148e+00 3.651548866182565689e+00 2.945828477619215846e+00 5.325644582975655794e+00 4.692770420340821147e+00
1.522224477369596152e-01 8.519136447652523639e+05 1.590794603223912418e+00 1.475316462107002735e+00 3.609494682867079973e+00 2.913818389060907066e+00 5.272786894231103361e+00 4.655118307331576943e+00
1.614480506301086971e-01 5.248722670147512108e+05 1.569193941890262067e+00 1.457073862897232175e+00 3.577900581061840057e+00 2.881121694459579885e+00 5.235097983153536916e+00 4.630717709194868803e+00
1.706736535232577512e-01 3.359503811897584237e+05 1.552027627534698695e+00 1.445085056649986655e+00 3.556149364798329771e+00 2.856176662200596184e+00 5.211758591467514634e+00 4.618931485281791538e+00
1.798992564164068331e-01 2.222913457534970657e+05 1.553294046840164810e+00 1.437667945225257427e+00 3.543834713200340047e+00 2.833100022777216509e+00 5.202256047690752894e+00 4.619390980340540409e+00
1.891248593095559150e-01 1.514321903581010411e+05 1.553028546681161970e+00 1.436790237057721242e+00 3.540731966408202425e+00 2.809263495117193088e+00 5.206344417354557663e+00 4.631963721360079944e+00
1.983504622027049968e-01 1.058441802535063034e+05 1.551373158537899144e+00 1.444804607832338661e+00 3.549984709447016940e+00 2.791236443095840514e+00 5.224019947869237512e+00 4.656734527481603436e+00
2.075760650958540787e-01 7.568289460154960398e+04 1.560273547205724753e+00 1.460650821769377217e+00 3.562454653263557702e+00 2.785773681651335210e+00 5.255508723974344321e+00 4.693997510956251062e+00
2.168016679890031329e-01 5.522274234674510080e+04 1.574496527413430158e+00 1.468725067752529867e+00 3.587572862372326199e+00 2.819341080743470229e+00 5.301264683941553812e+00 4.744244666086160578e+00
2.260272708821522147e-01 4.102780239502185577e+04 1.592883131204871461e+00 1.486867833722499199e+00 3.622578998438257258e+00 2.860938319841807242e+00 5.361977012056740932e+00 4.808133732563874219e+00
2.352528737753012689e-01 3.097729832757111581e+04 1.619746326243330259e+00 1.500880680658156052e+00 3.668028186719311634e+00 2.899716823671042221e+00 5.438586545697035035e+00 4.886706583107297774e+00
2.444784766684503230e-01 2.372845420243471017e+04 1.650037619299837388e+00 1.522830056350358063e+00 3.724648869669181295e+00 2.939291279522876721e+00 5.532311264141753782e+00 4.981195903819752857e+00
2.537040795615994049e-01 1.841119437972780361e+04 1.684609878931951243e+00 1.560902515153429704e+00 3.792923311106278561e+00 2.988616082307999022e+00 5.644681135447171982e+00 5.093140342811238952e+00
2.629296824547484590e-01 1.444970995667491843e+04 1.728197602998989169e+00 1.593548210354128969e+00 3.874135305761228665e+00 3.074115007118962239e+00 5.777582453658396844e+00 5.186236881032527890e+00
2.721552853478975686e-01 1.145548540206942926e+04 1.779542355754529126e+00 1.632581058338473667e+00 3.969859899099901668e+00 3.177633239576607593e+00 5.933310967720899498e+00 5.295829540491467924e+00
2.813808882410466228e-01 9.161654032519531029e+03 1.837729340817531920e+00 1.687014499548240565e+00 4.082725237569320598e+00 3.297692972742879647e+00 6.114630852000118466e+00 5.423887711440329440e+00
2.906064911341957324e-01 7.381841230278779221e+03 1.903676041258222540e+00 1.748903516174323158e+00 4.213842553558606596e+00 3.329787266384300892e+00 6.324831304134931997e+00 5.572052366433126736e+00
2.998320940273447865e-01 5.983842597641583779e+03 1.976872453353280434e+00 1.820859854366062791e+00 4.365407254419551464e+00 3.421696929955942323e+00 6.567760812677079230e+00 5.742027068448805949e+00
3.090576969204938407e-01 4.872474267808297554e+03 2.058143280442891410e+00 1.896667183716999716e+00 4.550035970675708086e+00 3.557175999218088691e+00 6.847793196281600103e+00 5.935363978867826518e+00
3.182832998136429503e-01 3.978200944719006657e+03 2.152266237773801549e+00 1.986791596183593356e+00 4.804386091141168436e+00 3.713975061874407402e+00 7.169621699841627560e+00 6.193773096945733414e+00
3.275089027067920044e-01 3.249465944731663512e+03 2.271700377062643383e+00 2.083302401405944693e+00 5.099498485654748947e+00 3.894329654406192276e+00 7.548176518083892006e+00 6.524244683455435734e+00
3.367345055999411141e-01 2.647431374727438651e+03 2.380369460123347380e+00 2.210732877196278423e+00 5.409397512445593748e+00 4.099126160486775916e+00 7.958754032806155010e+00 6.899621641618068679e+00
3.459601084930901682e-01 2.142316344431175821e+03 2.476508494828522089e+00 2.345206808508919494e+00 5.714207549730417668e+00 4.454721817369772907e+00 8.417124617028093780e+00 7.317988767258157168e+00
3.551857113862392223e-01 1.710836257489572517e+03 2.571538178407308806e+00 2.475343590311467779e+00 5.993462089601507614e+00 4.850224745541481752e+00 8.907404599033043269e+00 7.764473222347987758e+00
3.644113142793883320e-01 1.334510802738151824e+03 2.731402719577772586e+00 2.613218704593009534e+00 6.241648235983348059e+00 5.052646432759729578e+00 9.369118159363324594e+00 8.180846061186002771e+00
3.736369171725373861e-01 9.990124606814976005e+02 2.791758250820976173e+00 2.716935591899300562e+00 6.447677814352005043e+00 5.130737773432542781e+00 9.647917278306749722e+00 8.236408734333508619e+00
3.828625200656864958e-01 6.958628749048257305e+02 2.761710422275541532e+00 2.660188326143611448e+00 6.330241627121495185e+00 5.014252488121542228e+00 9.329815330741325852e+00 7.693795760583952870e+00
3.920881229588355499e-01 4.319544739335594841e+02 2.178896128074654825e+00 2.124720507993458796e+00 5.026095625024197489e+00 3.973128940348260585e+00 7.309751030848303799e+00 6.005783609303193771e+00
4.013137258519846040e-01 2.682022694200445585e+02 2.308083021798665868e-01 2.348441103048344303e-01 6.158779537232703660e-01 4.135087311225902340e-01 9.202913026427381737e-01 5.538925606008433533e-01
4.105393287451337136e-01 4.441864424814382915e+02 4.075110357788560123e+00 4.176778362614186335e+00 9.476812740730963469e+00 9.893592727827524413e+00 1.323523090411873682e+01 1.389626775660536850e+01
4.197649316382827678e-01 1.380320594269561525e+03 7.625916896301305314e+00 8.046870542397300596e+00 2.080886128680663205e+01 1.773015856584970606e+01 3.217446993682187895e+01 4.037627773575627543e+01
4.289905345314318219e-01 2.338350980695779526e+03 4.188435154416765727e+00 4.350371883158459241e+00 1.178784066590060320e+01 1.061832438971350712e+01 1.652542155556875514e+01 2.283432346669042090e+01
4.382161374245809315e-01 2.331063580584079773e+03 6.523178695574642916e-01 6.546232816731389903e-01 1.263433398663892149e+00 1.485351325212377560e+00 2.494939980855633621e+00 2.438394391296696995e+00
4.474417403177299857e-01 1.979154920058336529e+03 2.910663049803588365e+00 2.897623137326945653e+00 5.542067832423072105e+00 6.494214322626476132e+00 9.981564474242986762e+00 1.009164475964371377e+01
4.566673432108790953e-01 1.651488675813096961e+03 3.221792112154844290e+00 3.360947668830704060e+00 6.296543000872134144e+00 7.774721624799212805e+00 1.139678384386002108e+01 1.118088074259389941e+01
4.658929461040280939e-01 1.396716460974517304e+03 3.031392760196467862e+00 3.154565635992412354e+00 5.914433197220432703e+00 7.494935301975374387e+00 1.067815497359970323e+01 1.004506277251834945e+01
4.751185489971772036e-01 1.201154634432660487e+03 2.705960378231566210e+00 2.837493147294253504e+00 5.424506418733017199e+00 6.629383130475389407e+00 9.456572350122314674e+00 8.993184778837985505e+00
4.843441518903262577e-01 1.048167719123703819e+03 2.376834724637319596e+00 2.528495585058180950e+00 4.788025931002493962e+00 5.813851853778487566e+00 7.817852927384819850e+00 7.962232127367087742e+00
4.935697547834753673e-01 9.256786328011327214e+02 2.115631545232758981e+00 2.252078798496086165e+00 4.273091423282266987e+00 5.152495849087813440e+00 6.739874076045225593e+00 7.079933483160630203e+00
5.027953576766244215e-01 8.255199576820104994e+02 1.894530234940930313e+00 1.986543448137581436e+00 3.778545635277851034e+00 4.587943028785616661e+00 6.081352267085208041e+00 6.390183536387098684e+00
5.120209605697735311e-01 7.421477485694491634e+02 1.688820951995808173e+00 1.782443122031281746e+00 3.370464065352734906e+00 4.153312501121035893e+00 5.507554570292882090e+00 5.789431293215102414e+00
5.212465634629225297e-01 6.717122309533278894e+02 1.548147266349587881e+00 1.618595726815442504e+00 3.031376726736539240e+00 3.787237101696177888e+00 5.010662159430694373e+00 5.269406897950943858e+00
5.304721663560716394e-01 6.114674033185061717e+02 1.392571012572716427e+00 1.490582320785392767e+00 2.746851029000822564e+00 3.467244545588300753e+00 4.580098117476723019e+00 4.818967730969916374e+00
5.396977692492206380e-01 5.594028222632887264e+02 1.277897174492863996e+00 1.373097222281444374e+00 2.505701686842257914e+00 3.168372919829607781e+00 4.205638587870907941e+00 4.427351502079886814e+00
5.489233721423698587e-01 5.140111413707272732e+02 1.178899557385193475e+00 1.267113460154746463e+00 2.311733502103152205e+00 2.909288677176732563e+00 3.878348812834701675e+00 4.085232815524364014e+00
5.581489750355188573e-01 4.741380782936692526e+02 1.092147472961869425e+00 1.168877856197013898e+00 2.142526423763115417e+00 2.683211448420081524e+00 3.590725070724658963e+00 3.784733872588390113e+00
5.673745779286679669e-01 4.388831525534810680e+02 1.012320118427510351e+00 1.079818396826851767e+00 1.992959563137844725e+00 2.484630678547659954e+00 3.336566532421443299e+00 3.519347301332459210e+00
5.766001808218169655e-01 4.075323729857881290e+02 9.426958644456817638e-01 9.985780893839546479e-01 1.859918792556925382e+00 2.308942150858797504e+00 3.110776213413885216e+00 3.283725559561275986e+00
5.858257837149661862e-01 3.795115091851876628e+02 8.766776633424910870e-01 9.281808819866341764e-01 1.741059894337638525e+00 2.152897288871201908e+00 2.909163938363633406e+00 3.073473302882234748e+00
5.950513866081151848e-01 3.543529391308842378e+02 8.217711177800310907e-01 8.652333401522582790e-01 1.634427576639666313e+00 2.013567702422619732e+00 2.721984943176494198e+00 2.884966892168449704e+00
6.042769895012642944e-01 3.316716544846444776e+02 7.728673452034513502e-01 8.082076440118726168e-01 1.538334531918394532e+00 1.888554242090037860e+00 2.549304186454207866e+00 2.715205438948146366e+00
6.135025923944132931e-01 3.111475749332587952e+02 7.299433966506398974e-01 7.566304080866075310e-01 1.446435680355136810e+00 1.775877871737179703e+00 2.394072141673177612e+00 2.561690750351488077e+00
6.227281952875624027e-01 2.925122952501162104e+02 6.911072653498422369e-01 7.113568544716031283e-01 1.361798641326345205e+00 1.673894987408914403e+00 2.253871034673295526e+00 2.422331563626755724e+00
6.319537981807114013e-01 2.755390038276282212e+02 6.564813609428483687e-01 6.716153019033299643e-01 1.280442506698818761e+00 1.581231529673061686e+00 2.120885045776105926e+00 2.295367415845419146e+00
6.411794010738606220e-01 2.600347085707019801e+02 6.234532870632847334e-01 6.353899519128276552e-01 1.210427947340178889e+00 1.496731481039603295e+00 1.996528263487675758e+00 2.179308095079875329e+00
6.504050039670096206e-01 2.458341675028569853e+02 5.907042612215320787e-01 6.022603402349773205e-01 1.152226429565018861e+00 1.419416378899967413e+00 1.884129687050602797e+00 2.072885354634735222e+00
6.596306068601587302e-01 2.327950967690530319e+02 5.605389144882906294e-01 5.718682508387189500e-01 1.097734172974384137e+00 1.348453290135296356e+00 1.782146229796978787e+00 1.975014253488240001e+00
6.688562097533077289e-01 2.207943483432608218e+02 5.328504726586515972e-01 5.450353552603530716e-01 1.048684442457812338e+00 1.283129316022865396e+00 1.689282320129592563e+00 1.884762058050085898e+00
6.780818126464568385e-01 2.097248326988587053e+02 5.073640336593427946e-01 5.203615253040538846e-01 1.003447499498378193e+00 1.222831164826658323e+00 1.604443122850170766e+00 1.801323098748412121e+00
6.873074155396059481e-01 1.994930200979267170e+02 4.836054849652953180e-01 4.974364401486468523e-01 9.616271039618027316e-01 1.167028680624753179e+00 1.526697833766348822e+00 1.723998333997485588e+00
6.965330184327550578e-01 1.900168958566152639e+02 4.620913343597408129e-01 4.745582356204351981e-01 9.228790487750586635e-01 1.115261479806349598e+00 1.455250635604699028e+00 1.652178652058523767e+00
7.057586213259040564e-01 1.812242751195245773e+02 4.423496739721315407e-01 4.534822324639549151e-01 8.868511297582131192e-01 1.067128043887407784e+00 1.389417534076244465e+00 1.585331155407487813e+00
7.149842242190531660e-01 1.730514047839175191e+02 4.251264021906422386e-01 4.345997479863683566e-01 8.500696033829626685e-01 1.022276765767145434e+00 1.328607745995981304e+00 1.522987836905201675e+00
7.242098271122021647e-01 1.654417966015678019e+02 4.088848309327772768e-01 4.179304570178601352e-01 8.155886030164651856e-01 9.803985588704620113e-01 1.272308640071457830e+00 1.464736183893563748e+00
7.334354300053513853e-01 1.583452477641299367e+02 3.938458775987214722e-01 4.029294008901160851e-01 7.833032342855972274e-01 9.412207240311545320e-01 1.220073471745536153e+00 1.410211344231470321e+00
7.426610328985003839e-01 1.517170145717054481e+02 3.797027144991602654e-01 3.862518110982762209e-01 7.530183924648952143e-01 9.044737536906382047e-01 1.171511331472828488e+00 1.359089564134251304e+00
7.518866357916494936e-01 1.455171118861674699e+02 3.662180528644682909e-01 3.741348704687652571e-01 7.245352226550778596e-01 8.699665992261031988e-01 1.126278858554883300e+00 1.311082666665214447e+00
7.611122386847984922e-01 1.397097165461516681e+02 3.534451301427736780e-01 3.621856195054249383e-01 6.976964683176447579e-01 8.375140028498719857e-01 1.084073372467486251e+00 1.265933385819323576e+00
7.703378415779476018e-01 1.342626571772973705e+02 3.410872907950306399e-01 3.497508302413052661e-01 6.723921535040346953e-01 8.069451370903379939e-01 1.045280440424761537e+00 1.223411407315580846e+00
7.795634444710966005e-01 1.291469761666417639e+02 3.293221232382563812e-01 3.378609380981174581e-01 6.484982105319545553e-01 7.781069092107202323e-01 1.008893388500609944e+00 1.183309995742348519e+00
7.887890473642458211e-01 1.243365522023831033e+02 3.180391707422245418e-01 3.265996613696131590e-01 6.259030660134925483e-01 7.533619619383387089e-01 9.744435219693343697e-01 1.145443110305052414e+00
7.980146502573948197e-01 1.198077738724742858e+02 3.074486445610062901e-01 3.154224122944242481e-01 6.045061230660735418e-01 7.326142554417174324e-01 9.417836443958691461e-01 1.109642929425604052e+00
8.072402531505439294e-01 1.155392564888139617e+02 2.978758525232620968e-01 3.044924761931753210e-01 5.842164564918022052e-01 7.130227293773145902e-01 9.107804180697058882e-01 1.075757718835816945e+00
8.164658560436929280e-01 1.115115956506809738e+02 2.882449972191807319e-01 2.917481935056400744e-01 5.649516870957000947e-01 6.945128139157361602e-01 8.813168795198862426e-01 1.043649989375765585e+00
8.256914589368421487e-01 1.077071521509764693e+02 2.802635365945747026e-01 2.795364357836405134e-01 5.466370072707604777e-01 6.770111714937172565e-01 8.542429739588754956e-01 1.013194900043245639e+00
8.349170618299911473e-01 1.041098637169978787e+02 2.721830376490856906e-01 2.708320986707519751e-01 5.292043347949118015e-01 6.604511419208307643e-01 8.287111732349785598e-01 9.842788694332540445e-01
8.441426647231402569e-01 1.007050797964655118e+02 2.642417470400033608e-01 2.636947313048381147e-01 5.133811389755322807e-01 6.416068586685241826e-01 8.046105519709954024e-01 9.567983647170876793e-01
8.533682676162892555e-01 9.747941621299777637e+01 2.552289265265414997e-01 2.571652555782151239e-01 4.992540175160087301e-01 6.221456200174202422e-01 7.818407232669244422e-01 9.306588427427868737e-01
8.625938705094383652e-01 9.442062698262139975e+01 2.478521663214792170e-01 2.507332250894620529e-01 4.858028029658782998e-01 6.036170133295257756e-01 7.603106701302237980e-01 9.057738213985970788e-01
8.718194734025873638e-01 9.151749101266614161e+01 2.408747416739345226e-01 2.444088989184081129e-01 4.739696108150184273e-01 5.859585532686537590e-01 7.399377294150610851e-01 8.820640632824705563e-01
8.810450762957365844e-01 8.875971173316325746e+01 2.337836027301563036e-01 2.372362778341567946e-01 4.633384081374174457e-01 5.691130118786844605e-01 7.206467058716299334e-01 8.594568562808717616e-01
8.902706791888855831e-01 8.613782799819408353e+01 2.269254571702816747e-01 2.301404927129055977e-01 4.532339815795012328e-01 5.530278855183183850e-01 7.023690976271268482e-01 8.378853780727268941e-01
8.994962820820346927e-01 8.364313483244069403e+01 2.208679316499910783e-01 2.228879839452986289e-01 4.436269404620105661e-01 5.376549243643324871e-01 6.850424174176339420e-01 8.172881335115249612e-01
9.087218849751836913e-01 8.126761279893821666e+01 2.141528940761077138e-01 2.171602656774780371e-01 4.344902529055332252e-01 5.229497161079450507e-01 6.675912266058503519e-01 7.976084554655784586e-01
9.179474878683329120e-01 7.900386493342779204e+01 2.082554774370208861e-01 2.112531548428364658e-01 4.257990360237045024e-01 5.087111631903269426e-01 6.493458855638749583e-01 7.787940610622001714e-01
9.271730907614816886e-01 7.684506033436778694e+01 2.036262218513940070e-01 2.070332189930041977e-01 4.163292443150083955e-01 4.950014434694764986e-01 6.318537154536585376e-01 7.607966564304859958e-01
9.363986936546309092e-01 7.478488361970023846e+01 1.979386984121447313e-01 2.018197375140715621e-01 4.058580992456910508e-01 4.825172049429795607e-01 6.150703602798159864e-01 7.435715840056644765e-01
9.456242965477800189e-01 7.281748956555922803e+01 1.916086863810591012e-01 1.968761867567820900e-01 3.957215399878890594e-01 4.711097471907521594e-01 5.989540896748621890e-01 7.270775072789348314e-01
9.548498994409290175e-01 7.093746233098477205e+01 1.868747646009154550e-01 1.923952348926718514e-01 3.859546867904555256e-01 4.633371127988112903e-01 5.834536865894364155e-01 7.112761285735302863e-01
9.640755023340780161e-01 6.913977874908543697e+01 1.823967911938098041e-01 1.880581587773377805e-01 3.765361267619198316e-01 4.513493896854186005e-01 5.685472663451918152e-01 6.961319360215014740e-01
9.733011052272271257e-01 6.741977523048382182e+01 1.776884107435137139e-01 1.836868582554558316e-01 3.697697178878911473e-01 4.420548272459683403e-01 5.543776024044007045e-01 6.816119764230279543e-01
9.825267081203763464e-01 6.577311788138852933e+01 1.742667339190120401e-01 1.802471493769814970e-01 3.609153316870532535e-01 4.331186410557279487e-01 5.440341660481209374e-01 6.676856511023601115e-01
9.917523110135253450e-01 6.419577548743123430e+01 1.696687764702602408e-01 1.772009568480683583e-01 3.523100807002350621e-01 4.227335020384828113e-01 5.288659345131776490e-01 6.543243631913142622e-01
1.000977913906674344e+00 6.268399505646580394e+01 1.663808162569964111e-01 1.718748186303287184e-01 3.439870216896352417e-01 4.117452252027078430e-01 5.197268427115560030e-01 6.414996363922114142e-01
1.010203516799823564e+00 6.123427965026846209e+01 1.637255859520010404e-01 1.684096708486464422e-01 3.363163705432086203e-01 4.009762165456223215e-01 5.110392020249676648e-01 6.291891495361170428e-01
1.019429119692972563e+00 5.984336826679757593e+01 1.600038996256216706e-01 1.648361126924413611e-01 3.300193780228966034e-01 3.905303089483496137e-01 5.027868311520649058e-01 6.173700568998015115e-01
1.028654722586121562e+00 5.850821756242609695e+01 1.580329965321922714e-01 1.612978324003364605e-01 3.239540449962063917e-01 3.796687728454557487e-01 4.949441975302448782e-01 6.060211141306837135e-01
1.037880325479270560e+00 5.722598522771442475e+01 1.552703760406259903e-01 1.588659089215767040e-01 3.181094034142262217e-01 3.707050865331993350e-01 4.875083107856497122e-01 5.951225692292609892e-01
1.047105928372419781e+00 5.599401485148319324e+01 1.507888886599246803e-01 1.554021833110610373e-01 3.124668373357906148e-01 3.630670954344310530e-01 4.804677902291629721e-01 5.846560643999012541e-01
1.056331531265569001e+00 5.480982212643269946e+01 1.482032742457235486e-01 1.518409856812397152e-01 3.066295518210537807e-01 3.562362779868237794e-01 4.738118767478525228e-01 5.746045477972074877e-01
1.065557134158718000e+00 5.367108226581729724e+01 1.460990138263937865e-01 1.487887691720857219e-01 3.010179646693984523e-01 3.559790912369820148e-01 4.675310293361931713e-01 5.649521943193747120e-01
1.074782737051866999e+00 5.257561851497537475e+01 1.438233653936151768e-01 1.468609796334661155e-01 2.959561445579055317e-01 3.549060441517681852e-01 4.616168856150721922e-01 5.556843347146482870e-01
1.084008339945015997e+00 5.152139165407223942e+01 1.409514027746539000e-01 1.463834464394793144e-01 2.910890516664608185e-01 3.499229767798297530e-01 4.560622309007840158e-01 5.467873923641519696e-01
1.093233942838165218e+00 5.050649039947010266e+01 1.394307995215342544e-01 1.454778495018089757e-01 2.863931379142528044e-01 3.396984210642131075e-01 4.508609756414045933e-01 5.382488271960426118e-01
1.102459545731314217e+00 4.952912262089893858e+01 1.373449301875098172e-01 1.457384593262673889e-01 2.812339793008078459e-01 3.296240051343346522e-01 4.460081411470042667e-01 5.300570862685631823e-01
1.111685148624463215e+00 4.858760730017918661e+01 1.349255949093048912e-01 1.432864260638098131e-01 2.761108328397554601e-01 3.248341302647546058e-01 4.414998536520045036e-01 5.222015606335475013e-01
1.120910751517612436e+00 4.768036716481913828e+01 1.334804265324578409e-01 1.400507495296494653e-01 2.707238756399092949e-01 3.217373416906426087e-01 4.373333468637525812e-01 5.195863235741882136e-01
1.130136354410761435e+00 4.680592193641639653e+01 1.326891022753500238e-01 1.385233380563448691e-01 2.663605489105265178e-01 3.178812190039366214e-01 4.335069732701342105e-01 5.179567484073857031e-01
1.139361957303910433e+00 4.596288213963049429e+01 1.316236008467726037e-01 1.350426019102499708e-01 2.616718750188482545e-01 3.095769590285328832e-01 4.300202246097128977e-01 5.167026277774056098e-01
1.148587560197059654e+00 4.514994342246880166e+01 1.297167855572425310e-01 1.304369728100809311e-01 2.571917893921167320e-01 3.092361957070579592e-01 4.268737620478617600e-01 5.158395020622563720e-01
1.157813163090208652e+00 4.436588134296640362e+01 1.272547791384397442e-01 1.256166149011406219e-01 2.534051415563638443e-01 3.103816982793361490e-01 4.240694567565768125e-01 5.153730634692550439e-01
1.167038765983357873e+00 4.360954658090147262e+01 1.267385176703967886e-01 1.227852555721966610e-01 2.512327433666001752e-01 3.088838266921598574e-01 4.216104417708450569e-01 5.153104937390935447e-01
1.176264368876506872e+00 4.287986053605144576e+01 1.261036100388750469e-01 1.189290633086557136e-01 2.497806286503276851e-01 3.021802116557452678e-01 4.195011761878433276e-01 5.156605536844267590e-01
1.185489971769655870e+00 4.217581127665192042e+01 1.256545383051914655e-01 1.199828904187327794e-01 2.457963327704106860e-01 2.943033843388462856e-01 4.177475230007061668e-01 5.101770724872949359e-01
1.194715574662805091e+00 4.149644980298015895e+01 1.250626623337822707e-01 1.178391932845457291e-01 2.439724351990975038e-01 2.864586231426997642e-01 4.163568421123784447e-01 4.991325008733369373e-01
1.203941177555954090e+00 4.084088659134629751e+01 1.233017101363600432e-01 1.185918679033264311e-01 2.412953463282789812e-01 2.830136265661025163e-01 4.153381003711800190e-01 4.882303476477432014e-01
1.213166780449103088e+00 4.020828838302756481e+01 1.207184817197770599e-01 1.193831006361349978e-01 2.377244151647204262e-01 2.779521753855433985e-01 4.147020008103368127e-01 4.774489474004539602e-01
1.222392383342252087e+00 3.959787518042831778e+01 1.191804636853674992e-01 1.204718327178255777e-01 2.352736417057741392e-01 2.750318602919890054e-01 4.144611336693699855e-01 4.667447979875873898e-01
1.231617986235401307e+00 3.900891740881837677e+01 1.180929685434790599e-01 1.188716753730147957e-01 2.338944969234333371e-01 2.722959396431292589e-01 4.146301522330659850e-01 4.561165505599191761e-01
1.240843589128550528e+00 3.844073319561938717e+01 1.183999531521209292e-01 1.177852623315729375e-01 2.309688015896185220e-01 2.717659262329590319e-01 4.152259770566288921e-01 4.455395300491247212e-01
1.250069192021699527e+00 3.789268570971732686e+01 1.174427963191178037e-01 1.140838608416316902e-01 2.281872254328831673e-01 2.680571652531469340e-01 4.162680327571166572e-01 4.401063051119677993e-01
1.259294794914848525e+00 3.736418048952480575e+01 1.172827806507896753e-01 1.135139979339712113e-01 2.255388475224080480e-01 2.666478390087263506e-01 4.177785222564267542e-01 4.368776107064107350e-01
1.268520397807997524e+00 3.685466266888014530e+01 1.175785753925282506e-01 1.125987116939484167e-01 2.230053916914087608e-01 2.630322882779054794e-01 4.197827441617221211e-01 4.404500038997483102e-01
1.277746000701146745e+00 3.636361398214423701e+01 1.169674344757254403e-01 1.105987552370564231e-01 2.206010234526019076e-01 2.659014510150896626e-01 4.223094598642092024e-01 4.499870068036386783e-01
1.286971603594295521e+00 3.589054939073260186e+01 1.168534007750992032e-01 1.120417271549669636e-01 2.233989387517425484e-01 2.623535979611304469e-01 4.253907912532142177e-01 4.603104182472890216e-01
1.296197206487444742e+00 3.543501311815570887e+01 1.171643324218010207e-01 1.129677603199397140e-01 2.229715655892263726e-01 2.589062652317011270e-01 4.290498441591807932e-01 4.714855961542667728e-01
1.305422809380593963e+00 3.499657380253332661e+01 1.176064190303733881e-01 1.130345682230284865e-01 2.298907596977031176e-01 2.595458058581243677e-01 4.333420561487955069e-01 4.835859898557757219e-01
1.314648412273742961e+00 3.457481836451811574e+01 1.188154501648241990e-01 1.150871272776754495e-01 2.358905261194550462e-01 2.611275653042923750e-01 4.383148708128246085e-01 4.836338052148576594e-01
1.323874015166892182e+00 3.416934402959770267e+01 1.210610196131227667e-01 1.155215585788980093e-01 2.396993012641104315e-01 2.625049790260405302e-01 4.473754941075753777e-01 4.822589977027291752e-01
1.333099618060040958e+00 3.377974771460669245e+01 1.213677331835896211e-01 1.163470450964965153e-01 2.466551725276246998e-01 2.739776907983255683e-01 4.506110382692298799e-01 4.812009565756270035e-01
1.342325220953190179e+00 3.340561165501391372e+01 1.225928174113448677e-01 1.197546257014394655e-01 2.559177799830010258e-01 2.840326427270696286e-01 4.694756557625723303e-01 4.805081610455133045e-01
1.351550823846339400e+00 3.304648366036350637e+01 1.238529137882196096e-01 1.208789998184798264e-01 2.626212696345220365e-01 2.874555931466886705e-01 4.925680683092892309e-01 4.893169449841039409e-01
1.360776426739488176e+00 3.270184965965208335e+01 1.263297077560210369e-01 1.235900432049348296e-01 2.717691407332907261e-01 2.948858401713607691e-01 5.020876571705485958e-01 5.003316958632524347e-01
1.370002029632637397e+00 3.237109510998803330e+01 1.289134874384174623e-01 1.277680060010055740e-01 2.818111142239274614e-01 3.013135589537370151e-01 5.126276609424635922e-01 5.119722723074744408e-01
1.379227632525786396e+00 3.205345018913926225e+01 1.358807695612469502e-01 1.314974545474925094e-01 2.928499459871218846e-01 3.155949113280627216e-01 5.242605456341138392e-01 5.132160970767500885e-01
1.388453235418935616e+00 3.174791114975814565e+01 1.394310431453931187e-01 1.345761581965838616e-01 3.050032589894087209e-01 3.309572928619424204e-01 5.370592530458679903e-01 5.146606377263935883e-01
1.397678838312084837e+00 3.145312624512574118e+01 1.453896667997334191e-01 1.366170349851074661e-01 3.192256575472605107e-01 3.400633011275928652e-01 5.510928886690997786e-01 5.235866957640062935e-01
1.406904441205233613e+00 3.116722835009617043e+01 1.492422468257572632e-01 1.418307365438984391e-01 3.343073704989478756e-01 3.413040050941447134e-01 5.774808079931581517e-01 5.557559004993564145e-01
1.416130044098382834e+00 3.088758628012257290e+01 1.514763446400735347e-01 1.481143887576799045e-01 3.479644486676285453e-01 3.630082595961994230e-01 6.144217380451699739e-01 5.861712072914571081e-01
1.425355646991532055e+00 3.061043023567122745e+01 1.624746750692551700e-01 1.545903057625324095e-01 3.678408827013903704e-01 3.736330317651628263e-01 6.552938350673578327e-01 6.037091919590125144e-01
1.434581249884680831e+00 3.033027916133815793e+01 1.697277632595515229e-01 1.598215235252489208e-01 3.905383804633402178e-01 3.949423023090297136e-01 7.006118670732348619e-01 6.218087824218549997e-01
1.443806852777830052e+00 3.003905086719442608e+01 1.762282612306549368e-01 1.675961537069596829e-01 4.149441300209666394e-01 4.062893332733779062e-01 7.509340528022079297e-01 6.400517880932206083e-01
1.453032455670979051e+00 2.972465455137342261e+01 1.903450117805469688e-01 1.739835153481763541e-01 4.509484574051931816e-01 4.348370219344275256e-01 8.069569800432745410e-01 6.577322129671721029e-01
1.462258058564128271e+00 2.936872244442318802e+01 2.008062159293118043e-01 1.859839583720344081e-01 4.872857819503728649e-01 4.579555253591003350e-01 8.693112857684113237e-01 6.800338164512638173e-01
1.471483661457277492e+00 2.894288235927595210e+01 2.120923870334863182e-01 1.990436279900826833e-01 5.346607793582336399e-01 4.709997723520977786e-01 9.385047583560925943e-01 7.181908581702529659e-01
1.480709264350426269e+00 2.840251604273628061e+01 2.254197862483131587e-01 2.143495005896021155e-01 5.852041943671970614e-01 4.855892659740419504e-01 1.014678230591410824e+00 7.559389221183501206e-01
1.489934867243575489e+00 2.767614266761828645e+01 2.381677542348867860e-01 2.272217978058925780e-01 6.443105891713685196e-01 5.172846761037455110e-01 1.097094339731292223e+00 8.196003558057149974e-01
1.499160470136724488e+00 2.664724573504248539e+01 2.490362678398554408e-01 2.493873304417739689e-01 7.069626163407711772e-01 5.359987791138749458e-01 1.186115653326986319e+00 8.865606219497799145e-01
1.508386073029873486e+00 2.512372762414939231e+01 2.671112485090318955e-01 2.717217381742500493e-01 7.643601883844119982e-01 5.637612066182278170e-01 1.284972751340649921e+00 9.506888300110958312e-01
1.517611675923022485e+00 2.279099625815353747e+01 2.713611800972337562e-01 2.937227535763362596e-01 8.215226354464775227e-01 5.837498071845708125e-01 1.356159704720816706e+00 9.725806879338811939e-01
1.526837278816171706e+00 1.916377811508867879e+01 2.930055140251077717e-01 3.028880457008327198e-01 8.672519879812838894e-01 6.045535901831335934e-01 1.418903786449476456e+00 9.310292033190670224e-01
1.536062881709320926e+00 1.366034560237294571e+01 2.913451411856353701e-01 3.090300108094421461e-01 8.102330421747421241e-01 5.903326542569615754e-01 1.371244825052764682e+00 8.961872216281818737e-01
1.545288484602469925e+00 6.344334795131128857e+00 2.366798069812530159e-01 2.394737417618442166e-01 6.199284128572610797e-01 4.670506212636098553e-01 1.053619854052453064e+00 6.803754159808983459e-01
1.554514087495618924e+00 5.404450497112965879e-01 8.861116294527326964e-02 9.319028744693291788e-02 2.739987369707092002e-01 1.811771133297804259e-01 4.895122206754144445e-01 2.477947799416837515e-01
1.563739690388767922e+00 5.139331639478887048e+00 1.175115838536120449e-01 1.279077596610482814e-01 3.265571778842151218e-01 2.594142538890329419e-01 6.789151966708750763e-01 3.667675125824567672e-01
1.572965293281917143e+00 2.536867501930580460e+01 3.156746295275851821e-01 3.131795204103049457e-01 7.590207603041179141e-01 6.561084682584166217e-01 1.292462807057905394e+00 9.465208044244839414e-01
1.582190896175066142e+00 5.359337175439230094e+01 5.424160108426434590e-01 5.414004896895576735e-01 1.316919193582997138e+00 1.062191923460190424e+00 1.924326774252271832e+00 1.729230368762337378e+00
1.591416499068215140e+00 7.775474078579571824e+01 7.486927603188604508e-01 7.271735328594246539e-01 1.880643499511990058e+00 1.620098163414809278e+00 2.936936032430310206e+00 2.407917465739970453e+00
1.600642101961364361e+00 8.215204727557144793e+01 7.910176259280916611e-01 7.799733633572571989e-01 1.975644951761992729e+00 1.753841339145907341e+00 3.069340351734879846e+00 2.519607956027300588e+00
1.609867704854513359e+00 6.238152260938005611e+01 6.140138422020058329e-01 6.590355471034996526e-01 1.642804847536382340e+00 1.396164440550563768e+00 2.873686655254374500e+00 1.987316669266256497e+00
1.619093307747662580e+00 3.925159589394272075e+01 8.427740843379751823e-01 8.969489958879819369e-01 2.331881966955400287e+00 2.006079078659503523e+00 4.028753045293782975e+00 3.432690704742739740e+00
1.628318910640811579e+00 2.488561719493139535e+01 7.312647629233275381e-01 7.477055668160730306e-01 2.059850435127966506e+00 1.717409014246516819e+00 3.569079353065678362e+00 3.014408244628704381e+00
1.637544513533960577e+00 1.764561208229316236e+01 4.967450763161771476e-01 5.214317533579624353e-01 1.435989855105361812e+00 1.175652423373794164e+00 2.578137716291955428e+00 2.079938829880790152e+00
1.646770116427109798e+00 1.422261111640655606e+01 3.322409318527643762e-01 3.381632134960685931e-01 9.430550111196254193e-01 7.186925387628537720e-01 1.722750586846911958e+00 1.263357896567912420e+00
1.655995719320258575e+00 1.266486608172228401e+01 2.039489992428649145e-01 2.117880053773486537e-01 5.694019391535167784e-01 4.337559507366499645e-01 1.102677094364317156e+00 7.755110157172122598e-01
1.665221322213407795e+00 1.201038362644190727e+01 1.217654305316777652e-01 1.365682760869493251e-01 3.387737387638427577e-01 2.625255696264297001e-01 6.770238041549276886e-01 4.344392172728532842e-01
1.674446925106557016e+00 1.179561374921915196e+01 7.774055551649716733e-02 8.167391481063646097e-02 2.074837229006831762e-01 1.662080808872996585e-01 3.941082406974061314e-01 2.639698092485822656e-01
1.683672527999706015e+00 1.179329519995065567e+01 6.651577803822483759e-02 6.415758060845355715e-02 1.431015885756377060e-01 1.388247773877466784e-01 2.403473916940175314e-01 1.932950993372308801e-01
1.692898130892855235e+00 1.188932849252662471e+01 6.821871223513831239e-02 6.656267450862607404e-02 1.532009873562678592e-01 1.467242767925203140e-01 2.448576855398361118e-01 2.026288316729818462e-01
1.702123733786004012e+00 1.202537572714948766e+01 7.629728171540328674e-02 7.891981090022603951e-02 1.818402675306831640e-01 1.608698576399394398e-01 2.663622452862881573e-01 2.485636756986888685e-01
1.711349336679153232e+00 1.217142495501452970e+01 8.278634050486566309e-02 8.775283882852491502e-02 1.972980813202784844e-01 1.783148726282473007e-01 3.050574335958273764e-01 2.717238856845209938e-01
1.720574939572302453e+00 1.231223785445846097e+01 8.977392908666459448e-02 9.663438497447707221e-02 2.107674009466293796e-01 1.993745638481811966e-01 3.325391650898126272e-01 3.014950837443919340e-01
1.729800542465451230e+00 1.244043413799198561e+01 9.493676138926865349e-02 1.021561267313391141e-01 2.212567879623730249e-01 2.134663284967324159e-01 3.506611402866077754e-01 3.405553788470481180e-01
1.739026145358600450e+00 1.255285891026641565e+01 9.609892448773926787e-02 1.017750023162395934e-01 2.284706619529899285e-01 2.265411613214247666e-01 3.622087012237891201e-01 3.796225262399115508e-01
1.748251748251749449e+00 1.264862789111288954e+01 9.754124308383715913e-02 1.034730827623402405e-01 2.326625249805811535e-01 2.385490984970140005e-01 3.680063403838094160e-01 4.077623284856368713e-01
1.757477351144898670e+00 1.272805577791985598e+01 9.901218643044096268e-02 1.051388350716493392e-01 2.347392352911068514e-01 2.450934520184979704e-01 3.698187631770402106e-01 4.278209986335959059e-01
1.766702954038047890e+00 1.279206148037713575e+01 1.003400140551384823e-01 1.058613740271177051e-01 2.353102663642765435e-01 2.485467993423071675e-01 3.693967948772520771e-01 4.399145520371927631e-01
1.775928556931196667e+00 1.284183643350751858e+01 1.010974594499796098e-01 1.064194692334403669e-01 2.348096495952578522e-01 2.495565625759752493e-01 3.673980856017120544e-01 4.439838503188902052e-01
1.785154159824345887e+00 1.287866055031456369e+01 1.009620055138924499e-01 1.051302487685159548e-01 2.335496094379720944e-01 2.495119600339652521e-01 3.642939710841712753e-01 4.461124364775344020e-01
1.794379762717494886e+00 1.290380207117091693e+01 1.006955575388310820e-01 1.041910915628019296e-01 2.331242196649494502e-01 2.486955123529970280e-01 3.604250869719223260e-01 4.467661422334554544e-01
1.803605365610643885e+00 1.291846543520385637e+01 1.003137175407946557e-01 1.038184233245420529e-01 2.324692809633308599e-01 2.484561897791088825e-01 3.560392766271931464e-01 4.462963541287319202e-01
1.812830968503793105e+00 1.292376666400959984e+01 1.001051635622829394e-01 1.027499071566015942e-01 2.313281914913520865e-01 2.479527827676477614e-01 3.513177890244616464e-01 4.449703828167717035e-01
1.822056571396942104e+00 1.292072438863260331e+01 9.955598545258759202e-02 1.015139725511584601e-01 2.294587595633501564e-01 2.470150282018366283e-01 3.463936161391192314e-01 4.429931146154650889e-01
1.831282174290091325e+00 1.291025959351963692e+01 9.945125549099209650e-02 1.007044252849844668e-01 2.269790284682038362e-01 2.461780059579563584e-01 3.413644796653780844e-01 4.405226328789950685e-01
1.840507777183240323e+00 1.289320001965996276e+01 9.924015894670468185e-02 9.974338582321351510e-02 2.244427111583284784e-01 2.443434945065945385e-01 3.363021278279081372e-01 4.376816143772153112e-01
