9.752384818347877848e-01 2.671729537425080901e-08 3.123877814153215266e-09 3.565538052976043098e-09 6.400464849614018850e-09 6.732529940207620530e-09 1.327763373204227259e-08 1.035711171948244822e-08
1.107247633632858053e+00 3.142592535424154543e-08 3.932031222292214850e-09 4.029558438410560427e-09 7.695440861302347232e-09 1.009752568921572691e-08 1.606580316149330306e-08 1.322539823174597978e-08
1.147803383951141232e+00 3.464701000143740402e-08 4.372076722624889271e-09 4.416464383134952419e-09 8.402664008980003061e-09 1.170807798787263860e-08 1.790827703051773971e-08 1.526756053536020631e-08
1.198498071848995261e+00 4.017732858687800239e-08 5.104536332168671341e-09 5.079361127441613903e-09 9.797814131740066333e-09 1.440206115680164246e-08 2.105571378157582059e-08 1.851836210427916949e-08
1.244976659224680482e+00 4.723281691735219092e-08 6.166391393202566672e-09 5.831597087017140044e-09 1.162312534993977166e-08 1.726289486009936328e-08 2.505785525874812597e-08 2.246400571286501633e-08
1.281925198811742383e+00 5.480346860809194226e-08 7.058864898745235329e-09 6.792228332600310115e-09 1.366107189706697682e-08 2.034571108355034345e-08 2.934420942679122049e-08 2.658237475751227457e-08
1.318624647120689497e+00 6.496690063033068159e-08 8.523907178242331812e-09 8.036027174019178798e-09 1.629058195524139191e-08 2.462323894019698075e-08 3.508735099885362479e-08 3.200892628123849182e-08
1.357030831964868955e+00 8.017404870373398040e-08 1.063499362093588858e-08 9.951884192420194834e-09 2.019081859607750658e-08 3.089391991235496601e-08 4.366159178803761480e-08 4.000651939898705894e-08
1.392383342251416023e+00 1.015010479847379673e-07 1.363099609613678051e-08 1.253817353521204327e-08 2.560256824629572959e-08 3.963202738152306740e-08 5.565236636060024787e-08 5.088634043709551593e-08
1.430355923759617731e+00 1.403274699877877643e-07 1.893023742006000767e-08 1.731544467349666434e-08 3.549182689668291031e-08 5.523256374773464486e-08 7.739994706162316682e-08 7.050653559887118451e-08
1.466640219938372791e+00 2.144943924429095650e-07 2.963455323110852594e-08 2.662696616329037618e-08 5.421706276764452117e-08 8.415700739304825121e-08 1.187265347770537639e-07 1.076194192818769248e-07
1.484814657637876678e+00 2.841914847590758174e-07 3.924819091631577835e-08 3.560507527007477534e-08 7.250441026603118827e-08 1.112213805105181550e-07 1.573672826429235498e-07 1.422228953277924915e-07
1.494215546985995458e+00 3.373589924384463236e-07 4.628131299336276876e-08 4.236043215417079164e-08 8.643612705437750814e-08 1.317842289286675381e-07 1.867372191065208122e-07 1.684912952907881391e-07
1.504345258962673126e+00 4.160235571519386273e-07 5.713550658629989831e-08 5.243806200369943892e-08 1.066769423661968253e-07 1.620407843759351643e-07 2.300343276041172143e-07 2.071900826350071513e-07
1.512842039227263458e+00 5.075571907901059252e-07 6.908812029125810377e-08 6.396254451151463583e-08 1.304283674967310795e-07 1.970228052937281140e-07 2.801819676378828306e-07 2.520019073893975786e-07
1.512980423270660957e+00 5.092994365743597074e-07 6.931824198137630324e-08 6.417706653824680252e-08 1.308738227586997994e-07 1.976862758152781643e-07 2.811340371375808715e-07 2.528527407264326387e-07
1.522058416517519497e+00 6.465182821895275493e-07 8.738036012717227058e-08 8.185702314235507731e-08 1.655960846377299773e-07 2.497739416456752111e-07 3.558240441206211160e-07 3.196321961669244480e-07
1.532003616436333981e+00 8.642161329878019781e-07 1.150434132692914633e-07 1.097844324666783652e-07 2.196822022639528434e-07 3.330159791485551518e-07 4.730333806975883039e-07 4.246698797438885159e-07
1.541136963300551610e+00 1.142062387696914648e-06 1.515280000954164404e-07 1.446184891900798103e-07 2.869015415590461256e-07 4.395452165029052708e-07 6.198443871807802856e-07 5.567522329320980865e-07
1.549163237817591465e+00 1.424159897329934751e-06 1.929714758367252615e-07 1.791868786025336669e-07 3.609859640461100673e-07 5.468250088995273680e-07 7.642789515664708777e-07 6.864179042854666685e-07
1.558767090429359570e+00 1.651021901743940869e-06 2.218913118634921487e-07 2.059462146905791248e-07 4.209094740958664738e-07 6.241227740037780949e-07 8.709762609631716134e-07 7.843099256172849541e-07
1.568269461409303123e+00 1.524928099026832068e-06 2.049019092430207189e-07 1.919214155493651201e-07 3.930004899492906415e-07 5.715920018404907337e-07 7.933190832143833720e-07 7.165996817296793436e-07
1.577365905861948248e+00 1.149561125351925338e-06 1.556593186411188869e-07 1.464749896469491599e-07 2.953498915103004876e-07 4.329168319766718497e-07 5.942879741603485970e-07 5.365253864977715564e-07
1.587338782589442276e+00 7.503395156482750996e-07 9.918795990505638300e-08 9.563043096245022718e-08 1.932064021236332918e-07 2.777716228433811096e-07 3.864258657267851147e-07 3.472433904868145508e-07
1.596499806262339449e+00 4.970380732504060278e-07 6.597902192984493137e-08 6.395722859174658869e-08 1.278559943295137183e-07 1.802737477268735405e-07 2.546535784326829877e-07 2.255653871332734042e-07
1.605384061848441846e+00 3.392404700117179827e-07 4.504413637722761187e-08 4.460871746720752334e-08 8.871292188105689720e-08 1.204338228180143077e-07 1.724203057598824678e-07 1.493499369950256207e-07
1.628586453124711619e+00 1.425005873646864859e-07 1.910497871180075996e-08 1.940730542360070472e-08 3.708618490793490513e-08 4.740117860719957765e-08 6.984906922125611433e-08 5.856762861143994375e-08
1.650063656659962685e+00 7.469533829704261273e-08 1.009059845967119327e-08 1.020963662326459045e-08 2.056165811938691090e-08 2.307703854636339671e-08 3.470413278359288603e-08 3.005052250892026664e-08
1.673441334391202462e+00 4.290186417987207090e-08 6.125620529647130408e-09 6.415883364916922915e-09 1.247718750019166606e-08 1.237011341067417421e-08 1.845256770800199573e-08 1.723996976287413679e-08
1.694180489695001679e+00 2.969683065589379515e-08 4.485592142343367557e-09 4.777102673268426015e-09 9.282445074474531050e-09 8.611942259509741711e-09 1.379622502071150951e-08 1.123323407348699417e-08
1.719052715094931516e+00 2.218549895388238795e-08 3.617973868108699652e-09 3.697741995258364061e-09 7.424029923742640006e-09 6.323435457037246124e-09 1.119255394056872054e-08 8.216000718973355187e-09
1.743666623613853162e+00 1.914766256142928813e-08 3.255271973444149656e-09 3.243209249499512075e-09 6.755374799477602655e-09 5.526708174102197677e-09 1.035646057859528367e-08 7.390433441669487574e-09
1.763178773732863691e+00 1.837679190763270443e-08 3.144757003908270899e-09 3.200119652899977562e-09 6.537843918688270143e-09 5.446650271861889847e-09 9.994786639087767334e-09 7.518791501315067360e-09
1.787036182814547125e+00 1.854746320997717395e-08 3.102031774122449089e-09 3.170144278927152964e-09 6.294702665886225146e-09 5.642419623894628958e-09 9.707841488161034468e-09 7.960571633841345253e-09
1.815174271638651859e+00 1.966547689013324660e-08 3.194528340174448440e-09 3.226884259006455045e-09 6.587595614856364933e-09 6.310216628288261218e-09 9.833226403732207965e-09 8.290647039006303539e-09
1.837537133051645011e+00 2.096494504825406258e-08 3.334037678719017559e-09 3.330757471857150636e-09 6.887980991325031770e-09 7.097243801479082233e-09 1.073415188741307632e-08 9.064117806756439828e-09
1.861892724689558687e+00 2.262573921083655885e-08 3.464223659251422664e-09 3.553458392199672924e-09 7.273432515656764359e-09 8.174009764842693896e-09 1.118689515186810636e-08 1.015169222072420457e-08
1.878941638836097994e+00 2.388696440290544145e-08 3.617273746992615121e-09 3.735944761704277369e-09 7.429794681011198940e-09 8.948241942697919532e-09 1.153760913618837420e-08 1.097909846802246827e-08
1.907485654187501156e+00 2.611439350902612815e-08 3.981131946871109183e-09 3.995938549417027206e-09 7.828832459969786753e-09 9.963432379778034817e-09 1.204176643794457916e-08 1.244964553357056777e-08
1.931352288872077771e+00 2.804791026782325348e-08 4.233407964302246370e-09 4.160653684436494659e-09 8.044439791131221270e-09 1.091458726067132514e-08 1.320705042335252954e-08 1.370394440080038026e-08
1.955523368452128485e+00 3.004568450769632353e-08 4.449148037236140635e-09 4.390074336493925302e-09 8.439981528404515876e-09 1.180496340827100251e-08 1.440145732828201940e-08 1.498786406819222171e-08
1.976982120781592966e+00 3.184833274166483620e-08 4.695051778831637477e-09 4.681027058493447729e-09 8.974237698625195538e-09 1.265937356876703092e-08 1.546717303300619490e-08 1.614026134718004603e-08
1.998071848995331967e+00 3.361591458296374938e-08 4.939372670964385658e-09 4.968880656495742344e-09 9.379561758393766009e-09 1.366285461139132057e-08 1.651838413075619753e-08 1.726772711124798232e-08
2.045288484602468593e+00 3.761235446474702648e-08 5.580290719629041623e-09 5.549335923076709673e-09 1.028620406098055127e-08 1.592618348764537304e-08 1.887120163578625076e-08 1.981468796376685102e-08
2.088630366994483012e+00 4.129229127021018077e-08 6.121988433374107052e-09 5.965677797231276090e-09 1.125849729889644378e-08 1.777261761651088263e-08 2.102712941927243329e-08 2.216541040335905019e-08
2.138227208148052672e+00 4.550677126032702817e-08 6.736290360826342327e-09 6.482353880648357783e-09 1.251401380761443893e-08 1.978909817274936943e-08 2.348806028415529182e-08 2.487182923396511902e-08
2.182879126150893967e+00 4.930273856623906093e-08 7.362318329752955968e-09 6.988211335660820587e-09 1.366381519484010999e-08 2.188818540075354505e-08 2.569901069143259837e-08 2.732623125162594037e-08
2.239505876709042997e+00 5.412310710819691687e-08 8.189763201537649187e-09 7.624273579878537628e-09 1.511671569345091265e-08 2.459842287373044487e-08 2.850073524988444358e-08 3.046931569882764299e-08
2.284167020314777918e+00 5.793367868693709393e-08 8.760554817154182578e-09 8.216451641285355912e-09 1.627516232221966831e-08 2.664233948119972188e-08 3.071250172013067777e-08 3.297558185918452730e-08
2.342777275494953848e+00 6.295481422113492845e-08 9.555060928561391563e-09 8.927889982420350928e-09 1.787718148838068508e-08 2.952629902654691437e-08 3.355211657597511720e-08 3.630460055467437521e-08
