1.393066036865509005e-01 2.625677341972882645e-10 2.503221344625031233e-11 2.958351658705835582e-11 6.145318396670050791e-11 5.576703425792728272e-11 1.217242079595397722e-10 7.712111718518046445e-11
1.845120578629813879e-01 1.859705944220209818e-09 1.758696131098105903e-10 2.088546671751003262e-10 4.359523436222288763e-10 3.949136178635455373e-10 8.614558435131193156e-10 5.467034400985358274e-10
2.020407033599645741e-01 3.407339921049124335e-09 3.218064550111332051e-10 3.822210837967286152e-10 7.993843899925794637e-10 7.235732993208239522e-10 1.577583428763136292e-09 1.001879093819754361e-09
2.343303134859863190e-01 9.151031898380721751e-09 8.618608777627431580e-10 1.024553883845603675e-09 2.150636785438728303e-09 1.943592810391748408e-09 4.231546418763866368e-09 2.691313678201290939e-09
2.389431149325608461e-01 1.043901554993198511e-08 9.834485865936310248e-10 1.168466793447856885e-09 2.454021569020165619e-09 2.217222711875548283e-09 4.826023538118314549e-09 3.070147525558751227e-09
2.610845618761186149e-01 1.924955923468652736e-08 1.815965569947681447e-09 2.152336057348643213e-09 4.531871067299019962e-09 4.089353755182081918e-09 8.887480201893250638e-09 5.661335714624339496e-09
2.767680867944720124e-01 2.934937049939185775e-08 2.771449859704553187e-09 3.279604531317694832e-09 6.917716483931752000e-09 6.236007975893954800e-09 1.353409261465479531e-08 8.631205530241260625e-09
2.887613705555658328e-01 4.047559412949929477e-08 3.825027657160150707e-09 4.523747576185013847e-09 9.549603225807845246e-09 8.601229013317484379e-09 1.864356318515706227e-08 1.190226864128845481e-08
2.952192925807701762e-01 4.817641005194750403e-08 4.554707278948621763e-09 5.387963914375983880e-09 1.137291918402385289e-08 1.023846941943927661e-08 2.217494585359619930e-08 1.416598810582925471e-08
3.136704983670682845e-01 8.012156645443809463e-08 7.580033349965234184e-09 8.946713088625214578e-09 1.894775635658261357e-08 1.703120118705161253e-08 3.678663178136397372e-08 2.355457184198246737e-08
3.145930586563832621e-01 8.223833520728633549e-08 7.778959053618260772e-09 9.183093454864187038e-09 1.945020903762603326e-08 1.748134345992116518e-08 3.775292345381069226e-08 2.417659546077991332e-08
3.228961012602172831e-01 1.043910781689514713e-07 9.858402533330639526e-09 1.165758336758168051e-08 2.471181154711891521e-08 2.219235440357179064e-08 4.785280701136344969e-08 3.068570685292107681e-08
3.321217041533664482e-01 1.374409298767774888e-07 1.295371017926314617e-08 1.535176621879553438e-08 3.257095654163938066e-08 2.922096491211245646e-08 6.288158353120539997e-08 4.039519460433537724e-08
3.450375482037750796e-01 2.069568843148095830e-07 1.938737423965515470e-08 2.313042463613458006e-08 4.912982254259689834e-08 4.400421640223118834e-08 9.436160220831776802e-08 6.081345382074430579e-08
3.505729099396646120e-01 2.494570338894603997e-07 2.337171144043335242e-08 2.788783048367776631e-08 5.926825661202879178e-08 5.304158543557600875e-08 1.135320432171027873e-07 7.329463488291606009e-08
3.662564348580180096e-01 4.458297735268954019e-07 4.215765444965243119e-08 5.009934136008471432e-08 1.062193338985437439e-07 9.478812220404407682e-08 2.015114235885367389e-07 1.309504165790305232e-07
3.745594774618521416e-01 6.317757045775110773e-07 5.999331801499890413e-08 7.126399295955089104e-08 1.507951766752677660e-07 1.344478009523001933e-07 2.840926369370002652e-07 1.855304238092889939e-07
3.847076406443160623e-01 1.020513738822441971e-06 9.718485639221629026e-08 1.149791081710196394e-07 2.442391558678557441e-07 2.176661764588719083e-07 4.550406388478921714e-07 2.995949655732688372e-07
3.948558038267800940e-01 1.776718601424406809e-06 1.712356532083370682e-07 2.022717220835958756e-07 4.266068564591248488e-07 3.797547371434054047e-07 7.831327558441372461e-07 5.213422631104394232e-07
4.013137258519844375e-01 2.637080575331136593e-06 2.577932078217091180e-07 3.016725914859781682e-07 6.345165835677426126e-07 5.653567767378008815e-07 1.154014387536772905e-06 7.733891787478627548e-07
4.096167684558186250e-01 4.472706723522291849e-06 4.395387947608410945e-07 5.061526152245654535e-07 1.077042125312796820e-06 9.665912174760765579e-07 1.951772723603179723e-06 1.310118522959811592e-06
4.133070096130782578e-01 5.539361794735800543e-06 5.367266804802580359e-07 6.274004914918172938e-07 1.332065036040993147e-06 1.207296418217140067e-06 2.421871302210884025e-06 1.621203376701875431e-06
4.234551727955421785e-01 7.379729625509901172e-06 7.247977782928976585e-07 8.312640262552293836e-07 1.752095092722055892e-06 1.625685854755415418e-06 3.354706294654477375e-06 2.154462383652646402e-06
4.326807756886912881e-01 5.638378969014254222e-06 5.640456804742356660e-07 6.304846340038964506e-07 1.320437918351667541e-06 1.236428352461639804e-06 2.693003402468269188e-06 1.645569692870559001e-06
4.446740594497850529e-01 3.004833340498197079e-06 3.040115121923787709e-07 3.377184842300150682e-07 6.997042123696226041e-07 6.464861007215010249e-07 1.455109415288722410e-06 8.778326262524224519e-07
4.455966197390999195e-01 2.865291764091950188e-06 2.904754712463820585e-07 3.223437484100839639e-07 6.675193037584923788e-07 6.155736096249336704e-07 1.387761072989342004e-06 8.371247973500703046e-07
4.640478255253980833e-01 1.272824958363277632e-06 1.295777350631240871e-07 1.447561116542361865e-07 2.986921859888232135e-07 2.734392831240277375e-07 6.139768939443196592e-07 3.721485931843531065e-07
4.751185489971769260e-01 8.779360052261647310e-07 8.953490454913774284e-08 9.976945985931073842e-08 2.065700587947694012e-07 1.886460307854451653e-07 4.215362424461037466e-07 2.567268155135803062e-07
4.898795136262154570e-01 5.875493360683409645e-07 5.985275302516056182e-08 6.653185082581714258e-08 1.385659431108852451e-07 1.264688072293970697e-07 2.807260842687490311e-07 1.718221329918472228e-07
5.147886414377179642e-01 3.496802488256433981e-07 3.576337668423577055e-08 3.955448563958464943e-08 8.274082285317560608e-08 7.539251296754836698e-08 1.661155592848327139e-07 1.022686189689615845e-07
5.378526486705905718e-01 2.417710142587534240e-07 2.470162891317862921e-08 2.725815766366789545e-08 5.741766727282703733e-08 5.230065722061450837e-08 1.144380924676621616e-07 7.073052335835321324e-08
5.599940956141483683e-01 1.808582376293651237e-07 1.841582570505283273e-08 2.031439604862825378e-08 4.297661198159982093e-08 3.936103240138028778e-08 8.538338563122836585e-08 5.294525704600850812e-08
5.784453014004465876e-01 1.468842174942166196e-07 1.490516225549901042e-08 1.659897375629074099e-08 3.472206758501052103e-08 3.212367194933091757e-08 6.922201070454076942e-08 4.303996459923569064e-08
6.051995497905787724e-01 1.130768543649015294e-07 1.154403840404775837e-08 1.275789204819356029e-08 2.653459673976769513e-08 2.497279775600689518e-08 5.317597450670975758e-08 3.320682910124649926e-08
6.282635570234514910e-01 9.291490324720761192e-08 9.431754066138511996e-09 1.051889472648781308e-08 2.167451569963363840e-08 2.075218514217413167e-08 4.362597700393847057e-08 2.736548486829706349e-08
6.531726848349538317e-01 7.695092286638553940e-08 7.978872987046560779e-09 8.750449027425202783e-09 1.779013683551963156e-08 1.740509661954483895e-08 3.607625294140174735e-08 2.276505074246215900e-08
6.743915714891968172e-01 6.658951666152216436e-08 6.912222458350545341e-09 7.592551165274305837e-09 1.532475129485047152e-08 1.522806898343291031e-08 3.118250397322770664e-08 1.980026661275627076e-08
7.011458198793292240e-01 5.650739765890877777e-08 5.992589548579423326e-09 6.488828302567213858e-09 1.301245054164409426e-08 1.310032517311448201e-08 2.642620576004501643e-08 1.694441114529272417e-08
7.205195859549421433e-01 5.075355038584976008e-08 5.298712710859358840e-09 5.798925966542980185e-09 1.166489144847291031e-08 1.172662458253538418e-08 2.371461836681805510e-08 1.533618479181116852e-08
7.454287137664448171e-01 4.477088247316980287e-08 4.709334996682307864e-09 5.131593138985541961e-09 1.031846841170365001e-08 1.023601360954070533e-08 2.089818776977355969e-08 1.369646052459218738e-08
7.878664870749303439e-01 3.733855860201128895e-08 3.880516893171776245e-09 4.265669563260760367e-09 8.306015501266650131e-09 8.472856864906536484e-09 1.740481819771820007e-08 1.177921262290981335e-08
8.330719412513608590e-01 3.212842662491087028e-08 3.388705723558903160e-09 3.784684012671479547e-09 7.296626465713778007e-09 7.500896826992761889e-09 1.495006020440954189e-08 1.057010939762482679e-08
8.616713102201228880e-01 2.989904867976599347e-08 3.123834424923900335e-09 3.564815901083972254e-09 6.897605885163733266e-09 6.962731302199585338e-09 1.389124062334736044e-08 1.014248651489548168e-08
9.022639629499789038e-01 2.782585980314764934e-08 2.935535747824714203e-09 3.419374523062709656e-09 6.290816468098898851e-09 6.386460047411609903e-09 1.291886762895257765e-08 9.787847951753035635e-09
9.539273391516136513e-01 2.670893905474427032e-08 2.927238506854040324e-09 3.519449968612947103e-09 6.275856316917214927e-09 6.248334787017355567e-09 1.242144270167595033e-08 9.791472443700659662e-09
1.005590715353248399e+00 2.700822720140387671e-08 2.971703047095200312e-09 3.515991583997308105e-09 6.604453615585806365e-09 7.100862219769194055e-09 1.264588927500318323e-08 1.052997947646634173e-08
1.050796169529678803e+00 2.832278648167802686e-08 3.175853954986198789e-09 3.560411720477935365e-09 7.279193841014636397e-09 8.324599689386041778e-09 1.342237253290722071e-08 1.169487423880627460e-08
1.096924183995424240e+00 3.066598810286002258e-08 3.556635661019445858e-09 3.682239532683260655e-09 7.814053963292236098e-09 9.928145343980445024e-09 1.468951695192807055e-08 1.329647211976917528e-08
1.139361957303909767e+00 3.378997604717818580e-08 3.991423855174242457e-09 4.002501365937515715e-09 8.737883213090289746e-09 1.151609414230704966e-08 1.632603868256884364e-08 1.519789529315151649e-08
1.232540546524715452e+00 4.493864202229208866e-08 5.324925420122123708e-09 4.962070582685860110e-09 1.249533615174879961e-08 1.652814656278356722e-08 2.204699377640532170e-08 2.140622371313052615e-08
1.278668560990460668e+00 5.381808713529647059e-08 6.409334134315975140e-09 6.030470835810825451e-09 1.459569441691777152e-08 2.032652940160948784e-08 2.656910923738169440e-08 2.613684672492119177e-08
1.323874015166891072e+00 6.641385329774921794e-08 8.029932710261734500e-09 7.484713944706521687e-09 1.755996994699640058e-08 2.561147501866774528e-08 3.297463256051221188e-08 3.272299691611692794e-08
1.364466667896747198e+00 8.352449090732879375e-08 1.023426679490219494e-08 9.431607626552129075e-09 2.158633537675205240e-08 3.270256881202005921e-08 4.167778024073557182e-08 4.155158468503065017e-08
1.395833717733453883e+00 1.036580157167995428e-07 1.279013424409434864e-08 1.185701660256461747e-08 2.660579308857272354e-08 4.097912375936957219e-08 5.192863400366971444e-08 5.185221299348181522e-08
1.411517242651807225e+00 1.175529546232474637e-07 1.460624989746126076e-08 1.344724207781681657e-08 3.016409429897809438e-08 4.666428147002467088e-08 5.901035697595270318e-08 5.891380126254336119e-08
1.443806852777829164e+00 1.606904664990829972e-07 2.016608993894269437e-08 1.839919832167636079e-08 4.118462794403497980e-08 6.422279328113535275e-08 8.103053503053552464e-08 8.067005972196128915e-08
1.458567817406867695e+00 1.915808707632994837e-07 2.402227297573995662e-08 2.194927320772185140e-08 4.905836419001343051e-08 7.673538795780241652e-08 9.682724569708179083e-08 9.613726576776338638e-08
1.482554384929055002e+00 2.720959166901179925e-07 3.405491720146791103e-08 3.132055272490168442e-08 6.950418593119336759e-08 1.091843616514140426e-07 1.380872429840239981e-07 1.361507323919758717e-07
1.505618392161927721e+00 4.258190911398930189e-07 5.391101911082640118e-08 5.002588958021422882e-08 1.082657827755138806e-07 1.706679117268313733e-07 2.170825858008642939e-07 2.117107353034725826e-07
1.520379356790966252e+00 6.142487534982103940e-07 7.610657356471529830e-08 7.275318473718290742e-08 1.557893793695690160e-07 2.453980310216916318e-07 3.128292629310831257e-07 3.032263061727579181e-07
1.539753122866579282e+00 1.090178094042215176e-06 1.332677137866506589e-07 1.296521899141536372e-07 2.770366151413185542e-07 4.313132759843878999e-07 5.503190640934363764e-07 5.297315837268098465e-07
1.541598243445209127e+00 1.152432519557741215e-06 1.410605457003651017e-07 1.368119542215627090e-07 2.929033602895858422e-07 4.552967772771942474e-07 5.807984595616110422e-07 5.588883834252481873e-07
1.551746406627672936e+00 1.500688198951675240e-06 1.825402644110715448e-07 1.773364876289097743e-07 3.853428721180162772e-07 5.872992511028763941e-07 7.466168507287862012e-07 7.189327776761460698e-07
1.569275052124656344e+00 1.484479648878621568e-06 1.859736205902653048e-07 1.768114597362047261e-07 3.832215492634788301e-07 5.713610230507086936e-07 7.180822759049561596e-07 6.978711420807964098e-07
1.582190896175065253e+00 9.385203859894454795e-07 1.139546431252961765e-07 1.112464799880380252e-07 2.456379182008260451e-07 3.542492106961283420e-07 4.508712041830182368e-07 4.374867431792976307e-07
1.585881137332324720e+00 7.977920099329279453e-07 9.669549233312685280e-08 9.579701554456433310e-08 2.096101319042263929e-07 2.988921208407500927e-07 3.830727501076284779e-07 3.708552128758447424e-07
1.591416499068214252e+00 6.216170365588948629e-07 7.491741914486623807e-08 7.524863446749226381e-08 1.642587078896812526e-07 2.300973277931698250e-07 2.983074880965596606e-07 2.875341389838710769e-07
1.601564662250678062e+00 3.970017025639004863e-07 4.727180929602914442e-08 4.831183339676147467e-08 1.060036539981331291e-07 1.432118910397275398e-07 1.901627144170581667e-07 1.814859697473229631e-07
1.629241470930125280e+00 1.389930195645317582e-07 1.773716758352710418e-08 1.786509888641118435e-08 3.652429145066513704e-08 4.576557283453775234e-08 6.559263990384001706e-08 6.049603979804418503e-08
1.646770116427108466e+00 8.155562344211850973e-08 1.024992963729930083e-08 1.103428214319668548e-08 2.220440345337524289e-08 2.429647233797932746e-08 3.786617483004670629e-08 3.403624086556195667e-08
1.696588372050113369e+00 2.868446466811037903e-08 4.284662239384742253e-09 4.610717006766946063e-09 8.649048560756575604e-09 7.932331560119257904e-09 1.371916186273451975e-08 1.030231768873769002e-08
1.736258464490654463e+00 1.979898121054566088e-08 3.231531865506777001e-09 3.327473398910433702e-09 6.788264724408959335e-09 5.595951391274685825e-09 9.285220857439128254e-09 7.309718570581169553e-09
1.782386478956399678e+00 1.847443300367972246e-08 2.984741354079293500e-09 3.222971801094892078e-09 6.323176742195179386e-09 5.552594936351737523e-09 8.944270858548800821e-09 7.529483525908551842e-09
1.828514493422145115e+00 2.041806797479172685e-08 3.196653578774903681e-09 3.289365887458274029e-09 6.770411988601096514e-09 6.790459361946352447e-09 1.014683723902609925e-08 9.164987008165004373e-09
1.885713231359669395e+00 2.438481850182595127e-08 3.638844300170325116e-09 3.691276522114481995e-09 7.297151627476072390e-09 9.253863219341687074e-09 1.195198102312301742e-08 1.182578159445544245e-08
1.922615642932265834e+00 2.729591534244889684e-08 4.071442902951775248e-09 3.911195393093998602e-09 7.601408439053775064e-09 1.098614650999047431e-08 1.312513982290860656e-08 1.368183946576573554e-08
2.015794232153071075e+00 3.502730277810240216e-08 4.973791189506395037e-09 4.799045312658257272e-09 9.521502486287244052e-09 1.484580192272085887e-08 1.679628962149385807e-08 1.852393505905469712e-08
2.108972821373876982e+00 4.289079658765727551e-08 6.152482526005292259e-09 5.657329932846488385e-09 1.181403298037140413e-08 1.903020444752576597e-08 2.142716735718212154e-08 2.345680805843104044e-08
2.200306290016052380e+00 5.061341144309494534e-08 7.293075642114314821e-09 6.719072401300465629e-09 1.414909537199479167e-08 2.338523330111719399e-08 2.610542338238624811e-08 2.836822284532980977e-08
2.297175120394117975e+00 5.882881344143954539e-08 8.624153454136195994e-09 7.965196739428841417e-09 1.673732188345979702e-08 2.825474776772016952e-08 3.124989464952855891e-08 3.368741475295519027e-08
