1.798992564164068053e-01 1.986433848320722980e-08 1.867771863267882544e-09 2.236056990737826352e-09 4.705142980779823888e-09 4.224821458408515861e-09 9.182768922413174398e-09 5.759425593046205758e-09
1.946602210454453363e-01 3.358049198218432783e-08 3.156013241730880913e-09 3.778352585582234363e-09 7.962068762197757518e-09 7.139957857308035204e-09 1.551822111434113772e-08 9.734001918943357793e-09
2.108050261084561949e-01 5.682638826612793839e-08 5.342340535692784013e-09 6.391697982489028092e-09 1.348849867014278996e-08 1.207923342968383631e-08 2.624876227817295455e-08 1.646920183622226706e-08
2.255659907374947259e-01 8.890057570048206285e-08 8.357982147736457873e-09 9.997743109927183550e-09 2.112244355489162892e-08 1.889312053346843850e-08 4.104322472539067565e-08 2.576215014207994752e-08
2.407882355111906625e-01 1.375997981913880438e-07 1.291426494298463816e-08 1.547455849490569023e-08 3.272587720984232954e-08 2.923762679002213086e-08 6.348530623714104879e-08 3.987306214020719556e-08
2.555492001402291935e-01 2.066962977038200895e-07 1.937131311987021580e-08 2.324973394816601829e-08 4.920662435674135692e-08 4.391390578470961776e-08 9.529079104281265726e-08 5.989778265319456733e-08
2.707714449139251300e-01 3.112540539715535893e-07 2.919776763781789673e-08 3.500918443747086343e-08 7.417134634242116274e-08 6.612187485236764774e-08 1.433508947317369767e-07 9.020783255601541117e-08
2.721552853478975131e-01 3.229578024433118410e-07 3.029807893199375598e-08 3.632555445712936208e-08 7.696744871410964258e-08 6.860765797458811640e-08 1.487259655564353817e-07 9.360104779907307219e-08
2.795357676624167786e-01 3.931812481099912566e-07 3.689980123093160741e-08 4.421702043017044475e-08 9.374833920405236679e-08 8.352333431326472643e-08 1.809587378084953022e-07 1.139641027070182952e-07
2.859936896876210666e-01 4.670894097841103198e-07 4.384846720720306230e-08 5.251147452170292986e-08 1.114182389681760116e-07 9.922184855949219917e-08 2.148516219863553604e-07 1.353996552808298833e-07
2.873775301215934497e-01 4.846892507987548885e-07 4.550312750519908145e-08 5.448643389472909264e-08 1.156270633106867325e-07 1.029602234247014513e-07 2.229181048641541745e-07 1.405047620998727913e-07
2.933741720021403321e-01 5.692348026380671907e-07 5.345161234418317243e-08 6.397279670333448372e-08 1.358507984702834640e-07 1.209186184004542709e-07 2.616449539314502356e-07 1.650312794366298905e-07
2.947580124361127152e-01 5.908380644467158924e-07 5.548261113254219324e-08 6.639656922461795107e-08 1.410198612150644713e-07 1.255073646895190018e-07 2.715347150720901281e-07 1.712989659039240306e-07
2.989095337380297535e-01 6.610098176155203526e-07 6.209077724952807946e-08 7.426923827631133699e-08 1.578130619132190906e-07 1.404128541980610800e-07 3.036429596118948257e-07 1.916599251032968355e-07
3.016772146059745197e-01 7.126947091658570385e-07 6.696249266118306503e-08 8.006771242923803581e-08 1.701848524214259739e-07 1.513917635934542823e-07 3.272774028735956908e-07 2.066588814253309138e-07
3.025997748952893862e-01 7.308657357629755875e-07 6.866987506572018987e-08 8.210624833403351140e-08 1.745351561900134494e-07 1.552515977829336099e-07 3.355837652610849792e-07 2.119323214728706164e-07
3.062900160525490190e-01 8.087263369957000537e-07 7.596730276754522305e-08 9.084113944642563171e-08 1.931787003195470266e-07 1.718177580586931688e-07 3.711589486307646753e-07 2.345305523499733809e-07
3.090576969204937852e-01 8.730298556040083220e-07 8.199265131008387570e-08 9.805512516825082991e-08 2.085799852795191032e-07 1.855114171053571111e-07 4.005202085586629652e-07 2.531960384918681068e-07
3.099802572098086517e-01 8.957036004824661448e-07 8.411683028897601369e-08 1.005988949743749796e-07 2.140111197160717850e-07 1.903402741961032519e-07 4.108690158449903268e-07 2.597782414512486360e-07
3.155156189456981286e-01 1.046193925561708334e-06 9.815696707621457817e-08 1.174830708011947366e-07 2.500684984327773160e-07 2.223986243252486521e-07 4.795041590055562958e-07 3.034708870148511264e-07
3.247412218388471827e-01 1.364580903547124310e-06 1.281554820746318346e-07 1.532111533997438392e-07 3.264014035882028314e-07 2.902635664007452353e-07 6.244356007287569446e-07 3.959379238705755068e-07
3.311991438640515262e-01 1.654094355493745172e-06 1.553071516297179832e-07 1.857101105202273226e-07 3.958599852150492751e-07 3.520159266520564878e-07 7.559266498192005436e-07 4.800465831891724804e-07
3.330442644426813148e-01 1.749682423521595513e-06 1.642654369774309585e-07 1.964391031845318510e-07 4.188001066921651278e-07 3.724104818829908015e-07 7.992833434155593911e-07 5.078230551450619310e-07
3.395021864678857137e-01 2.139641587523057668e-06 2.006571998619880571e-07 2.402003140814916843e-07 5.124323784769378758e-07 4.556543980418545444e-07 9.758860688465985413e-07 6.211554225576959700e-07
3.404247467572005803e-01 2.203487138293888127e-06 2.066046125636831266e-07 2.473662946481837844e-07 5.277677717507226885e-07 4.692884259792602362e-07 1.004760025264998324e-06 6.397138280563549729e-07
3.473439489270623848e-01 2.763643557834893723e-06 2.586886723238585434e-07 3.102528969571366810e-07 6.623770887928788529e-07 5.889651986006229734e-07 1.257641733976365684e-06 8.025685899657573563e-07
3.482665092163773068e-01 2.850867162838254496e-06 2.667835938394992455e-07 3.201126836168552021e-07 6.833467519136950303e-07 6.076089158454834668e-07 1.296949842828664600e-06 8.279318072347607067e-07
3.561082716755539779e-01 3.748451287965403461e-06 3.515697965853174140e-07 4.218578861395008750e-07 8.992678348622892906e-07 7.995847590357526473e-07 1.700473195224697435e-06 1.088990784782159221e-06
3.634887539900732434e-01 4.939927477275863765e-06 4.651913518186750012e-07 5.571761198174619888e-07 1.186205640861038523e-06 1.054712553682464976e-06 2.233645850955447421e-06 1.435650253463913525e-06
3.708692363045925089e-01 6.656207338322666239e-06 6.289283231573460702e-07 7.528160139915471212e-07 1.599949309193281654e-06 1.422693947607179594e-06 2.997439128319745559e-06 1.935164659679697709e-06
3.787109987637692354e-01 9.419078104498895986e-06 8.919510208922050925e-07 1.066093886806062705e-06 2.265310484943961107e-06 2.015961718105064371e-06 4.218348157705919808e-06 2.739532574236048165e-06
3.865527612229459065e-01 1.385664723761157024e-05 1.312723626423588567e-06 1.571484287283686978e-06 3.336197592377657345e-06 2.970348440807100133e-06 6.161794551646435487e-06 4.031762963348955228e-06
3.939332435374651720e-01 2.079172018838172756e-05 1.984076766712347916e-06 2.374048883219603487e-06 5.022741227505230529e-06 4.464235200884782839e-06 9.167936776241493674e-06 6.051370789208761447e-06
4.013137258519844375e-01 3.256672661567244922e-05 3.159262982303978260e-06 3.735017793102004245e-06 7.882286166056078568e-06 7.019141904044675718e-06 1.424920082985560601e-05 9.479365497752620032e-06
4.059265272985589923e-01 4.375050339631137678e-05 4.299891279070919877e-06 4.988957857133718466e-06 1.059515021293460941e-05 9.471842084506757234e-06 1.910268440405687301e-05 1.273289838003744832e-05
4.090632322822296829e-01 5.338057129439363526e-05 5.249042789749516747e-06 6.056081026899617513e-06 1.292405355008186311e-05 1.159939655239343627e-05 2.334354412182101512e-05 1.553199292619756585e-05
4.105393287451334916e-01 5.842608218282965978e-05 5.712561748494633250e-06 6.628865375231710565e-06 1.413218594717183751e-05 1.271261496196579333e-05 2.556918481417692749e-05 1.699746273780804585e-05
4.130302415262837590e-01 6.740513854819026388e-05 6.529679247222912103e-06 7.640324509920896131e-06 1.627956109268542738e-05 1.469203264270096184e-05 2.953487212411183885e-05 1.960333186519724419e-05
4.151521301917080464e-01 7.505031722527252065e-05 7.305660877609621105e-06 8.462288062452297342e-06 1.811217296281306349e-05 1.644330771974435764e-05 3.291433422620521445e-05 2.181961505565176341e-05
4.177352990017897949e-01 8.333695907067245113e-05 8.120854864134772469e-06 9.370085153204095246e-06 2.005444766054166009e-05 1.832007622456943599e-05 3.666329544408960096e-05 2.421844268123242097e-05
4.200416997250769890e-01 8.868213638096603883e-05 8.610462830450343733e-06 9.985586527419236936e-06 2.127074282195919421e-05 1.954020972795386831e-05 3.945153121627932406e-05 2.576272256094141989e-05
4.224403564772957753e-01 9.118595889833234830e-05 8.973020527761209797e-06 1.028328635658320371e-05 2.178234384704278717e-05 2.011987663894733479e-05 4.116984222149146699e-05 2.648301393412930583e-05
4.247467572005830805e-01 9.025400984066867861e-05 8.967070467317240731e-06 1.013574723695960197e-05 2.147226185742768243e-05 1.991874216207809880e-05 4.139097047532147816e-05 2.620934817615664031e-05
4.271454139528018112e-01 8.613947149201101180e-05 8.585524232364603664e-06 9.650280547540172828e-06 2.041412306134640306e-05 1.899506992032092023e-05 4.011177191678156197e-05 2.501595028616547566e-05
4.295440707050205975e-01 7.972137687788982197e-05 7.966132936831164519e-06 8.933697961446428106e-06 1.879193908845415190e-05 1.755156119654822521e-05 3.760645071488493470e-05 2.315720571085585621e-05
4.317582153993764216e-01 7.271155964172883526e-05 7.279804705804550618e-06 8.109552995183769825e-06 1.704403914967915295e-05 1.597847030470564308e-05 3.462123092586266672e-05 2.112786404426558908e-05
4.342491281805266334e-01 6.452220537171766859e-05 6.450589288241339822e-06 7.207250910917111821e-06 1.504932578008750187e-05 1.414743841208162715e-05 3.095401768376219867e-05 1.875670703603420661e-05
4.389541856560326138e-01 5.035964967216963482e-05 5.034548074041567654e-06 5.610837591649618596e-06 1.174516143709674682e-05 1.096304434566081374e-05 2.434262693412145030e-05 1.465370070017452223e-05
4.437514991604701864e-01 3.897972912349946523e-05 3.937287762936112704e-06 4.382531015285555484e-06 9.107663809938670440e-06 8.403710593458709312e-06 1.886980291604673096e-05 1.135345703175970163e-05
4.483643006070446857e-01 3.082791359693719182e-05 3.129543196619557859e-06 3.478840458060822533e-06 7.215320600646011229e-06 6.615699078425054975e-06 1.493467042139402161e-05 8.986991932731210140e-06
4.529771020536191850e-01 2.479140959247174610e-05 2.518913617710238277e-06 2.808184788064035632e-06 5.810942530883063650e-06 5.320578544946670730e-06 1.201393904997189488e-05 7.233100312743646340e-06
4.575899035001937398e-01 2.028902376583408327e-05 2.058204604651837823e-06 2.305736276270186242e-06 4.761192956984158802e-06 4.354542307672373727e-06 9.813393254664508591e-06 5.923984682029757612e-06
4.622027049467682946e-01 1.688229455893858628e-05 1.718788821689015098e-06 1.919282672107132961e-06 3.965319078410906619e-06 3.623637591681302492e-06 8.148893910950046721e-06 4.932839582568877734e-06
4.672767865380001995e-01 1.403252360799277819e-05 1.430409246231483702e-06 1.596504266041795040e-06 3.298359579361311708e-06 3.012294215252544382e-06 6.758360119138197896e-06 4.103282858456159884e-06
4.723508681292322708e-01 1.185212898249703543e-05 1.207738920848212057e-06 1.348861425496463855e-06 2.787225363880776164e-06 2.544610158591505087e-06 5.696414723839592973e-06 3.468271941010526998e-06
4.769636695758068257e-01 1.029002807942881175e-05 1.047808469946054979e-06 1.170250701522754260e-06 2.420537144639442123e-06 2.209589721176641384e-06 4.937066547033556492e-06 3.013152216355379129e-06
4.815764710223813250e-01 9.025187451241817646e-06 9.187780181169812678e-07 1.024330191304022590e-06 2.123301642381897816e-06 1.938349821609077598e-06 4.323341861592784878e-06 2.644516353322014158e-06
4.861892724689558243e-01 7.987560264182803517e-06 8.132498393875956639e-07 9.052041178843361042e-07 1.879218264600666550e-06 1.715857622936948634e-06 3.820750937677951746e-06 2.342017156517415751e-06
4.908020739155304346e-01 7.125926598815857858e-06 7.254655140600293605e-07 8.062859729966398789e-07 1.676356472399017128e-06 1.531118197364482816e-06 3.404100407568371432e-06 2.090761770606701302e-06
4.954148753621049894e-01 6.402803690287303800e-06 6.517103811112818216e-07 7.239224324148411829e-07 1.505964424291956349e-06 1.376089950612671226e-06 3.054972537906452504e-06 1.879853908859672032e-06
5.000276768086795443e-01 5.789653732878004817e-06 5.892838198444387795e-07 6.542266212176446136e-07 1.361383489770186660e-06 1.244645651514039326e-06 2.759373006718479515e-06 1.700983993722927540e-06
5.046404782552540436e-01 5.265071742079246691e-06 5.359599456730560876e-07 5.947016256787485342e-07 1.237606291421624912e-06 1.132193019961889895e-06 2.506816041903719286e-06 1.547922986292918590e-06
5.097145598464859484e-01 4.770918681517913036e-06 4.851475503777154233e-07 5.385438745128984882e-07 1.120930849059051036e-06 1.026268455996187242e-06 2.269221356974874130e-06 1.403718181323264610e-06
5.147886414377179642e-01 4.347228126527478150e-06 4.413451057123233116e-07 4.901762596311915298e-07 1.020828096980336337e-06 9.354507188742959064e-07 2.065766222623236104e-06 1.280056876369507627e-06
5.194014428842924636e-01 4.012150635105423485e-06 4.072537428174533049e-07 4.519393832718159375e-07 9.426058219655124510e-07 8.636279685831422667e-07 1.905045428117082414e-06 1.182245197213416551e-06
5.240142443308669629e-01 3.717072379789031756e-06 3.772832647015533799e-07 4.180577567633608477e-07 8.736572921363421022e-07 8.003821231499303864e-07 1.763648662707312385e-06 1.096105113348102794e-06
5.286270457774415732e-01 3.455541311686403554e-06 3.507618184270586358e-07 3.879854157816467282e-07 8.124867613789722762e-07 7.443265568324732939e-07 1.638443980089738625e-06 1.019750823614163662e-06
5.332398472240160725e-01 3.222391427146992595e-06 3.268773704030361317e-07 3.611710083346075556e-07 7.579058368481073800e-07 6.943518996826651189e-07 1.526924423844616277e-06 9.516735470773061562e-07
5.378526486705905718e-01 3.013937890252904209e-06 3.052950953948668107e-07 3.371903792395395035e-07 7.090533447704690770e-07 6.496730168811267135e-07 1.427295881085622395e-06 8.908084997488093411e-07
5.424654501171650711e-01 2.826344104056028953e-06 2.858836437749323873e-07 3.156058582299100089e-07 6.650529879778301061e-07 6.094620743337903914e-07 1.337705437708431302e-06 8.360271555301774619e-07
5.470782515637396815e-01 2.656998808634141009e-06 2.683651236056023563e-07 2.964867325819715430e-07 6.252963693909188654e-07 5.731617327462347177e-07 1.256888086509116319e-06 7.865728487880163399e-07
5.572264147462036021e-01 2.337663420729572719e-06 2.353349445265137920e-07 2.620991312171901751e-07 5.500931605366887567e-07 5.047351740826375092e-07 1.104642713098541078e-06 6.933141961914303261e-07
5.664520176393528228e-01 2.098105279118245441e-06 2.105560952128723201e-07 2.361163470603513717e-07 4.932043224468429178e-07 4.547179914803197765e-07 9.905709286231061160e-07 6.233519834085500633e-07
5.756776205325018214e-01 1.896046377899057632e-06 1.896495204471039193e-07 2.140351690656846272e-07 4.451748522132731884e-07 4.125369190776183480e-07 8.944535260973135486e-07 5.643414168126166596e-07
5.849032234256509311e-01 1.723808901601595316e-06 1.728050691916428223e-07 1.950665946945233865e-07 4.041930209077207053e-07 3.765841966233126749e-07 8.125968096601116512e-07 5.140413714581189469e-07
5.950513866081148517e-01 1.562183541643178968e-06 1.576204650796753044e-07 1.765339940805058122e-07 3.656881554978574502e-07 3.428517259063365166e-07 7.358458286576048498e-07 4.668483715963285012e-07
6.038157093566064448e-01 1.441391298666776357e-06 1.461444672457886473e-07 1.624810126857194149e-07 3.368801605751460991e-07 3.176403647755186183e-07 6.785293407225892653e-07 4.315778490168564154e-07
6.135025923944130710e-01 1.324692111008329795e-06 1.351426829155272267e-07 1.497988495631716512e-07 3.090130253758933700e-07 2.932836153771805692e-07 6.231901770838504027e-07 3.975065730018313118e-07
6.227281952875621807e-01 1.227332910056512384e-06 1.251181542835240283e-07 1.389069715887694667e-07 2.859776359165139690e-07 2.729640321916208146e-07 5.770484279605681388e-07 3.690877710193278020e-07
6.319537981807111793e-01 1.141030470013079835e-06 1.163585138256947283e-07 1.287324167611408330e-07 2.659200523750058031e-07 2.549493523017950550e-07 5.361693200474079422e-07 3.438964030112188229e-07
