9.225602893149067790e-04 1.016840064518956829e-04 1.673636469424552987e-05 1.727464794618322321e-05 3.043770787594139650e-05 2.992818073862285491e-05 4.042361187419499040e-05 4.381900304409336728e-05
1.014816318246397446e-02 1.041027710423267746e-04 1.713657412158593166e-05 1.769648480866641233e-05 3.115589130566109508e-05 3.063271155750546364e-05 4.139828302341423346e-05 4.486305573015981319e-05
1.937376607561304073e-02 1.065044936888639819e-04 1.753027559017178026e-05 1.810400866037718576e-05 3.186911760270924403e-05 3.134263807921167284e-05 4.236970717995264539e-05 4.587465586712869548e-05
2.859936896876210874e-02 1.090135602387075928e-04 1.794077913440448972e-05 1.853105055763783150e-05 3.261527843080724441e-05 3.208442183186944281e-05 4.338514593514827583e-05 4.690692935126578543e-05
3.782497186191117328e-02 1.116601200871797139e-04 1.837337668177399725e-05 1.898306672213295005e-05 3.340298049566153978e-05 3.286687213074263091e-05 4.445629573308629019e-05 4.799611029853864620e-05
4.705057475506025516e-02 1.144649965306330581e-04 1.882871567127125851e-05 1.946285313431930439e-05 3.423828991735870851e-05 3.369610095447691243e-05 4.559136880290597072e-05 4.915084900594225237e-05
5.627617764820931623e-02 1.174435426845443770e-04 1.931024152834031336e-05 1.996900673411657187e-05 3.512564606333424633e-05 3.457664104279161907e-05 4.679654784772481751e-05 5.037735133362467770e-05
6.550178054135838424e-02 1.206267825953033740e-04 1.982483733139174206e-05 2.050964380671577332e-05 3.607143854605712198e-05 3.551758791234160459e-05 4.808400664809436994e-05 5.168892158029807411e-05
7.472738343450743836e-02 1.240192389724302025e-04 2.037305683303249158e-05 2.108552895479566015e-05 3.707936352155874991e-05 3.652034770140497673e-05 4.945592161849802289e-05 5.308673563663216226e-05
8.395298632765652025e-02 1.276555254100449359e-04 2.096071333922873967e-05 2.170257533703546290e-05 3.815985735195886195e-05 3.759508275733286899e-05 5.092594698334488093e-05 5.458555755494957690e-05
9.317858922080557438e-02 1.315564193185158757e-04 2.159112243148013257e-05 2.236430371756154912e-05 3.931906269643512799e-05 3.875249704572613567e-05 5.253280120905398144e-05 5.619373711951342650e-05
1.024041921139546424e-01 1.357528612203359286e-04 2.226933703393748796e-05 2.307596306080970765e-05 4.056621443614149593e-05 3.991867566563053434e-05 5.445765629661999279e-05 5.792409403017008049e-05
1.116297950071036965e-01 1.402832227854999803e-04 2.300164152214809925e-05 2.384407207146011182e-05 4.191277172392897030e-05 4.117953073376190421e-05 5.660067631762402229e-05 5.979264934436790725e-05
1.208553979002527506e-01 1.451855020013851087e-04 2.382050770448646969e-05 2.467143096076259508e-05 4.337004614970483922e-05 4.260531611662178716e-05 5.890842853889608627e-05 6.181503346086060502e-05
1.300810007934018186e-01 1.504973276470741373e-04 2.470828597667085961e-05 2.556685946441736561e-05 4.494917321897154839e-05 4.416767011663335219e-05 6.140025865036959725e-05 6.400646476442495389e-05
1.393066036865509005e-01 1.562855848951452686e-04 2.567490819611686101e-05 2.654243964551669254e-05 4.667019308154932351e-05 4.586993637473594566e-05 6.393468498319679273e-05 6.639513622061919327e-05
1.485322065796999824e-01 1.626097769175952816e-04 2.673026826502579055e-05 2.760889971465462314e-05 4.855080718627424285e-05 4.772959824975151247e-05 6.653219921220088640e-05 6.900552760257503988e-05
1.577578094728490643e-01 1.695114645256589703e-04 2.786643482126545390e-05 2.878126907056115496e-05 5.060312010023290327e-05 4.975893202677294602e-05 6.936702809909889582e-05 7.185356526419918184e-05
1.669834123659981462e-01 1.771142646062287996e-04 2.910086813543051598e-05 3.007242668353997395e-05 5.286426724857406080e-05 5.199416578355894967e-05 7.248982054155727055e-05 7.499185056147689642e-05
1.762090152591472003e-01 1.854954297248720722e-04 3.044187950486203480e-05 3.149546198834556488e-05 5.535707458843386417e-05 5.445803061461938657e-05 7.593242932992316590e-05 7.845130734673707521e-05
1.854346181522962822e-01 1.947812412053548067e-04 3.192803656402665104e-05 3.307176982676770355e-05 5.811919356792113567e-05 5.718760344953997799e-05 7.975200353802091463e-05 8.228433303882901810e-05
1.946602210454453641e-01 2.051101360195322189e-04 3.357359129104258940e-05 3.482479676689833963e-05 6.119181787674001123e-05 6.022354710872928826e-05 8.400210157217548844e-05 8.654783706118368298e-05
2.038858239385944460e-01 2.166471846652889886e-04 3.540217720727196582e-05 3.678489354029700260e-05 6.462403672626267971e-05 6.361435443211801814e-05 8.874928780442317027e-05 9.130960135202552418e-05
2.131114268317435001e-01 2.296052580306179173e-04 3.752319567869780007e-05 3.899252270056624277e-05 6.847929342135731308e-05 6.742252239773149696e-05 9.408110710182042316e-05 9.665751638297917546e-05
2.223370297248925820e-01 2.442301880445748230e-04 3.989290904169053150e-05 4.148401481334268903e-05 7.283068627998343612e-05 7.165868774973533305e-05 1.000987856443835504e-04 1.026924986729491106e-04
2.315626326180416361e-01 2.608361289974227368e-04 4.260709117786235954e-05 4.429672015368360505e-05 7.777180684316522142e-05 7.638788657032222771e-05 1.069316391887915733e-04 1.095438617241200165e-04
2.407882355111907180e-01 2.798088520838681870e-04 4.571193567824341887e-05 4.751186425318583537e-05 8.341746423796297678e-05 8.194450671992716722e-05 1.147384746118726147e-04 1.173701461501625248e-04
2.500138384043397721e-01 3.016354545631987354e-04 4.927118900114181403e-05 5.122308909343112641e-05 8.991270280969405719e-05 8.833648155396294074e-05 1.237198705494795079e-04 1.263714668857809182e-04
2.592394412974888818e-01 3.269334066485320221e-04 5.343382203964558387e-05 5.552405382409171444e-05 9.744134376416972243e-05 9.574451972129750278e-05 1.341062810231575370e-04 1.368012858342500747e-04
2.684650441906379359e-01 3.565296582141323561e-04 5.825363331518097765e-05 6.055511731058627230e-05 1.062498078669788719e-04 1.044106629622689971e-04 1.462535461023334359e-04 1.490001179666527390e-04
2.776906470837869900e-01 3.914490715119128047e-04 6.384571286450427957e-05 6.649039507570505625e-05 1.166567981608895160e-04 1.146347979238361765e-04 1.605845263344595972e-04 1.633874688848888416e-04
2.869162499769360997e-01 4.330957711674362099e-04 7.052565272650304900e-05 7.356826964451357006e-05 1.291184331484355281e-04 1.268278235594608996e-04 1.776749972956682012e-04 1.805395307439414316e-04
2.961418528700851538e-01 4.833698973090704031e-04 7.870288715746412899e-05 8.210585337057951056e-05 1.441666047363058330e-04 1.415457512077389454e-04 1.983040819671177762e-04 2.012355829272370459e-04
3.053674557632342079e-01 5.448769502928556014e-04 8.865569344433264689e-05 9.254097339813732682e-05 1.625840059221638151e-04 1.595509519486379207e-04 2.235402428177952127e-04 2.265428424832707961e-04
3.145930586563833176e-01 6.213174566319657746e-04 1.011041150326784507e-04 1.055063447125527756e-04 1.854829473476492718e-04 1.819261444867840884e-04 2.549006302628091351e-04 2.579769201787899743e-04
3.238186615495323717e-01 7.180390349697783354e-04 1.168619113537945186e-04 1.219069432923810224e-04 2.144722461401239646e-04 2.102358120404366516e-04 2.945775899909138396e-04 2.977259248148159685e-04
3.330442644426814813e-01 8.430347015531997491e-04 1.372561113013566828e-04 1.430948462990092474e-04 2.519585485247016147e-04 2.468168897627333975e-04 3.458474441693443549e-04 3.490584852047760606e-04
3.422698673358305355e-01 1.008566249024047496e-03 1.642873470168813160e-04 1.711429590686693123e-04 3.016389222054349697e-04 2.952393319616538952e-04 4.137363216978710845e-04 4.169813941361643229e-04
3.514954702289795896e-01 1.234399315108737670e-03 2.011953106976209927e-04 2.093899946477434382e-04 3.694812976252220566e-04 3.612909970098300604e-04 5.063438834106775369e-04 5.095605396578966511e-04
3.607210731221286992e-01 1.553752813898038850e-03 2.534419829736457054e-04 2.634409678971643114e-04 4.655357676090650636e-04 4.546770207539978150e-04 6.372796938823967802e-04 6.403352331888667766e-04
3.699466760152777534e-01 2.025213523572657551e-03 3.306843111324968623e-04 3.430861848285604847e-04 6.075791139878686416e-04 5.925615979851428690e-04 8.305424369664630990e-04 8.331368803996836575e-04
3.791722789084268630e-01 2.758796050482109803e-03 4.495571599884944092e-04 4.667027188028577758e-04 8.291298772579551446e-04 8.071454199415368375e-04 1.131182136519104722e-03 1.132623178953756681e-03
3.883978818015759171e-01 3.973429826004043486e-03 6.464204673977862539e-04 6.707886746523338516e-04 1.197319874643627997e-03 1.162266468480311742e-03 1.628812269295727526e-03 1.627403584151461066e-03
3.976234846947249713e-01 6.118235376655969081e-03 9.989065232559940152e-04 1.030196613306205884e-03 1.851365367146647935e-03 1.788847614489749542e-03 2.507581238412701953e-03 2.500650888548866524e-03
4.068490875878740809e-01 9.998056703601626571e-03 1.639911651772718235e-03 1.697874037538201972e-03 3.001236545220418300e-03 2.921014912193264056e-03 4.029977429152174426e-03 4.083327115151852774e-03
4.160746904810231350e-01 1.568954865013634514e-02 2.571078985263385713e-03 2.669063977951122157e-03 4.699948939363318701e-03 4.579172984756005316e-03 6.326833665502580584e-03 6.405480547547559231e-03
4.253002933741722447e-01 1.751839769576634537e-02 2.879883411235205359e-03 2.992385791827714692e-03 5.254348948659958579e-03 5.110266405305975007e-03 7.063320347237014851e-03 7.162537178900488244e-03
4.345258962673212988e-01 1.209523684367583285e-02 1.982373040230718877e-03 2.062230514285107522e-03 3.650372872634921606e-03 3.539027227838373313e-03 4.873190803516305042e-03 4.955900304384276527e-03
4.437514991604703529e-01 6.979919916522607168e-03 1.141339156952846448e-03 1.175645221940720478e-03 2.113335470981437050e-03 2.047642700283230401e-03 2.865928074487175334e-03 2.862973721881959151e-03
4.529771020536194626e-01 4.136038456205330324e-03 6.746869363247988069e-04 6.986020319894778972e-04 1.247144963170919267e-03 1.214863951164181326e-03 1.698047061293180872e-03 1.697098795513210176e-03
4.622027049467684612e-01 2.622932098194238025e-03 4.312840817394226166e-04 4.435254051003457987e-04 7.894286981885156873e-04 7.709311597469729015e-04 1.076603001006438184e-03 1.076366442535786486e-03
4.714283078399175708e-01 1.770207988986914269e-03 2.908198372174159406e-04 2.994328685846389757e-04 5.323762390561951816e-04 5.205219827749065116e-04 7.264189471693936404e-04 7.264706496955103919e-04
4.806539107330666249e-01 1.256105143347626719e-03 2.062207734152365999e-04 2.125650807991820782e-04 3.776847549674530128e-04 3.694767175228272707e-04 5.153259529880281891e-04 5.155084826432819196e-04
4.898795136262157346e-01 9.273470037523811335e-04 1.521609078540458798e-04 1.569879126053451684e-04 2.788598150904453418e-04 2.728547638062671496e-04 3.803558471979908784e-04 3.806025815076883147e-04
4.991051165193647332e-01 7.065376535502949657e-04 1.158590942946821460e-04 1.193727913042921330e-04 2.125187900389099169e-04 2.079437927749863213e-04 2.897165750455142196e-04 2.899956609790405211e-04
5.083307194125139539e-01 5.522047084322474764e-04 9.055794858170158456e-05 9.339035902152903034e-05 1.661613924881457814e-04 1.625654684287277589e-04 2.263731657782234877e-04 2.266683779758386897e-04
5.175563223056629525e-01 4.407191126276101528e-04 7.231359891509358227e-05 7.459362690991912757e-05 1.326764872772209346e-04 1.297792805245158399e-04 1.806212910953931827e-04 1.809237927042879959e-04
5.267819251988120621e-01 3.579391641573225987e-04 5.875447502523469673e-05 6.060545619168938424e-05 1.078123283692943653e-04 1.054305567650797850e-04 1.466536958831654428e-04 1.469584659298032417e-04
5.360075280919610607e-01 2.950306805048068010e-04 4.844104176731175602e-05 4.997161188880107482e-05 8.891467740078688124e-05 8.692349143204868142e-05 1.208430129149424799e-04 1.211471175723981037e-04
5.452331309851101704e-01 2.462662145321008276e-04 4.043958308013877482e-05 4.172606185010393652e-05 7.426336559108429221e-05 7.257498581853956648e-05 1.008377586704370171e-04 1.011394645292742404e-04
5.544587338782591690e-01 2.078321609980796124e-04 3.412715330235532797e-05 3.521967159619374013e-05 6.271336740260938778e-05 6.126391743146886062e-05 8.507211795649318006e-05 8.537049678802098953e-05
5.636843367714083897e-01 1.770853033230751830e-04 2.907402680537386546e-05 3.000989750958989893e-05 5.347123671387788639e-05 5.221348705223118405e-05 7.246113699912941721e-05 7.275566141873863048e-05
5.729099396645573883e-01 1.521627436326070007e-04 2.497242407983182931e-05 2.578630020067451331e-05 4.597786702833755036e-05 4.487616359375966855e-05 6.224021554791661984e-05 6.253059874287892510e-05
5.821355425577064979e-01 1.317534760800570472e-04 2.161076963971491987e-05 2.232669322026774501e-05 4.027163495142941458e-05 3.885711470226398752e-05 5.387096530189901277e-05 5.415723656999788828e-05
5.913611454508554965e-01 1.148423322539999570e-04 1.884004339145622930e-05 1.945974925012284597e-05 3.511792084851414974e-05 3.386754801595686596e-05 4.674935748870151942e-05 4.721924610980359415e-05
6.005867483440046062e-01 1.007235509298657109e-04 1.653249691904299290e-05 1.706565498275616950e-05 3.081432613820695604e-05 2.970149190782302010e-05 4.049917869542563704e-05 4.142690723329223401e-05
6.098123512371537158e-01 8.882623116493285097e-05 1.454071725081629589e-05 1.504802261064516321e-05 2.718726430250044065e-05 2.619079752079559722e-05 3.549140207593559149e-05 3.654608700048148410e-05
6.190379541303028255e-01 7.873756332309070436e-05 1.290055314702022817e-05 1.333677895480653677e-05 2.410969977516265689e-05 2.321358429206326929e-05 3.142190588715002529e-05 3.240734093117518088e-05
6.282635570234518241e-01 7.012810072956728242e-05 1.149728377303870636e-05 1.188628247062610067e-05 2.147357358503408620e-05 2.070253872435848453e-05 2.795898620532885983e-05 2.887549986328713227e-05
6.374891599166009337e-01 6.272727734643090741e-05 1.026830972704447160e-05 1.063704827273165071e-05 1.920735002171515158e-05 1.852804688496969150e-05 2.498252610121300826e-05 2.583962212547333769e-05
6.467147628097499323e-01 5.633883393835337889e-05 9.211349012433893185e-06 9.558172952221682451e-06 1.725086766984324058e-05 1.664419676185858841e-05 2.241333447542643111e-05 2.321912826288168209e-05
6.559403657028991530e-01 5.079470708472891158e-05 8.317498255845302997e-06 8.621562221455911917e-06 1.555276254171459590e-05 1.500898729641290090e-05 2.018384232916757055e-05 2.094508761973347006e-05
6.651659685960481516e-01 4.595651226316726070e-05 7.537034087490296222e-06 7.802245578439105666e-06 1.407078520185592004e-05 1.358177842055816612e-05 1.850886061268902975e-05 1.896075327344409007e-05
6.743915714891972613e-01 4.172347753919555824e-05 6.848642819460278930e-06 7.081364068782000480e-06 1.277399920812621436e-05 1.233279384590141534e-05 1.699950650971112422e-05 1.722473675647180619e-05
6.836171743823462599e-01 3.800328681190640712e-05 6.239958756682625830e-06 6.448048445088689652e-06 1.163420449147593491e-05 1.123492261960001336e-05 1.547835138039377898e-05 1.569918754254422152e-05
6.928427772754953695e-01 3.472303013941347956e-05 5.704516499389486928e-06 5.889331207205559550e-06 1.062909601226040074e-05 1.026668719339396171e-05 1.413724342517535892e-05 1.435418189688149714e-05
7.020683801686443681e-01 3.181927601448005172e-05 5.230559942423973138e-06 5.405684944942784295e-06 9.670030913211234312e-06 9.409454683975130071e-06 1.295103174610303894e-05 1.316371268239144686e-05
7.112939830617935888e-01 2.924363269331521035e-05 4.810204268947144556e-06 4.976814800214608340e-06 8.886609697891013112e-06 8.648937475961876209e-06 1.190152460142704361e-05 1.210790932312605860e-05
7.205195859549425874e-01 2.695403432266799514e-05 4.443053884357778960e-06 4.588498964812010928e-06 8.187502078592851152e-06 7.972733197542397501e-06 1.096865380208524246e-05 1.116951053360105918e-05
7.297451888480916971e-01 2.490162387796552847e-05 4.114844061606244807e-06 4.236285959616695033e-06 7.545805055456289076e-06 7.364762775134903921e-06 1.013253028111760462e-05 1.032854319977735770e-05
7.389707917412406957e-01 2.307508184968260189e-05 3.813312599305319851e-06 3.925565782731013062e-06 6.942548102926322242e-06 6.821929269671975844e-06 9.388477162698573417e-06 9.580248917196472339e-06
7.481963946343899163e-01 2.143515377165365480e-05 3.547658089467182552e-06 3.645689535255021646e-06 6.412830851850138204e-06 6.334753053508701472e-06 8.720524975690385479e-06 8.908601009550182084e-06
7.574219975275389150e-01 1.996304937341195318e-05 3.308352815654956364e-06 3.395994459006079671e-06 5.974348132159280547e-06 5.897584620062548073e-06 8.120998428629639038e-06 8.305868601522836475e-06
7.666476004206880246e-01 1.863680816172558904e-05 3.083187982671605013e-06 3.173453946924282139e-06 5.579295779858537487e-06 5.503916360564705846e-06 7.580950817493771634e-06 7.763061335540521665e-06
7.758732033138370232e-01 1.744331733460608756e-05 2.881617336363166080e-06 2.968206064969605170e-06 5.223755871354325293e-06 5.149789190687823978e-06 7.095019974516407691e-06 7.274760056027074719e-06
7.850988062069861328e-01 1.636660778768393306e-05 2.698837447008552805e-06 2.785500984354745893e-06 4.902987282298488196e-06 4.830468491417622720e-06 6.656700170044046268e-06 6.843189431649178189e-06
7.943244091001351315e-01 1.539257002740840755e-05 2.539438478548772124e-06 2.620269605214022244e-06 4.612805330717754303e-06 4.542355689503143080e-06 6.260244823612288220e-06 6.462526924020163836e-06
8.035500119932843521e-01 1.451195422099122812e-05 2.392006079212369643e-06 2.470922696935583981e-06 4.350446740237400917e-06 4.283559759773302312e-06 5.901873623375213481e-06 6.119441261397140587e-06
8.127756148864333507e-01 1.371446633532685996e-05 2.259898345346308135e-06 2.353697775388860215e-06 4.112071453104462540e-06 4.048313477794472361e-06 5.577391090274083589e-06 5.809740652260162906e-06
8.220012177795824604e-01 1.299381901638551472e-05 2.143012029602892613e-06 2.227877167924466326e-06 3.902414755029016337e-06 3.837091163707985177e-06 5.284227153865979254e-06 5.533106731285732562e-06
8.312268206727314590e-01 1.233927614447782360e-05 2.043024650301411611e-06 2.113656914362425034e-06 3.711457081675804829e-06 3.645301500413024700e-06 5.018015029993480131e-06 5.283169336520952605e-06
8.404524235658805686e-01 1.174439266636846359e-05 1.940088178751681137e-06 2.007293346186442577e-06 3.537826979800204693e-06 3.468706565055637700e-06 4.776125852815236251e-06 5.067227534710075860e-06
8.496780264590296783e-01 1.120532704132834326e-05 1.852734084986552442e-06 1.917446934560733114e-06 3.380496225958324011e-06 3.308017748509992537e-06 4.556989236170207961e-06 4.859970478794476996e-06
8.589036293521787879e-01 1.071604289438703427e-05 1.774778328881683885e-06 1.833429469213783658e-06 3.237703583561137637e-06 3.162206515823043282e-06 4.358144821345778859e-06 4.672793470659553848e-06
8.681292322453277865e-01 1.027287223726460581e-05 1.706317316663259620e-06 1.752807001158307768e-06 3.108388435887494272e-06 3.033632175988437040e-06 4.178094533800432833e-06 4.504254092113257759e-06
8.773548351384768962e-01 9.869451179143584100e-06 1.636918839406593384e-06 1.680526763841960105e-06 2.990694106143370934e-06 2.914449988621727329e-06 4.014252786131014276e-06 4.351691139466192880e-06
8.865804380316258948e-01 9.504733787771975329e-06 1.574959946960836408e-06 1.623866021720276280e-06 2.884323576550331319e-06 2.814332589115173449e-06 3.866183180819286592e-06 4.214780648654807258e-06
8.958060409247751155e-01 9.175245509271706638e-06 1.521328621021048456e-06 1.567407988495741476e-06 2.788268632295864142e-06 2.721898857513798034e-06 3.732470246124214956e-06 4.092108552780443308e-06
9.050316438179241141e-01 8.875534260753053115e-06 1.475043480911551052e-06 1.525885912322490650e-06 2.701299014927522146e-06 2.633970866933202971e-06 3.610901648857541731e-06 3.981372508565956414e-06
9.142572467110732237e-01 8.605076327199707699e-06 1.433935503463123397e-06 1.480031384547850471e-06 2.623651706971190096e-06 2.554820781592370352e-06 3.501256817631487832e-06 3.882455029653774670e-06
9.234828496042222223e-01 8.361513175555406648e-06 1.394189481598762074e-06 1.437908352827275950e-06 2.553835959079942661e-06 2.483743588983958123e-06 3.402572975630907567e-06 3.794385433004184801e-06
9.327084524973712210e-01 8.142870716159491718e-06 1.355316361985910693e-06 1.400194585774100766e-06 2.489624253918747466e-06 2.420148916374775565e-06 3.314045612775328879e-06 3.716383829554687363e-06
9.419340553905202196e-01 7.946361814313357750e-06 1.316947963277027703e-06 1.365130728526334775e-06 2.431848709819177140e-06 2.363805487266406502e-06 3.234577330073328542e-06 3.632674735777480856e-06
9.511596582836694402e-01 7.771934629231971211e-06 1.282645727168196787e-06 1.333172224101209677e-06 2.380594268158646394e-06 2.314196456047659651e-06 3.165078866708143028e-06 3.552176887665177692e-06
9.603852611768185499e-01 7.615760891632786663e-06 1.251498045378904312e-06 1.303407660148715617e-06 2.333709302286244898e-06 2.269982638886000052e-06 3.102966475802016769e-06 3.479918378996970366e-06
9.696108640699675485e-01 7.479164990824986116e-06 1.227291464906554419e-06 1.281107525144945532e-06 2.292364024330846205e-06 2.232718220938494135e-06 3.048773989812050401e-06 3.416518986613850148e-06
9.788364669631165471e-01 7.357855419486019521e-06 1.206833746803422024e-06 1.260973821971552811e-06 2.255586686338062111e-06 2.203669964804619110e-06 3.000766736686667337e-06 3.360018603793391888e-06
9.880620698562656568e-01 7.257829883416466909e-06 1.192103209494592790e-06 1.242436312327341563e-06 2.225503303721616942e-06 2.180284322577764344e-06 2.961366394912080839e-06 3.313197690284644343e-06
9.972876727494148774e-01 7.163643034065228681e-06 1.178362182629437646e-06 1.225409416742457001e-06 2.196002507361926708e-06 2.154497418750254384e-06 2.924334108210257884e-06 3.268911733485301863e-06
1.006513275642563876e+00 7.087950060122931847e-06 1.167309467298383834e-06 1.212790181568850722e-06 2.172773048657095377e-06 2.131399291957740693e-06 2.894782676952930757e-06 3.233033986828709553e-06
1.015738878535712875e+00 7.025634205754334939e-06 1.156866007753216349e-06 1.201307880951521702e-06 2.155451793597009878e-06 2.112369086467200691e-06 2.872215507600763022e-06 3.203215305769038181e-06
1.024964481428862095e+00 6.976096788926541178e-06 1.148531985787356487e-06 1.194672716384545648e-06 2.141937111578217119e-06 2.100066305530524344e-06 2.856697164045639392e-06 3.179173098850776853e-06
1.034190084322011094e+00 6.938038057147474140e-06 1.142831306745248541e-06 1.186853142759231291e-06 2.131846434585205061e-06 2.091491002480941474e-06 2.845596133479628772e-06 3.161318159230047405e-06
1.043415687215160093e+00 6.911952452472843388e-06 1.139890128535215198e-06 1.180081371067015778e-06 2.125331272161289203e-06 2.086410090423668108e-06 2.839117744667698758e-06 3.149091160466143158e-06
1.052641290108309091e+00 6.896484214117593238e-06 1.140018156695611721e-06 1.175223484770300494e-06 2.121994070856062376e-06 2.084452911077097871e-06 2.836736262349459452e-06 3.141525185076632021e-06
1.061866893001458312e+00 6.891756697268416021e-06 1.141704195310925132e-06 1.173821018473573896e-06 2.121876982841211822e-06 2.085656742708676246e-06 2.838510887192991599e-06 3.138688704581363830e-06
1.071092495894607532e+00 6.897108947963481292e-06 1.145318061806289864e-06 1.175841174195964775e-06 2.123956593430217243e-06 2.089842018465491661e-06 2.844184319876388772e-06 3.140285057962772092e-06
1.080318098787756531e+00 6.912717819632082514e-06 1.150580932058896229e-06 1.180967947463394027e-06 2.128615631098182016e-06 2.097086665363586370e-06 2.853844839086387429e-06 3.146400291867285036e-06
1.089543701680905530e+00 6.937795961907884588e-06 1.157383016565310993e-06 1.187117447703588244e-06 2.136127872005770055e-06 2.107937607627433213e-06 2.867173251715207415e-06 3.156683026242133089e-06
1.098769304574054528e+00 6.972454149453713368e-06 1.159722569450429370e-06 1.194283874174838078e-06 2.146529018100671271e-06 2.121743800610875939e-06 2.884230825890279658e-06 3.171184460748019643e-06
1.107994907467203749e+00 7.017259464393019951e-06 1.167839617318150757e-06 1.201465254644371646e-06 2.159997858403292852e-06 2.138664939666727092e-06 2.870425634265243391e-06 3.190172039683548253e-06
1.117220510360352748e+00 7.071052781315312748e-06 1.175929959394946878e-06 1.208621654192349056e-06 2.176172785537111508e-06 2.157991648583291146e-06 2.889258154190175890e-06 3.213107771547651817e-06
1.126446113253501746e+00 7.134255161962939992e-06 1.185630188338215124e-06 1.219881488047287030e-06 2.195184937414055601e-06 2.180037797975353443e-06 2.915645476763539943e-06 3.240183837909736721e-06
1.135671716146650967e+00 7.207217566093468165e-06 1.198811297792756842e-06 1.233785847350935023e-06 2.217144726903697073e-06 2.205111732102917957e-06 2.946010894924367229e-06 3.271570271447767440e-06
1.144897319039799966e+00 7.290046185688109885e-06 1.214997243900185607e-06 1.250574368421158040e-06 2.242324784427015375e-06 2.233257346930300874e-06 2.980399243954137074e-06 3.307309882288402578e-06
1.154122921932948964e+00 7.382839524962946521e-06 1.233700477190920034e-06 1.269049130157354335e-06 2.270961157444829903e-06 2.261543935838441592e-06 3.018849777388007418e-06 3.347439247284273665e-06
1.163348524826097963e+00 7.485849291574958920e-06 1.252909299606765552e-06 1.289549850068253374e-06 2.302094534873209890e-06 2.291816712521125455e-06 3.061465866641809453e-06 3.392079084601071556e-06
1.172574127719247183e+00 7.599512668938069974e-06 1.273960253163615132e-06 1.311581709354627180e-06 2.337065384302677734e-06 2.328600564108302441e-06 3.108426213377646962e-06 3.441411363261544740e-06
1.181799730612396404e+00 7.724459238296116001e-06 1.298929903449869486e-06 1.329523520931743356e-06 2.375544665839367388e-06 2.368829124910572557e-06 3.159984402837631078e-06 3.495726258897629197e-06
1.191025333505545403e+00 7.860350337112040334e-06 1.327462569378536964e-06 1.353409956735134541e-06 2.417336126895879321e-06 2.407138277937860334e-06 3.215996866844073902e-06 3.554869882201283255e-06
1.200250936398694401e+00 8.009327896577686731e-06 1.350829807054223735e-06 1.380713474821612359e-06 2.463086122352806616e-06 2.450780772128403869e-06 3.277352857620285340e-06 3.589010508188148323e-06
1.209476539291843622e+00 8.171256560807406189e-06 1.375138711888527503e-06 1.409086632296598313e-06 2.512768515803028878e-06 2.503014484557159669e-06 3.343973995651208550e-06 3.623802452277711542e-06
1.218702142184992621e+00 8.347189390003930385e-06 1.403226423719547918e-06 1.440807092289261469e-06 2.566693908925735706e-06 2.559576595508878691e-06 3.416300759522929037e-06 3.662354964487760087e-06
1.227927745078141619e+00 8.538119980535162714e-06 1.436876108570834035e-06 1.474603067600842441e-06 2.625171897822014023e-06 2.620765192823395974e-06 3.494731053691772299e-06 3.710172828400037326e-06
1.237153347971290618e+00 8.745097989663633097e-06 1.471021307661835416e-06 1.511419693615763957e-06 2.688515146299045257e-06 2.686923819856232319e-06 3.579697041097929257e-06 3.797029199039427650e-06
1.246378950864439838e+00 8.970779280346707479e-06 1.522171680612993704e-06 1.551341796162504406e-06 2.757533836620883397e-06 2.758853167227807829e-06 3.672277143628209785e-06 3.895745960976676094e-06
1.255604553757589059e+00 9.214051911396393791e-06 1.563444946710666067e-06 1.593394884101227569e-06 2.831890143558626988e-06 2.835722996845563133e-06 3.772000292390522265e-06 4.003143072866568298e-06
1.264830156650738058e+00 9.480017556311091085e-06 1.606276936153006718e-06 1.640253559648186861e-06 2.913132811836897159e-06 2.919329908050253419e-06 3.880960298676364663e-06 4.120741915803451299e-06
1.274055759543887056e+00 9.768579740370773152e-06 1.652200463188204497e-06 1.691516433892567347e-06 3.001229388875586049e-06 3.009838618157127656e-06 3.999096064547264260e-06 4.248174311037636986e-06
1.283281362437036055e+00 1.008380635353150088e-05 1.709833222243730918e-06 1.747698748384067950e-06 3.097410513244360219e-06 3.107712226127396297e-06 4.128070957231630387e-06 4.387210238442912024e-06
1.292506965330185276e+00 1.042827633829338097e-05 1.772990311819205281e-06 1.807624778485804898e-06 3.204694947208288350e-06 3.213676432862622048e-06 4.268924466779396024e-06 4.538964149206711982e-06
1.301732568223334052e+00 1.080629824960125457e-05 1.839827340858285162e-06 1.873430780179487961e-06 3.324588701834575521e-06 3.329860591501276600e-06 4.423392193593051627e-06 4.705285097046437858e-06
1.310958171116483273e+00 1.122090954831694693e-05 1.909992730518730622e-06 1.945040982216498889e-06 3.455971788927255620e-06 3.457179390493907137e-06 4.592712535041934411e-06 4.887510256987017150e-06
1.320183774009632494e+00 1.167824634365142289e-05 1.987817923090759320e-06 2.024787799481368795e-06 3.600733668943458167e-06 3.597494895097336451e-06 4.779367125713499475e-06 5.088275876911293315e-06
1.329409376902781492e+00 1.218438749307484724e-05 2.076539745971370620e-06 2.109348767224388186e-06 3.758505010184429415e-06 3.752683275923500626e-06 4.985800428547619554e-06 5.310192668267924650e-06
1.338634979795930713e+00 1.274614001117364790e-05 2.173568058843974944e-06 2.204311688432875611e-06 3.933351655088519993e-06 3.927227657496783255e-06 5.216545877009348095e-06 5.556208033263365492e-06
1.347860582689079489e+00 1.337356641126659894e-05 2.290452781219384976e-06 2.314395220414331510e-06 4.129486182559171422e-06 4.121036291797249910e-06 5.474199329282184405e-06 5.830653504589580493e-06
1.357086185582228710e+00 1.407637877984417571e-05 2.419722877060705764e-06 2.436867759001724512e-06 4.354439998352144432e-06 4.338143582944307836e-06 5.762563250766611394e-06 6.137705839616093881e-06
1.366311788475377931e+00 1.486865180792392981e-05 2.556270104846028750e-06 2.568786248638317210e-06 4.606063982561303997e-06 4.582893890361605413e-06 6.087338993256555725e-06 6.483413486050522602e-06
1.375537391368526707e+00 1.576670427804972911e-05 2.709018924096001294e-06 2.722764377880659579e-06 4.889066679771825164e-06 4.860327416223078200e-06 6.461354904421031683e-06 6.874786680599855797e-06
1.384762994261675928e+00 1.679151356817700804e-05 2.883063778560015068e-06 2.898316635274459161e-06 5.209403878406254293e-06 5.176920156236269882e-06 6.896501668688642520e-06 7.320823597811502677e-06
1.393988597154824927e+00 1.796909907135068197e-05 3.082745475697762068e-06 3.099859518031923471e-06 5.574481376895756764e-06 5.540704663618369445e-06 7.371389830201703121e-06 7.832686024539862912e-06
1.403214200047974147e+00 1.933312145385072964e-05 3.313678370649584723e-06 3.330870066220914023e-06 6.011415847703362761e-06 5.943254176622556642e-06 7.921057507567861450e-06 8.424788707736796702e-06
1.412439802941123368e+00 2.092701885553343850e-05 3.593395464953011843e-06 3.597147520065183682e-06 6.541764603011161581e-06 6.418634244044725000e-06 8.567527636455717711e-06 9.115731635763058428e-06
1.421665405834272145e+00 2.280705936520512132e-05 3.909915023496198259e-06 3.915850515890384329e-06 7.126419954243600147e-06 6.978695332121596023e-06 9.332503736346646549e-06 9.929554834507972472e-06
1.430891008727421365e+00 2.504956713953708513e-05 4.285378379329540821e-06 4.297709024501477460e-06 7.822511888883698454e-06 7.639901797403159692e-06 1.024389502009990713e-05 1.089887117939407923e-05
1.440116611620570364e+00 2.775622205995387343e-05 4.731320441654252327e-06 4.765725652000222184e-06 8.661840039248510037e-06 8.452889904924028883e-06 1.134258873157466477e-05 1.206707872829754401e-05
1.449342214513719362e+00 3.106823044622160227e-05 5.273057694967220592e-06 5.329262483717923438e-06 9.687811573490523736e-06 9.445466491413336961e-06 1.268529920235733247e-05 1.349434466365078265e-05
1.458567817406868583e+00 3.518304991077251447e-05 5.966847693985329168e-06 6.028664023909565176e-06 1.096106612783560776e-05 1.067581756164998682e-05 1.435182205109989230e-05 1.526472540938736245e-05
1.467793420300017582e+00 4.038532871529576729e-05 6.835052936717981925e-06 6.913184617658664401e-06 1.256895946630033373e-05 1.222774777138128723e-05 1.645631929987447694e-05 1.749926684938953248e-05
1.477019023193166802e+00 4.709247298107795783e-05 7.950385031422445563e-06 8.051305613211367997e-06 1.463943329617066491e-05 1.422384170841615764e-05 1.916492189337870144e-05 2.037512784380730144e-05
1.486244626086316023e+00 5.593401967766894198e-05 9.430906993811052734e-06 9.543766722329241907e-06 1.736529161942799450e-05 1.684878375904939939e-05 2.272877514995824872e-05 2.415916190650275509e-05
1.495470228979464800e+00 6.788351233055577418e-05 1.146887938221754979e-05 1.154996892728188070e-05 2.102499017682227017e-05 2.038762821977376823e-05 2.753535416721753935e-05 2.926328234058145057e-05
1.504695831872614020e+00 8.447829464054384236e-05 1.417287300236057300e-05 1.435052643608409327e-05 2.609544015154192291e-05 2.528931277311463312e-05 3.420100001249615511e-05 3.633642392826186480e-05
1.513921434765763019e+00 1.081721084816998537e-04 1.799734896830304997e-05 1.834561909187508335e-05 3.331975342213809740e-05 3.226892272745866016e-05 4.370073945745954350e-05 4.607217818542126751e-05
1.523147037658912017e+00 1.427773319282918646e-04 2.370159611033437544e-05 2.413696083961109555e-05 4.384947053511680372e-05 4.249323630332296612e-05 5.766448738222279178e-05 6.038174950309128095e-05
1.532372640552061016e+00 1.934562753879271152e-04 3.190816108269834794e-05 3.266111849662838061e-05 5.924059264101740551e-05 5.787046470844589129e-05 7.779364747353720668e-05 8.160936026490724581e-05
1.541598243445210237e+00 2.634771148376786713e-04 4.305992799780915346e-05 4.458157275177734684e-05 8.047029182614996289e-05 7.851579149056089326e-05 1.053785519974161393e-04 1.110269494250696134e-04
1.550823846338359457e+00 3.403932920005494234e-04 5.585496950121984902e-05 5.754273560088543323e-05 1.037407941290098448e-04 1.008084631715911697e-04 1.362711866969494416e-04 1.433856182502635083e-04
1.560049449231508456e+00 3.774845773305405042e-04 6.206464616194769983e-05 6.403228766399982497e-05 1.148074011812515497e-04 1.117002017765682774e-04 1.518449908234174449e-04 1.588435771389246878e-04
1.569275052124657455e+00 3.358081437638859895e-04 5.557105882432336955e-05 5.712795061160925612e-05 1.019624060574977225e-04 9.944903474176601250e-05 1.359204866609399942e-04 1.424413937995445013e-04
1.578500655017806453e+00 2.521840134406704210e-04 4.160680000402609954e-05 4.289650100355274867e-05 7.650347351126395370e-05 7.463240356835181845e-05 1.024421916718476163e-04 1.077255155931172487e-04
1.587726257910955674e+00 1.772084562310802193e-04 2.922430251891180715e-05 3.027965475452018660e-05 5.383417181401437750e-05 5.255467982973497190e-05 7.161845592761309129e-05 7.552943746390764304e-05
1.596951860804104451e+00 1.245342827198373252e-04 2.041622309033750619e-05 2.113642725630181262e-05 3.764333666127588876e-05 3.686637458801077900e-05 5.003671071603582121e-05 5.273088838167480186e-05
1.606177463697253671e+00 8.984893511013119876e-05 1.478561302431496006e-05 1.529245866729682640e-05 2.700511059265073592e-05 2.655060024392576603e-05 3.594785141107041660e-05 3.775391522917366673e-05
1.615403066590402892e+00 6.697845252326836360e-05 1.097130339186619581e-05 1.138780211895199971e-05 2.011388345055013067e-05 1.975294374022747585e-05 2.671813969043189429e-05 2.794125953889241444e-05
1.624628669483551890e+00 5.154635511499978815e-05 8.413474026641543189e-06 8.762883299714555377e-06 1.547434451223463227e-05 1.515546738810604838e-05 2.052089586186012514e-05 2.137206570555464258e-05
1.633854272376701111e+00 4.083142239321122408e-05 6.673227962485966849e-06 6.900442751618013663e-06 1.222694229408674728e-05 1.196361434884411583e-05 1.623465396923752833e-05 1.684919449516371920e-05
1.643079875269850110e+00 3.318129741992951819e-05 5.414774959361716661e-06 5.593514507800590238e-06 9.919908396490235622e-06 9.718172359278814211e-06 1.318417574137726244e-05 1.364781565837854311e-05
1.652305478162999108e+00 2.757827988033246101e-05 4.437604237903501771e-06 4.638279315175889518e-06 8.210494750077834924e-06 8.062814039138937875e-06 1.096000273328387521e-05 1.132354390746101824e-05
1.661531081056148329e+00 2.338249196915934399e-05 3.770794031185816599e-06 3.930138895079619431e-06 6.934251384415994479e-06 6.830639999400715427e-06 9.298398898428335047e-06 9.598488944563417734e-06
1.670756683949297106e+00 2.017758381711647360e-05 3.237881252332073465e-06 3.390821119842987367e-06 5.980711887824317853e-06 5.882719226772831686e-06 8.031268243186036999e-06 8.292744879393091988e-06
1.679982286842446326e+00 1.768796251870590760e-05 2.833664310389254833e-06 2.969845370807713646e-06 5.247416886206385077e-06 5.161483103176522360e-06 7.048434793701121822e-06 7.287909053972864610e-06
1.689207889735595547e+00 1.572516827440234290e-05 2.524567238077087933e-06 2.635337265024755349e-06 4.667280730813640747e-06 4.592864160085428471e-06 6.276534968430684666e-06 6.503410677253117949e-06
1.698433492628744546e+00 1.415757443868882456e-05 2.270382716197355167e-06 2.373945796426214216e-06 4.201819038980325412e-06 4.129765515747131543e-06 5.661175526315840432e-06 5.883252686112586520e-06
1.707659095521893766e+00 1.289153340503961752e-05 2.065831299654847012e-06 2.166878659704010737e-06 3.824914165353521096e-06 3.755496985610717796e-06 5.164764004073328865e-06 5.387791186481586836e-06
1.716884698415042543e+00 1.185910340274025083e-05 1.908413888095558653e-06 1.996387831525160922e-06 3.519669325541095609e-06 3.450064689644204483e-06 4.759220641739999235e-06 4.999956038363782407e-06
1.726110301308191763e+00 1.100993939287938113e-05 1.774887162432399687e-06 1.855474068912931916e-06 3.283201069623560805e-06 3.206471989012333283e-06 4.418683374923978031e-06 4.688594952928758705e-06
1.735335904201340984e+00 1.030642699351358159e-05 1.657376960506205384e-06 1.738953362387829927e-06 3.074444085559142848e-06 3.006005926017075549e-06 4.136678440933678767e-06 4.433334890936724959e-06
1.744561507094489761e+00 9.719864367560263925e-06 1.565606730979110316e-06 1.646230573487532953e-06 2.897781207816725827e-06 2.832335455597814195e-06 3.903744930591697120e-06 4.221467636344692503e-06
1.753787109987638981e+00 9.228294037007119826e-06 1.487370118388089071e-06 1.574213248406980579e-06 2.757342149826492563e-06 2.702286507103550434e-06 3.710474956067705550e-06 4.017252632232010552e-06
1.763012712880787980e+00 8.814329398230562112e-06 1.421267485043446811e-06 1.509475296345655376e-06 2.635632503246747974e-06 2.576928681692131811e-06 3.547868835140910787e-06 3.844579376603933796e-06
1.772238315773937201e+00 8.464553616024262105e-06 1.368629431872033596e-06 1.450698759892194823e-06 2.528854211475893251e-06 2.470110005244317389e-06 3.410612003545014488e-06 3.698215138343775180e-06
1.781463918667086421e+00 8.168053245634276376e-06 1.322251816597982968e-06 1.398557216024065328e-06 2.435799519311271998e-06 2.381873974292306672e-06 3.294381996760262552e-06 3.589952480226162805e-06
1.790689521560235198e+00 7.916292877667020886e-06 1.283329147845326196e-06 1.353997935348852109e-06 2.355781349458961797e-06 2.309708090316419753e-06 3.195799386552639935e-06 3.495150999998040106e-06
1.799915124453384419e+00 7.702147214001119649e-06 1.246471914730398441e-06 1.320257369501137438e-06 2.287418977605934362e-06 2.244128951011299338e-06 3.112048975452165998e-06 3.412046943985058063e-06
1.809140727346533417e+00 7.519906987598527700e-06 1.214884535679352105e-06 1.284591439286272065e-06 2.234796583567297954e-06 2.193330319869662497e-06 3.040867939642272717e-06 3.338585848292262802e-06
1.818366330239682416e+00 7.364947875299780753e-06 1.195569010171190507e-06 1.267191093855920971e-06 2.191441817218599154e-06 2.150556036944739444e-06 2.980430760766020246e-06 3.273457881744479361e-06
1.827591933132831414e+00 7.233326016677714648e-06 1.172189700120093906e-06 1.244949057225047450e-06 2.154981958684785162e-06 2.112457620678333313e-06 2.929177982363444699e-06 3.215475774523903815e-06
1.836817536025980635e+00 7.121769343545324481e-06 1.150860783027027132e-06 1.223832093481747755e-06 2.124445234088608875e-06 2.082131020928671906e-06 2.885818456210038336e-06 3.163743819757783324e-06
1.846043138919129634e+00 7.027675222847297831e-06 1.132947759060101131e-06 1.207679582307812770e-06 2.099052719697744299e-06 2.056737791090983740e-06 2.849324043190396967e-06 3.117330703762368495e-06
1.855268741812278410e+00 6.948654189183416312e-06 1.123032533709653780e-06 1.191000714410006252e-06 2.077641203826610014e-06 2.035599393793270348e-06 2.816787274971789118e-06 3.075583130337247267e-06
1.864494344705427187e+00 6.882802824567659945e-06 1.113202208892355303e-06 1.171549189311540572e-06 2.061523892835947334e-06 2.018174404424905938e-06 2.788671548749273275e-06 3.037864629804166809e-06
1.873719947598576185e+00 6.828435843523739344e-06 1.107685059547028817e-06 1.168241609859781373e-06 2.043811824339099828e-06 2.003985654519761914e-06 2.765212255167412142e-06 3.004357869089726984e-06
1.882945550491724962e+00 6.784271320902822492e-06 1.104608988237247547e-06 1.165885674948026853e-06 2.030577731822662423e-06 1.994088352746995168e-06 2.745884369080855847e-06 2.978311467766578496e-06
1.892171153384873961e+00 6.748961572774612513e-06 1.107712180088931820e-06 1.160605426829841083e-06 2.023065744273850400e-06 1.985949191290390154e-06 2.730148695088392603e-06 2.970157866918536296e-06
1.901396756278022737e+00 6.721595759005772229e-06 1.101647624351865670e-06 1.156199021065154395e-06 2.017651645190099607e-06 1.981226159112833580e-06 2.717627110334122643e-06 2.966704346389826795e-06
1.910622359171171736e+00 6.701078776705064483e-06 1.101406347343307957e-06 1.153552526890828158e-06 2.014040544964802094e-06 1.978275127455919992e-06 2.707881481681114437e-06 2.965579294879276623e-06
1.919847962064320512e+00 6.686966549064457710e-06 1.102576181575366751e-06 1.150137311193351087e-06 2.012127439846422111e-06 1.975106733240538421e-06 2.700732603493987957e-06 2.966665883976980424e-06
1.929073564957469289e+00 6.678279030865585117e-06 1.103661418786610414e-06 1.149791910665330054e-06 2.011632129031532828e-06 1.975423694707664207e-06 2.695773158943049134e-06 2.969565796534723778e-06
1.938299167850618288e+00 6.674535106972775285e-06 1.103986044382397812e-06 1.150275354990867594e-06 2.048251866301841071e-06 1.977990461839174570e-06 2.692811592091410513e-06 2.974138072431451130e-06
1.947524770743767064e+00 6.675246409329590848e-06 1.103197796233980918e-06 1.150923018105615401e-06 2.048543536230566935e-06 1.981822893755470545e-06 2.691661438094257911e-06 2.980244031337758221e-06
1.956750373636916063e+00 6.679857225023979013e-06 1.104605838807468653e-06 1.151583975529122966e-06 2.049602731319523370e-06 1.986779614804970280e-06 2.692079447988577773e-06 2.987631491461226362e-06
1.965975976530064839e+00 6.688096314201462065e-06 1.108671214529547261e-06 1.153825906695567814e-06 2.051620515859698590e-06 1.992772984182026581e-06 2.693964205930869328e-06 2.992595152969161267e-06
1.975201579423213616e+00 6.699547291512143755e-06 1.113905848039819522e-06 1.157949783271280324e-06 2.053978416685469669e-06 1.998151628577712957e-06 2.697146302502362126e-06 2.996591873798846817e-06
1.984427182316362615e+00 6.713344458533277410e-06 1.117351903937645360e-06 1.163483920048363959e-06 2.056487230431814191e-06 2.003546489726517880e-06 2.701369209097490625e-06 3.001776276531934276e-06
1.993652785209511391e+00 6.730871734235035936e-06 1.123067083069343640e-06 1.168563174541840785e-06 2.059944731293903615e-06 2.009225348619428642e-06 2.706911630270224177e-06 3.008460726593337389e-06
2.002878388102660168e+00 6.750177268592191538e-06 1.126663331906166665e-06 1.173870866266146097e-06 2.064019822235953910e-06 2.016273265609527000e-06 2.713260367782399085e-06 3.016070564889967104e-06
2.012103990995809166e+00 6.771724476041860535e-06 1.130420486416482073e-06 1.180392042804265717e-06 2.068767637590891686e-06 2.027225142734423075e-06 2.745310044752738921e-06 3.024710714161711011e-06
2.021329593888958165e+00 6.795105751349997153e-06 1.136620353062051813e-06 1.187150861824006131e-06 2.074064359055429163e-06 2.038656118649244738e-06 2.768303272224151431e-06 3.034200327238210778e-06
2.030555196782107164e+00 6.820308232841187523e-06 1.142188464420641987e-06 1.193350655582526285e-06 2.081516161617447172e-06 2.049880012003646027e-06 2.778742653920860128e-06 3.044530908246922092e-06
2.039780799675255718e+00 6.847149843275388746e-06 1.149995429545359876e-06 1.197759212391573644e-06 2.092355568807085438e-06 2.060065544896342473e-06 2.789829222089937401e-06 3.055618086824837911e-06
2.049006402568404717e+00 6.875442606927225824e-06 1.158623730618309182e-06 1.200819566654846720e-06 2.101051969547715888e-06 2.068834514302555133e-06 2.801487407396500297e-06 3.067373006479242105e-06
2.058232005461553715e+00 6.905075319309942175e-06 1.164577814117951907e-06 1.205814396726390555e-06 2.108837017580410647e-06 2.081357062075454946e-06 2.813671140639410535e-06 3.079751861564952666e-06
2.067457608354702270e+00 6.936099109293787887e-06 1.170055420132547626e-06 1.210340797552369405e-06 2.116919161394688085e-06 2.094267163642682018e-06 2.826403231539588917e-06 3.092773837137454940e-06
2.076683211247851268e+00 6.967853761335165119e-06 1.177253308225208451e-06 1.219203219895539178e-06 2.129062695883637863e-06 2.106936501219377568e-06 2.839413126306827358e-06 3.106136800711391081e-06
2.085908814141000267e+00 7.000883027515345554e-06 1.185678409061553314e-06 1.223599250826591558e-06 2.140449415287144250e-06 2.119934280331685892e-06 2.852924159011173534e-06 3.120094154495514872e-06
2.095134417034148822e+00 7.034807439487853239e-06 1.195205845700721488e-06 1.228053705742513563e-06 2.150733428229582494e-06 2.133186979271686300e-06 2.866782807398589370e-06 3.134463774882069939e-06
2.104360019927297820e+00 7.069645130913261668e-06 1.201325166280132284e-06 1.232337490131092202e-06 2.160516570693120785e-06 2.146699090570604599e-06 2.880996822448325793e-06 3.149255070430142317e-06
2.113585622820446819e+00 7.105227388699320564e-06 1.207557979915079573e-06 1.238218122361773433e-06 2.171284172632917038e-06 2.160415774804354704e-06 2.895496454101587740e-06 3.164396669671982815e-06
2.122811225713595817e+00 7.141651934169087341e-06 1.214787140324219796e-06 1.242869440747703609e-06 2.184803393445257006e-06 2.174368211566000839e-06 2.910322785422466015e-06 3.179930695524098989e-06
2.132036828606744372e+00 7.178659294530536883e-06 1.221979686038554941e-06 1.246843557621083519e-06 2.198481796383627820e-06 2.189514765565982383e-06 2.925369827911937592e-06 3.195737404534619569e-06
2.141262431499893371e+00 7.216246553476374120e-06 1.229254541873450615e-06 1.253375974542367926e-06 2.212322711893744155e-06 2.205371251399409167e-06 2.940637226191276552e-06 3.211813832281357759e-06
2.150488034393042369e+00 7.254512309429580627e-06 1.237598083842392635e-06 1.260355938005476783e-06 2.225915017081957948e-06 2.221413028321973168e-06 2.956164713690660467e-06 3.228210444608038415e-06
2.159713637286190924e+00 7.293218779727782931e-06 1.251003838928988591e-06 1.270245714148332144e-06 2.238731791187789820e-06 2.237561349197531316e-06 2.972036728629447037e-06 3.244816271520644988e-06
2.168939240179339922e+00 7.332369388299953645e-06 1.259389768646892093e-06 1.279057689857188344e-06 2.252236759367429604e-06 2.253838368140287900e-06 2.988503450048840635e-06 3.261628788864536104e-06
2.178164843072488921e+00 7.371983556872015293e-06 1.264149663842866970e-06 1.284687987947648075e-06 2.268762940224197781e-06 2.270240573277385919e-06 3.005142289324230468e-06 3.278662435592593405e-06
2.187390445965637920e+00 7.411959336822547149e-06 1.270123161287103908e-06 1.291060253959420600e-06 2.285374752358991266e-06 2.284377305718845353e-06 3.021910656048674255e-06 3.295872256989386379e-06
2.196616048858786474e+00 7.452496541758098149e-06 1.278129802736034356e-06 1.300626586275813804e-06 2.302161225862287176e-06 2.296677626002356777e-06 3.038897475370940378e-06 3.313359439032749094e-06
2.205841651751935473e+00 7.493194137365215947e-06 1.286406093566549903e-06 1.310837173581223281e-06 2.321111148997340524e-06 2.309021940608206723e-06 3.055931369545768327e-06 3.331716048096954345e-06
2.215067254645084471e+00 7.534215230425369978e-06 1.294240152345622685e-06 1.318429665916733896e-06 2.335869491357106892e-06 2.321515005167478568e-06 3.073080860142874006e-06 3.350229035034204140e-06
2.224292857538233026e+00 7.575703701857379381e-06 1.303758219202429301e-06 1.327336955737318773e-06 2.349826203042245989e-06 2.338252126732582173e-06 3.090410826079899111e-06 3.368949837618808700e-06
2.233518460431382024e+00 7.617328647611029398e-06 1.312982057783560949e-06 1.336005302928820293e-06 2.362270748288465967e-06 2.355023926332521499e-06 3.107780718487441901e-06 3.387743907828342223e-06
2.242744063324531023e+00 7.659236728421393501e-06 1.322141088546036807e-06 1.345665951364066972e-06 2.382017909203142935e-06 2.370050384619410618e-06 3.125251828816634335e-06 3.406671679301285596e-06
2.251969666217680022e+00 7.698832849482973876e-06 1.330777637884982684e-06 1.352695263024059182e-06 2.395954006725773230e-06 2.374340551131687899e-06 3.141708012743752289e-06 3.424691769856449103e-06
2.261195269110828576e+00 7.741581670986092382e-06 1.338524410829408952e-06 1.361267726750507636e-06 2.408754052062438505e-06 2.390144692980036721e-06 3.159505712228718758e-06 3.443992824594264542e-06
2.270420872003977575e+00 7.784554091696253868e-06 1.347209553458997649e-06 1.370847858141652108e-06 2.421458330005127788e-06 2.406014003523649742e-06 3.177380878932790529e-06 3.463398931859469287e-06
2.279646474897126573e+00 7.828890081454884257e-06 1.355280162881390512e-06 1.381866723990165365e-06 2.434408235367667623e-06 2.422378421981496310e-06 3.195828352258799377e-06 3.483366532094012726e-06
2.288872077790275128e+00 7.871040830597361295e-06 1.362156214738284975e-06 1.391734557760342138e-06 2.446694528426152719e-06 2.437916186867504930e-06 3.213315273736211427e-06 3.502477345665275993e-06
2.298097680683424127e+00 7.914518238420151716e-06 1.369157727037920844e-06 1.394535382740101572e-06 2.459372118597677868e-06 2.453938435510370494e-06 3.231359404768218021e-06 3.522132981566934201e-06
2.307323283576573125e+00 7.958139826811256321e-06 1.377573677531792977e-06 1.404298487155953548e-06 2.477636469310713548e-06 2.470005197440352280e-06 3.249450064859284529e-06 3.541860213793916687e-06
2.316548886469722124e+00 8.001934349430282970e-06 1.386009417138162625e-06 1.413848204883600069e-06 2.501880579623631915e-06 2.486124976019551825e-06 3.267598623133999386e-06 3.561669824001704170e-06
2.325774489362870678e+00 8.045811934304141150e-06 1.394454026100436762e-06 1.423599711137634939e-06 2.526216830433166628e-06 2.502273236430339812e-06 3.285769849238960014e-06 3.581525903036695986e-06
2.335000092256019677e+00 8.089818816604319568e-06 1.404141605221491358e-06 1.433301912057658860e-06 2.550643200041409524e-06 2.518462255484212831e-06 3.303981665653996601e-06 3.601446848648375399e-06
2.344225695149168676e+00 8.134136184566653758e-06 1.413308162103922734e-06 1.440247159300606765e-06 2.575268756945219622e-06 2.534160424784620838e-06 3.322319011085788317e-06 3.621496540564476857e-06
2.353451298042317230e+00 8.178102553706609223e-06 1.422295240342293229e-06 1.445994350474261632e-06 2.595472459013936352e-06 2.549375717156451647e-06 3.340739777095208860e-06 3.641433044738143892e-06
2.362676900935466229e+00 8.222411986166566810e-06 1.430988656677206097e-06 1.452760186470664107e-06 2.613149835463406703e-06 2.564715263461497618e-06 3.364862923624883348e-06 3.661510564260610230e-06
2.371902503828615227e+00 8.266777160260941563e-06 1.440448334679632982e-06 1.459293390053737148e-06 2.630852611493000940e-06 2.580075677660287429e-06 3.422852978155002137e-06 3.681619790236863910e-06
2.381128106721764226e+00 8.311222107473565935e-06 1.446194626681007297e-06 1.468866028391774378e-06 2.656248593868370194e-06 2.595464206417890414e-06 3.475893726011396347e-06 3.701772226781340157e-06
2.390353709614912781e+00 8.355729036776144100e-06 1.454135711608053430e-06 1.475015393679221003e-06 2.678468874164080678e-06 2.610875540230259618e-06 3.495478520145672556e-06 3.721961626208645847e-06
2.399579312508061779e+00 8.400301727265955512e-06 1.462209395535265998e-06 1.478807597300326182e-06 2.701055242552021873e-06 2.626311849804368587e-06 3.515082026362465983e-06 3.742185356632925216e-06
2.408804915401210778e+00 8.444927341657628968e-06 1.471899800457576046e-06 1.489124031625677292e-06 2.720922977925798846e-06 2.642494944586235719e-06 3.534701172325056335e-06 3.762439939556161731e-06
2.418030518294359332e+00 8.489599442976457344e-06 1.477958814033431510e-06 1.496521480110351431e-06 2.737735693852646072e-06 2.659123470866837734e-06 3.554334025574029226e-06 3.782722467884882279e-06
2.427256121187508331e+00 8.534317625674612249e-06 1.485907766308550431e-06 1.505636743386664206e-06 2.754571132306408827e-06 2.675247540436102007e-06 3.573982724168106831e-06 3.803034832892433053e-06
2.436481724080657330e+00 8.579086169882011028e-06 1.493854435970585614e-06 1.515308534513309970e-06 2.771424203397004419e-06 2.691229299230052709e-06 3.593644793515277200e-06 3.823374742446658009e-06
2.445707326973806328e+00 8.623890009730553422e-06 1.501801507624025506e-06 1.524088963983832402e-06 2.788293794353961715e-06 2.706542846404185529e-06 3.613911620373696159e-06 3.843737523441260961e-06
2.454932929866954883e+00 8.668727625666169657e-06 1.509749336655202381e-06 1.532876137376343000e-06 2.805179361389629903e-06 2.721128391961588490e-06 3.640705808840053007e-06 3.864122765611032077e-06
2.464158532760103881e+00 8.713585056118327849e-06 1.517696192653559235e-06 1.540107871270506058e-06 2.821570831426371798e-06 2.734974524047895039e-06 3.667552134737280824e-06 3.884523934035280228e-06
2.473384135653252880e+00 8.758464232335661301e-06 1.527238958568955036e-06 1.547864037215473242e-06 2.836997041708919003e-06 2.751573310121395919e-06 3.695097906661884483e-06 3.904942047211938906e-06
2.482609738546401434e+00 8.803370390705911138e-06 1.536821388346314846e-06 1.557806910041045111e-06 2.858757891479149051e-06 2.768013370984471260e-06 3.770326787694275642e-06 3.925379610196886962e-06
2.491835341439550433e+00 8.848303458917363044e-06 1.544526384531859809e-06 1.567565898188751760e-06 2.882798203840362668e-06 2.782985381130488484e-06 3.865951581567023690e-06 3.945958255647018691e-06
2.501060944332699432e+00 8.893235408628404794e-06 1.551106260193221460e-06 1.577110490567518265e-06 2.901684996792962485e-06 2.797303718821971388e-06 3.962763142604184272e-06 3.968801328048178985e-06
2.510286547225848430e+00 8.938206865390294200e-06 1.556836894230881983e-06 1.586673167819517247e-06 2.919547924376958832e-06 2.812940040614617457e-06 4.064242977979530422e-06 3.991660640335745850e-06
2.519512150118996985e+00 8.983164339131492702e-06 1.564547587449939612e-06 1.595358625342511485e-06 2.937427434348900728e-06 2.828579785239855327e-06 4.167398966237270832e-06 4.014526982702886680e-06
2.528737753012145983e+00 9.028154697819128829e-06 1.580273194088680850e-06 1.603887601272577985e-06 2.955326172339288330e-06 2.844238299841474645e-06 4.242472892554692191e-06 4.037406429398079237e-06
2.537963355905294982e+00 9.073116058144695269e-06 1.586340849952642509e-06 1.612417736906741969e-06 2.973239269110155585e-06 2.859896452436795171e-06 4.273298051085890035e-06 4.060288631951138227e-06
2.547188958798443537e+00 9.118123476472905298e-06 1.592447691374412793e-06 1.620963546149322515e-06 2.991033543457022613e-06 2.875577932866315693e-06 4.304208748421400782e-06 4.083189920253928617e-06
2.556414561691592535e+00 9.163112949285089111e-06 1.602029608926248223e-06 1.629256954082596017e-06 3.008203669434637089e-06 2.891262695565521176e-06 4.335181814516833148e-06 4.106089933769480482e-06
2.565640164584741534e+00 9.208054464365930062e-06 1.611610985984433857e-06 1.637435353859942161e-06 3.025370406642335030e-06 2.906780101221055676e-06 4.366209271490761653e-06 4.128976229775855754e-06
2.574865767477890532e+00 9.253095210205814356e-06 1.620559632051052677e-06 1.646158150560387287e-06 3.042579960119551539e-06 2.922229996720679052e-06 4.397344994319284594e-06 4.151911984942894488e-06
2.584091370371039087e+00 9.298088090352207060e-06 1.627987060569199772e-06 1.656005845541223381e-06 3.059084462468769877e-06 2.937855842635847280e-06 4.428532576703968703e-06 4.174826670530126376e-06
2.593316973264188086e+00 9.343061557724057054e-06 1.632956112056977693e-06 1.662830194848746108e-06 3.074256972301318976e-06 2.955157761724424588e-06 4.459792383230896161e-06 4.197748414971391071e-06
2.602542576157337084e+00 9.388048075294976424e-06 1.644416294704830416e-06 1.668141244116408869e-06 3.089428907632883910e-06 2.971914647641500995e-06 4.491128723906826891e-06 4.220675941266438408e-06
2.611768179050485639e+00 9.433043655969174045e-06 1.653489340684102143e-06 1.675348953307962430e-06 3.104419637281238928e-06 2.988501534194994726e-06 4.522542483590063855e-06 4.243613906193291814e-06
2.620993781943634637e+00 9.478003445354829127e-06 1.660532987763063120e-06 1.683724929307272826e-06 3.118618150872751483e-06 3.003969570630972525e-06 4.554018765826910970e-06 4.266543432713083729e-06
2.630219384836783636e+00 9.522972825097104834e-06 1.667562907784123964e-06 1.692276642736101759e-06 3.133045520583361187e-06 3.019449097713205085e-06 4.585572818524654806e-06 4.289477872536512743e-06
2.639444987729932635e+00 9.567919196823049293e-06 1.674321081440577336e-06 1.700832702186816635e-06 3.150309359496936338e-06 3.034426651102448128e-06 4.617197623300460353e-06 4.312416986929588157e-06
2.648670590623081189e+00 9.612862663828028583e-06 1.679112511049641115e-06 1.704947500544841570e-06 3.171499275149390414e-06 3.049403996020489375e-06 4.669325835450167659e-06 4.335354256273651046e-06
2.657896193516230188e+00 9.657792664524117473e-06 1.682315244680376460e-06 1.710650818148241444e-06 3.192759179280613965e-06 3.064381703070617195e-06 4.722483127010451950e-06 4.358293140080461724e-06
2.667121796409379186e+00 9.702711920394206080e-06 1.688998409814300943e-06 1.716333495271705342e-06 3.209352789341315189e-06 3.079361513217070136e-06 4.775906861454749639e-06 4.381235462747292884e-06
2.676347399302527741e+00 9.747616574275304180e-06 1.697831336615959215e-06 1.721994871632771216e-06 3.225249763960590677e-06 3.094341339595334877e-06 4.829569512817819460e-06 4.404178552922829084e-06
2.685573002195676739e+00 9.792518878211703949e-06 1.704423745553602302e-06 1.731846584292830814e-06 3.241612075355961663e-06 3.109327790891409255e-06 4.883517987085880718e-06 4.427120313897989421e-06
2.694798605088825738e+00 9.837403236292539263e-06 1.710069108145208664e-06 1.742950892492554986e-06 3.257973533875957006e-06 3.124314254736192044e-06 4.937733435872121657e-06 4.450062035473624821e-06
2.704024207981974737e+00 9.882275828974083025e-06 1.718841514128026480e-06 1.754070188207751483e-06 3.274335707527416256e-06 3.139315839116271494e-06 4.992193175702885463e-06 4.473005190973366824e-06
2.713249810875123291e+00 9.927112820074095607e-06 1.728179564861804157e-06 1.764838964693791896e-06 3.290285235971060154e-06 3.154883903004557687e-06 5.046910599550851706e-06 4.495939696538192472e-06
2.722475413768272290e+00 9.971966215370174082e-06 1.737119072751250887e-06 1.773919744896545957e-06 3.305336078987361045e-06 3.170469845689757730e-06 5.101927436046044091e-06 4.518882400666001413e-06
2.731701016661421288e+00 1.001678163639415434e-05 1.745929279634992327e-06 1.781431157833638656e-06 3.321832920012515009e-06 3.187052001325525985e-06 5.157205825990706462e-06 4.541814549650436197e-06
2.740926619554569843e+00 1.006159212539697349e-05 1.752769698790324470e-06 1.785637651641202878e-06 3.337667614442541551e-06 3.204237949750963399e-06 5.212752551498768387e-06 4.564752519610688025e-06
2.750152222447718842e+00 1.010638506319271275e-05 1.758552385277088991e-06 1.793010589772182133e-06 3.351647181608904209e-06 3.221411688760523170e-06 5.268588736682187264e-06 4.587680991569039597e-06
2.759377825340867840e+00 1.015113936473743891e-05 1.771638904259069893e-06 1.803239397709458308e-06 3.368269710142409140e-06 3.238590252215887951e-06 5.324670108595383285e-06 4.610610122030940032e-06
