9.225602893149067790e-04 1.059100818880446789e-04 3.137920854476080484e-06 3.763153416945743865e-06 7.033766993479035582e-06 7.589041962722289621e-06 4.705273273743809030e-05 9.543342364463100556e-06
1.014816318246397446e-02 1.091086355660231499e-04 3.232423581405667427e-06 3.880916756209042422e-06 7.258065716626616081e-06 7.815207592604543250e-06 4.811291705229384693e-05 9.813877324205751585e-06
1.937376607561304073e-02 1.121605884925471163e-04 3.322212867136210010e-06 3.993201049322034346e-06 7.465925118413214664e-06 8.029616875045565792e-06 4.929148848247399300e-05 1.007784694650413213e-05
2.859936896876210874e-02 1.153003182680801820e-04 3.424296452150343926e-06 4.108919683235039881e-06 7.677832407898850108e-06 8.249765922560640128e-06 5.055529241358818198e-05 1.035111967772029903e-05
3.782497186191117328e-02 1.185787392477570594e-04 3.530309841815482152e-06 4.225612256395953415e-06 7.897964899398929079e-06 8.479328053718451948e-06 5.190418804558874033e-05 1.063738083286825190e-05
4.705057475506025516e-02 1.220272325347131263e-04 3.641370796645898122e-06 4.337452528287692342e-06 8.128707444313851217e-06 8.720532388658153861e-06 5.334305742419398813e-05 1.093907123600086086e-05
5.627617764820931623e-02 1.256680799641484250e-04 3.758274529223166408e-06 4.477589050958161979e-06 8.371671765863494818e-06 8.974943199028414501e-06 5.487753063292293335e-05 1.125799732402093915e-05
6.550178054135838424e-02 1.295386371517677666e-04 3.882124789963004984e-06 4.629114538781751564e-06 8.629432072241200466e-06 9.245172313320496786e-06 5.652025394791207729e-05 1.159730668844215673e-05
7.472738343450743836e-02 1.336464615584947264e-04 4.013330008955387712e-06 4.789915494036697027e-06 8.902483768258339421e-06 9.531726134085329125e-06 5.827468163802275057e-05 1.195764868200675833e-05
8.395298632765652025e-02 1.380320050218528701e-04 4.153066106356892006e-06 4.955749703890557131e-06 9.193543043846006887e-06 9.837417482503788653e-06 6.015639526499270431e-05 1.234249354656183958e-05
9.317858922080557438e-02 1.427201916044994537e-04 4.302169756350659839e-06 5.121374575121266735e-06 9.504239727589473309e-06 1.016395977946721015e-05 6.217627327175664583e-05 1.275401231395971403e-05
1.024041921139546424e-01 1.477468600431319854e-04 4.461754044633546709e-06 5.299280855350672415e-06 9.836929134125641048e-06 1.051382604933979656e-05 6.434958329319003770e-05 1.319531529442834064e-05
1.116297950071036965e-01 1.531568350949331144e-04 4.618913673550651766e-06 5.490097798115908855e-06 1.019454990057805312e-05 1.089011262842429976e-05 6.669532968207425409e-05 1.367031761646383329e-05
1.208553979002527506e-01 1.589940326907818063e-04 4.784782118714248729e-06 5.703014137799217306e-06 1.057971081131587558e-05 1.129584138174683275e-05 6.923289894874515857e-05 1.418284616894191562e-05
1.300810007934018186e-01 1.653022036474553552e-04 4.963835853258839878e-06 5.937583483697170825e-06 1.099528498996624952e-05 1.173401211343141253e-05 7.198241014505718863e-05 1.473673720295799673e-05
1.393066036865509005e-01 1.721585590481145510e-04 5.158202167112945847e-06 6.192303282505335444e-06 1.144648011860586794e-05 1.220996014520547976e-05 7.497640152245036100e-05 1.533872022515118711e-05
1.485322065796999824e-01 1.796318190922359067e-04 5.367699884722975951e-06 6.469735483581693248e-06 1.193773973794031384e-05 1.272840799381613113e-05 7.824554751393561795e-05 1.599480340888095008e-05
1.577578094728490643e-01 1.877706039655668759e-04 5.593769382218009151e-06 6.771836507424208165e-06 1.247200466794818252e-05 1.330223879593336054e-05 8.181486619293019394e-05 1.670928987974532173e-05
1.669834123659981462e-01 1.967169869384457548e-04 5.841872373933617050e-06 7.103695111727837633e-06 1.305858922562991298e-05 1.395578414601828421e-05 8.574302050774764935e-05 1.749455661863698417e-05
1.762090152591472003e-01 2.065618112790480537e-04 6.114353646949523139e-06 7.468787349515395961e-06 1.370336028289610123e-05 1.467538359849876787e-05 9.007298977053781477e-05 1.835853780133897399e-05
1.854346181522962822e-01 2.174495587315821712e-04 6.423832273676140540e-06 7.867120530974250694e-06 1.441565495407504094e-05 1.545099853339740206e-05 9.486825918884029900e-05 1.931386193946736055e-05
1.946602210454453641e-01 2.295412580879571099e-04 6.810902588266656930e-06 8.316321219678832850e-06 1.520583715332136997e-05 1.630084719000040672e-05 1.002009146412688337e-04 2.037457734286728540e-05
2.038858239385944460e-01 2.430282580374373423e-04 7.243473421985138511e-06 8.831455301344637819e-06 1.608619526938714819e-05 1.724882356680186753e-05 1.061568822146390068e-04 2.155739534460957203e-05
2.131114268317435001e-01 2.581569502470270065e-04 7.684708205666843095e-06 9.394700145570018465e-06 1.707259852309477586e-05 1.831221393673777452e-05 1.128453539887604314e-04 2.288376513506375069e-05
2.223370297248925820e-01 2.752122251718292010e-04 8.171040090268792081e-06 9.991279229303842886e-06 1.818330022640435046e-05 1.951010239083000777e-05 1.203942089889093077e-04 2.437855886869207686e-05
2.315626326180416361e-01 2.945581623745947755e-04 8.741392004907961796e-06 1.071466797565031681e-05 1.944167983028861338e-05 2.086885319877584835e-05 1.289657102190116763e-04 2.607340685953336108e-05
2.407882355111907180e-01 3.166420230035652613e-04 9.403213271308658375e-06 1.154546274109171343e-05 2.087637115795606220e-05 2.241985232559506099e-05 1.387598118629937882e-04 2.800724670426962088e-05
2.500138384043397721e-01 3.420288772133515173e-04 1.015743333703656012e-05 1.249663710579327616e-05 2.254834456185626215e-05 2.420273644549721884e-05 1.500290586193585903e-04 3.022913241664741506e-05
2.592394412974888818e-01 3.714346071968226831e-04 1.099693209202589174e-05 1.357335962204521016e-05 2.449279229535604018e-05 2.626772493862145931e-05 1.630937715849903498e-04 3.280118953221625600e-05
2.684650441906379359e-01 4.058181610593929373e-04 1.197614115928014207e-05 1.478628088433350980e-05 2.676716968739897536e-05 2.868204243379988971e-05 1.783794904603526097e-04 3.580655438937180085e-05
2.776906470837869900e-01 4.463695967906586748e-04 1.312770954203535409e-05 1.626778794358194839e-05 2.945042664017456183e-05 3.152918012071633186e-05 1.964209244300609762e-04 3.934819212348268083e-05
2.869162499769360997e-01 4.947187149027976617e-04 1.449644859250430722e-05 1.803917510005725085e-05 3.265080047197186329e-05 3.492341584481194498e-05 2.179453258217476080e-04 4.356694220932719750e-05
2.961418528700851538e-01 5.530712765128092089e-04 1.614272577058362829e-05 2.013361230947610398e-05 3.651482511768909534e-05 3.907037709286202611e-05 2.439368010586564096e-04 4.865301652684462727e-05
3.053674557632342079e-01 6.244532729895614772e-04 1.814879374826075271e-05 2.266441886785103364e-05 4.124359613261066679e-05 4.421302427885993348e-05 2.757471632534808439e-04 5.486687994339417736e-05
3.145930586563833176e-01 7.131632710157946066e-04 2.063096654362443078e-05 2.577850110379372329e-05 4.712293095008516890e-05 5.062049357022432340e-05 3.152936049049951447e-04 6.257757371226765550e-05
3.238186615495323717e-01 8.254159072379020157e-04 2.378215066549643330e-05 2.979046226177792592e-05 5.456621643311733785e-05 5.875271187654590704e-05 3.654835926909389679e-04 7.231697304630585986e-05
3.330442644426814813e-01 9.705023949733073557e-04 2.794397906401248008e-05 3.512049902001414259e-05 6.419187711520003316e-05 6.930049377577949133e-05 4.308535123099500267e-04 8.503839647798364446e-05
3.422698673358305355e-01 1.162682264988552754e-03 3.345633483753883940e-05 4.224143541663866186e-05 7.702511808390364624e-05 8.307216775608181926e-05 5.175883778408656155e-04 1.021124605920385904e-04
3.514954702289795896e-01 1.424951636860909317e-03 4.132106194741180620e-05 5.168597058138662756e-05 9.487212099605429015e-05 1.018513436358984073e-04 6.361617739659370177e-04 1.254804199210220791e-04
3.607210731221286992e-01 1.795980288962904141e-03 5.279041273640889403e-05 6.541373819117382929e-05 1.202647439326870720e-04 1.284494511162147939e-04 8.042068235303973227e-04 1.586505526224575406e-04
3.699466760152777534e-01 2.344013757789612570e-03 6.873319863142431790e-05 8.516222928762941929e-05 1.580279882610938734e-04 1.678003081937236469e-04 1.052920138403137633e-03 2.078404724024105268e-04
3.791722789084268630e-01 3.197316825890436729e-03 9.238230228152035511e-05 1.164050309786163542e-04 2.168723160823472600e-04 2.291949098196543501e-04 1.441023134367678486e-03 2.847848813639225485e-04
3.883978818015759171e-01 4.611453677992712052e-03 1.334027064775070506e-04 1.701170787290814251e-04 3.125001376249421023e-04 3.301312246190620664e-04 2.085708138798394139e-03 4.129335833706346617e-04
3.976234846947249713e-01 7.111695873444835898e-03 2.076245692347869140e-04 2.636306123706471868e-04 4.801771946420256218e-04 5.129577809961484783e-04 3.228028245382578813e-03 6.403188037603238861e-04
4.068490875878740809e-01 1.164268466158525223e-02 3.358056596906976859e-04 4.388336934060804023e-04 7.919399080945823538e-04 8.395934499315707567e-04 5.299669645038800059e-03 1.050214490097241271e-03
4.160746904810231350e-01 1.830450192406979718e-02 5.293418399809173003e-04 6.795603696290002105e-04 1.261810037006483309e-03 1.307792668649089551e-03 8.326788704889880738e-03 1.625617545046160323e-03
4.253002933741722447e-01 2.044922424576307504e-02 5.882810034218075024e-04 7.613140964278682088e-04 1.369626490016980641e-03 1.457722646240295489e-03 9.351790163043494086e-03 1.802609280301518263e-03
4.345258962673212988e-01 1.410736993011811428e-02 4.060508781975596254e-04 5.158380521590091167e-04 9.178963658401945863e-04 9.937932382659241115e-04 6.548341726669076532e-03 1.234303020175712626e-03
4.437514991604703529e-01 8.138069161599275139e-03 2.355498481970540875e-04 2.977154041596472012e-04 5.301385464722800644e-04 5.739893708875294653e-04 3.790257793318572294e-03 7.110348902299385224e-04
4.529771020536194626e-01 4.823281150924917104e-03 1.395925987949450664e-04 1.757556481033432233e-04 3.152552608459415970e-04 3.424178707063406032e-04 2.245636329902898909e-03 4.247218040835552474e-04
4.622027049467684612e-01 3.060163267315219298e-03 8.804368193134331361e-05 1.112241499967529107e-04 2.005447682445187646e-04 2.178885161646711838e-04 1.423866729153772711e-03 2.703329645275332274e-04
4.714283078399175708e-01 2.066439160015897010e-03 5.948172526523774067e-05 7.512447404301857840e-05 1.354614219987448909e-04 1.475113038364973209e-04 9.612135157471136775e-04 1.826746844288493904e-04
4.806539107330666249e-01 1.467160194202591630e-03 4.220993083620008628e-05 5.334605439199970739e-05 9.564246588207982527e-05 1.046791393332490317e-04 6.824787298632358553e-04 1.296512788221554097e-04
4.898795136262157346e-01 1.083797087139293670e-03 3.113306812731956967e-05 3.912013514281503443e-05 7.079016798194307132e-05 7.730847018880878524e-05 5.042694731763491291e-04 9.575792552046552206e-05
4.991051165193647332e-01 8.262113980508112602e-04 2.376672120501502252e-05 2.989757797936204529e-05 5.403351184605608825e-05 5.892922117889561051e-05 3.845562667262181341e-04 7.316745125071123530e-05
5.083307194125139539e-01 6.461018698543708784e-04 1.858036223394761866e-05 2.345712991014996859e-05 4.233593600110909221e-05 4.608272961673749377e-05 3.008376274793274829e-04 5.734587660668739959e-05
5.175563223056629525e-01 5.159439621276911466e-04 1.487599900334144517e-05 1.878369004625491789e-05 3.397960653444588586e-05 3.680095979314548706e-05 2.403106674881872080e-04 4.589402515245248615e-05
5.267819251988120621e-01 4.192621210848386059e-04 1.212638275730311887e-05 1.525509223455965950e-05 2.774381145617969748e-05 2.990705015089111353e-05 1.953198116608569654e-04 3.737424885780118566e-05
5.360075280919610607e-01 3.457611693957062687e-04 9.996357022674516764e-06 1.254910359262817335e-05 2.291933169413351958e-05 2.466612484234979343e-05 1.610851700100964889e-04 3.088725614528413247e-05
5.452331309851101704e-01 2.887652866398778668e-04 8.332143299379741672e-06 1.044598325262746956e-05 1.916268314577289182e-05 2.060185535579040286e-05 1.345091180841862509e-04 2.584930786365155324e-05
5.544587338782591690e-01 2.438285403300127720e-04 7.006930369151260747e-06 8.795137428635420090e-06 1.619854949335935274e-05 1.739533474488482497e-05 1.135272335226814565e-04 2.187115408201789103e-05
5.636843367714083897e-01 2.078683494705663593e-04 5.944621728355941725e-06 7.521406607933681489e-06 1.382478509552578978e-05 1.482906360068220555e-05 9.678275960697574516e-05 1.868278436147497584e-05
5.729099396645573883e-01 1.787115255209935198e-04 5.095991953917814333e-06 6.435959520999495059e-06 1.189875674560564593e-05 1.274809856359538957e-05 8.320895898396028279e-05 1.609367525787460990e-05
5.821355425577064979e-01 1.548286048443580319e-04 4.400044849375757969e-06 5.578419600090872002e-06 1.031997148465488160e-05 1.104335167817431626e-05 7.205504994410732197e-05 1.396942340093832086e-05
5.913611454508554965e-01 1.350346041743136281e-04 3.840587026471747661e-06 4.863685642277949545e-06 9.010010330122252388e-06 9.619949471759858426e-06 6.278404100520788324e-05 1.220616473665756788e-05
6.005867483440046062e-01 1.185057529396138059e-04 3.354622081295108803e-06 4.243689066546341821e-06 7.938096533304642480e-06 8.410875369364284441e-06 5.501568400179388571e-05 1.073131188203100032e-05
6.098123512371537158e-01 1.045752787027163085e-04 2.960403311372700750e-06 3.747034519567803710e-06 7.032213605415713921e-06 7.413849069848018128e-06 4.844679737005915725e-05 9.486302578054107569e-06
6.190379541303028255e-01 9.276105600001396750e-05 2.619117478111910972e-06 3.341672790161317737e-06 6.261615432153359103e-06 6.583482872181029857e-06 4.285469099496821456e-05 8.428607539793709258e-06
6.282635570234518241e-01 8.267813814550353758e-05 2.342037981062968649e-06 2.991991726887215509e-06 5.601924040827676188e-06 5.874850735417461015e-06 3.806255642339266120e-05 7.524298327001453161e-06
6.374891599166009337e-01 7.401037101137303623e-05 2.089437098019128925e-06 2.673929202542986851e-06 5.033198292794094754e-06 5.265711999499558273e-06 3.392640294340245363e-05 6.745554872829789090e-06
6.467147628097499323e-01 6.652813057201031389e-05 1.882493203101860148e-06 2.398926401799564767e-06 4.534775801909510912e-06 4.737757491523762656e-06 3.033952528924821067e-05 6.072056302437184988e-06
6.559403657028991530e-01 6.003510107473382531e-05 1.695781865505495390e-06 2.159952321893304468e-06 4.094554061759022678e-06 4.273330448059524964e-06 2.721169274407036028e-05 5.486472710353765226e-06
6.651659685960481516e-01 5.436936039942440239e-05 1.522869539383493319e-06 1.956583657432226029e-06 3.710108070913109254e-06 3.867795584025439490e-06 2.446886354344193017e-05 4.974519466739788908e-06
6.743915714891972613e-01 4.941305167734805892e-05 1.379558617586088790e-06 1.774309353417381037e-06 3.373520955977442847e-06 3.512791134035110239e-06 2.205557063225935173e-05 4.525724079358613768e-06
6.836171743823462599e-01 4.505812387209324815e-05 1.266477292124400201e-06 1.607013382943441894e-06 3.077205138113220091e-06 3.200341750501931102e-06 1.992230560293445482e-05 4.130534719824973603e-06
6.928427772754953695e-01 4.121919264789173862e-05 1.162975163996692160e-06 1.469864291023802747e-06 2.815764224890970272e-06 2.924559339891340303e-06 1.802953373583533373e-05 3.781386664221938543e-06
7.020683801686443681e-01 3.782202514481247939e-05 1.066535702297726992e-06 1.347321988272340927e-06 2.584216927062183929e-06 2.680253240698059528e-06 1.634305918781884680e-05 3.471705555082756892e-06
7.112939830617935888e-01 3.480989255896221050e-05 9.829986684157978726e-07 1.241682882026611933e-06 2.378733913504225451e-06 2.463389224576160151e-06 1.483629255411621846e-05 3.196443459124701674e-06
7.205195859549425874e-01 3.213360183189908702e-05 9.083733860742147781e-07 1.149725412519047012e-06 2.195997902654696365e-06 2.270463608452809231e-06 1.348616520659722169e-05 2.951224970135961026e-06
7.297451888480916971e-01 2.973587500018260604e-05 8.412671786470459758e-07 1.065390722446510888e-06 2.032119373944137085e-06 2.095988928686590077e-06 1.226750295087785454e-05 2.738593756042755821e-06
7.389707917412406957e-01 2.760338990783961694e-05 7.875009446337404300e-07 9.877476041920632164e-07 1.886226232734652123e-06 1.938795416936205470e-06 1.117190854731255040e-05 2.552472226667713915e-06
7.481963946343899163e-01 2.569019887554942745e-05 7.357035140946451772e-07 9.181719893190814249e-07 1.755613373748893052e-06 1.797628067065871012e-06 1.017931814302349029e-05 2.385467508434683490e-06
7.574219975275389150e-01 2.397426246661233892e-05 6.924465470578073560e-07 8.536649665124398424e-07 1.648086869119311427e-06 1.670844810407077976e-06 9.279003096079447264e-06 2.235682245941861154e-06
7.666476004206880246e-01 2.242989133218985785e-05 6.526598226241979136e-07 7.973076019367328002e-07 1.555853938580208453e-06 1.556421564896347118e-06 8.459041604968610514e-06 2.100886722079257278e-06
7.758732033138370232e-01 2.104146030509393463e-05 6.160026089333149471e-07 7.429885042273090578e-07 1.477714317747956779e-06 1.452804422309975134e-06 7.712378954130560542e-06 1.979724799263056815e-06
7.850988062069861328e-01 1.979044294578674422e-05 5.890736449256245852e-07 7.014539201476197407e-07 1.407050234294177234e-06 1.360842227297297269e-06 7.029917337489884809e-06 1.870597500321650775e-06
7.943244091001351315e-01 1.866035711529127140e-05 5.583601480409374060e-07 6.614140327665023547e-07 1.332923695156194209e-06 1.284545811010446030e-06 6.403764881264387333e-06 1.772073662603383822e-06
8.035500119932843521e-01 1.764019531994619146e-05 5.304230573776396135e-07 6.220697840440643695e-07 1.262125873502294241e-06 1.217474862065310757e-06 5.828961562880665787e-06 1.683197058701937427e-06
8.127756148864333507e-01 1.671785797051134051e-05 5.049730284026839370e-07 5.873455270745524010e-07 1.198192841938951686e-06 1.149474401628954533e-06 5.299984630073971826e-06 1.602911825489639625e-06
8.220012177795824604e-01 1.588608180542011415e-05 4.836821295323788365e-07 5.603394631539550784e-07 1.140142788929920302e-06 1.087742554094823404e-06 4.812802184970539865e-06 1.530599862665339228e-06
8.312268206727314590e-01 1.513215686486096320e-05 4.609835198373466450e-07 5.337644533757518521e-07 1.087335348032505373e-06 1.030164403689296399e-06 4.361976453390342367e-06 1.465142177738975007e-06
8.404524235658805686e-01 1.444862769226148257e-05 4.477742146968379438e-07 5.078727755979653067e-07 1.039326156906014348e-06 9.795936065935403420e-07 3.943903162742660575e-06 1.405890507611500968e-06
8.496780264590296783e-01 1.383093195492371958e-05 4.257930672355469037e-07 4.855037043375728473e-07 9.957955617337204275e-07 9.339386460325153406e-07 3.555840002197467901e-06 1.352460213571837614e-06
8.589036293521787879e-01 1.327199164287853845e-05 4.089200123673757408e-07 4.618279515097450949e-07 9.562874753157561426e-07 8.974819316124438675e-07 3.194836681252519861e-06 1.304226747587807704e-06
8.681292322453277865e-01 1.276745813537183435e-05 3.968706044840065376e-07 4.448632146194330105e-07 9.205088707529353217e-07 8.624947617708064951e-07 2.858622746047453505e-06 1.260815813249267756e-06
8.773548351384768962e-01 1.230990229566265848e-05 3.877177935881578359e-07 4.264739270015645073e-07 8.878254570312857054e-07 8.272622480947211131e-07 2.543816374932042444e-06 1.221571881276853824e-06
8.865804380316258948e-01 1.189810397670869264e-05 3.812352965309659652e-07 4.094840159911143011e-07 8.664327215041399091e-07 7.941655465848458759e-07 2.249513243489805367e-06 1.186399795806466402e-06
8.958060409247751155e-01 1.152796885757734316e-05 3.762637718753400240e-07 3.956026447815682369e-07 8.429436691086937273e-07 7.690736132667517127e-07 1.973741113704366134e-06 1.154941772209260403e-06
9.050316438179241141e-01 1.119308913308543503e-05 3.719916226053281703e-07 3.801693801297574766e-07 8.096221589490393907e-07 7.484666266275493145e-07 1.713662319677005061e-06 1.126628045522764515e-06
9.142572467110732237e-01 1.089288943894316308e-05 3.691768405036437254e-07 3.740203268199291384e-07 7.854718769423313347e-07 7.301339419257013336e-07 1.468590788118328647e-06 1.099030099165514477e-06
9.234828496042222223e-01 1.062457480138167671e-05 3.664702032092724272e-07 3.637806357109358950e-07 7.646641349835070879e-07 7.127582051530072753e-07 1.238621541290227781e-06 1.070772775870002793e-06
9.327084524973712210e-01 1.038585913551677528e-05 3.587166251253254181e-07 3.557238461899057795e-07 7.488264171069937495e-07 6.991491259404911872e-07 1.124464292148221928e-06 1.045503045148055767e-06
9.419340553905202196e-01 1.017344847873395126e-05 3.593774667652583737e-07 3.485045336886695064e-07 7.035464843892368130e-07 6.860673579940043302e-07 9.842082814915676379e-07 1.022882052109399907e-06
9.511596582836694402e-01 9.987308876723087126e-06 3.569526550510600189e-07 3.416419100534630527e-07 6.728472543029263364e-07 6.745571158837609742e-07 9.369772414724203581e-07 1.002911607331991630e-06
9.603852611768185499e-01 9.822925806573131523e-06 3.458940043332932784e-07 3.350877924838736616e-07 6.578498986655038655e-07 6.641944221256232650e-07 8.594651111152186684e-07 9.851226593851257973e-07
9.696108640699675485e-01 9.681908282886152927e-06 3.419055709857478733e-07 3.283584813735776931e-07 6.462415243448882228e-07 6.521900403267723458e-07 8.537832826444526367e-07 9.696894909513247251e-07
9.788364669631165471e-01 9.559170699719236436e-06 3.427343635310036281e-07 3.218281175898104975e-07 6.397130605597341267e-07 6.390390831931452625e-07 8.493078475558406471e-07 9.560800078598587676e-07
9.880620698562656568e-01 9.461943819855667408e-06 3.449211354962130585e-07 3.255393641435557373e-07 6.376887129110292256e-07 6.297888874401042533e-07 8.465483634097950273e-07 9.451462833334505398e-07
9.972876727494148774e-01 9.371691307920144921e-06 3.410398050911408205e-07 3.278883935517966494e-07 6.391666572226547020e-07 6.175626758938163188e-07 8.442465356196666824e-07 9.347386906974436237e-07
1.006513275642563876e+00 9.303594220656450487e-06 3.416876943865918562e-07 3.311510770093662652e-07 6.420634913466558350e-07 6.223136652607183018e-07 8.434919543036357802e-07 9.265720154125088256e-07
1.015738878535712875e+00 9.251727431811899668e-06 3.457189717279471303e-07 3.275455299320870450e-07 6.451596946509997611e-07 6.440574246133035601e-07 8.438894167801971977e-07 9.200281129097760598e-07
1.024964481428862095e+00 9.215210293616751212e-06 3.503732210110828085e-07 3.257059580784800625e-07 6.495041824940874626e-07 6.658030024080921396e-07 8.453948008696387443e-07 9.435067068833570271e-07
1.034190084322011094e+00 9.192585723403101145e-06 3.503850344530751588e-07 3.248142597531063100e-07 6.541442676970259270e-07 6.879238083673960721e-07 8.479234573814170621e-07 1.052361036359948326e-06
1.043415687215160093e+00 9.184468109457264115e-06 3.567959914297380179e-07 3.239958620531100384e-07 6.603526012318278014e-07 6.915088261257874689e-07 8.515388983020905815e-07 1.170101874175760869e-06
1.052641290108309091e+00 9.189255267876811120e-06 3.579023811226838848e-07 3.256260212442471950e-07 6.623238824658177399e-07 6.965208792928904985e-07 8.561433073508103623e-07 1.302535278674899004e-06
1.061866893001458312e+00 9.207117726036445754e-06 3.642517831969954635e-07 3.286802039133592245e-07 6.688615370805640420e-07 7.016885521012445449e-07 8.617847161269651427e-07 1.424038937848186970e-06
1.071092495894607532e+00 9.237221623324579244e-06 3.658526394955905083e-07 3.258953968385892478e-07 6.770825135704938778e-07 7.076441996333719973e-07 8.684220984011204234e-07 1.543911218496858923e-06
1.080318098787756531e+00 9.279892229181430595e-06 3.746551807036679953e-07 3.280469800306454729e-07 6.828251385747338502e-07 7.144257075962515488e-07 8.760785782389013783e-07 1.662565573136354860e-06
1.089543701680905530e+00 9.334137997460107241e-06 3.776858478301005589e-07 3.308705308291428845e-07 6.875514205836755297e-07 7.219588703057951113e-07 8.847012166424892521e-07 1.780225863540687205e-06
1.098769304574054528e+00 9.400085270328939463e-06 3.849727919030834452e-07 3.343931483562119267e-07 6.936406995792807013e-07 7.264611218472163810e-07 8.943169501398857220e-07 1.897410903977463410e-06
1.107994907467203749e+00 9.478531567125633429e-06 3.935856960604236483e-07 3.355448212562938168e-07 6.991061043643689241e-07 7.287611380264384073e-07 9.050065332234715366e-07 2.014235998097067915e-06
1.117220510360352748e+00 9.567978732157641358e-06 4.005793935149021430e-07 3.360718715958175618e-07 7.058928723833127617e-07 7.319336021701564851e-07 9.166750011372035595e-07 2.131472672443207256e-06
1.126446113253501746e+00 9.668986037942805425e-06 4.067372399748560866e-07 3.414750351334206065e-07 7.139335904879554984e-07 7.399678031807719708e-07 9.296038439479129071e-07 2.249355910351624929e-06
1.135671716146650967e+00 9.781953043233073531e-06 4.121607568158134260e-07 3.481825287329804342e-07 7.225872503235960110e-07 7.492558162819869992e-07 9.448881851839322182e-07 2.372410454516909008e-06
1.144897319039799966e+00 9.906951692951421147e-06 4.188958535714368188e-07 3.565378312940301319e-07 7.317902557858198238e-07 7.594011648344166804e-07 9.611198100095592618e-07 2.497420124897270212e-06
1.154122921932948964e+00 1.004445576129321323e-05 4.288408716509936868e-07 3.619209839807653345e-07 7.418527125857241630e-07 7.704423636554932854e-07 9.783595716855823392e-07 2.624925917065043606e-06
1.163348524826097963e+00 1.019407575748560779e-05 4.353690332075551531e-07 3.666767108538513791e-07 7.546801047799915456e-07 7.808933282779715983e-07 9.965820210013931772e-07 2.755984505386393954e-06
1.172574127719247183e+00 1.035678712921537411e-05 4.449362352319303398e-07 3.700439234995216267e-07 7.719027773790671345e-07 7.945830686931261845e-07 1.015896508705613514e-06 2.889673663931937320e-06
1.181799730612396404e+00 1.053314735095115873e-05 4.562477035297851261e-07 3.742418682309846088e-07 7.845213484173905257e-07 8.093504640265402093e-07 1.036358662045333323e-06 3.026268094903626422e-06
1.191025333505545403e+00 1.072297060453052825e-05 4.667814062188157349e-07 3.780511200547246415e-07 8.039160852947300383e-07 8.252414971596159745e-07 1.063513541796069469e-06 3.166072899604197186e-06
1.200250936398694401e+00 1.092829065016618766e-05 4.773540359623125386e-07 3.845057592473062125e-07 8.252344128860100703e-07 8.423434038776434147e-07 1.092327733521574325e-06 3.310471352004027805e-06
1.209476539291843622e+00 1.114926259378867605e-05 4.864041941667518638e-07 3.949808417441606773e-07 8.433653483795354791e-07 8.606832402110885005e-07 1.122701705687408747e-06 3.458952449955862311e-06
1.218702142184992621e+00 1.138691103192341422e-05 4.993575764135639301e-07 4.050319237568207706e-07 8.626177963220357624e-07 8.803446948444753191e-07 1.154825429238904121e-06 3.612802696117120083e-06
1.227927745078141619e+00 1.164229631798248324e-05 5.121994839440401081e-07 4.146623148633467077e-07 8.830632550278769887e-07 9.013677019122892149e-07 1.188817648564953206e-06 3.772441937458366435e-06
1.237153347971290618e+00 1.191646205799956586e-05 5.247637008356459361e-07 4.247894805418144719e-07 9.047901994846509953e-07 9.237944215819060616e-07 1.224853964699349569e-06 3.938922230611844143e-06
1.246378950864439838e+00 1.221234985580286278e-05 5.406907650544515414e-07 4.354206561968162196e-07 9.310491372763926826e-07 9.479456150642633739e-07 1.263212588715241779e-06 4.113088989034519377e-06
1.255604553757589059e+00 1.252888331572178658e-05 5.578147074288325235e-07 4.470665119886497508e-07 9.641651940968384914e-07 9.709103738904752883e-07 1.303879319217607387e-06 4.295262946076437347e-06
1.264830156650738058e+00 1.287120933849007071e-05 5.749823371584588853e-07 4.575613956358577937e-07 9.994131700399734288e-07 9.945199466934604777e-07 1.347364964456243679e-06 4.487305052665282033e-06
1.274055759543887056e+00 1.323943832416025729e-05 5.902660815104603581e-07 4.719941098149384547e-07 1.036773198427021859e-06 1.020327290993284933e-06 1.393759216496880931e-06 4.689800819823328816e-06
1.283281362437036055e+00 1.363766383558519568e-05 6.089280662921172711e-07 4.876649900214856886e-07 1.076663069127951073e-06 1.051265386598754893e-06 1.443516092567385188e-06 4.904594853129894496e-06
1.292506965330185276e+00 1.406850698886031739e-05 6.321500293336356424e-07 5.042615558185183967e-07 1.119318440186744930e-06 1.087862988469480069e-06 1.496967519607493555e-06 5.133127368327813816e-06
1.301732568223334052e+00 1.453661810030226359e-05 6.565084101512066008e-07 5.190182147106096400e-07 1.165028170056414276e-06 1.133716922917957578e-06 1.554588718474270113e-06 5.376976987908848557e-06
1.310958171116483273e+00 1.504459386350113370e-05 6.788758032418312652e-07 5.343055473122815838e-07 1.214219791000607811e-06 1.179254532330926988e-06 1.612668403439354803e-06 5.638546232605411173e-06
1.320183774009632494e+00 1.559884142348571883e-05 7.088140525706397837e-07 5.510377417100854023e-07 1.263355782745266548e-06 1.224625413844367187e-06 1.671863511445461742e-06 5.920312830300573077e-06
1.329409376902781492e+00 1.620551287627693468e-05 7.373901759648606965e-07 5.713483721472292168e-07 1.312730383045365327e-06 1.274216826536617671e-06 1.736473411620419893e-06 6.224852963101506787e-06
1.338634979795930713e+00 1.687093979872141824e-05 7.643133302774798431e-07 5.949152487197131519e-07 1.366884240448118542e-06 1.328304758707397188e-06 1.807155577486716500e-06 6.555764326515626606e-06
1.347860582689079489e+00 1.760527674117372057e-05 7.961435343081307229e-07 6.191074418039637815e-07 1.426648174341266689e-06 1.387997174096969398e-06 1.885051445097276555e-06 6.917391695177820259e-06
1.357086185582228710e+00 1.841742585560357485e-05 8.344834306880851435e-07 6.475753090714926076e-07 1.492775064168680357e-06 1.454045220305618909e-06 1.979685850958361871e-06 7.314331501473246019e-06
1.366311788475377931e+00 1.932101885077853990e-05 8.775713127022267198e-07 6.765531130891689281e-07 1.566398293945572948e-06 1.523603396555250580e-06 2.084666785337856696e-06 7.752616060640440262e-06
1.375537391368526707e+00 2.033122933010240261e-05 9.257597169371992619e-07 7.132776933400412586e-07 1.652827717148335098e-06 1.599542713936524449e-06 2.201738083011180625e-06 8.239494516335975263e-06
1.384762994261675928e+00 2.146773442516131418e-05 9.809919749258708686e-07 7.570109060917777979e-07 1.750643594647460311e-06 1.685348759971391081e-06 2.333120587659794602e-06 8.783984799886145232e-06
1.393988597154824927e+00 2.275413060908140742e-05 1.040548777091416713e-06 8.058920485372646767e-07 1.860693013994673111e-06 1.782855685224229509e-06 2.481511715166509013e-06 9.397250429945261106e-06
1.403214200047974147e+00 2.422105388620121339e-05 1.110755706658228949e-06 8.609470440645266133e-07 1.985409256553151680e-06 1.894319314552605338e-06 2.650369309312074483e-06 1.009338526963553859e-05
1.412439802941123368e+00 2.590720475983431634e-05 1.193838058295676436e-06 9.244455556447913030e-07 2.133100995786205254e-06 2.022777173639196923e-06 2.844081668672216785e-06 1.089043537457573565e-05
1.421665405834272145e+00 2.786213173161383253e-05 1.289773225380876504e-06 9.979417661543229460e-07 2.310507117668756684e-06 2.172215695102338527e-06 3.068259185639979537e-06 1.181148538116516436e-05
1.430891008727421365e+00 3.015234535820800982e-05 1.397952991112229581e-06 1.084099396499642136e-06 2.516029258715063698e-06 2.347860256222650906e-06 3.330383213262026575e-06 1.288720660319352115e-05
1.440116611620570364e+00 3.286427791902639080e-05 1.529725436303576067e-06 1.173758054840948900e-06 2.737277114431998473e-06 2.559543491970734611e-06 3.640223272337486757e-06 1.415807430338963566e-05
1.449342214513719362e+00 3.611718755144635823e-05 1.682975228593513604e-06 1.285107046324013107e-06 3.005330659107702132e-06 2.809668368152110172e-06 4.011138037816406178e-06 1.567917402203572420e-05
1.458567817406868583e+00 4.007405800713585432e-05 1.878643175066616305e-06 1.421938988051747222e-06 3.321457851316603953e-06 3.120555202935313419e-06 4.461382325450829382e-06 1.752640370038415814e-05
1.467793420300017582e+00 4.496612487688079790e-05 2.117190402741655640e-06 1.585944440733083919e-06 3.715336584863632640e-06 3.504787279311193137e-06 5.024177825165628431e-06 1.980697016078908278e-05
1.477019023193166802e+00 5.112540607803671162e-05 2.409814241334760638e-06 1.791948764840539611e-06 4.216392526628424096e-06 3.976862445173712083e-06 5.760383652181142583e-06 2.267520549485564811e-05
1.486244626086316023e+00 5.904081297903462791e-05 2.773684222738981991e-06 2.088239478329742332e-06 4.887413869826345240e-06 4.596408637745272568e-06 6.710516775187714287e-06 2.635854782306620121e-05
1.495470228979464800e+00 6.944897573347699673e-05 3.266678998546792634e-06 2.465616005419455042e-06 5.744960548276502560e-06 5.412827352806241733e-06 7.916234310016454314e-06 3.119977807506668101e-05
1.504695831872614020e+00 8.347599183375860646e-05 3.929346675038810017e-06 2.989500257628881631e-06 6.812603691981280627e-06 6.517233387768738440e-06 9.501495799723111294e-06 3.772424380105551578e-05
1.513921434765763019e+00 1.028454912667245208e-04 4.801753189606844732e-06 3.672238339197432815e-06 8.319945793188368425e-06 8.020591187094959409e-06 1.167059843687583414e-05 4.673882346949749121e-05
1.523147037658912017e+00 1.300610931889711072e-04 5.991352086833623544e-06 4.623681534580683034e-06 1.050480064179089572e-05 1.011325063971865875e-05 1.488379051337300907e-05 5.943070644017722185e-05
1.532372640552061016e+00 1.680734831703691674e-04 7.695511590488179985e-06 5.920059042154924601e-06 1.359309915892361578e-05 1.299763017817572616e-05 1.948515587867828583e-05 7.725155323372472397e-05
1.541598243445210237e+00 2.172366886785170642e-04 9.964681289699732925e-06 7.679084989221219128e-06 1.771808586908024718e-05 1.687154287859045148e-05 2.548958448636066379e-05 1.005355942133827075e-04
1.550823846338359457e+00 2.649300413458753178e-04 1.215572051985658233e-05 9.443753643096101588e-06 2.169975747609966324e-05 2.110012161890616016e-05 3.128515898741875308e-05 1.239009248143526786e-04
1.560049449231508456e+00 2.757274444958305215e-04 1.233613672360704379e-05 9.824212042351145296e-06 2.346263361343529225e-05 2.152888961191997894e-05 3.250135314599702976e-05 1.308353674873089650e-04
1.569275052124657455e+00 2.286388483043714115e-04 1.044467478330209412e-05 8.200409502622874394e-06 1.943365631034362525e-05 1.788964862561824034e-05 2.733743321373097363e-05 1.100337401244262187e-04
1.578500655017806453e+00 1.588460970401899875e-04 7.351580793690462448e-06 5.534847330722505012e-06 1.382342018777603225e-05 1.264911257256224101e-05 1.844302593522465688e-05 7.714047444915434490e-05
1.587726257910955674e+00 1.024471218372604854e-04 4.759175705269357709e-06 3.565528170017525440e-06 9.179671102871856899e-06 8.113224006168413588e-06 1.198297574694235908e-05 4.997354018878677912e-05
1.596951860804104451e+00 6.554391294043316349e-05 3.069024634342289366e-06 2.267040958631868987e-06 5.857732893088768672e-06 5.164395990134298888e-06 7.774489866080246353e-06 3.202694805853430795e-05
1.606177463697253671e+00 4.269273384378162380e-05 1.977573420002397167e-06 1.512461385718031021e-06 3.814696379203712880e-06 3.402475628040715319e-06 5.075461240404249808e-06 2.085828410926993977e-05
1.615403066590402892e+00 2.848452101288936360e-05 1.356673982385301659e-06 1.023180327738425644e-06 2.524474127568574242e-06 2.277666545837853969e-06 3.470448758648353639e-06 1.389144389809921497e-05
1.624628669483551890e+00 1.945290404220235847e-05 9.221815299287458492e-07 6.976815765073034745e-07 1.755196890156291226e-06 1.567816675968594962e-06 2.431239995470759775e-06 9.449280241113130674e-06
1.633854272376701111e+00 1.356029845358727399e-05 6.479739992180277619e-07 4.881278116522812439e-07 1.226170048142228680e-06 1.105735568676151373e-06 1.731454254219145776e-06 6.542586761010321506e-06
1.643079875269850110e+00 9.624278970507635383e-06 4.653793447278133295e-07 3.602046187144299186e-07 8.940806323816396801e-07 8.052034043952014297e-07 1.218514923777817109e-06 4.613170770633887054e-06
1.652305478162999108e+00 6.941508617393980194e-06 3.359343275784067620e-07 2.664758057876704604e-07 6.527936382953238861e-07 5.851782369288937679e-07 8.973917559561798437e-07 3.290837053043264275e-06
1.661531081056148329e+00 5.088442355551841828e-06 2.478286297042400993e-07 2.015607644898225088e-07 4.901636612313782550e-07 4.434807460582643302e-07 6.750226012540891623e-07 2.370817357105391642e-06
1.670756683949297106e+00 3.793611130818362063e-06 1.906424363609649044e-07 1.546018903577206963e-07 3.799884178105325819e-07 3.456272225439196526e-07 5.156797274306622934e-07 1.723870724461143606e-06
1.679982286842446326e+00 2.886162247714207966e-06 1.451917771206141358e-07 1.260240801326329086e-07 2.972459833407947379e-07 2.740061076904839636e-07 4.133498081581408102e-07 1.267034215695797359e-06
1.689207889735595547e+00 2.252055975599328824e-06 1.186119567800624754e-07 1.037580313075755319e-07 2.368130905332490096e-07 2.249864724199695417e-07 3.350252930147526948e-07 9.450794253635934140e-07
1.698433492628744546e+00 1.813033953784594412e-06 9.875195916064670039e-08 8.848739293474965043e-08 1.938905147151364272e-07 1.899041358181768022e-07 2.848652077851755207e-07 7.264022200369805577e-07
1.707659095521893766e+00 1.516276932437917474e-06 8.500879996038234290e-08 7.593542621572251792e-08 1.676349429013072252e-07 1.692401132157788226e-07 2.408856429738493459e-07 5.771281070810552784e-07
1.716884698415042543e+00 1.324236183185767695e-06 7.596967250415050229e-08 6.846176053942408903e-08 1.544513547587976292e-07 1.521238836843989341e-07 2.155963000087674495e-07 4.790247306743148987e-07
1.726110301308191763e+00 1.209855905820420314e-06 6.960074887744831361e-08 6.213249952710590350e-08 1.444750036798634902e-07 1.406000209199669787e-07 2.001241856029243602e-07 4.218423197121477337e-07
1.735335904201340984e+00 1.153720830063866738e-06 6.540240937808649043e-08 6.062187732412811805e-08 1.331033507315208638e-07 1.372385412328056075e-07 1.892885280194632589e-07 3.942945200329559382e-07
1.744561507094489761e+00 1.141275431467984124e-06 6.397262615833497521e-08 5.968296303098845281e-08 1.334129790134720936e-07 1.384715435643406053e-07 1.819994876529462070e-07 3.921283401505172435e-07
1.753787109987638981e+00 1.162447708036317101e-06 6.469518879314778660e-08 5.939676037387178195e-08 1.300218270229000707e-07 1.438791970652988691e-07 1.897878346547841938e-07 4.127183822617410815e-07
1.763012712880787980e+00 1.209039540512509412e-06 6.701149873824421466e-08 5.988711706485541994e-08 1.343321832515773518e-07 1.494448652107329158e-07 1.974625378831063474e-07 4.469592312635640852e-07
1.772238315773937201e+00 1.274866778074657529e-06 7.063486974699769259e-08 6.207153309755995942e-08 1.403387278969074508e-07 1.506005270578298951e-07 2.025090759895633512e-07 4.892613807633728843e-07
1.781463918667086421e+00 1.355539590219238195e-06 7.404164844604515699e-08 6.555078678994890258e-08 1.479910146798296123e-07 1.535815212087719043e-07 2.136913551362827786e-07 5.299772363390985404e-07
1.790689521560235198e+00 1.447112716093222168e-06 7.702783551975416370e-08 6.998560886217012376e-08 1.561071036570099060e-07 1.591792530640821884e-07 2.264884118809045953e-07 5.770378971029101410e-07
1.799915124453384419e+00 1.547592314960378958e-06 8.306057352427307225e-08 7.437003339660317715e-08 1.647363752080014445e-07 1.671180233956902820e-07 2.400864294993022496e-07 6.292514256883606285e-07
1.809140727346533417e+00 1.654171917721789240e-06 8.665211025560116769e-08 7.870550198038000070e-08 1.739195191912525358e-07 1.787754976747301808e-07 2.541814825375762292e-07 6.853765257033620850e-07
1.818366330239682416e+00 1.765367597831431821e-06 9.131679137034748026e-08 8.305885655381421178e-08 1.854466841745041377e-07 1.898970659614007326e-07 2.686606341954376012e-07 7.445989755823279759e-07
1.827591933132831414e+00 1.879853152696632600e-06 9.863945914209156173e-08 8.871153035240191302e-08 1.945849202335650398e-07 1.971078253010133751e-07 2.834012375959491384e-07 8.062491314633867719e-07
1.836817536025980635e+00 1.996675392902422943e-06 1.049957283552172577e-07 9.535590536153928117e-08 2.039511236576731406e-07 2.058522094314552632e-07 2.983197655627989534e-07 8.698266300648115252e-07
1.846043138919129634e+00 2.115023716254920629e-06 1.110563647913686772e-07 9.758078837753645873e-08 2.134215358276102941e-07 2.154781281915073268e-07 3.133382518380539550e-07 9.372901125430078681e-07
1.855268741812278410e+00 2.234221228210651653e-06 1.167311881536176126e-07 1.042428714607418488e-07 2.231010254153191453e-07 2.256971003787688659e-07 3.278304638983268572e-07 1.006602210659684503e-06
1.864494344705427187e+00 2.353738913873817009e-06 1.235528362756922658e-07 1.084718392156163843e-07 2.327876692672704172e-07 2.346169989855743792e-07 3.409819974908238471e-07 1.076696093239540826e-06
1.873719947598576185e+00 2.473194443380104079e-06 1.307187127785875847e-07 1.132232160515190553e-07 2.451993859417727266e-07 2.436221294579163882e-07 3.542031665907129212e-07 1.147776112513030283e-06
1.882945550491724962e+00 2.592303991272556055e-06 1.372734940271195926e-07 1.173328147864632585e-07 2.562403000604822287e-07 2.527016280033844351e-07 3.674610247829133390e-07 1.220376395839439746e-06
1.892171153384873961e+00 2.710924514050096011e-06 1.430395187720427258e-07 1.209785868593346396e-07 2.666508300584584705e-07 2.621493776322417682e-07 3.807516124352877326e-07 1.293255421361470821e-06
1.901396756278022737e+00 2.828736866012479572e-06 1.486606980136981108e-07 1.261646518410630025e-07 2.790010083377425828e-07 2.729404644698167734e-07 3.940354493860595204e-07 1.366268123365561035e-06
1.910622359171171736e+00 2.945670262502130802e-06 1.542431684947435147e-07 1.295499327196108794e-07 2.936759921486220813e-07 2.842906903508849616e-07 4.073135247256089056e-07 1.439355679772084919e-06
1.919847962064320512e+00 3.061706653701265082e-06 1.606159675247854033e-07 1.344922638593379391e-07 3.083978183703022720e-07 2.954534360561634050e-07 4.205840262163247149e-07 1.512472291655359227e-06
1.929073564957469289e+00 3.176551721635979755e-06 1.669145350628972158e-07 1.396668935377026409e-07 3.217791351390602038e-07 3.064361462895584037e-07 4.338088920337886164e-07 1.585507760061900839e-06
1.938299167850618288e+00 3.290157887236872003e-06 1.726173345233344728e-07 1.435340924998904529e-07 3.302927215877551021e-07 3.172452772225002344e-07 4.469882810683477955e-07 1.658431851416135745e-06
1.947524770743767064e+00 3.402807711974975550e-06 1.777639976380813196e-07 1.469357767372947412e-07 3.402041295203833583e-07 3.278999032041697052e-07 4.601610194384750785e-07 1.731308028208383396e-06
1.956750373636916063e+00 3.514173779365790779e-06 1.848065926013096396e-07 1.522054022508436270e-07 3.521083046204825867e-07 3.384090767126218490e-07 4.752297187093656722e-07 1.804015486038006012e-06
1.965975976530064839e+00 3.624262317924142344e-06 1.923142065964949119e-07 1.582529886084017072e-07 3.646597802518240403e-07 3.487730044539370898e-07 4.929605572129840496e-07 1.876563743540064649e-06
1.975201579423213616e+00 3.733227870602250359e-06 1.995137399364308445e-07 1.639546185037918560e-07 3.763299814823864475e-07 3.590111944261329850e-07 5.105626316486352808e-07 1.948977956923067253e-06
1.984427182316362615e+00 3.842200997810870091e-06 2.078730224015087826e-07 1.665961626186170370e-07 3.898805437755760886e-07 3.690858285561929998e-07 5.280642710983707668e-07 2.021757701198864322e-06
1.993652785209511391e+00 3.947704247898659784e-06 2.138339287797275085e-07 1.689762287281638874e-07 4.034157746570587747e-07 3.794718473918361434e-07 5.444665237182003389e-07 2.093375425299513228e-06
2.002878388102660168e+00 4.053132754697547106e-06 2.211628976903404052e-07 1.733178882092800116e-07 4.168534524917673237e-07 3.890281914016273283e-07 5.579639258608860638e-07 2.165328696008074933e-06
2.012103990995809166e+00 4.157482308846150541e-06 2.292523693708394770e-07 1.778683428426548041e-07 4.296372738811667690e-07 3.988281553658750968e-07 5.713594365741570162e-07 2.237147395112398537e-06
2.021329593888958165e+00 4.260729392008131121e-06 2.372071637074790515e-07 1.825805377437666874e-07 4.405001988029892828e-07 4.085339054193846966e-07 5.846530886482958990e-07 2.308835222462855118e-06
2.030555196782107164e+00 4.362839524181478275e-06 2.429908334688667614e-07 1.882213769511813548e-07 4.513067832378256356e-07 4.181477140155510366e-07 5.978423585028200813e-07 2.380387079975020407e-06
2.039780799675255718e+00 4.463923910747073174e-06 2.485319102440557712e-07 1.926756824997743822e-07 4.620631201419612776e-07 4.276828244406601052e-07 6.109390326402108735e-07 2.451826720063294450e-06
2.049006402568404717e+00 4.564040231532001683e-06 2.540168485070582168e-07 1.969195998374396840e-07 4.727061697850745803e-07 4.371500366079666248e-07 6.239476235008774009e-07 2.523160126169947238e-06
2.058232005461553715e+00 4.663135543042606767e-06 2.594385814182145636e-07 2.017288986848910615e-07 4.833054805106080503e-07 4.465417037365553503e-07 6.368685237690195719e-07 2.594403359777395086e-06
2.067457608354702270e+00 4.761401010865458366e-06 2.650765148961256492e-07 2.063908118718773378e-07 4.938748748705124489e-07 4.558756753134590584e-07 6.497216813848622115e-07 2.665600921263324543e-06
2.076683211247851268e+00 4.858372134137370816e-06 2.711519122491031685e-07 2.096990391881364862e-07 5.048209291839194651e-07 4.651309356195725065e-07 6.624519603512656440e-07 2.736616295817203104e-06
2.085908814141000267e+00 4.954761839228930704e-06 2.769488953828612912e-07 2.128880913941686939e-07 5.166534061622121343e-07 4.743446201883830141e-07 6.778833191250170355e-07 2.807677095527805979e-06
2.095134417034148822e+00 5.050221501936304621e-06 2.834078876188558563e-07 2.166736021086859050e-07 5.284674707252432158e-07 4.830158947948952385e-07 6.937749433625134605e-07 2.878657382675908842e-06
2.104360019927297820e+00 5.144784609462196053e-06 2.896953338430763154e-07 2.207124885209454273e-07 5.402655762755874624e-07 4.916274639492722304e-07 7.096172871383311505e-07 2.949579082233813947e-06
2.113585622820446819e+00 5.238536322148757781e-06 2.958100167308688421e-07 2.249160387450384338e-07 5.511316765041606052e-07 5.010273253703929674e-07 7.254184061697156852e-07 3.020483763153514766e-06
2.122811225713595817e+00 5.331552614241404568e-06 3.015313451645311565e-07 2.292006382871181750e-07 5.632363857418392063e-07 5.102074346783728816e-07 7.411782596100227602e-07 3.091396445331757688e-06
2.132036828606744372e+00 5.423847382005686759e-06 3.079791510748791151e-07 2.335039054756696128e-07 5.757398199942701146e-07 5.193473292647031965e-07 7.569077201397726726e-07 3.162309497253966974e-06
2.141262431499893371e+00 5.515363799856678355e-06 3.139003090342665402e-07 2.378251484643924122e-07 5.875860646727308766e-07 5.284426064639153553e-07 7.726042908641075639e-07 3.233208809513180310e-06
2.150488034393042369e+00 5.606196918844143550e-06 3.184578970562443133e-07 2.421690808371349985e-07 5.990174103415532789e-07 5.375044163119735308e-07 7.882750043664324855e-07 3.304156648567240950e-06
2.159713637286190924e+00 5.696510194599576436e-06 3.239050935515058329e-07 2.465713996884247669e-07 6.092696250084293197e-07 5.465429348417735853e-07 8.039386523573615774e-07 3.375177601849119035e-06
2.168939240179339922e+00 5.785956345584616734e-06 3.292988050968329887e-07 2.515092970511474471e-07 6.194778878342907101e-07 5.555311469380738750e-07 8.195642509790568753e-07 3.446172322420171018e-06
2.178164843072488921e+00 5.874812251875099101e-06 3.353586646613270923e-07 2.560782125056042629e-07 6.296706084669237175e-07 5.644462323077753955e-07 8.351771522572881473e-07 3.517243058711493372e-06
2.187390445965637920e+00 5.963167867684991672e-06 3.404148779083088179e-07 2.605906889728179624e-07 6.405094570351585890e-07 5.733127390466010259e-07 8.507866631275648315e-07 3.588424235792416002e-06
2.196616048858786474e+00 6.050908996909384711e-06 3.458282527409206093e-07 2.655467989097277557e-07 6.519883423112474689e-07 5.821705473051047651e-07 8.663867705369409091e-07 3.659623727684379609e-06
2.205841651751935473e+00 6.138115293325383511e-06 3.512398748491595625e-07 2.699887089413603058e-07 6.634382603353180611e-07 5.910108519677847064e-07 8.819819614343833573e-07 3.730941839575581734e-06
2.215067254645084471e+00 6.224824476109736878e-06 3.566510093575630619e-07 2.738130344230636112e-07 6.748813737915355303e-07 5.998385519796608776e-07 8.975766067538556615e-07 3.802388072396709301e-06
2.224292857538233026e+00 6.311040841439166715e-06 3.620597794357774805e-07 2.774316017834561903e-07 6.863550425834575501e-07 6.086668945092863609e-07 9.131758970739554203e-07 3.873900124433577008e-06
2.233518460431382024e+00 6.396709620243645482e-06 3.672120342416372021e-07 2.815201546791330425e-07 6.979339298015695806e-07 6.174816815518973970e-07 9.287346461018792146e-07 3.945526426900560876e-06
2.242744063324531023e+00 6.482004814742094711e-06 3.722543580042601995e-07 2.860308510813546468e-07 7.095449127746184233e-07 6.262977429449828891e-07 9.414203726691515762e-07 4.017305693420487337e-06
2.251969666217680022e+00 6.566782970659195150e-06 3.772841595147694504e-07 2.905186063094549731e-07 7.211833361094447908e-07 6.350016874889029042e-07 9.541985303420069919e-07 4.089806518576127598e-06
2.261195269110828576e+00 6.651073783764199925e-06 3.823110606148625074e-07 2.948845741231353762e-07 7.328461927465001468e-07 6.438244976404635398e-07 9.668410824040926861e-07 4.161725157316767444e-06
2.270420872003977575e+00 6.735115726090404443e-06 3.885467650648021361e-07 2.992837302548026463e-07 7.445503422975458427e-07 6.526592712304063801e-07 9.794976518832823096e-07 4.233835068608185500e-06
2.279646474897126573e+00 6.818711131711143739e-06 3.950876357556262040e-07 3.030938980926723938e-07 7.562833503695772259e-07 6.615434186992681464e-07 9.920943223119907620e-07 4.305776995290615322e-06
2.288872077790275128e+00 6.901960376854084912e-06 4.006503734058165629e-07 3.078139496992294365e-07 7.680538216344263961e-07 6.705391767391713446e-07 1.005807432867656115e-06 4.378497654138275427e-06
2.298097680683424127e+00 6.984803035910734611e-06 4.062700938143896384e-07 3.127477881791082014e-07 7.798050985314058115e-07 6.793242718266720280e-07 1.020975518547381882e-06 4.451069407786936091e-06
2.307323283576573125e+00 7.067337066514870318e-06 4.114290442523140670e-07 3.172968172318211752e-07 7.915960473273984851e-07 6.881142304238751695e-07 1.036171423871450916e-06 4.523826198535923837e-06
2.316548886469722124e+00 7.149697470284941730e-06 4.160958210619199166e-07 3.211495657960401848e-07 8.034352088956073562e-07 6.969655790154914157e-07 1.051409217181846626e-06 4.596810426970806586e-06
2.325774489362870678e+00 7.231606898885295720e-06 4.221054154670374534e-07 3.250008355933610023e-07 8.153070018565857185e-07 7.058158627318383998e-07 1.066662025615171321e-06 4.669941044144122003e-06
2.335000092256019677e+00 7.313264325192275639e-06 4.281187880866804240e-07 3.291694356733373443e-07 8.263626584254783107e-07 7.146673963855719488e-07 1.081950115764154549e-06 4.743284690403145457e-06
2.344225695149168676e+00 7.394417902289730817e-06 4.337361826256201614e-07 3.331660520716392247e-07 8.368525128515960057e-07 7.235193482718004057e-07 1.097250085924520103e-06 4.816636380374545278e-06
2.353451298042317230e+00 7.475657491633289600e-06 4.387408562368021471e-07 3.370109130600330380e-07 8.473613265743851428e-07 7.325253488840324266e-07 1.112618005787964399e-06 4.890556646625409201e-06
2.362676900935466229e+00 7.556562795983321849e-06 4.446185691960651158e-07 3.408561423308137243e-07 8.578772627335099624e-07 7.414903306485857111e-07 1.128015888144381079e-06 4.964541420171318740e-06
2.371902503828615227e+00 7.637216841681217686e-06 4.505211341591913433e-07 3.454052754032299087e-07 8.683880953344311936e-07 7.504729689001563548e-07 1.143451481078983927e-06 5.038741057091696289e-06
2.381128106721764226e+00 7.717653022059174438e-06 4.563621030952029532e-07 3.491997929142908209e-07 8.788590550387191295e-07 7.594755089323890722e-07 1.158928650109044046e-06 5.113170032444102070e-06
2.390353709614912781e+00 7.797758242244855249e-06 4.626875229632671296e-07 3.536685985774667363e-07 8.893280600400297584e-07 7.684903963089101912e-07 1.174436594867495258e-06 5.187796798234020954e-06
2.399579312508061779e+00 7.877801940062301850e-06 4.693597739682770176e-07 3.574407515014649728e-07 8.998211022699451061e-07 7.775367108156717010e-07 1.190002890652849522e-06 5.262702852110429589e-06
2.408804915401210778e+00 7.957661793060068884e-06 4.761950255209979434e-07 3.609089905412608389e-07 9.103265787832353262e-07 7.866060485894147965e-07 1.205615878347091386e-06 5.337855828542093067e-06
2.418030518294359332e+00 8.037342045463053488e-06 4.818405702464126659e-07 3.648112422807509774e-07 9.208453339539248540e-07 7.956909456330363598e-07 1.221276496159724086e-06 5.413254967321621085e-06
2.427256121187508331e+00 8.116731632369436080e-06 4.873468408464121300e-07 3.688977858656514592e-07 9.313668739880509036e-07 8.047620127199121026e-07 1.236974003932208893e-06 5.488868393578053494e-06
2.436481724080657330e+00 8.196091253241080511e-06 4.927300912890215695e-07 3.729925570551253985e-07 9.419162391169764894e-07 8.138673585478112724e-07 1.252735383927468057e-06 5.564779763472231064e-06
2.445707326973806328e+00 8.275327392092610813e-06 4.983796983128533227e-07 3.768637614993249551e-07 9.524848964018570359e-07 8.230011001831435226e-07 1.268551607448269655e-06 5.640958645308235803e-06
2.454932929866954883e+00 8.354413361848868130e-06 5.042331619133798613e-07 3.811120736878260160e-07 9.630701756784522746e-07 8.321612202560485177e-07 1.284420667445808310e-06 5.717402935828130398e-06
2.464158532760103881e+00 8.433349497619923598e-06 5.100898801809195920e-07 3.853756064854375164e-07 9.736728576938722351e-07 8.413490254771270518e-07 1.300342934758491069e-06 5.794104444463573253e-06
2.473384135653252880e+00 8.512201618953246798e-06 5.156068507280221226e-07 3.896559807239106059e-07 9.837005131725042506e-07 8.505680799431753083e-07 1.316325716456649974e-06 5.871096582503605225e-06
2.482609738546401434e+00 8.590926809792102370e-06 5.209887883618035119e-07 3.939523283058778163e-07 9.937458401704913859e-07 8.598166767245254521e-07 1.332365175118724088e-06 5.948358615580109143e-06
2.491835341439550433e+00 8.669558541664746618e-06 5.263732162204860516e-07 3.982656344444353519e-07 1.003821548731065086e-06 8.690969397171767420e-07 1.348465229515908136e-06 6.025906313513178839e-06
2.501060944332699432e+00 8.748079561708754835e-06 5.323540656875077394e-07 4.025811285195279870e-07 1.015547531819731807e-06 8.780613792540038878e-07 1.364624582182852441e-06 6.103734430278937544e-06
2.510286547225848430e+00 8.826662380774332988e-06 5.381351635254176638e-07 4.061331516176368305e-07 1.027122275086317206e-06 8.865977306696525310e-07 1.380861594217023397e-06 6.181898113870884851e-06
2.519512150118996985e+00 8.905022886569950347e-06 5.430856673948204066e-07 4.096950900685963800e-07 1.037911149840413749e-06 8.971957720906079375e-07 1.397147379510329471e-06 6.260307985952428908e-06
2.528737753012145983e+00 8.983468169417091400e-06 5.488983361349491276e-07 4.132767019959218604e-07 1.049859568601853093e-06 9.066855470593798895e-07 1.413514296428759054e-06 6.339065364784179015e-06
2.537963355905294982e+00 9.061675682077520962e-06 5.543407035753224416e-07 4.189725356874973982e-07 1.062720507491174887e-06 9.161992810414936535e-07 1.429929333693849642e-06 6.418060153053882510e-06
2.547188958798443537e+00 9.139984358194041652e-06 5.596299441837247263e-07 4.252225723239256265e-07 1.075654556198544983e-06 9.257606399570554741e-07 1.446428260737261557e-06 6.497409799465973481e-06
2.556414561691592535e+00 9.218232657969140670e-06 5.654221461835056572e-07 4.303846558430587395e-07 1.088652048481278154e-06 9.353583493763722865e-07 1.462994745230494718e-06 6.577062423716162812e-06
2.565640164584741534e+00 9.296411631798248080e-06 5.715626801352227730e-07 4.353617786582938298e-07 1.101176725489558676e-06 9.449927194945272789e-07 1.479628294454859790e-06 6.657009641764961059e-06
2.574865767477890532e+00 9.374634513788814827e-06 5.777317939094575995e-07 4.403660946973402928e-07 1.113665050214752587e-06 9.546707847616539816e-07 1.496341403747232903e-06 6.737301625393473197e-06
2.584091370371039087e+00 9.452901301317232589e-06 5.839288873209965829e-07 4.453984336950893562e-07 1.126219612513860906e-06 9.643938367311627712e-07 1.513134581015991074e-06 6.817930873115001719e-06
2.593316973264188086e+00 9.531021317430145382e-06 5.911147038676724046e-07 4.504538570836080568e-07 1.138827654835263160e-06 9.741489665027272684e-07 1.529988147652414481e-06 6.898828497520867085e-06
2.602542576157337084e+00 9.609242021634728490e-06 5.973282242413714406e-07 4.553918906498969645e-07 1.151506464690613547e-06 9.839534027198420287e-07 1.546928802074114156e-06 6.980086241080443407e-06
2.611768179050485639e+00 9.687472061829956104e-06 6.032956318903152086e-07 4.603106661496207512e-07 1.164249654654524939e-06 9.938007114762784241e-07 1.563947385165346564e-06 7.061674718155852009e-06
2.620993781943634637e+00 9.765685037748737509e-06 6.096889637303729514e-07 4.647514051012526149e-07 1.177056461126610733e-06 1.003689838014811222e-06 1.581041536701355656e-06 7.143579888182596994e-06
2.630219384836783636e+00 9.844021032660758714e-06 6.160891280385767058e-07 4.690388696151631274e-07 1.189937129798993197e-06 1.013630869670106380e-06 1.598226735676899074e-06 7.225853765175571746e-06
2.639444987729932635e+00 9.922230691101076549e-06 6.224841512759516569e-07 4.733343893549477835e-07 1.203527621246225414e-06 1.023563817960025624e-06 1.615476887803410480e-06 7.308409680627411437e-06
2.648670590623081189e+00 1.000058093812373342e-05 6.287950642834999230e-07 4.774154322287149323e-07 1.218837553379055970e-06 1.033509377596770245e-06 1.632821018647558878e-06 7.391341619413100675e-06
2.657896193516230188e+00 1.007895264193934008e-05 6.363026404926822141e-07 4.806662889502506981e-07 1.234240868927878422e-06 1.043499428328740564e-06 1.650246842540063313e-06 7.474608710963172195e-06
2.667121796409379186e+00 1.015733530252166354e-05 6.436439212891690486e-07 4.864880408742118469e-07 1.249738758549681462e-06 1.053534097666048764e-06 1.667753781546471239e-06 7.558201686114521698e-06
2.676347399302527741e+00 1.023575854582894559e-05 6.501305030710441841e-07 4.923525178676727677e-07 1.264228239189411129e-06 1.063615046942254717e-06 1.685345455186930871e-06 7.642137968819846306e-06
2.685573002195676739e+00 1.031432257257220274e-05 6.563563548995702103e-07 4.984982365902459399e-07 1.278298323734036274e-06 1.073749914972084652e-06 1.703033253391104617e-06 7.726453692151340856e-06
2.694798605088825738e+00 1.039293101544918794e-05 6.624937888548687712e-07 5.047646487896569479e-07 1.292409267558852385e-06 1.083932603827943907e-06 1.720807291571474477e-06 7.811108052388498904e-06
2.704024207981974737e+00 1.047159223217748519e-05 6.686459329279517076e-07 5.110803663357318835e-07 1.306558417443246144e-06 1.094163057848551436e-06 1.738668946332086658e-06 7.896112987301179802e-06
2.713249810875123291e+00 1.055030135534790816e-05 6.748137350251622138e-07 5.170751184869315482e-07 1.320785812917282378e-06 1.104441784226260203e-06 1.756618146403177321e-06 7.981460455978657591e-06
2.722475413768272290e+00 1.062917208173178953e-05 6.814828925965038357e-07 5.219205436139605180e-07 1.334208984881513383e-06 1.114777278470489380e-06 1.774667906083952370e-06 8.067194408401062126e-06
2.731701016661421288e+00 1.070809415194924746e-05 6.885956368381589111e-07 5.263457852665306773e-07 1.347300801165514944e-06 1.125161726760325691e-06 1.792806630449501461e-06 8.153273567101339736e-06
2.740926619554569843e+00 1.078708533401003223e-05 6.957513389646388690e-07 5.307846835876059059e-07 1.360466607883144112e-06 1.135596823658641591e-06 1.811036816425694871e-06 8.239703521109610754e-06
2.750152222447718842e+00 1.086628471612443134e-05 7.029545414477958654e-07 5.360576514308327731e-07 1.373716488692171357e-06 1.146092591510465084e-06 1.829374165904606620e-06 8.326540865849852013e-06
2.759377825340867840e+00 1.094537098976877638e-05 7.100489968259666486e-07 5.422941635107472958e-07 1.387028716235752987e-06 1.156077540257096611e-06 1.847784040394510714e-06 8.413654879335681619e-06
