4.612801446574533726e-01 1.747199545019891502e+03 1.043969057278218315e+00 9.613084607028667961e-01 2.089482290875139370e+00 1.984369672513366822e+00 2.672783466985492851e+00 2.903951735222790376e+00
4.705057475506024267e-01 1.527895806424513012e+03 1.031471328179122793e+00 9.804634623430956708e-01 2.073180946776119526e+00 2.007067987930440722e+00 2.660172927382745911e+00 2.853239741496508941e+00
4.797313504437515363e-01 1.347082163751608277e+03 9.641034294520522963e-01 9.288050404911700753e-01 1.934837815231276181e+00 1.874153159838215288e+00 2.488550536966158688e+00 2.614267630431641010e+00
4.889569533369005905e-01 1.197674786927161904e+03 8.895695936319043540e-01 8.487648618488492502e-01 1.739341707792391389e+00 1.715092109724992042e+00 2.268831938331004494e+00 2.347169104999011324e+00
4.981825562300497001e-01 1.072869401904956931e+03 8.050935652861426206e-01 7.573471574248742400e-01 1.550507790590245349e+00 1.568476422233970879e+00 2.053450455545089426e+00 2.072519562214438338e+00
5.074081591231986987e-01 9.673535724381296177e+02 7.400682292533247164e-01 6.958157070630477392e-01 1.392401990090206709e+00 1.430907402481921054e+00 1.858265739265448246e+00 1.844483917602701695e+00
5.166337620163478084e-01 8.771486006331317640e+02 6.907943225011194954e-01 6.265496971507218404e-01 1.269493340926487690e+00 1.310247016683888432e+00 1.686295438270235536e+00 1.676873353177938952e+00
5.258593649094969180e-01 7.992760859828765660e+02 6.315708519161944423e-01 5.690201060149320256e-01 1.161023382902044432e+00 1.203424630733593403e+00 1.536202401954597008e+00 1.530061719629429717e+00
5.350849678026460277e-01 7.314789710627555905e+02 5.753619324360670362e-01 5.239670107152960554e-01 1.060731759236546168e+00 1.111808667810805673e+00 1.405384588714468919e+00 1.394650861201625958e+00
5.443105706957950263e-01 6.720195565341185784e+02 5.288244760406541900e-01 4.804774869561470041e-01 9.762912349510770582e-01 1.031660925392657191e+00 1.291103521082163752e+00 1.286699991261457399e+00
5.535361735889441359e-01 6.195383419732705761e+02 4.882660601938368927e-01 4.402912182640648098e-01 8.997852351827759776e-01 9.641112096578581259e-01 1.190869201770169639e+00 1.190670962837657498e+00
5.627617764820932456e-01 5.729555959433048429e+02 4.468339928922659965e-01 4.141022847197746160e-01 8.320975613688688100e-01 9.012792020893130029e-01 1.102540346642513214e+00 1.106019010264049030e+00
5.719873793752422442e-01 5.314020200678768333e+02 4.188982490628632149e-01 3.868955504116229349e-01 7.760340590330088162e-01 8.412881754849195204e-01 1.024318784248976044e+00 1.033286969429696001e+00
5.812129822683913538e-01 4.941691743962494456e+02 3.884884291622370256e-01 3.628459526400433788e-01 7.299371476919986890e-01 7.872786007143872666e-01 9.549209176869339899e-01 9.678492790919790423e-01
5.904385851615404635e-01 4.606734469196644568e+02 3.627833130281601370e-01 3.425581564666231316e-01 6.853927143279747725e-01 7.384336837473028936e-01 8.953150399611331522e-01 9.087775937053379494e-01
5.996641880546894621e-01 4.304294352829772947e+02 3.404721262091925382e-01 3.229544150134984193e-01 6.438768117464519491e-01 6.907005261456902190e-01 8.414946138735786008e-01 8.552733343116187825e-01
6.088897909478385717e-01 4.030299722004036767e+02 3.196184004998485761e-01 3.049740439730612707e-01 6.083629155921244092e-01 6.513611306511961629e-01 7.920782570571986980e-01 8.066519484298169118e-01
6.181153938409876814e-01 3.781309158321852806e+02 3.008706184954803575e-01 2.865119615924527352e-01 5.758220385022241317e-01 6.144285843480474796e-01 7.458777888919030374e-01 7.623269424053091825e-01
6.273409967341367910e-01 3.554394113115466780e+02 2.826254641196896955e-01 2.692679991633326608e-01 5.459257028289812297e-01 5.817670785766040353e-01 7.039344813880461516e-01 7.217952228008925886e-01
6.365665996272857896e-01 3.347047187118973852e+02 2.667355981648142915e-01 2.538818972925014350e-01 5.174360406612663610e-01 5.517786018002084347e-01 6.657210800360644498e-01 6.846242590081033086e-01
6.457922025204348992e-01 3.157109651667581716e+02 2.529677282915372416e-01 2.396990522195210360e-01 4.900756376115964486e-01 5.241741136762811948e-01 6.307907197290774093e-01 6.503466960344894687e-01
6.550178054135840089e-01 2.982713584257014645e+02 2.406816154297075627e-01 2.281965371852834323e-01 4.649959484322039316e-01 4.983419370881847499e-01 5.987626899871543174e-01 6.185177014761507053e-01
6.642434083067330075e-01 2.822235238085946776e+02 2.285064908082858892e-01 2.177655408647183322e-01 4.419396275595204315e-01 4.732863405532725665e-01 5.693110032649428831e-01 5.891101954424584619e-01
6.734690111998820061e-01 2.674257143301922497e+02 2.170587994820607491e-01 2.071476337680451252e-01 4.206854207894252795e-01 4.502249096935315720e-01 5.421551757548286332e-01 5.618758021004168768e-01
6.826946140930312268e-01 2.537537064638274842e+02 2.064988812436752141e-01 1.972416945475288230e-01 4.010422084471940707e-01 4.289417899711054361e-01 5.170527574572645335e-01 5.365976254654754030e-01
6.919202169861803364e-01 2.410982393697147472e+02 1.968159615080651292e-01 1.880494910796528529e-01 3.828409496558720093e-01 4.092502745913861872e-01 4.937932495649022258e-01 5.130855911106664280e-01
7.011458198793293350e-01 2.293628886353991163e+02 1.883668611644679913e-01 1.802869519704870527e-01 3.659134396859542449e-01 3.909881454077037688e-01 4.721931264453473887e-01 4.911725573358296515e-01
7.103714227724783337e-01 2.184622901957895920e+02 1.801920096768867552e-01 1.729980537582491706e-01 3.501647524055613303e-01 3.740138638340511079e-01 4.520917410379468038e-01 4.707110596886536769e-01
7.195970256656274433e-01 2.083206485486058739e+02 1.725723266384022736e-01 1.660821462605497345e-01 3.354832052435767764e-01 3.581838111682884573e-01 4.333479401192619207e-01 4.515695829652486282e-01
7.288226285587766640e-01 1.988704773473727414e+02 1.656493989489717933e-01 1.595494383314814968e-01 3.217703856195157641e-01 3.433990975365190934e-01 4.158372527496680959e-01 4.336317388202530765e-01
7.380482314519256626e-01 1.900515311310496998e+02 1.592923015534211117e-01 1.530418833249029831e-01 3.089392729206110744e-01 3.295770040371053256e-01 3.994495438026888223e-01 4.167961954458121454e-01
7.472738343450746612e-01 1.818098951857945735e+02 1.533165322042577827e-01 1.470317781204641960e-01 2.969126659193932483e-01 3.166317844805348614e-01 3.840870466915475845e-01 4.005687033108813466e-01
7.564994372382237708e-01 1.740972069422507786e+02 1.476906746560757711e-01 1.419883886154593711e-01 2.856218600301474453e-01 3.044872851161244398e-01 3.696627067427300517e-01 3.852233100773219121e-01
7.657250401313729915e-01 1.668699873369851900e+02 1.423865462717515129e-01 1.371965259148169025e-01 2.750055298982374552e-01 2.930756628971096234e-01 3.560987802483452924e-01 3.707965224426459372e-01
7.749506430245219901e-01 1.600890645367357763e+02 1.373788013295893506e-01 1.325880564795625105e-01 2.650087815275981029e-01 2.823363013801554189e-01 3.433256449032739965e-01 3.572127399592943675e-01
7.841762459176709887e-01 1.537190755830418709e+02 1.326445902846558056e-01 1.280827742009478243e-01 2.555823450220771065e-01 2.724129939115016441e-01 3.312807857810753376e-01 3.444041731952438568e-01
7.934018488108200984e-01 1.477280340439341728e+02 1.281632661405183171e-01 1.238060496639263874e-01 2.466818844542899569e-01 2.631068160117706611e-01 3.199079276959366780e-01 3.323098768810552883e-01
8.026274517039692080e-01 1.420869537975637513e+02 1.239000901674955912e-01 1.196582294551262748e-01 2.382674057084273045e-01 2.542947048272878874e-01 3.091562901437043820e-01 3.208749214720398868e-01
8.118530545971182066e-01 1.367695207239550541e+02 1.198127074937076486e-01 1.156014166768386531e-01 2.303027466009552882e-01 2.459408653882348972e-01 2.991218001179731800e-01 3.100496807616366368e-01
8.210786574902672053e-01 1.317518054266633669e+02 1.159226481163102562e-01 1.120121670156777327e-01 2.227551363722284350e-01 2.377919771407448479e-01 2.897531086634614894e-01 2.997892171759133362e-01
8.303042603834164259e-01 1.270120112084590716e+02 1.120741380494791883e-01 1.084554057265307847e-01 2.155948138808696513e-01 2.298501162364061656e-01 2.808493732068484405e-01 2.900527496104530201e-01
8.395298632765655356e-01 1.225302524280204466e+02 1.082737496719374803e-01 1.051800370576927435e-01 2.087946956389572506e-01 2.223152274313804355e-01 2.723794441622260365e-01 2.808031912472017666e-01
8.487554661697145342e-01 1.182883591231386191e+02 1.050002228125919146e-01 1.019353520305088523e-01 2.023251632942049127e-01 2.151583997243875501e-01 2.643148133556110224e-01 2.720067469617788447e-01
8.579810690628635328e-01 1.142697043955050731e+02 1.019430767068882915e-01 9.869876186745329960e-02 1.961666782047473134e-01 2.085664876399278000e-01 2.566288392117286321e-01 2.636325615803514211e-01
8.672066719560127535e-01 1.104590515800450987e+02 9.900398209438776576e-02 9.559680053222052720e-02 1.903001979043779102e-01 2.022968004938405784e-01 2.492973748089610808e-01 2.556524117176763866e-01
8.764322748491618631e-01 1.068424186511700640e+02 9.616811680751879976e-02 9.262389593004627386e-02 1.847068013908597095e-01 1.963194513383967887e-01 2.422990799410911222e-01 2.480404350605880381e-01
8.856578777423108617e-01 1.034069576833219628e+02 9.331353234777850503e-02 8.977175243073531874e-02 1.793691116870519409e-01 1.906156395793345837e-01 2.356136258565726393e-01 2.407728919288132374e-01
8.948834806354598603e-01 1.001408474898841803e+02 9.057914633925179260e-02 8.715312233333349923e-02 1.743447133850963837e-01 1.851680903367167730e-01 2.292222647221393572e-01 2.338279547359150001e-01
9.041090835286089700e-01 9.703319782371806923e+01 8.798321976719591930e-02 8.490776711632008755e-02 1.695829855009662879e-01 1.799609056437105892e-01 2.231076832193963355e-01 2.271855216342686390e-01
9.133346864217581906e-01 9.407396374252049043e+01 8.566526614256986250e-02 8.277792144285456288e-02 1.650191357799570824e-01 1.749794325180147325e-01 2.172538719512431271e-01 2.208270511785030976e-01
9.225602893149071893e-01 9.125386892907144443e+01 8.341596977979293115e-02 8.068538338670805388e-02 1.606417552710581731e-01 1.702101457292286568e-01 2.116460087278397850e-01 2.147354153029397139e-01
9.317858922080561879e-01 8.856433691591661272e+01 8.128487230510472727e-02 7.826831150660495950e-02 1.564402633157584432e-01 1.656405434011389843e-01 2.062703540642729649e-01 2.088947682949822138e-01
9.410114951012052975e-01 8.599742930035432664e+01 7.927530683471673001e-02 7.590567299025963166e-02 1.524048353639670950e-01 1.612590538490650260e-01 2.005877815216763338e-01 2.032904297729771770e-01
9.502370979943544071e-01 8.354579015249551333e+01 7.718088342552675840e-02 7.362509489108504113e-02 1.485263380919974452e-01 1.571145524867176846e-01 1.951038593938676513e-01 1.979087799512058155e-01
9.594627008875034058e-01 8.120259591963650792e+01 7.503857425093940492e-02 7.151104257624751881e-02 1.447962709817431914e-01 1.531723303298946348e-01 1.898290635384114466e-01 1.927371657099996582e-01
9.686883037806525154e-01 7.896151021672858406e+01 7.301996250610898187e-02 6.952374420097839902e-02 1.411650944325373302e-01 1.493826796503441301e-01 1.847513633086492746e-01 1.877638161845851528e-01
9.779139066738016250e-01 7.681664296744911269e+01 7.104487747855614543e-02 6.749281493718228830e-02 1.373608828439785157e-01 1.457375200126591608e-01 1.803129845668678399e-01 1.829777667562666466e-01
9.871395095669507347e-01 7.476251342509431197e+01 6.913342270091504815e-02 6.549893762662861718e-02 1.337443747455040466e-01 1.422293129527076871e-01 1.760830804152107021e-01 1.783687904742237151e-01
9.963651124600997333e-01 7.279401665853450254e+01 6.728198847406474670e-02 6.377636162656585839e-02 1.305260987070084866e-01 1.388690352166150888e-01 1.720179190768789113e-01 1.739273360571900184e-01
1.005590715353248843e+00 7.090639313725527870e+01 6.548717249158642062e-02 6.206962684179018197e-02 1.274272451504714354e-01 1.356586824544763203e-01 1.681093009497658386e-01 1.696444717323970508e-01
1.014816318246397842e+00 6.909520109183344516e+01 6.374576208747839701e-02 6.050478016497606859e-02 1.244417118173259951e-01 1.325639025259164328e-01 1.643495734699911281e-01 1.655118342575008228e-01
1.024041921139547062e+00 6.735629136326988942e+01 6.200184282153031745e-02 5.927682850202131704e-02 1.215637826823297019e-01 1.295789940418501374e-01 1.607315892806013835e-01 1.615215825511029379e-01
1.033267524032696061e+00 6.568578448682769988e+01 6.046731495686685776e-02 5.750524453452499074e-02 1.187880975548694096e-01 1.266892093180018719e-01 1.572482077817340951e-01 1.577632798865380437e-01
1.042493126925845059e+00 6.408004978428800769e+01 5.915871817875029137e-02 5.611935911673526789e-02 1.161616744469995410e-01 1.238960877964814244e-01 1.538933339185888372e-01 1.542983930590864361e-01
1.051718729818994280e+00 6.253568626330568492e+01 5.791919350526342214e-02 5.467687253094766220e-02 1.138308734827901958e-01 1.209485007072572671e-01 1.506614291804524441e-01 1.509520431009008234e-01
1.060944332712143279e+00 6.104950514419093111e+01 5.666973660018470582e-02 5.337330728776379374e-02 1.115890805049204459e-01 1.184602213803742643e-01 1.475470194576402605e-01 1.477188982374144643e-01
1.070169935605292277e+00 5.961851385351692301e+01 5.551663248494520531e-02 5.241570775835668883e-02 1.092915038539743477e-01 1.160888460876350337e-01 1.445449778412353226e-01 1.445939500601483019e-01
1.079395538498441276e+00 5.823990134066706048e+01 5.440751710954572218e-02 5.122832045536540591e-02 1.069432108382599722e-01 1.136893196069976852e-01 1.416505010496180716e-01 1.415724915655616201e-01
1.088621141391590497e+00 5.691102458808345688e+01 5.332027130582162044e-02 4.967439107817739341e-02 1.045188642539685020e-01 1.113466052523577332e-01 1.388590879650948295e-01 1.386500970925297338e-01
1.097846744284739717e+00 5.562939619890637033e+01 5.204560130849245070e-02 4.819116596536332509e-02 1.021108885311505787e-01 1.090753948361680159e-01 1.361665200926296393e-01 1.358226039916559102e-01
1.107072347177888716e+00 5.439267295697070637e+01 5.092116190684947696e-02 4.703931157342111646e-02 1.000310788526590500e-01 1.068727773946918091e-01 1.332810910094650581e-01 1.330860958818647077e-01
1.116297950071037715e+00 5.319864526402000138e+01 4.961305094137458127e-02 4.591541487660322218e-02 9.791100204650149408e-02 1.047385313716304722e-01 1.304676931111359295e-01 1.304368873654553340e-01
1.125523552964186713e+00 5.204522736760772972e+01 4.863832257776579127e-02 4.488252820591043246e-02 9.567699910520133244e-02 1.026690142122674843e-01 1.277356823216209136e-01 1.275808430223079881e-01
1.134749155857335934e+00 5.093044830064560102e+01 4.777216083468971419e-02 4.419513803717478595e-02 9.375187270686780039e-02 1.001578959604572105e-01 1.250813252154614474e-01 1.247833653106908969e-01
1.143974758750484932e+00 4.985244345994831860e+01 4.687672187993285888e-02 4.338604070823492975e-02 9.188324008842130297e-02 9.814651489691783581e-02 1.225010578223972857e-01 1.220569221831553364e-01
1.153200361643633931e+00 4.880944675658052034e+01 4.554280746730654528e-02 4.231355816138204773e-02 9.006523134343069614e-02 9.595775129681527460e-02 1.199914708361760063e-01 1.193979506315443473e-01
1.162425964536783152e+00 4.779978327529642002e+01 4.447981642189802187e-02 4.146999979511889478e-02 8.829959029205980414e-02 9.377684945798137051e-02 1.175492953553387565e-01 1.168027197151317864e-01
1.171651567429932372e+00 4.682186238395739508e+01 4.364304181622458145e-02 4.100607867420080765e-02 8.649019197708440743e-02 9.124472223388835346e-02 1.151713890080756642e-01 1.142114119542938511e-01
1.180877170323081371e+00 4.587417123650574524e+01 4.255842147524901975e-02 4.054830823822186403e-02 8.492876537625448918e-02 8.933998896382888688e-02 1.128547223090166085e-01 1.116458504787019024e-01
1.190102773216230370e+00 4.495526861481375391e+01 4.166667309362992455e-02 3.998912576295055032e-02 8.331488179444335174e-02 8.720842409976370391e-02 1.105963650838930334e-01 1.091344043409634423e-01
1.199328376109379368e+00 4.406377905546828089e+01 4.102328940158628257e-02 3.932036476284395121e-02 8.173629290000405945e-02 8.550901697741863927e-02 1.083934727850746071e-01 1.066738743053008420e-01
1.208553979002528589e+00 4.319838720721864433e+01 3.962934280119867481e-02 3.883236160331904330e-02 7.995688248679755361e-02 8.354420614508484277e-02 1.062432724997677269e-01 1.044494527261079497e-01
1.217779581895677588e+00 4.235783236317873701e+01 3.880231393699062892e-02 3.849486184316930348e-02 7.806391883436702983e-02 8.195534202395293732e-02 1.041430484258967226e-01 1.023745787294174647e-01
1.227005184788826586e+00 4.154090310879329451e+01 3.809737395241086233e-02 3.798967904777583726e-02 7.619750482435705408e-02 7.975749456355174516e-02 1.020901265561917626e-01 1.001295735978260382e-01
1.236230787681975807e+00 4.074643202167979439e+01 3.735932881681236495e-02 3.717970599713282809e-02 7.447853640924506635e-02 7.783480164448519645e-02 1.000818582645166543e-01 9.792106686902712909e-02
1.245456390575124805e+00 3.997329035236679573e+01 3.648983749834400214e-02 3.648427876640880640e-02 7.300254247411430697e-02 7.598292996325994864e-02 9.811560242961547829e-02 9.574572164622452419e-02
1.254681993468273804e+00 3.922038260500983142e+01 3.585622615560879467e-02 3.559038058534724769e-02 7.155776696552607063e-02 7.413701219326895853e-02 9.618870565696369113e-02 9.360015128981302723e-02
1.263907596361422803e+00 3.848664092366988143e+01 3.498695719236621926e-02 3.486988990008654810e-02 7.012565347987731457e-02 7.230850094801866135e-02 9.429848006028862528e-02 9.148089522461333445e-02
1.273133199254572023e+00 3.777101917147312093e+01 3.398124708403571503e-02 3.420890955031552494e-02 6.963238600189214367e-02 7.049411772568703327e-02 9.244217794052644877e-02 8.938439204813874994e-02
1.282358802147721244e+00 3.707248656549672461e+01 3.327859149337086819e-02 3.311070487792733275e-02 6.811109537357395993e-02 6.869041301540335098e-02 9.061696253742468343e-02 8.730694936084404389e-02
1.291584405040870243e+00 3.639002069734750222e+01 3.273047218327462815e-02 3.265927281229608070e-02 6.615764249823996579e-02 6.689372709573149223e-02 8.881987382035561041e-02 8.524470963241981281e-02
1.300810007934019241e+00 3.572259972514942206e+01 3.216828068321575529e-02 3.210128770318476654e-02 6.519720226383185491e-02 6.509565190857813377e-02 8.704778801153167933e-02 8.319361129498759055e-02
1.310035610827168240e+00 3.506919346278680649e+01 3.095836317809386173e-02 3.184369461908431731e-02 6.366900126715080432e-02 6.332036738398016951e-02 8.529736918121244571e-02 8.213912692981750752e-02
1.319261213720317460e+00 3.442875301064457716e+01 2.986537805912092836e-02 3.102535887695268002e-02 6.309510460607725690e-02 6.253764530401184629e-02 8.356501078736044974e-02 8.232407899064497769e-02
1.328486816613466459e+00 3.380019845996756089e+01 2.924196353566799189e-02 3.035007499425290689e-02 6.128021162268026956e-02 6.172178887093338062e-02 8.184676442068905544e-02 8.260512297625410838e-02
1.337712419506615458e+00 3.318240404733439419e+01 2.919230143862705518e-02 2.974580828103512431e-02 6.056876296442226248e-02 5.972445670620629699e-02 8.038017013780063280e-02 8.133659556527561563e-02
1.346938022399764678e+00 3.257417991745612795e+01 2.944589752422643869e-02 2.957295804113613258e-02 5.950587825976327849e-02 5.854747435986240589e-02 8.012647548924434204e-02 7.993412176856651286e-02
1.356163625292913677e+00 3.197424934256554252e+01 2.907391870678566193e-02 2.943126508481697101e-02 5.875760267073104615e-02 5.792231638422151718e-02 7.995401914832456214e-02 7.855196880222337086e-02
1.365389228186062898e+00 3.138121980093814756e+01 2.851956822630086208e-02 2.927450295815248182e-02 5.794861316018184993e-02 5.702445365849584391e-02 7.986729509164902652e-02 7.718239756103173477e-02
1.374614831079211896e+00 3.079354566697655216e+01 2.771907163576869948e-02 2.849780716159244776e-02 5.758301845957092269e-02 5.543001784755929862e-02 7.987626589487462070e-02 7.639935721628887677e-02
1.383840433972360895e+00 3.020947930276465954e+01 2.712312064925015420e-02 2.848263663712558014e-02 5.714228841560853311e-02 5.482710005374258344e-02 7.999146168934956336e-02 7.592735953405238547e-02
1.393066036865510116e+00 2.962700589268900231e+01 2.643216407679105373e-02 2.821301688888055992e-02 5.605414300741173861e-02 5.435894667121132784e-02 8.022587185284635325e-02 7.583971039217374255e-02
1.402291639758658892e+00 2.904375514554351057e+01 2.696780274270693667e-02 2.746028733392336107e-02 5.575846553177399301e-02 5.397774341092897998e-02 8.059613063553427992e-02 7.600042843943555226e-02
1.411517242651808113e+00 2.845687953111803736e+01 2.711895902726269014e-02 2.725879576522416414e-02 5.489632583590164927e-02 5.479198634596116335e-02 8.112385890676421241e-02 7.527917712875975553e-02
1.420742845544957333e+00 2.786288322027438369e+01 2.711661793719244429e-02 2.702836430380983757e-02 5.519540106877940389e-02 5.409385263381594200e-02 7.974742959654079755e-02 7.506974617556494422e-02
1.429968448438106332e+00 2.725737697172875684e+01 2.674670841420478951e-02 2.719627298665017179e-02 5.563638807353754601e-02 5.311224619342524988e-02 7.946615393353440027e-02 7.522395976667084483e-02
1.439194051331255553e+00 2.663471940120542669e+01 2.726690986569835218e-02 2.826131031180167952e-02 5.690742682144644959e-02 5.371546911934288460e-02 8.115871461132684317e-02 7.559232772895185803e-02
1.448419654224404329e+00 2.598747995176537628e+01 2.757706524787195690e-02 2.869394352194021280e-02 5.849795020728976169e-02 5.520157861278462974e-02 8.313708267537478491e-02 7.624036452856230994e-02
1.457645257117553550e+00 2.530561533209270308e+01 2.832309889390316471e-02 2.906532433971875662e-02 5.990816952215638480e-02 5.658183594719901066e-02 8.547143764263154253e-02 7.726605677263265193e-02
1.466870860010702771e+00 2.457517412493887932e+01 2.900328302718335749e-02 3.105369354070219856e-02 6.309998786400328186e-02 5.836372498033526313e-02 8.753045526000846621e-02 7.880350269321922951e-02
1.476096462903851547e+00 2.377620580246072990e+01 3.124568546078521081e-02 3.305466833878867305e-02 6.549789419693397008e-02 6.282107335621134325e-02 8.970579656084609610e-02 8.417758786972129315e-02
1.485322065797000768e+00 2.287930082391447684e+01 3.424810137619616057e-02 3.585041310279990512e-02 7.076465667637066304e-02 7.040355163359635071e-02 9.738425262651873027e-02 9.496205217250164310e-02
1.494547668690149766e+00 2.183975081585485967e+01 3.823541545496667027e-02 3.958699541338006611e-02 7.678773168168007146e-02 7.812952636480474666e-02 1.053143882699529854e-01 1.085616141149898795e-01
1.503773271583298987e+00 2.058763505468338906e+01 4.412665973908147521e-02 4.441744790971213774e-02 8.677093899976284774e-02 8.839572443748622277e-02 1.216919820437176725e-01 1.258240989822105860e-01
1.512998874476448208e+00 1.901154307569519020e+01 5.161666717302182406e-02 5.155723778156939829e-02 1.055005322385440536e-01 1.040161061451208013e-01 1.442688561162555061e-01 1.506096962042491327e-01
1.522224477369596984e+00 1.693584064166471137e+01 6.233187247768157135e-02 6.117759714832260443e-02 1.223672141680012260e-01 1.241190844090311884e-01 1.734533082648326285e-01 1.738909249729516659e-01
1.531450080262746205e+00 1.411048221884293774e+01 7.564290164883402667e-02 7.257037062433191466e-02 1.507702183944292784e-01 1.492751724351801812e-01 2.103101549771633216e-01 2.035315509690907021e-01
1.540675683155895204e+00 1.032276355352884956e+01 8.932861906817990416e-02 8.628048249949848980e-02 1.753034821015919675e-01 1.805777526949317036e-01 2.512176477442196187e-01 2.377601575126480071e-01
1.549901286049044202e+00 5.975068862692435090e+00 9.336582943406224189e-02 9.220257623504934941e-02 1.906278153679075160e-01 1.966160908594707379e-01 2.792747159170883009e-01 2.463221859351323317e-01
1.559126888942193201e+00 3.138940862877009685e+00 9.264283009493734511e-02 9.475079956048881868e-02 1.874181877523501960e-01 1.760635515169965970e-01 2.728639906790117919e-01 2.407453193015038906e-01
1.568352491835342422e+00 4.300663351912417554e+00 9.344287448904164961e-02 9.075460971973381419e-02 1.930939937515718796e-01 1.807734073056632695e-01 2.730234077270319304e-01 2.627192747064839295e-01
1.577578094728491642e+00 8.898439520198872188e+00 9.103062376646775533e-02 9.375718083589212881e-02 1.819684710712348163e-01 1.809299951733205347e-01 2.586413810144385650e-01 2.528134814752700521e-01
1.586803697621640641e+00 1.562243543657606715e+01 1.239298809449191907e-01 1.316991739339279377e-01 2.624473183312261426e-01 2.610179818923441530e-01 3.544590171594848016e-01 3.764001942551917779e-01
1.596029300514789639e+00 2.462820050960032958e+01 1.658678271345657151e-01 1.754767300177526579e-01 3.560271587119778758e-01 3.719419419409319971e-01 4.984349194726043208e-01 5.427656239588891651e-01
1.605254903407938860e+00 3.336833431784255311e+01 1.326948321939624975e-01 1.310725825096881181e-01 2.789169496397079229e-01 3.019710950891436596e-01 3.683138986249545610e-01 4.323533870321654149e-01
1.614480506301087859e+00 3.692011234508194661e+01 9.852370409579691568e-02 9.784917624917000012e-02 1.819265507729497244e-01 1.843599916962759266e-01 2.524714151775171445e-01 2.577809336379957017e-01
1.623706109194236857e+00 3.607781938755954343e+01 8.823732882380141973e-02 9.671885152555859122e-02 1.778204122252589059e-01 1.814753041196368599e-01 2.500482098520748764e-01 2.931239952869759691e-01
1.632931712087385856e+00 3.395581011080307832e+01 1.009646828658716800e-01 9.794898194252255053e-02 1.830552300585779335e-01 2.030133447479798292e-01 2.305755641810378620e-01 2.907390225842547693e-01
1.642157314980535077e+00 3.191705422255661517e+01 1.003674972885235661e-01 9.918368475925021244e-02 1.871682185005241195e-01 2.097449743390917831e-01 2.289922398963994965e-01 2.777253668757602156e-01
1.651382917873684297e+00 3.023603761867740047e+01 9.256787878357997101e-02 9.583624233211196497e-02 1.716210893862815112e-01 1.939375321033516286e-01 2.175344175574736028e-01 2.772724492575981969e-01
1.660608520766833296e+00 2.888431591205673499e+01 8.594783262541838553e-02 8.830423727464165040e-02 1.577708131414325976e-01 1.800588206710749262e-01 1.980247232427281290e-01 2.652663517218414313e-01
1.669834123659982295e+00 2.778594001768140132e+01 7.885205657857596862e-02 8.050564356921796616e-02 1.479531130924875981e-01 1.648120210155141763e-01 1.830392551010326940e-01 2.495986098572480216e-01
1.679059726553131293e+00 2.687513242237691102e+01 7.338632882575168992e-02 7.409656569210909538e-02 1.371360558888987669e-01 1.514212876411669129e-01 1.672345398962420404e-01 2.293117211761064311e-01
1.688285329446280514e+00 2.610337874678420889e+01 6.772761684482730971e-02 6.775392963743342989e-02 1.285137408923127111e-01 1.406357817839847257e-01 1.553454611233888727e-01 2.109002080901412057e-01
1.697510932339429290e+00 2.543623692360102595e+01 6.266290216443692884e-02 6.340216918354357745e-02 1.207389564395136006e-01 1.310446819074719826e-01 1.457874415177826677e-01 1.953751728544936839e-01
1.706736535232578511e+00 2.484929893914436505e+01 5.889275661029458320e-02 5.907288836284507738e-02 1.118391711943793609e-01 1.240629220942501831e-01 1.372516902595037891e-01 1.822016641832036044e-01
1.715962138125727732e+00 2.432507070602225596e+01 5.476290220430257705e-02 5.586974107367126408e-02 1.062836883222004758e-01 1.159697023870229771e-01 1.286861825294423056e-01 1.712702656501221554e-01
1.725187741018876730e+00 2.385081049559289212e+01 5.249547843723334495e-02 5.312522085885973411e-02 1.014884239570932323e-01 1.103496763998847996e-01 1.220501941826697134e-01 1.619699785801991254e-01
1.734413343912025951e+00 2.341707503659118927e+01 5.037070418681111050e-02 5.060472223595979813e-02 9.601074844516688245e-02 1.059812990235755592e-01 1.170236552320247370e-01 1.527323445889408049e-01
1.743638946805174728e+00 2.301674381641307221e+01 4.816322053989452456e-02 4.891253885884694341e-02 9.277765290721617930e-02 1.014750216069302269e-01 1.117255608915037612e-01 1.452991023875611631e-01
1.752864549698323948e+00 2.264435854009379412e+01 4.607261006076157628e-02 4.676364204830463223e-02 8.896917595264142165e-02 9.733150184443317698e-02 1.069898569991600823e-01 1.387238565371013976e-01
1.762090152591473169e+00 2.229566992987948382e+01 4.440356227198094530e-02 4.448478671764277692e-02 8.496946671044725008e-02 9.351185586189814103e-02 1.027395530033992088e-01 1.334057591525130704e-01
1.771315755484621945e+00 2.196732204716332504e+01 4.286980083775304706e-02 4.280951716840419863e-02 8.139732580173486554e-02 9.003758941285511241e-02 9.890915999041283158e-02 1.284799865387142859e-01
1.780541358377771166e+00 2.165662897471452553e+01 4.117546419412576597e-02 4.140120848794381914e-02 7.816624153451812163e-02 8.690729837560340343e-02 9.544325743073045487e-02 1.236257290404161324e-01
1.789766961270920165e+00 2.136141441985141753e+01 3.948818924309094314e-02 3.990475777972690707e-02 7.504586613718799981e-02 8.415902132566088767e-02 9.229499473334357162e-02 1.192036929464457273e-01
1.798992564164069385e+00 2.107989482114109592e+01 3.782134800515990491e-02 3.838469574856162581e-02 7.220033591824304153e-02 8.204339753747191821e-02 8.942471467425505693e-02 1.151596514625978784e-01
1.808218167057218606e+00 2.081059297692381449e+01 3.676442049672346002e-02 3.708677351531264321e-02 6.960128224922712548e-02 7.977172772759288932e-02 8.679875914420165373e-02 1.114476623556264201e-01
1.817443769950367383e+00 2.055227339316689950e+01 3.558478942045795179e-02 3.602272614808654794e-02 6.759694743113442428e-02 7.768465043005434723e-02 8.438846241939401693e-02 1.080286543095816398e-01
1.826669372843516603e+00 2.030389329717838720e+01 3.470952225871215546e-02 3.524455173457496926e-02 6.605276715446350977e-02 7.574545340823135575e-02 8.216931507473645979e-02 1.048692614060904305e-01
1.835894975736665824e+00 2.006456509660846876e+01 3.395793771926847171e-02 3.420468136571486184e-02 6.423160490508550424e-02 7.394473435741844014e-02 8.012027473375837872e-02 1.020063018772319197e-01
