2.306400723287267349e-02 1.943525371799456320e+17 3.200000000000000000e+01 -3.200000000000000000e+01 3.200000000000000000e+01 -3.200000000000000000e+01 3.200000000000000000e+01 -3.200000000000000000e+01
3.228961012602173802e-02 4.056481922928185000e+14 1.937500000000000000e+00 1.937500000000000000e+00 3.687500000000000000e+00 3.937500000000000000e+00 4.500000000000000000e+00 4.812500000000000000e+00
4.151521301917080603e-02 7.339012828399272461e+12 1.920898437500000000e+00 1.867187500000000000e+00 3.622070312500000000e+00 3.860351562500000000e+00 4.462890625000000000e+00 4.767578125000000000e+00
5.074081591231988098e-02 4.110522231388543701e+11 1.695617675781250000e+00 1.646545410156250000e+00 3.196411132812500000e+00 3.406250000000000000e+00 3.932556152343750000e+00 4.208496093750000000e+00
5.996641880546894204e-02 4.540632264711174774e+10 1.439132690429687500e+00 1.395362854003906250e+00 2.709754943847656250e+00 2.889060974121093750e+00 3.330078125000000000e+00 3.570251464843750000e+00
6.919202169861800311e-02 7.835937855412253380e+09 1.200057983398437500e+00 1.162923812866210938e+00 2.259395599365234375e+00 2.410130500793457031e+00 2.773257255554199219e+00 2.978976249694824219e+00
7.841762459176707112e-02 1.847159204256129265e+09 9.906287193298339844e-01 9.610702991485595703e-01 1.867117881774902344e+00 1.992750644683837891e+00 2.288754463195800781e+00 2.463560104370117188e+00
8.764322748491613913e-02 5.470798209000355005e+08 8.132189512252807617e-01 7.898119688034057617e-01 1.532013654708862305e+00 1.636034488677978516e+00 1.875267744064331055e+00 2.022929072380065918e+00
9.686883037806519325e-02 1.926537565125569403e+08 6.623154878616333008e-01 6.450529098510742188e-01 1.246876567602157593e+00 1.332354843616485596e+00 1.524554133415222168e+00 1.647689878940582275e+00
1.060944332712142474e-01 7.765172744454233348e+07 5.334235131740570068e-01 5.195428878068923950e-01 1.003579631447792053e+00 1.073091402649879456e+00 1.228848963975906372e+00 1.327212795615196228e+00
1.153200361643633154e-01 3.486082257267445326e+07 4.226575568318367004e-01 4.120985418558120728e-01 7.947452515363693237e-01 8.504101112484931946e-01 9.745545461773872375e-01 1.051834039390087128e+00
1.245456390575123834e-01 1.708483850215045363e+07 3.265127018094062805e-01 3.185007870197296143e-01 6.141371987760066986e-01 6.576846204698085785e-01 7.541507408022880554e-01 8.133763857185840607e-01
1.337712419506614514e-01 9.002731067083701491e+06 2.424530517309904099e-01 2.361508086323738098e-01 4.566242136061191559e-01 4.894590619951486588e-01 5.614383853971958160e-01 6.051044259220361710e-01
1.429968448438105333e-01 5.041207704057194293e+06 1.687312694266438484e-01 1.634827200323343277e-01 3.180195298045873642e-01 3.412784524261951447e-01 3.913483554497361183e-01 4.215156976133584976e-01
1.522224477369596152e-01 2.972262422959875315e+06 1.017519077286124229e-01 1.006489251740276814e-01 1.958957831375300884e-01 2.089572716504335403e-01 2.397292791865766048e-01 2.581094992347061634e-01
1.614480506301086971e-01 1.831609624898508657e+06 4.285072069615125656e-02 4.282445413991808891e-02 8.301142882555723190e-02 9.055042359977960587e-02 1.033735645469278097e-01 1.117983753792941570e-01
1.706736535232577512e-01 1.172682666752344696e+06 1.050611096434295177e-02 9.991077706217765808e-03 1.970583014190196991e-02 1.925973873585462570e-02 2.719855844043195248e-02 2.527454867959022522e-02
1.798992564164068331e-01 7.762552124628021847e+05 5.867054464761167765e-02 5.904307926539331675e-02 1.171531144063919783e-01 1.097664666594937444e-01 1.469440418295562267e-01 1.393497505923733115e-01
1.891248593095559150e-01 5.291054066579232458e+05 1.037907645804807544e-01 1.042279988760128617e-01 2.079772329889237881e-01 1.958215144695714116e-01 2.599433681461960077e-01 2.430380791192874312e-01
1.983504622027049968e-01 3.700977988085363759e+05 1.459860928589478135e-01 1.470447778701782227e-01 2.924702815362252295e-01 2.735812896280549467e-01 3.669374631135724485e-01 3.438561970833688974e-01
2.075760650958540787e-01 2.648976919867417892e+05 1.862847087322734296e-01 1.870581964030861855e-01 3.745491600711829960e-01 3.505655610933899879e-01 4.697384365717880428e-01 4.407741569448262453e-01
2.168016679890031329e-01 1.935357524603191996e+05 2.256173428322654217e-01 2.262569009908474982e-01 4.530858230136800557e-01 4.271529282850679010e-01 5.693573584430851042e-01 5.350795789272524416e-01
2.260272708821522147e-01 1.440284216263889684e+05 2.657827820221427828e-01 2.659556301368866116e-01 5.282918724988121539e-01 5.031549156119581312e-01 6.673619724169839174e-01 6.282853725424502045e-01
2.352528737753012689e-01 1.089790499164277426e+05 3.043671662744600326e-01 3.057423821301199496e-01 6.053004827263066545e-01 5.774377237685257569e-01 7.653102861513616517e-01 7.219130728190066293e-01
2.444784766684503230e-01 8.370449261869466864e+04 3.436310242104809731e-01 3.460363844205858186e-01 6.834088893956504762e-01 6.477994381857570261e-01 8.648120343277696520e-01 8.175569587619975209e-01
2.537040795615994049e-01 6.517031348697179055e+04 3.843464667952503078e-01 3.871814428930520080e-01 7.639214632872608490e-01 7.192343927963520400e-01 9.675973121629795060e-01 9.169561123271705583e-01
2.629296824547484590e-01 5.136846523599200009e+04 4.262198333672131412e-01 4.292651425494113937e-01 8.483226866519544274e-01 7.928905187945929356e-01 1.075598394076223485e+00 1.022082469637098256e+00
2.721552853478975686e-01 4.094420550825745886e+04 4.725220363106927834e-01 4.726456727366894484e-01 9.383217150025302544e-01 8.765754766864120029e-01 1.191052825488441158e+00 1.135254299901134800e+00
2.813808882410466228e-01 3.296715903535606776e+04 5.188744204206159338e-01 5.216959134922944941e-01 1.035952792226453312e+00 9.712449803046183661e-01 1.317070137287373655e+00 1.259288889668823685e+00
2.906064911341957324e-01 2.678778918283904932e+04 5.734772117939428426e-01 5.787750932322524022e-01 1.143711216594965663e+00 1.072016084228380350e+00 1.458008123394392896e+00 1.397715333005180582e+00
2.998320940273447865e-01 2.194561227071805479e+04 6.337833296820463147e-01 6.410106102593999822e-01 1.264728823287441628e+00 1.188804706274822820e+00 1.617369791740202345e+00 1.555080097343306988e+00
3.090576969204938407e-01 1.810940272694193482e+04 7.043119853296957444e-01 7.081836266006575897e-01 1.398703675244178157e+00 1.323199148275307380e+00 1.800899127134471200e+00 1.737397736345883459e+00
3.182832998136429503e-01 1.503754497138266925e+04 7.800127542377595091e-01 7.970595792576204985e-01 1.560368248658051016e+00 1.480607637262437493e+00 2.016349999003068660e+00 1.941937784187757643e+00
3.275089027067920044e-01 1.255127849122882253e+04 8.815181620648218086e-01 8.927428610604692949e-01 1.747968901832791744e+00 1.675832343244110234e+00 2.297490189990639919e+00 2.174646052255411632e+00
3.367345055999411141e-01 1.051629487212143795e+04 1.019283566776721273e+00 1.006333270961476956e+00 1.986554765637265518e+00 1.899473397634210414e+00 2.652011072175810114e+00 2.454738085694771144e+00
3.459601084930901682e-01 8.829763715337474423e+03 1.172316398062321241e+00 1.168646588561387034e+00 2.271895676085478044e+00 2.155373525076356600e+00 3.039006173930829391e+00 2.843304840069322381e+00
3.551857113862392223e-01 7.410816681025789876e+03 1.363910060508715105e+00 1.369667801015566511e+00 2.660899006567888136e+00 2.535220260828282335e+00 3.559705359573854366e+00 3.354688379788967723e+00
3.644113142793883320e-01 6.193028055557843800e+03 1.604823143095018168e+00 1.606184473528628587e+00 3.163554305091565766e+00 3.036065623909962596e+00 4.248478938020525675e+00 4.037425452122988645e+00
3.736369171725373861e-01 5.117594005507388829e+03 1.988424083607242210e+00 1.992117767595118494e+00 3.853229556971200509e+00 3.799253267157837399e+00 5.253355171353177866e+00 4.928766814782647998e+00
3.828625200656864958e-01 4.125835868174711322e+03 2.527055749928877049e+00 2.484677621996524977e+00 4.938428207416109217e+00 4.908098856561991852e+00 6.604509996746855904e+00 6.087140501314024732e+00
3.920881229588355499e-01 3.150343303975030722e+03 3.299939788187202794e+00 3.199846397890723892e+00 6.149425479106866987e+00 6.331196248569540330e+00 8.427102619901233993e+00 7.975249566847651295e+00
4.013137258519846040e-01 2.114288312841663355e+03 4.246345632013799332e+00 4.013336893326595600e+00 7.548094723123085714e+00 8.171613990188234311e+00 1.114612475290186921e+01 1.005921547138177630e+01
4.105393287451337136e-01 1.025860101983356799e+03 3.966830690106689872e+00 4.081873314191739155e+00 7.597057129689346766e+00 7.903417641485475542e+00 1.075024500546987838e+01 1.027647525629424763e+01
4.197649316382827678e-01 4.688659229336639100e+02 9.649476794322140449e-01 8.972746206525812340e-01 1.813668217112763159e+00 1.676730511240805299e+00 2.413980329249341139e+00 2.446832506761836612e+00
4.289905345314318219e-01 1.275127679350253629e+03 6.963477318580544306e+00 6.717181481289571821e+00 1.343706114973429067e+01 1.358005966993232505e+01 1.864600753153240476e+01 1.720899400466487350e+01
4.382161374245809315e-01 2.145714316008420155e+03 5.130898622439872270e+00 4.855307043702396186e+00 9.159674369319873222e+00 9.695343064846838388e+00 1.388359760322055081e+01 1.300348509834702782e+01
4.474417403177299857e-01 2.389851679588792649e+03 2.389191416462836060e+00 2.402115769294141501e+00 4.654700806913297129e+00 4.982853351571975509e+00 6.882980203566603450e+00 6.409859213762956642e+00
4.566673432108790953e-01 2.329791206032252830e+03 1.065745542626700626e+00 1.126128964137024013e+00 2.177130373659110774e+00 2.342275115435313637e+00 3.176773832701201172e+00 2.997308408931075974e+00
4.658929461040280939e-01 2.174198171645102775e+03 4.665072055572636600e-01 4.958557785339507973e-01 9.378502452227621689e-01 1.020633970265862445e+00 1.359462153882759594e+00 1.304095374297958188e+00
4.751185489971772036e-01 1.998661932062720552e+03 1.630659496038333600e-01 1.695459970314914244e-01 3.247635208945212071e-01 3.508943451613504294e-01 4.559226439746453252e-01 4.555359685061830533e-01
4.843441518903262577e-01 1.828448648901973229e+03 4.383973917128969333e-03 4.390929070950733148e-03 8.809599076585072908e-03 9.163976286117758718e-03 1.261267929362475115e-02 1.644277235391200520e-02
4.935697547834753673e-01 1.671446630842087416e+03 9.664581013566930778e-02 9.091980769494512060e-02 1.848581546546483878e-01 1.908960990560899518e-01 2.359003216320161300e-01 2.559869161605092813e-01
5.027953576766244215e-01 1.529392401805193686e+03 1.482602016164946690e-01 1.414234584897258173e-01 2.859577222864118085e-01 2.947004213392574457e-01 3.701456722255898057e-01 3.823378559504817531e-01
5.120209605697735311e-01 1.401816694375246016e+03 1.778948606847734482e-01 1.681444061096044607e-01 3.366455924076490192e-01 3.522946688678985083e-01 4.420368896046511509e-01 4.488032023705272877e-01
5.212465634629225297e-01 1.287507908989628731e+03 1.987961269899187755e-01 1.816327113772331359e-01 3.619152390488125093e-01 3.815577375578413921e-01 4.774682749755356781e-01 4.835604379718461132e-01
5.304721663560716394e-01 1.185075695295761307e+03 2.043072282260709471e-01 1.847088244337555807e-01 3.747332734158135281e-01 3.944703079439477733e-01 4.912215055665001273e-01 4.945610192637559521e-01
5.396977692492206380e-01 1.093168325547605036e+03 2.017123184409683745e-01 1.843566931675013620e-01 3.769920707138680882e-01 3.970188152181890473e-01 4.919150115752017882e-01 4.969338727730701066e-01
5.489233721423698587e-01 1.010550741045442805e+03 2.001722451730074681e-01 1.804826358212494597e-01 3.693479467176530306e-01 3.938842629340797430e-01 4.848880529941652640e-01 4.904001577559711222e-01
5.581489750355188573e-01 9.361252128611649823e+02 1.936264200312507455e-01 1.779925133905635448e-01 3.627500607391311860e-01 3.886943809529839200e-01 4.752853969101806797e-01 4.793976124906293990e-01
5.673745779286679669e-01 8.689286018877058950e+02 1.871652081177899163e-01 1.728003749269646505e-01 3.521508512100126609e-01 3.805497843619605192e-01 4.626680708405501719e-01 4.672391132236271005e-01
5.766001808218169655e-01 8.081207586202549464e+02 1.816243870139260252e-01 1.670153514421599539e-01 3.416823180305073038e-01 3.698294884021606777e-01 4.483202674520043729e-01 4.532122873341677405e-01
5.858257837149661862e-01 7.529703582513895981e+02 1.740493632056541173e-01 1.618556891387470387e-01 3.289179791788683360e-01 3.574575724370561147e-01 4.330810053806999349e-01 4.381771732657853136e-01
5.950513866081151848e-01 7.028408510228671275e+02 1.675599232455624588e-01 1.565812783785531792e-01 3.161487331569787784e-01 3.447653539723205540e-01 4.175007677607709411e-01 4.227039725806207571e-01
6.042769895012642944e-01 6.571775886595414704e+02 1.601205759635604409e-01 1.506175239686626810e-01 3.036067579789687443e-01 3.319808800683858863e-01 4.019401720851192295e-01 4.071706465443867273e-01
6.135025923944132931e-01 6.154964594174117565e+02 1.535090975345383413e-01 1.444378215131791876e-01 2.926264090498307269e-01 3.185096076505260498e-01 3.866333389712508506e-01 3.918260688606096664e-01
6.227281952875624027e-01 5.773740434127729486e+02 1.477710878338029943e-01 1.381418200488724324e-01 2.819025889630211168e-01 3.046757995114148798e-01 3.717292890811449979e-01 3.768315747719270803e-01
6.319537981807114013e-01 5.424391679890992464e+02 1.421072091020505468e-01 1.326330862193572102e-01 2.713834869766742486e-01 2.928197103955199054e-01 3.573193932271578888e-01 3.622886999280581222e-01
6.411794010738606220e-01 5.103656985667153094e+02 1.364351151473783830e-01 1.281949701944995468e-01 2.611424119328944471e-01 2.819294620352934544e-01 3.434558119542430177e-01 3.482579380207084796e-01
6.504050039670096206e-01 4.808663958110396948e+02 1.311572121848598727e-01 1.227159345009454228e-01 2.512208548177454759e-01 2.713922349450399452e-01 3.301640207401419502e-01 3.347715664402244329e-01
6.596306068601587302e-01 4.536876822102356073e+02 1.259453725675143687e-01 1.181256058185340407e-01 2.416428532711165644e-01 2.612437340424094145e-01 3.174513975301351820e-01 3.218424988997412584e-01
6.688562097533077289e-01 4.286051794198920675e+02 1.208102398599635308e-01 1.131745174199636494e-01 2.322808591311513737e-01 2.512442858206327401e-01 3.053131551710066560e-01 3.094704435147264121e-01
6.780818126464568385e-01 4.054198969739005065e+02 1.160213914994301376e-01 1.083499311311015845e-01 2.226830523759417702e-01 2.411039055138530784e-01 2.937364632213643745e-01 2.976462128341381685e-01
6.873074155396059481e-01 3.839549709749732074e+02 1.113238261344235980e-01 1.035095899773068595e-01 2.135506948119996196e-01 2.315018001284556703e-01 2.827033226649291464e-01 2.863547120022644776e-01
6.965330184327550578e-01 3.640528673397695911e+02 1.069246340136942308e-01 9.893432382193623198e-02 2.048615243418794307e-01 2.227728801219654997e-01 2.721925741562358780e-01 2.755747587659129749e-01
7.057586213259040564e-01 3.455729779081616471e+02 1.027452340078411908e-01 9.520947913489408165e-02 1.965926588088109384e-01 2.145194798310967599e-01 2.621812997547294799e-01 2.652880732549078857e-01
7.149842242190531660e-01 3.283895493514318673e+02 9.877488591780547722e-02 9.165184209064136667e-02 1.892198180958644116e-01 2.066373198653082000e-01 2.526457974573759202e-01 2.554724431267914042e-01
7.242098271122021647e-01 3.123898945634035158e+02 9.500531759977093316e-02 8.826414136416360634e-02 1.825383238948461440e-01 1.990546275122255793e-01 2.435605582139146463e-01 2.461052357169251081e-01
7.334354300053513853e-01 2.974728443521990471e+02 9.140054290838861561e-02 8.496258132328193824e-02 1.761982978998162253e-01 1.918336728156191384e-01 2.349029647123188624e-01 2.371639104407563536e-01
7.426610328985003839e-01 2.835474040199176784e+02 8.780540313637175132e-02 8.204937928627487054e-02 1.701797997352514358e-01 1.850925913234391373e-01 2.263345733235837542e-01 2.286263680157958333e-01
7.518866357916494936e-01 2.705315850472095462e+02 8.451172918205429596e-02 7.911064001268641732e-02 1.644639772962932511e-01 1.785604578964807843e-01 2.181887042238486174e-01 2.204711824474543391e-01
7.611122386847984922e-01 2.583513867830999402e+02 8.156006398252202416e-02 7.641927810868764936e-02 1.586200916625557511e-01 1.723084361874498427e-01 2.111633690569192368e-01 2.126777488074367284e-01
7.703378415779476018e-01 2.469399069406057379e+02 7.878341122702181565e-02 7.387602807617099643e-02 1.528180185002554481e-01 1.659648788879621861e-01 2.041225567699029853e-01 2.052263706586074932e-01
7.795634444710966005e-01 2.362365629518239416e+02 7.602887203677255457e-02 7.150646755206935268e-02 1.480109769751436488e-01 1.597241149448507258e-01 1.972867342507811372e-01 1.980983044198865173e-01
7.887890473642458211e-01 2.261864089544908438e+02 7.349984825563637969e-02 6.916938943066952561e-02 1.434137116179670102e-01 1.537523539149106000e-01 1.907567094570481459e-01 1.912757732487193607e-01
7.980146502573948197e-01 2.167395354584047880e+02 7.102932512702864187e-02 6.693645440228124244e-02 1.390588306259985529e-01 1.485119225786490915e-01 1.845156340521612037e-01 1.847419596003874176e-01
8.072402531505439294e-01 2.078505406503473125e+02 6.852902010950856493e-02 6.476235310904598919e-02 1.348917778098552844e-01 1.435842529359092623e-01 1.785476532480174683e-01 1.784809831450786533e-01
8.164658560436929280e-01 1.994780639030733198e+02 6.618005205785948419e-02 6.258964885822138058e-02 1.309019787194074524e-01 1.390624199352430423e-01 1.728378651883986095e-01 1.724778689132335785e-01
8.256914589368421487e-01 1.915843734085565870e+02 6.421028037581777426e-02 6.065702134671369095e-02 1.270807109662541734e-01 1.348406193337439163e-01 1.673722757222435575e-01 1.667185092043439454e-01
8.349170618299911473e-01 1.841350010010361018e+02 6.211943077147452641e-02 5.896886115471033918e-02 1.234046439043368082e-01 1.308026637011892035e-01 1.621377508490695618e-01 1.616321669346802992e-01
8.441426647231402569e-01 1.770984182015906470e+02 6.022575522888473643e-02 5.727886899830991752e-02 1.196115746787995704e-01 1.268532862486324575e-01 1.571219684549873818e-01 1.564358822468250310e-01
8.533682676162892555e-01 1.704457483480761084e+02 5.829170464210164937e-02 5.565363695527025811e-02 1.162009986743441914e-01 1.227875034188627978e-01 1.523133704736778782e-01 1.513849275137033601e-01
8.625938705094383652e-01 1.641505103615223220e+02 5.654646716800471040e-02 5.404179390302488173e-02 1.129282683834844647e-01 1.188785652752244459e-01 1.477011162407961820e-01 1.465440511533984136e-01
8.718194734025873638e-01 1.581883903085607415e+02 5.477353159739095645e-02 5.241008141862835146e-02 1.097868016491929666e-01 1.157227733135641756e-01 1.432750375593627723e-01 1.419016468643690132e-01
8.810450762957365844e-01 1.525370374239272451e+02 5.281070393189679635e-02 5.079306905528824245e-02 1.067703871499645629e-01 1.120314618134443663e-01 1.390255957983868029e-01 1.374468745679564563e-01
8.902706791888855831e-01 1.471758816958079592e+02 5.147158257528872127e-02 4.900940336133885467e-02 1.038731657744165204e-01 1.084229422340854398e-01 1.349438412135555154e-01 1.331696036395157989e-01
8.994962820820346927e-01 1.420859704915267230e+02 5.010101548381840075e-02 4.802477309058872379e-02 1.010896122659801222e-01 1.049316038532595030e-01 1.310213745738906255e-01 1.290603604362843271e-01
9.087218849751836913e-01 1.372498220235893882e+02 4.869997104393064546e-02 4.678989863160154528e-02 9.841451735323403227e-02 1.021486388171126691e-01 1.272503111172795798e-01 1.251102798623549006e-01
9.179474878683329120e-01 1.326512937338698634e+02 4.747679338299803931e-02 4.566596919238463670e-02 9.583409643204277018e-02 9.874129389430663650e-02 1.236232467992977035e-01 1.213110607037606314e-01
9.271730907614816886e-01 1.282754639135523576e+02 4.595942641938677298e-02 4.447295730909672784e-02 9.295412397665359094e-02 9.659909738863348139e-02 1.201332267752661664e-01 1.176549244655120674e-01
9.363986936546309092e-01 1.241085250838182503e+02 4.458406150044424976e-02 4.323855856321756619e-02 8.977536664392005150e-02 9.491436747788384309e-02 1.167737160254063156e-01 1.141345774526314472e-01
9.456242965477800189e-01 1.201376878419565060e+02 4.363833987508769496e-02 4.234635300937839020e-02 8.737614608720889464e-02 9.213592637489398385e-02 1.135385720271671062e-01 1.107431758469203942e-01
9.548498994409290175e-01 1.163510940334954427e+02 4.213332511767475808e-02 4.156445483492632320e-02 8.474713244768850018e-02 8.897244087189903894e-02 1.104220193659273264e-01 1.074742935429355839e-01
9.640755023340780161e-01 1.127377382465961659e+02 4.067254512901286034e-02 4.018544503671250823e-02 8.213704610002992013e-02 8.583983815485396462e-02 1.074186261756864269e-01 1.043218925247941797e-01
9.733011052272271257e-01 1.092873967429728879e+02 3.927528824151238496e-02 3.936281566201671467e-02 7.965536087041868996e-02 8.293302691454584874e-02 1.045232823006330136e-01 1.013173110123375409e-01
9.825267081203763464e-01 1.059905630426408862e+02 3.818411498473039956e-02 3.839616490365926893e-02 7.775414854674522758e-02 8.018262914231399918e-02 1.017311790710806463e-01 9.922786596631283373e-02
9.917523110135253450e-01 1.028383894698161214e+02 3.730696891518903158e-02 3.762391770752060438e-02 7.594167724477074444e-02 7.755888758902074187e-02 9.903779059219175451e-02 9.723254866902664162e-02
1.000977913906674344e+00 9.982263404598700163e+01 3.600432535380093668e-02 3.674785237848254837e-02 7.398088540298886073e-02 7.564106251376756518e-02 9.643885644867111751e-02 9.532792165964565356e-02
1.010203516799823564e+00 9.693561218527102596e+01 3.499419799518932450e-02 3.597097482928290901e-02 7.169009645991764046e-02 7.379057172792613528e-02 9.393036573443680481e-02 9.351079480418889034e-02
1.019429119692972563e+00 9.417015270770957613e+01 3.410504254983948158e-02 3.521107525104127944e-02 7.036263368976847232e-02 7.200446651404490694e-02 9.150854232323979431e-02 9.177821283691400822e-02
1.028654722586121562e+00 9.151955773941948280e+01 3.310580965846554591e-02 3.431164017764842811e-02 6.867871633895106243e-02 7.027995316457236186e-02 9.023632729325470336e-02 9.012744417813678410e-02
1.037880325479270560e+00 8.897756611537803906e+01 3.220773315980807183e-02 3.341315141753398166e-02 6.656773440460028723e-02 6.840448382311592468e-02 8.908072863405891439e-02 8.855597096223277731e-02
1.047105928372419781e+00 8.653831994194199240e+01 3.136502685383391054e-02 3.237295241653725952e-02 6.471244387402919074e-02 6.584438718670071466e-02 8.800424998787548247e-02 8.706148021869353215e-02
1.056331531265569001e+00 8.419633401263712358e+01 3.078662452634262081e-02 3.187630059468915533e-02 6.327076215022486849e-02 6.334084849594034949e-02 8.700545896270739377e-02 8.550556936437203603e-02
1.065557134158718000e+00 8.194646780296885424e+01 3.008172284906152072e-02 3.098869038016971444e-02 6.189033377511066192e-02 6.187702867788402727e-02 8.608313556499069819e-02 8.358252217831818598e-02
1.074782737051866999e+00 7.978389979849724511e+01 2.978368267811504211e-02 3.008038745339547404e-02 6.057661948564430077e-02 6.099790054896914171e-02 8.523481544310129721e-02 8.172698290366042784e-02
1.084008339945015997e+00 7.770410393565590823e+01 2.921662762842913708e-02 2.950121401669036914e-02 5.978966550431152882e-02 5.999046032356147862e-02 8.446099836832843266e-02 7.993448650907453157e-02
1.093233942838165218e+00 7.570282795715745294e+01 2.861664569827837568e-02 2.901015176185239852e-02 5.876265137104041969e-02 5.889329030401313503e-02 8.376124559534048331e-02 7.921995886778177010e-02
1.102459545731314217e+00 7.377607350369338235e+01 2.813692587714911042e-02 2.868202509424122582e-02 5.751895426412545476e-02 5.729445332958960080e-02 8.313517858267971405e-02 7.745935140839321775e-02
1.111685148624463215e+00 7.192007778126836115e+01 2.758940954410604718e-02 2.787154163929983497e-02 5.653301420046830117e-02 5.572673227023017262e-02 8.258263555342182372e-02 7.572120478151589396e-02
1.120910751517612436e+00 7.013129665920659761e+01 2.711987404038040950e-02 2.735961998990887878e-02 5.548034656084155358e-02 5.420638398555865933e-02 8.108654837920425962e-02 7.403975774499826912e-02
1.130136354410761435e+00 6.840638906781775574e+01 2.660588787465201221e-02 2.711981680198505273e-02 5.480757062933605539e-02 5.313551870118260467e-02 7.942195096713078328e-02 7.252375250203613177e-02
1.139361957303910433e+00 6.674220257717595928e+01 2.607617203700840491e-02 2.680344875282969497e-02 5.425306205785318525e-02 5.181305572367023160e-02 7.782146301511261299e-02 7.187569506277213804e-02
1.148587560197059654e+00 6.513576004954767029e+01 2.567321597787497467e-02 2.605163236889040945e-02 5.360047989115912515e-02 5.099410444576335522e-02 7.628367064080521232e-02 7.129175151705169355e-02
1.157813163090208652e+00 6.358424726795297488e+01 2.558622812879463027e-02 2.578221517621415160e-02 5.298337878969050507e-02 4.996323191633678107e-02 7.480523016701567940e-02 7.077218025961684589e-02
1.167038765983357873e+00 6.208500145222022581e+01 2.550984195797667553e-02 2.534574034878289694e-02 5.225378178010231522e-02 4.934831276995055305e-02 7.338700882974080741e-02 7.031745237956954497e-02
1.176264368876506872e+00 6.063550058188838676e+01 2.521711645739799224e-02 2.551236841276249834e-02 5.164595168792374125e-02 4.830905361785653440e-02 7.202814045226801909e-02 6.992826250764494489e-02
1.185489971769655870e+00 5.923335345253862272e+01 2.537815748633676094e-02 2.536555843231980134e-02 5.116272507908803391e-02 4.873341640666950525e-02 7.072782587951564892e-02 6.960554175230981855e-02
1.194715574662805091e+00 5.787629039869635506e+01 2.497955637904425430e-02 2.515152514912699644e-02 5.092074683304304017e-02 4.891145144316766391e-02 6.948542575393901188e-02 6.935047295715435212e-02
1.203941177555954090e+00 5.656215462249675596e+01 2.444585911663921252e-02 2.508526847793746128e-02 5.041507491098684568e-02 4.843075810889985178e-02 6.871603145072668894e-02 6.916450855198519321e-02
1.213166780449103088e+00 5.528889407299620729e+01 2.391182078253706322e-02 2.520309065844372753e-02 4.994841214782752559e-02 4.738674023269595637e-02 6.913097073758223132e-02 6.904939131450760215e-02
1.222392383342252087e+00 5.405455382644782247e+01 2.402970318408392814e-02 2.540606157388936026e-02 4.943891599721439434e-02 4.700593456190915731e-02 6.962533390456826510e-02 6.900717840796488645e-02
1.231617986235401307e+00 5.285726892332210980e+01 2.424413404353487067e-02 2.487597479199621375e-02 4.918139405484822646e-02 4.719998813634163071e-02 7.020286010912712982e-02 6.904026911693250668e-02
1.240843589128550528e+00 5.169525762352215992e+01 2.473381151181541782e-02 2.500307355354891570e-02 4.945432056268828092e-02 4.725447994783849026e-02 7.086775561569425008e-02 6.915143676560120412e-02
1.250069192021699527e+00 5.056681504750277156e+01 2.517011575537253520e-02 2.513580167629214657e-02 5.008479254006914516e-02 4.827882253078996655e-02 7.162474683271113918e-02 6.934386536799763689e-02
1.259294794914848525e+00 4.947030717829871094e+01 2.594366560376215602e-02 2.518479686935393147e-02 5.021313714530606376e-02 4.915811746084131073e-02 7.247914156435086852e-02 7.141433865579216445e-02
1.268520397807997524e+00 4.840416520844463122e+01 2.592181419397832087e-02 2.554091490971899248e-02 5.028198003977735198e-02 5.026952718312571733e-02 7.343689988170609695e-02 7.156664515171229368e-02
1.277746000701146745e+00 4.736688022736887405e+01 2.599412449479387988e-02 2.590428538928080116e-02 5.113535261406099153e-02 5.124783980895841751e-02 7.450471629594801470e-02 7.180189931739278109e-02
1.286971603594295521e+00 4.635699826037087234e+01 2.661695431277877333e-02 2.631653332306882476e-02 5.212636207419762968e-02 5.180900227263407487e-02 7.569011525223601211e-02 7.212180940778978311e-02
1.296197206487444742e+00 4.537311569172881320e+01 2.672158995445528262e-02 2.766369631617493496e-02 5.335296957284185737e-02 5.259270532637572160e-02 7.608440145942552135e-02 7.252705526175873274e-02
1.305422809380593963e+00 4.441387513465862469e+01 2.757762319313172839e-02 2.785449507913284606e-02 5.397181047521826258e-02 5.379985809005916053e-02 7.656528097397341526e-02 7.302798332131743564e-02
1.314648412273742961e+00 4.347796185406950542e+01 2.891662026704011623e-02 2.871278996283166407e-02 5.466253309297997021e-02 5.535555414143544795e-02 7.718624533055873371e-02 7.433117550359469305e-02
1.323874015166892182e+00 4.256410091071868607e+01 2.978420817471061355e-02 2.955164557366174449e-02 5.725997974342789121e-02 5.705580891081041273e-02 7.976570815891648181e-02 7.722847806527965986e-02
1.333099618060040958e+00 4.167105528723969599e+01 3.065804586590559211e-02 3.046916363904728087e-02 5.790091687904919127e-02 5.933054578918728339e-02 8.253793337177484091e-02 8.035523936090527286e-02
1.342325220953190179e+00 4.079762539254171827e+01 3.108227715447497985e-02 3.168556143918266343e-02 5.958272496064154211e-02 6.140536958580611326e-02 8.552191872140468831e-02 8.245125937264674576e-02
1.351550823846339400e+00 3.994265054447548380e+01 3.164009354667030038e-02 3.237559915019971868e-02 6.177311214276670626e-02 6.355773486585292176e-02 8.763628239135101694e-02 8.581641905063719378e-02
1.360776426739488176e+00 3.910501333786498890e+01 3.269754042085537549e-02 3.359793792772336474e-02 6.426909247210943477e-02 6.634533473710746421e-02 8.939078035082559381e-02 8.943588961491144573e-02
1.370002029632637397e+00 3.828364827395841274e+01 3.425422072170647425e-02 3.537217107333390231e-02 6.685097110641180507e-02 6.933820261117062955e-02 9.253656159263101699e-02 9.333647347366991198e-02
1.379227632525786396e+00 3.747755675142664700e+01 3.581233213253653958e-02 3.699053034974753018e-02 7.143055763684458270e-02 7.219839004685724149e-02 9.741990592203819688e-02 9.754858887854567229e-02
1.388453235418935616e+00 3.668583165091455101e+01 3.813320960698263207e-02 3.913041071115941349e-02 7.421449411047831290e-02 7.598752775538031301e-02 1.027127162388765669e-01 1.021068145921404380e-01
1.397678838312084837e+00 3.590769653831943486e+01 4.043263239184824442e-02 4.140550457955782804e-02 7.880837906524362779e-02 7.999615488986222545e-02 1.084557273631290286e-01 1.071269278255684299e-01
1.406904441205233613e+00 3.514256739424481424e+01 4.227056698380238231e-02 4.418761136133042555e-02 8.478019592082119971e-02 8.338281668480362896e-02 1.146205308036627457e-01 1.137252864861721946e-01
1.416130044098382834e+00 3.439014948286892803e+01 4.454641566059081015e-02 4.664149376992554608e-02 9.009745099607613383e-02 8.762145233700380231e-02 1.204094607392391936e-01 1.210214000493081699e-01
1.425355646991532055e+00 3.365058978612372442e+01 4.715117772239807437e-02 4.932683853173358557e-02 9.390798975223901834e-02 9.265852727598655747e-02 1.268350733958456544e-01 1.291327956633381291e-01
1.434581249884680831e+00 3.292471863198998960e+01 5.074204485627120675e-02 5.214240920425083914e-02 9.812998883323587052e-02 9.848022872090922419e-02 1.354860088616050007e-01 1.382046250262973786e-01
1.443806852777830052e+00 3.221443687383291632e+01 5.428026932953855521e-02 5.538170542210707481e-02 1.048184288008329190e-01 1.049572280960546777e-01 1.451714473692362617e-01 1.484182909030025144e-01
1.453032455670979051e+00 3.152334483873338655e+01 5.856598723177341981e-02 5.928122367244625934e-02 1.141375292570465660e-01 1.119422209946421276e-01 1.533617242266807068e-01 1.600035331632234659e-01
1.462258058564128271e+00 3.085778041507353109e+01 6.332919932344083236e-02 6.425220264927133940e-02 1.200025671566891106e-01 1.209202353884499814e-01 1.615756511409571772e-01 1.732556904544431120e-01
1.471483661457277492e+00 3.022856247955829545e+01 6.968193393329258356e-02 6.910355295750392202e-02 1.261666378269730160e-01 1.304403324477867443e-01 1.726220691223367965e-01 1.885608271258973900e-01
1.480709264350426269e+00 2.965397047232132266e+01 7.685249187854026331e-02 7.458383558215331277e-02 1.381298473888925571e-01 1.408098139757711920e-01 1.890316722171760944e-01 2.064328708662586109e-01
1.489934867243575489e+00 2.916491185329747537e+01 8.449628441618983743e-02 8.161507088385278053e-02 1.529077263065055092e-01 1.548790077013819655e-01 2.076481840131734202e-01 2.253543772098005604e-01
1.499160470136724488e+00 2.881393303143141438e+01 9.416719149790253596e-02 8.967679295957253771e-02 1.681167998122248264e-01 1.704842686006706742e-01 2.286065253876188308e-01 2.465603956902704397e-01
1.508386073029873486e+00 2.869062127751627500e+01 1.039684850296040963e-01 9.937857120838344827e-02 1.871007174863699163e-01 1.888112424572163661e-01 2.584012823880001974e-01 2.698254939209512315e-01
1.517611675923022485e+00 2.894552168595751596e+01 1.144173778311134981e-01 1.123188575458016203e-01 2.191391571404004424e-01 2.116380721963153633e-01 2.966978254300514095e-01 2.938658168304684182e-01
1.526837278816171706e+00 2.981415477117817403e+01 1.292300813678473048e-01 1.273332137105640527e-01 2.566401812938821081e-01 2.392616567496688162e-01 3.349292536044536917e-01 3.170199179405521761e-01
1.536062881709320926e+00 3.157295122590669223e+01 1.437744084392846844e-01 1.454226195347381179e-01 3.048426400374566470e-01 2.738419847493567261e-01 3.820434907271241798e-01 3.596272190794955748e-01
1.545288484602469925e+00 3.414247246195863994e+01 1.638988224739321709e-01 1.656729859347194633e-01 3.413443183405462378e-01 3.053487131928491749e-01 4.438742209548678375e-01 4.275864270757452346e-01
1.554514087495618924e+00 3.586678081182846256e+01 1.823440780151841523e-01 1.787191364877642741e-01 3.537454375123800787e-01 3.390142726647553673e-01 4.963795132008783639e-01 4.455654315814499000e-01
1.563739690388767922e+00 3.315195026134076528e+01 1.874276430435344309e-01 1.929124094975591674e-01 3.806790241834860922e-01 3.791585033607773880e-01 5.703382329411184060e-01 5.154930827373718216e-01
1.572965293281917143e+00 2.514981332899274591e+01 1.845143294227540309e-01 1.967670780364940697e-01 4.051959044381092667e-01 4.038469249765128666e-01 5.707267666304751685e-01 5.397739994979957601e-01
1.582190896175066142e+00 1.588509787681640262e+01 1.432319295232424849e-01 1.396232247457920295e-01 3.049014280791517706e-01 2.781327060086553615e-01 4.606046799603049635e-01 3.839293360735709371e-01
1.591416499068215140e+00 1.049580199853199858e+01 8.820031534155781117e-02 9.061311749744049848e-02 1.836071188198395987e-01 1.819584930361326514e-01 2.523969396639937912e-01 2.505442212636541655e-01
1.600642101961364361e+00 1.431371649738944107e+01 2.419418800853794238e-01 2.471162346633359874e-01 5.123170901098461627e-01 4.782371813760537549e-01 6.937340610818036879e-01 6.468190382235174951e-01
1.609867704854513359e+00 2.551811196822621497e+01 2.465650554641598546e-01 2.325641615272573404e-01 4.571948932666458632e-01 5.061791923504195267e-01 6.472401972460772868e-01 6.799167266261498810e-01
1.619093307747662580e+00 3.429674885573354715e+01 1.707553190556438949e-01 1.572298029831031840e-01 2.963041770592838020e-01 3.311031982997718615e-01 4.118007442487723324e-01 4.787650785081041249e-01
1.628318910640811579e+00 3.779219551627301854e+01 9.344123607019838573e-02 9.385777727705146845e-02 1.804426583618976565e-01 1.829233027198142736e-01 2.321050450865271841e-01 2.811351122552068205e-01
1.637544513533960577e+00 3.827239747043739015e+01 5.577273328151477472e-02 5.567453396423616141e-02 1.202528625307479615e-01 1.147128596033937242e-01 1.463025026527091654e-01 1.592818696194342465e-01
1.646770116427109798e+00 3.755192813365339788e+01 5.094482956003787422e-02 5.140721289887295598e-02 9.478030043842977648e-02 9.745290032874720509e-02 1.264625751832824108e-01 1.322146814359541622e-01
1.655995719320258575e+00 3.644806235820770723e+01 5.228119074968162749e-02 5.234763816076082321e-02 1.045413662496201823e-01 1.079548521852089493e-01 1.346750784185317684e-01 1.444430287959406201e-01
1.665221322213407795e+00 3.527829106756929889e+01 5.562359086246715378e-02 5.562324177057575980e-02 1.115892206270459042e-01 1.215840335453322041e-01 1.421507565886201974e-01 1.570159206428201060e-01
1.674446925106557016e+00 3.415680301821188181e+01 5.770392428891568670e-02 5.791772753702417731e-02 1.172510780452427070e-01 1.239632919686712853e-01 1.469953193918840384e-01 1.558359017749353370e-01
1.683672527999706015e+00 3.311875630442720819e+01 5.935019390055629174e-02 5.769144552389349201e-02 1.179486139705829828e-01 1.233679400166636242e-01 1.499386945244012281e-01 1.641991417827028954e-01
1.692898130892855235e+00 3.216920851504311685e+01 5.905882875642021190e-02 5.628201130615195780e-02 1.182018890353262464e-01 1.224668290146198046e-01 1.495639413622527059e-01 1.669416145926163608e-01
1.702123733786004012e+00 3.130237267877648932e+01 5.738407486962060489e-02 5.439040516787585489e-02 1.140388693253093777e-01 1.201628484497945237e-01 1.472629753542733511e-01 1.664222963718167136e-01
1.711349336679153232e+00 3.050923289911256830e+01 5.621011952535681644e-02 5.315061946499710643e-02 1.093586197264144744e-01 1.163208692400203859e-01 1.438861505511788152e-01 1.640301024835011390e-01
1.720574939572302453e+00 2.978050612664673125e+01 5.421645736617364264e-02 5.157246781454460915e-02 1.059984017548245561e-01 1.135885380292940283e-01 1.392498436959748176e-01 1.605936425156322400e-01
1.729800542465451230e+00 2.910771146482412419e+01 5.200392861461367033e-02 4.962911063366703956e-02 1.029773418994111012e-01 1.108670795205846105e-01 1.338148727946233407e-01 1.553730801504187298e-01
1.739026145358600450e+00 2.848346879256263975e+01 5.060616651332949800e-02 4.843041508440038001e-02 9.991615955956945072e-02 1.076358534323027527e-01 1.285274129218869632e-01 1.498671410823533279e-01
1.748251748251749449e+00 2.790149287323108140e+01 4.909400507609262831e-02 4.694160359441923447e-02 9.688557203800129969e-02 1.041480142519972674e-01 1.234750574476919383e-01 1.445584178118899388e-01
1.757477351144898670e+00 2.735647878620237350e+01 4.763655086161477925e-02 4.510089861773991515e-02 9.392893204906371807e-02 1.007702884858581172e-01 1.187993600009384920e-01 1.394991806387650968e-01
1.766702954038047890e+00 2.684396019363910568e+01 4.612217709263077836e-02 4.349920058506384635e-02 9.107169888390842516e-02 9.722587802702165050e-02 1.148752028635193767e-01 1.347114584149302630e-01
1.775928556931196667e+00 2.636017283340371264e+01 4.479436530026603691e-02 4.207875619575318638e-02 8.805681535531917348e-02 9.407240796067384281e-02 1.111425982384552924e-01 1.301995434599767520e-01
1.785154159824345887e+00 2.590193448253645414e+01 4.382680071713807024e-02 4.081076029259378402e-02 8.518977172042241364e-02 9.140170932676738857e-02 1.076043941835003181e-01 1.259575210659953370e-01
1.794379762717494886e+00 2.546654371767111158e+01 4.286669279667165711e-02 3.953354539984132998e-02 8.289575176684849112e-02 8.885654518372376742e-02 1.047076342786219527e-01 1.219738365924776247e-01
1.803605365610643885e+00 2.505169627002138455e+01 4.192942968032298268e-02 3.809129245243880746e-02 8.006790673010399928e-02 8.631612977503522188e-02 1.023610467763909071e-01 1.182340729401722967e-01
1.812830968503793105e+00 2.465541660299592053e+01 4.096462682733204019e-02 3.702950137621741078e-02 7.778495836383569895e-02 8.341217782336229902e-02 1.001040397245667180e-01 1.147226338341020835e-01
1.822056571396942104e+00 2.427600217132518168e+01 4.039012140813014184e-02 3.600137172702488897e-02 7.580208431987855988e-02 8.119383582284456224e-02 9.794168727748697734e-02 1.114237518714880082e-01
1.831282174290091325e+00 2.391197804182118247e+01 3.932030090027538449e-02 3.513629025844622333e-02 7.392096780561274727e-02 7.930786671164824497e-02 9.587569355893776901e-02 1.083220772754209804e-01
1.840507777183240323e+00 2.356205989775081378e+01 3.826683296879451746e-02 3.433010318143558948e-02 7.213616749708862130e-02 7.692175307762738612e-02 9.390550548453546753e-02 1.054030055991077575e-01
