9.225602893149067790e-04 1.159391914909908047e-04 3.608509205499892255e-06 3.609329990610451620e-06 6.834809467700384347e-06 7.457053540328657847e-06 9.777231845419257980e-06 9.225584717851821820e-06
1.014816318246397446e-02 1.187103040842057934e-04 3.702105640199644622e-06 3.694005912465770682e-06 6.995447222046786246e-06 7.646267016221688592e-06 1.000384772727606398e-05 9.444470613107186063e-06
1.937376607561304073e-02 1.214497174597846933e-04 3.794134248911993127e-06 3.786592891460462389e-06 7.151719892092755419e-06 7.835172010673576554e-06 1.023081372774333820e-05 9.660552023929333651e-06
2.859936896876210874e-02 1.243082864031067188e-04 3.889811312268590723e-06 3.876090608261712703e-06 7.328099245368591358e-06 8.032706411255859688e-06 1.046845202407241057e-05 9.886032078428163704e-06
3.782497186191117328e-02 1.273218468559991540e-04 3.991558808131125471e-06 3.965736880397880120e-06 7.521635624385859678e-06 8.241112550822412837e-06 1.071937675646878634e-05 1.012379208185335173e-05
4.705057475506025516e-02 1.305146984684615939e-04 4.099101219868698078e-06 4.066516841002936183e-06 7.726907656991233858e-06 8.461979052435693706e-06 1.098546487184268454e-05 1.037577672232067893e-05
5.627617764820931623e-02 1.339045511898438864e-04 4.205544649235127327e-06 4.176683631319056756e-06 7.945065282943634954e-06 8.696536653387079187e-06 1.126812571357902002e-05 1.064338979318954666e-05
6.550178054135838424e-02 1.375271057152635014e-04 4.316238919795274687e-06 4.294573893982584888e-06 8.178261325170042189e-06 8.947077030250322974e-06 1.157026133604950689e-05 1.092950648222379938e-05
7.472738343450743836e-02 1.413873190700432069e-04 4.441840809221530130e-06 4.418763752118742751e-06 8.427015300070352837e-06 9.214149492234763620e-06 1.189229403450860157e-05 1.123447775165794475e-05
8.395298632765652025e-02 1.455248716582348604e-04 4.573485264725197673e-06 4.551280122695755027e-06 8.693764422616046634e-06 9.500341945664289318e-06 1.223748198969480411e-05 1.156149351112768179e-05
9.317858922080557438e-02 1.499633647717104506e-04 4.696008765227473181e-06 4.691667068977962941e-06 8.980115711893367058e-06 9.807356969245662826e-06 1.260778953483891176e-05 1.191241844527909520e-05
1.024041921139546424e-01 1.547380771515871969e-04 4.842963673158841428e-06 4.837286356379168683e-06 9.288359528302538590e-06 1.013761817394932731e-05 1.300613886902142924e-05 1.229006582065164232e-05
1.116297950071036965e-01 1.598927774137991545e-04 5.006125551743019269e-06 4.994356680727623718e-06 9.621107205573216706e-06 1.049371631989501103e-05 1.343616537139946080e-05 1.269793067673599869e-05
1.208553979002527506e-01 1.654707211988872852e-04 5.173226161389393122e-06 5.172086057771190177e-06 9.981084314688611200e-06 1.087894894754987932e-05 1.390146210112139366e-05 1.313945750906617875e-05
1.300810007934018186e-01 1.715146198246474433e-04 5.363911885043071018e-06 5.379210008701147596e-06 1.037147289414573018e-05 1.129643981234162444e-05 1.440559458541797850e-05 1.361803178351146866e-05
1.393066036865509005e-01 1.781008614135502646e-04 5.584775163146175111e-06 5.593882849782942906e-06 1.079710330541066524e-05 1.175131250605323759e-05 1.495489492372927172e-05 1.413977645057081173e-05
1.485322065796999824e-01 1.852971537200397470e-04 5.793751193338683367e-06 5.818769871400209263e-06 1.126244673464350137e-05 1.222878858544158127e-05 1.555499816558735568e-05 1.471008741657395215e-05
1.577578094728490643e-01 1.931502903221461850e-04 6.020804618165443789e-06 6.063143106769679257e-06 1.177095802370217541e-05 1.273667045904568478e-05 1.620985042533699678e-05 1.533262913078447783e-05
1.669834123659981462e-01 2.018016428539059462e-04 6.298750573728616794e-06 6.330279402632000727e-06 1.233144880335336892e-05 1.329556389987755815e-05 1.693115875851393501e-05 1.601877020262419378e-05
1.762090152591472003e-01 2.113387869943264660e-04 6.605454897406332591e-06 6.627177314404522103e-06 1.294998911067365651e-05 1.391123881343571118e-05 1.772622818839648170e-05 1.677545830229180230e-05
1.854346181522962822e-01 2.219055859076382131e-04 6.941931377748823901e-06 6.964163546139965277e-06 1.363598278577177756e-05 1.459325208076780013e-05 1.860702456806759839e-05 1.761420149758359012e-05
1.946602210454453641e-01 2.336595696979898397e-04 7.330552959346686237e-06 7.344286587407318533e-06 1.439990556816337980e-05 1.535170009304699353e-05 1.958665029828867300e-05 1.854758536042243008e-05
2.038858239385944460e-01 2.467885314357348920e-04 7.762561560813825354e-06 7.771626462802535672e-06 1.525428701499263739e-05 1.619861010521744175e-05 2.068073766263656610e-05 1.959061623176851490e-05
2.131114268317435001e-01 2.615348884864188844e-04 8.247664435400651334e-06 8.271974313368390778e-06 1.621038600786120932e-05 1.714955241736488461e-05 2.190942377888592139e-05 2.076270745305882400e-05
2.223370297248925820e-01 2.781783118567508913e-04 8.796172196320938344e-06 8.815911578117802821e-06 1.721365657099204567e-05 1.822242464582656159e-05 2.329599386879043464e-05 2.208623637144085808e-05
2.315626326180416361e-01 2.970764636453815410e-04 9.420184618474101209e-06 9.407328955115818857e-06 1.835176593085780135e-05 1.944012481714177398e-05 2.487014613172658980e-05 2.358987380460231785e-05
2.407882355111907180e-01 3.186683816453792320e-04 1.009175421019158298e-05 1.010013194545404886e-05 1.965064569634894466e-05 2.083073461114475769e-05 2.666839074988008049e-05 2.530882182742852024e-05
2.500138384043397721e-01 3.435085087816841195e-04 1.090069355492182066e-05 1.086871346349735238e-05 2.114306289766802825e-05 2.242967106158994797e-05 2.873677853664272346e-05 2.728758551862352005e-05
2.592394412974888818e-01 3.722996205706161424e-04 1.185554119728827885e-05 1.178275276667701231e-05 2.287038921004931093e-05 2.428177842902720391e-05 3.114437734908203368e-05 2.958262335540782139e-05
2.684650441906379359e-01 4.059834064245857236e-04 1.296252635571388612e-05 1.285612534526937465e-05 2.488815514281703285e-05 2.644724275557483722e-05 3.404096593549423488e-05 3.226971514775614416e-05
2.776906470837869900e-01 4.457261137050362934e-04 1.421534945484080907e-05 1.412334392744349094e-05 2.726451794853474450e-05 2.900020282095263279e-05 3.735499353138901782e-05 3.544274905940180331e-05
2.869162499769360997e-01 4.931262839001847005e-04 1.577854561936428875e-05 1.561817114131239682e-05 3.009034247083031827e-05 3.204238137019787538e-05 4.130047274223031840e-05 3.923064703664021127e-05
2.961418528700851538e-01 5.503472895272960939e-04 1.766415623710487683e-05 1.739280561972389796e-05 3.349296358987757793e-05 3.571122946575608619e-05 4.618586712811748474e-05 4.380815939644157331e-05
3.053674557632342079e-01 6.203554356927246886e-04 1.989797274925847893e-05 1.961067543983978454e-05 3.771317287057168125e-05 4.019481341681525616e-05 5.217332925837000254e-05 4.941529562720687815e-05
3.145930586563833176e-01 7.073644002271141850e-04 2.266131426354324029e-05 2.240485917475853062e-05 4.302591761885343584e-05 4.575987719801152820e-05 5.962892681742656270e-05 5.639371412247465559e-05
3.238186615495323717e-01 8.174638190182563621e-04 2.615648984401826478e-05 2.590069726219614791e-05 4.973709632940625895e-05 5.279097966609340702e-05 6.908293954967345465e-05 6.523834232033994939e-05
3.330442644426814813e-01 9.597570988515011963e-04 3.062569273344130111e-05 3.050917518952148827e-05 5.838672370827647281e-05 6.194890555239775370e-05 8.133012535147833826e-05 7.669111342744748972e-05
3.422698673358305355e-01 1.148210844650315388e-03 3.645767623774976395e-05 3.664669928688684720e-05 6.981274960432591950e-05 7.428923378498090979e-05 9.759339816768587347e-05 9.189402838498460062e-05
3.514954702289795896e-01 1.405345039239347133e-03 4.443950827972393235e-05 4.497009559414552604e-05 8.535110126164577315e-05 9.077174550523492598e-05 1.198496449343129829e-04 1.126957684115554182e-04
3.607210731221286992e-01 1.769019203304006155e-03 5.586866735826775607e-05 5.680253775722991609e-05 1.072320740771095376e-04 1.135323996312445020e-04 1.514319424082105452e-04 1.422191885486891010e-04
3.699466760152777534e-01 2.306029190287421041e-03 7.250511427112603380e-05 7.442744488267210787e-05 1.393583574802056101e-04 1.469623120122082183e-04 1.982342677495935873e-04 1.860065106114249488e-04
3.791722789084268630e-01 3.141880053232887823e-03 9.918618014985317380e-05 1.004715124061257570e-04 1.897736241196559814e-04 1.992877320813367728e-04 2.708768288726863885e-04 2.545466440703149022e-04
3.883978818015759171e-01 4.526554264073638298e-03 1.445181189276079428e-04 1.438934977401086501e-04 2.735003462223479717e-04 2.853103214729424408e-04 3.865185068400766102e-04 3.689120918046601139e-04
3.976234846947249713e-01 6.973647385090686254e-03 2.250350238117582863e-04 2.212119104590924701e-04 4.267940665753011328e-04 4.357888857004742211e-04 5.886581218481554134e-04 5.727648819368290345e-04
4.068490875878740809e-01 1.140617795992808665e-02 3.646506826350988384e-04 3.578701956632023701e-04 6.995450066642205922e-04 7.237827610632394104e-04 9.633322205840483266e-04 9.442610358941158633e-04
4.160746904810231350e-01 1.791875214224677992e-02 5.796839594365346682e-04 5.683601239155032514e-04 1.104767548155374812e-03 1.141399214169645099e-03 1.512562168796229012e-03 1.479428536368246339e-03
4.253002933741722447e-01 2.000380243818860801e-02 6.519329025376358056e-04 6.452380851955756558e-04 1.245035435334281015e-03 1.273815441046023678e-03 1.654286948786075351e-03 1.660097570153982321e-03
4.345258962673212988e-01 1.378787344963048993e-02 4.483046123404162836e-04 4.429951347511285054e-04 8.656033504966555159e-04 8.881644144395663132e-04 1.163111430215350850e-03 1.150796764089443563e-03
4.437514991604703529e-01 7.946414877149783965e-03 2.601361329299181624e-04 2.548794601106383478e-04 5.077428546609065452e-04 5.183044788100903480e-04 6.633274393983909500e-04 6.596534748504207651e-04
4.529771020536194626e-01 4.705640603602388207e-03 1.530380362851158429e-04 1.498654534624263568e-04 3.002623534719339390e-04 3.059065584267300908e-04 3.939674612536206433e-04 3.884743738581846254e-04
4.622027049467684612e-01 2.983152916211755969e-03 9.679848794882407736e-05 9.440358332047076723e-05 1.905714776808814515e-04 1.932374688734437261e-04 2.512958967719868680e-04 2.453611717869032087e-04
4.714283078399175708e-01 2.012941964749763880e-03 6.508964098945200019e-05 6.378695746922123308e-05 1.287847913978008678e-04 1.299581733981733205e-04 1.706603689031762315e-04 1.651851749249553646e-04
4.806539107330666249e-01 1.428177272138916962e-03 4.596924146963972738e-05 4.547365813669561677e-05 9.145575601003305688e-05 9.192340812470898952e-05 1.218210034801476323e-04 1.170430137777522112e-04
4.898795136262157346e-01 1.054298954135755818e-03 3.394934747744733812e-05 3.336253964994029091e-05 6.800705518678084628e-05 6.767661030006571349e-05 9.044005530460725618e-05 8.634200444763929973e-05
4.991051165193647332e-01 8.032134834281336741e-04 2.579839160766182488e-05 2.560280604028931321e-05 5.162174613568759011e-05 5.163702799111289342e-05 6.926841889784277929e-05 6.576088449256989148e-05
5.083307194125139539e-01 6.277338514944527485e-04 2.007313012430326886e-05 2.009702506183190344e-05 4.024305054255096666e-05 4.041242630838819995e-05 5.429069508155559640e-05 5.139444719079694184e-05
5.175563223056629525e-01 5.009805730767487525e-04 1.594328945964725713e-05 1.619809505207231567e-05 3.212013498396905451e-05 3.229566523070206844e-05 4.334921493876224465e-05 4.102548922533698003e-05
5.267819251988120621e-01 4.068689296657409366e-04 1.296795251696391702e-05 1.324344097115707272e-05 2.600710228381247942e-05 2.627450402677134183e-05 3.522669068934953639e-05 3.333054185576493633e-05
5.360075280919610607e-01 3.353520307316958039e-04 1.067689526372734600e-05 1.085628829397208839e-05 2.136465482711034924e-05 2.169683971019019256e-05 2.905376918537616723e-05 2.748455459912046289e-05
5.452331309851101704e-01 2.799166216244075556e-04 8.926410425409453831e-06 9.034398266178169691e-06 1.777426072231870361e-05 1.811536601700839419e-05 2.426802754818311409e-05 2.295344758430494132e-05
5.544587338782591690e-01 2.362264753701298679e-04 7.529463250517280442e-06 7.559197283902810037e-06 1.495102960779868856e-05 1.530739900899383559e-05 2.048786872593834894e-05 1.938205188879206248e-05
5.636843367714083897e-01 2.012759380437292812e-04 6.392357641308335199e-06 6.421236133243382344e-06 1.272572075102456181e-05 1.305871407675308665e-05 1.738614827544271804e-05 1.652446753754109165e-05
5.729099396645573883e-01 1.729467713949628469e-04 5.475390683911014744e-06 5.543234403983823789e-06 1.091514308714999770e-05 1.119899783895677691e-05 1.491124729254898035e-05 1.420754264066359908e-05
5.821355425577064979e-01 1.497487694739717940e-04 4.794393326023737179e-06 4.811057063001098789e-06 9.474504577490044628e-06 9.671048299060059934e-06 1.295041308654244663e-05 1.230943323605811928e-05
5.913611454508554965e-01 1.305271995076011599e-04 4.199657944202976742e-06 4.189534483957726724e-06 8.231061171929212640e-06 8.429903737639990848e-06 1.132197054558967846e-05 1.074895711263496912e-05
6.005867483440046062e-01 1.144800680730217627e-04 3.679158472187144717e-06 3.668409013979131842e-06 7.211476515832024314e-06 7.394771444110663245e-06 9.959385551729638933e-06 9.452896590299552640e-06
6.098123512371537158e-01 1.009580265568029177e-04 3.236931164814248803e-06 3.224410595939228665e-06 6.378452757029904967e-06 6.523346132479251164e-06 8.797650800064287999e-06 8.360030577315291775e-06
6.190379541303028255e-01 8.949197766039148716e-05 2.859047891017412715e-06 2.863097567209034943e-06 5.660956869024021663e-06 5.785152226928395782e-06 7.803038591145232687e-06 7.432709036562514752e-06
6.282635570234518241e-01 7.970739774303150474e-05 2.524973190616545027e-06 2.553643372556931566e-06 5.049547115932987752e-06 5.155854947368489183e-06 6.953414190150357041e-06 6.640831282319256657e-06
6.374891599166009337e-01 7.129652102319377629e-05 2.263768007542993777e-06 2.288793261597199752e-06 4.524415934100244475e-06 4.615431604665766810e-06 6.222265504995101010e-06 5.959616233543768462e-06
6.467147628097499323e-01 6.403639724712975752e-05 2.026277140007581856e-06 2.063765479297946666e-06 4.071891793888242914e-06 4.149438727106405985e-06 5.590396902679307576e-06 5.371173341286352289e-06
6.559403657028991530e-01 5.773591935898253355e-05 1.834541595582410726e-06 1.850172002565420287e-06 3.678114941250386620e-06 3.745476312834564213e-06 5.041348099669059051e-06 4.860121569289897086e-06
6.651659685960481516e-01 5.223769875721422150e-05 1.672514327917116095e-06 1.675524132392001942e-06 3.324300640923950607e-06 3.393321936947043963e-06 4.561555237420350918e-06 4.413782269058998326e-06
6.743915714891972613e-01 4.742731547579352443e-05 1.523565342267322719e-06 1.521305540106508811e-06 3.006666890007909075e-06 3.085585965440823433e-06 4.141163610543563249e-06 4.022983728506290769e-06
6.836171743823462599e-01 4.319976393468619153e-05 1.391111692895066244e-06 1.376833695801740439e-06 2.730751755760332962e-06 2.815466584403348931e-06 3.771128808715221582e-06 3.679258129431569766e-06
6.928427772754953695e-01 3.947219647031594556e-05 1.279024037423309593e-06 1.251931193483513300e-06 2.487295640866197231e-06 2.577592994037573848e-06 3.444306606709242530e-06 3.375944955325482430e-06
7.020683801686443681e-01 3.617246640397367527e-05 1.163412861228144634e-06 1.146818028851266777e-06 2.286347292946989246e-06 2.361146184944025808e-06 3.154477118678859044e-06 3.107223153711772905e-06
7.112939830617935888e-01 3.324561183341581086e-05 1.071393557620422675e-06 1.063057633767773515e-06 2.107612752649257995e-06 2.168179481811849157e-06 2.896908410242902759e-06 2.868676786477541529e-06
7.205195859549425874e-01 3.064384164599168815e-05 9.903591358530032269e-07 9.904997967822541801e-07 1.944342088414751756e-06 2.010475832189611775e-06 2.667473074997937614e-06 2.656465806990401476e-06
7.297451888480916971e-01 2.831139869873454002e-05 9.191887848480404899e-07 9.202456300858660873e-07 1.794443381318378352e-06 1.868398092363740553e-06 2.461352672141164081e-06 2.466026479435052003e-06
7.389707917412406957e-01 2.623576661245825248e-05 8.547450028563003635e-07 8.586681817706428752e-07 1.660992579187801747e-06 1.737243690392321893e-06 2.277485432618471582e-06 2.296456689856101141e-06
7.481963946343899163e-01 2.437209858680773711e-05 7.934080672467420058e-07 7.919990532125705982e-07 1.543916683282824521e-06 1.619687727095692680e-06 2.111983856841767951e-06 2.144070902809985471e-06
7.574219975275389150e-01 2.269910412584998877e-05 7.428235735070540073e-07 7.330112021061757817e-07 1.448341577280915632e-06 1.514325236469459235e-06 1.963014334267471192e-06 2.007170668045810011e-06
7.666476004206880246e-01 2.119177979207008909e-05 6.938826248153690619e-07 6.875349203692456132e-07 1.361976231810050334e-06 1.419342941429859828e-06 1.837672385942421867e-06 1.883714230277218230e-06
7.758732033138370232e-01 1.983528705585629081e-05 6.512321795520746397e-07 6.482102365985035954e-07 1.280430128015193732e-06 1.327743736836151382e-06 1.729846050058861921e-06 1.772532026691124140e-06
7.850988062069861328e-01 1.861144903871122182e-05 6.091215214406361239e-07 6.100528311252194076e-07 1.208025692799571721e-06 1.242657226240453629e-06 1.632744074236951593e-06 1.672153957302676644e-06
7.943244091001351315e-01 1.750420490544520852e-05 5.733324298533652426e-07 5.775313963885534340e-07 1.146780753608854622e-06 1.165553693242202249e-06 1.545051869949114431e-06 1.581277845002746504e-06
8.035500119932843521e-01 1.650307134173468221e-05 5.410104636436407859e-07 5.465967658668365796e-07 1.091361477679772909e-06 1.095717902693169710e-06 1.465934370865344709e-06 1.499060635817204052e-06
8.127756148864333507e-01 1.559633883783389740e-05 5.111849165776715938e-07 5.147079797325333187e-07 1.039344086660122832e-06 1.032355300807822639e-06 1.394430043356733402e-06 1.424551388610123060e-06
8.220012177795824604e-01 1.477690311039173620e-05 4.857625757188319170e-07 4.861808610716043832e-07 9.910001673525255738e-07 9.778538467621484534e-07 1.330005225800053720e-06 1.354274708349898347e-06
8.312268206727314590e-01 1.403249883413491849e-05 4.602369109280640480e-07 4.606450731353183903e-07 9.360030740946804405e-07 9.314267425267205663e-07 1.271614197052699393e-06 1.287633605714964415e-06
8.404524235658805686e-01 1.335580784690219340e-05 4.394498870546105382e-07 4.391982976923757741e-07 8.939184359520244686e-07 8.800549737632972646e-07 1.218663863167123590e-06 1.227129445051842283e-06
8.496780264590296783e-01 1.274249313880873167e-05 4.180014087379606036e-07 4.214094857791672886e-07 8.541748226073613221e-07 8.331241196479129162e-07 1.170847051037507018e-06 1.172391153023021911e-06
8.589036293521787879e-01 1.218568239390895025e-05 3.998939938303996505e-07 3.997841194961949279e-07 8.142750538600637130e-07 7.925577339923453997e-07 1.127582680086234595e-06 1.122774137613635732e-06
8.681292322453277865e-01 1.168122248404233714e-05 3.839854222494197593e-07 3.820571211893812212e-07 7.831008476469438265e-07 7.606746329804538339e-07 1.086701973320293194e-06 1.077908020642781288e-06
8.773548351384768962e-01 1.122183736981944783e-05 3.688697238388738441e-07 3.688086587348794661e-07 7.551149844877316466e-07 7.325420375477830869e-07 1.044885320628760231e-06 1.037095139042095034e-06
8.865804380316258948e-01 1.080638606961284079e-05 3.572318810192789702e-07 3.544789224897334221e-07 7.297017190576651210e-07 7.070146676578592738e-07 1.006927590719977129e-06 1.000267491993557260e-06
8.958060409247751155e-01 1.043091549009935656e-05 3.473803664197899343e-07 3.413207962857593404e-07 7.065610267067465148e-07 6.865554608546089392e-07 9.724872181954880192e-07 9.670543952400019965e-07
9.050316438179241141e-01 1.008917823412874766e-05 3.405710284125026185e-07 3.295527040899470090e-07 6.819196623885108774e-07 6.721870189438016124e-07 9.410266518797845127e-07 9.368532482838247573e-07
9.142572467110732237e-01 9.780618595116829362e-06 3.280765015674092362e-07 3.204783398591438558e-07 6.563888528175959927e-07 6.569352325960769047e-07 9.124922212860089301e-07 9.096487436312123825e-07
9.234828496042222223e-01 9.502555256717840711e-06 3.195566033604477734e-07 3.114447427390480894e-07 6.355394515821083108e-07 6.382357098534618495e-07 8.866564325616580719e-07 8.851922492344279682e-07
9.327084524973712210e-01 9.252745504208942113e-06 3.127656304877468141e-07 3.018213584094997607e-07 6.177186049849207726e-07 6.213921328108090925e-07 8.633231832447753524e-07 8.632812061713179911e-07
9.419340553905202196e-01 9.028002704127065388e-06 3.042630496601900740e-07 2.966405538617855966e-07 6.039047766786908813e-07 6.062138930328755856e-07 8.422147399158598345e-07 8.436140557406817276e-07
9.511596582836694402e-01 8.828297865563744490e-06 2.973715157698767278e-07 2.906249905784290987e-07 5.899222283556384427e-07 5.916268927730879368e-07 8.233309649196028169e-07 8.262059178605778479e-07
9.603852611768185499e-01 8.649232766292663205e-06 2.910615688208502958e-07 2.855914652260054621e-07 5.738660239531160045e-07 5.784912863347359795e-07 8.062845377513710955e-07 8.082714347206131588e-07
9.696108640699675485e-01 8.492366323368932948e-06 2.875388461367533522e-07 2.840641795249140822e-07 5.593824330202316019e-07 5.669146468105770769e-07 7.912184209584013152e-07 7.926184582098800250e-07
9.788364669631165471e-01 8.352756518886352978e-06 2.825033657915773552e-07 2.779842849835855448e-07 5.461222087955170767e-07 5.565534017019791303e-07 7.776901261191522882e-07 7.787665012128953696e-07
9.880620698562656568e-01 8.237370187617086014e-06 2.807976059629413798e-07 2.730788646210110621e-07 5.353624153144632280e-07 5.478857182773943396e-07 7.663248442378236554e-07 7.673918710643163785e-07
9.972876727494148774e-01 8.128331927555607075e-06 2.779381988621687781e-07 2.679696628004301224e-07 5.309091182277812522e-07 5.409950160280885785e-07 7.555348197041960879e-07 7.567312088960215363e-07
1.006513275642563876e+00 8.040317356607579042e-06 2.756937501775069243e-07 2.639311489450643487e-07 5.277219545057183319e-07 5.367763398957410746e-07 7.466174870541010408e-07 7.482130182168966466e-07
1.015738878535712875e+00 7.967428314790622407e-06 2.734574537899909298e-07 2.605633880611984017e-07 5.254193317863989517e-07 5.294499724019636911e-07 7.390492529391676625e-07 7.412386101417609948e-07
1.024964481428862095e+00 7.908968630369030153e-06 2.717277999714934491e-07 2.583319678897244131e-07 5.239486805152007552e-07 5.231235201313272693e-07 7.327761368467973003e-07 7.357414332743152788e-07
1.034190084322011094e+00 7.863446867319502347e-06 2.704015641091140910e-07 2.584958929274774325e-07 5.232346357987765134e-07 5.189497130540098277e-07 7.276634633829299977e-07 7.315680055621891028e-07
1.043415687215160093e+00 7.831447313294713353e-06 2.683481871040182187e-07 2.585417539690246347e-07 5.233157376319996025e-07 5.161888999160761860e-07 7.237693512718002236e-07 7.287623330058870525e-07
1.052641290108309091e+00 7.811402913181497303e-06 2.671829779803857252e-07 2.578104922000707059e-07 5.241032228705387759e-07 5.142772881954554788e-07 7.209482848279911993e-07 7.271705694169399695e-07
1.061866893001458312e+00 7.803462625361380853e-06 2.666823497032742515e-07 2.565711691343607395e-07 5.256042959782295735e-07 5.136417295846607968e-07 7.192146097935654578e-07 7.267990004907685028e-07
1.071092495894607532e+00 7.806863969383311008e-06 2.651124392779895722e-07 2.551328989785526128e-07 5.277676149975412729e-07 5.158788176292770103e-07 7.185028572016527855e-07 7.275662101559494187e-07
1.080318098787756531e+00 7.821811104301711290e-06 2.680616918793388625e-07 2.566491629775112155e-07 5.285754965160009895e-07 5.187788698440009042e-07 7.188246954092855905e-07 7.294925382409395785e-07
1.089543701680905530e+00 7.847398779822099206e-06 2.691246472967180099e-07 2.565564745027077909e-07 5.289600410843032136e-07 5.222919772125020097e-07 7.201050855122218062e-07 7.324765968395337330e-07
1.098769304574054528e+00 7.883746901464261503e-06 2.703808648419321419e-07 2.582941022091592446e-07 5.308817537171976785e-07 5.256653779298566562e-07 7.223485643638237708e-07 7.365322930638931755e-07
1.107994907467203749e+00 7.931511977824941408e-06 2.706031214992346480e-07 2.612122479668230922e-07 5.323652250900469461e-07 5.312618783475015039e-07 7.256160088748358838e-07 7.417160554952080025e-07
1.117220510360352748e+00 7.989342637558964958e-06 2.719396492040180853e-07 2.622222432206801525e-07 5.343059626329948564e-07 5.364751262393694446e-07 7.347105905489862088e-07 7.479003625076475014e-07
1.126446113253501746e+00 8.057718273735588459e-06 2.754643304526901314e-07 2.650472685967312673e-07 5.388947174479866614e-07 5.413241387435046710e-07 7.453377972541243681e-07 7.551297148867068928e-07
1.135671716146650967e+00 8.137040853193434420e-06 2.769871073029811260e-07 2.671429709002564435e-07 5.413430545716090833e-07 5.490195893712282498e-07 7.569805060794600833e-07 7.634320232265033671e-07
1.144897319039799966e+00 8.227417042948998753e-06 2.802007673449560842e-07 2.703419701012561946e-07 5.450234324513704654e-07 5.569693889395436033e-07 7.696655512754115887e-07 7.728197297144607806e-07
1.154122921932948964e+00 8.328956900794867724e-06 2.830311245876353688e-07 2.743627571432067736e-07 5.517686620483626040e-07 5.650389362602884478e-07 7.834181704126689881e-07 7.833076625645633744e-07
1.163348524826097963e+00 8.441921850394651998e-06 2.854355323656382744e-07 2.787098971947288338e-07 5.603928359517627655e-07 5.737724210116561556e-07 7.982648579695388383e-07 7.949084492116653287e-07
1.172574127719247183e+00 8.566803432406789727e-06 2.896531459965703966e-07 2.832185627073922495e-07 5.697172305473881130e-07 5.832206383336372671e-07 8.142758842451272664e-07 8.076834281807817499e-07
1.181799730612396404e+00 8.704308532129134265e-06 2.938506237604466827e-07 2.878062840160872213e-07 5.797876451893397225e-07 5.934277271641486332e-07 8.315129238748918356e-07 8.216919756564805099e-07
1.191025333505545403e+00 8.854049834543161138e-06 2.989755217483329089e-07 2.921785236928683472e-07 5.905747286896657916e-07 6.040585616405980926e-07 8.497501966989123672e-07 8.364683323435094037e-07
1.200250936398694401e+00 9.018407452558250883e-06 3.033681811815234109e-07 2.987057155518680907e-07 6.022530787281556630e-07 6.151436247140404151e-07 8.632786979738905008e-07 8.512604613128866042e-07
1.209476539291843622e+00 9.197261022724758102e-06 3.095550475805068901e-07 3.041897707805285117e-07 6.147917922797702214e-07 6.269645275452493565e-07 8.781848094213664597e-07 8.673305805564630704e-07
1.218702142184992621e+00 9.391759647039582976e-06 3.163422317435816690e-07 3.103091296932843914e-07 6.282783063746751322e-07 6.395756676504693356e-07 8.945508893912791626e-07 8.847876686118382963e-07
1.227927745078141619e+00 9.603021215876777130e-06 3.239384349824242401e-07 3.188000966466280755e-07 6.418913786001495330e-07 6.530445804649946917e-07 9.124877611775060422e-07 9.037302697120073487e-07
1.237153347971290618e+00 9.832198221757714880e-06 3.321995448659616028e-07 3.281127468098309953e-07 6.560592373435546556e-07 6.674241480546731070e-07 9.320866471200672283e-07 9.242609917384071532e-07
1.246378950864439838e+00 1.008228910921557772e-05 3.389021061441938732e-07 3.378597765933435791e-07 6.699435300604699692e-07 6.828818683056320769e-07 9.536434290415880002e-07 9.466684808416405084e-07
1.255604553757589059e+00 1.035203258392893286e-05 3.492509067870898929e-07 3.486619122257279813e-07 6.854498970865475870e-07 6.993359289816257544e-07 9.770329855054294663e-07 9.708025527403957647e-07
1.264830156650738058e+00 1.064714586326927105e-05 3.565707177178338236e-07 3.599229377338043583e-07 7.022089410616885188e-07 7.171002028984622208e-07 1.002792010817535429e-06 9.972213347852495704e-07
1.274055759543887056e+00 1.096752486851657450e-05 3.649628094153535964e-07 3.688506732181195372e-07 7.202154267249782037e-07 7.361505304200848795e-07 1.030914014951573714e-06 1.025888694727878768e-06
1.283281362437036055e+00 1.131771583078660404e-05 3.744907031500648264e-07 3.798921280988044733e-07 7.396868405070046996e-07 7.597289865396468234e-07 1.061820752010352056e-06 1.057233618111997654e-06
1.292506965330185276e+00 1.170060863630435485e-05 3.856326357709491349e-07 3.953067504873653676e-07 7.607614702900340102e-07 7.859212668194063580e-07 1.095781073797390051e-06 1.091504983743711468e-06
1.301732568223334052e+00 1.212106875186163042e-05 4.003464839520501654e-07 4.073804227717986681e-07 7.837083082092830721e-07 8.146752607411619264e-07 1.133259914746530665e-06 1.129161173506836353e-06
1.310958171116483273e+00 1.258244294935612130e-05 4.200229238384758370e-07 4.237993285707648605e-07 8.100921087060932758e-07 8.474421840543315039e-07 1.174562372703956409e-06 1.170489692375591709e-06
1.320183774009632494e+00 1.309163906487232067e-05 4.417146831758630418e-07 4.397563602799804867e-07 8.450326571996792760e-07 8.841359150364923823e-07 1.220362065868989024e-06 1.216134795097565703e-06
1.329409376902781492e+00 1.365550707209469848e-05 4.644438533095099640e-07 4.548143168860618104e-07 8.841793668396237879e-07 9.221904192469417743e-07 1.271336296516742149e-06 1.266724025574231897e-06
1.338634979795930713e+00 1.428165248108283631e-05 4.822830306440669995e-07 4.720950719289619040e-07 9.281143344067902884e-07 9.626572065608960012e-07 1.328194997192449914e-06 1.322942632446254363e-06
1.347860582689079489e+00 1.498137605361584176e-05 5.030057667397469561e-07 4.968346185844070524e-07 9.777072434922651510e-07 1.010627120355306842e-06 1.392028947775841995e-06 1.385837214413426649e-06
1.357086185582228710e+00 1.576558343659760370e-05 5.288748450179776882e-07 5.212063036486729478e-07 1.033859881944773786e-06 1.064287847391916832e-06 1.463895964241508413e-06 1.456393444271993800e-06
1.366311788475377931e+00 1.665009511439851958e-05 5.591282878105225296e-07 5.494009013411678996e-07 1.097831357029391226e-06 1.120821690864597065e-06 1.545338462181211078e-06 1.536069934326498155e-06
1.375537391368526707e+00 1.765324163729605747e-05 5.877142041944895278e-07 5.834013920544423709e-07 1.164076667985918992e-06 1.181820420145771213e-06 1.638140408920767669e-06 1.626545085358852683e-06
1.384762994261675928e+00 1.879860868569120086e-05 6.230309859907649762e-07 6.242018465215215907e-07 1.236236167198064814e-06 1.250764532601445525e-06 1.744613644799872839e-06 1.730555611920413125e-06
1.393988597154824927e+00 2.011543870524846255e-05 6.602888282226612206e-07 6.703398027351800518e-07 1.317370719832915089e-06 1.331547773380777153e-06 1.864986569341460813e-06 1.850350898498372663e-06
1.403214200047974147e+00 2.164160054576352079e-05 7.067287477975667893e-07 7.219340267752911620e-07 1.408194275917429864e-06 1.439132787279890968e-06 1.986846633588805049e-06 1.988452542208102129e-06
1.412439802941123368e+00 2.342594610869795050e-05 7.590524113227597027e-07 7.815612581893060693e-07 1.513911399595639049e-06 1.565810619781713987e-06 2.128345679174694423e-06 2.149204566948808556e-06
1.421665405834272145e+00 2.553182594941428050e-05 8.244549845609870371e-07 8.546369024065627587e-07 1.657175949838867433e-06 1.716415136501579081e-06 2.294153525802116340e-06 2.339338946434889820e-06
1.430891008727421365e+00 2.804514926228675155e-05 9.069486112866232395e-07 9.346321660026117410e-07 1.814673741127785191e-06 1.897504758038533797e-06 2.490583697675393548e-06 2.561047055887914818e-06
1.440116611620570364e+00 3.108039494023574160e-05 1.001727366107468614e-06 1.040419390442794579e-06 2.016429694377494010e-06 2.116553182346580457e-06 2.725937308935218227e-06 2.829348967693049582e-06
1.449342214513719362e+00 3.479667384627205880e-05 1.110638427288107837e-06 1.161867065334222374e-06 2.263981164392153082e-06 2.361703208651336542e-06 3.011733869440066057e-06 3.155623036876213270e-06
1.458567817406868583e+00 3.941651454206418552e-05 1.261809742551717780e-06 1.299995403783510341e-06 2.542186992363261325e-06 2.657959950029390762e-06 3.376431871572604937e-06 3.558245573826324809e-06
1.467793420300017582e+00 4.526081974876963493e-05 1.450598890721372357e-06 1.505768008229034364e-06 2.923662275052255272e-06 3.033772328955844561e-06 3.875903837089034036e-06 4.063445419463917866e-06
1.477019023193166802e+00 5.280048173922199581e-05 1.678200146992281925e-06 1.763105222849981253e-06 3.392896745480718831e-06 3.524719913113262733e-06 4.517380428313618065e-06 4.709207804277148004e-06
1.486244626086316023e+00 6.274597101248864629e-05 2.021212047688435761e-06 2.082218033219325449e-06 3.982740215280078941e-06 4.234247564094590927e-06 5.358972465002958922e-06 5.551920636070363925e-06
1.495470228979464800e+00 7.619670088360847547e-05 2.449401030111045523e-06 2.508348657137812244e-06 4.806910166049510255e-06 5.184572365491980353e-06 6.489673400342539232e-06 6.704742861723925911e-06
1.504695831872614020e+00 9.489029666551717908e-05 3.054502806558597426e-06 3.133198715556459587e-06 6.019458573296371847e-06 6.449613813093335482e-06 8.048347546966467961e-06 8.337356608585731049e-06
1.513921434765763019e+00 1.216033338161838907e-04 3.948376793494365019e-06 4.028449868481763854e-06 7.845434337407460783e-06 8.297969779005328434e-06 1.025347494802993195e-05 1.070997639228953859e-05
1.523147037658912017e+00 1.606575873464291190e-04 5.210091253201703772e-06 5.286697448998609267e-06 1.022365851436861785e-05 1.089647756945963061e-05 1.343795400003170945e-05 1.427802320512703009e-05
1.532372640552061016e+00 2.179292581647784886e-04 7.026698911408548517e-06 7.295130284871775622e-06 1.369454565658149102e-05 1.464300788926620081e-05 1.838689873186788080e-05 1.975472246636822546e-05
1.541598243445210237e+00 2.972212260698017328e-04 9.759204311205892275e-06 9.838163601297192189e-06 1.835515688232284334e-05 1.984637972337818801e-05 2.550692568824671413e-05 2.775564200972562273e-05
1.550823846338359457e+00 3.846567636135458609e-04 1.305413975801058505e-05 1.264800212136404315e-05 2.411986082322982710e-05 2.590558385006096632e-05 3.320526747924433834e-05 3.618527231236958689e-05
1.560049449231508456e+00 4.274209352585717301e-04 1.487868474352892949e-05 1.401425556126341355e-05 2.751187008606843527e-05 2.857384876760394243e-05 3.680577185695210274e-05 4.037011918400789951e-05
1.569275052124657455e+00 3.809260642851140886e-04 1.334462871692806063e-05 1.269017847720788203e-05 2.496849329781562288e-05 2.473112156435017034e-05 3.295925719978213663e-05 3.569937974873390804e-05
1.578500655017806453e+00 2.864843568325309612e-04 9.774581606267966453e-06 9.640416536168725480e-06 1.826924961792594955e-05 1.803652802962347210e-05 2.509253060552012974e-05 2.638798264063558488e-05
1.587726257910955674e+00 2.015690922263028420e-04 6.647788913455158263e-06 6.749060397215778800e-06 1.272492996153048029e-05 1.260105186530588364e-05 1.791110351138616068e-05 1.817957578370660537e-05
1.596951860804104451e+00 1.418350955947186235e-04 4.767059024833798135e-06 4.765355017449600774e-06 8.935979049922278478e-06 8.765643064190562850e-06 1.264386598747891809e-05 1.260789073875414148e-05
1.606177463697253671e+00 1.024670210729000371e-04 3.429848665756400844e-06 3.433693125402050321e-06 6.477384872274687903e-06 6.453408309335710797e-06 9.120172890007968106e-06 8.981068367378016826e-06
1.615403066590402892e+00 7.648881019952349567e-05 2.573021318508784115e-06 2.575753560103837838e-06 4.879079710827990686e-06 4.839469345598761737e-06 6.780038562221232519e-06 6.624366516208194484e-06
1.624628669483551890e+00 5.894633641509393058e-05 1.984768055283754227e-06 1.982578203810652143e-06 3.766730006376587119e-06 3.746780680153465081e-06 5.196091947775886215e-06 5.052781183068473471e-06
1.633854272376701111e+00 4.675626278308051735e-05 1.571413856404098427e-06 1.572915939802950935e-06 2.996489729796174902e-06 3.033249102582050182e-06 4.095318160571633111e-06 3.972297674379363075e-06
1.643079875269850110e+00 3.804549551061058986e-05 1.286550253999301050e-06 1.277912814252795477e-06 2.447158588525082676e-06 2.482020052906486630e-06 3.309289285707278237e-06 3.207465097245335592e-06
1.652305478162999108e+00 3.165972616410059440e-05 1.081933070279744139e-06 1.055598046449353952e-06 2.049027576808688897e-06 2.042167375758660765e-06 2.733647055569182088e-06 2.651621764202389116e-06
1.661531081056148329e+00 2.687318559902519458e-05 9.156336725064557493e-07 8.988715596189844061e-07 1.735909320697901474e-06 1.737101153158823876e-06 2.302610293457567781e-06 2.238390452855473756e-06
1.670756683949297106e+00 2.321312883336106264e-05 7.877242349243252547e-07 7.784241714589924842e-07 1.499945685406039059e-06 1.490776496856140729e-06 1.973440771368818698e-06 1.924917461846509172e-06
1.679982286842446326e+00 2.036675115373260612e-05 6.906946961818548380e-07 6.823457943640709683e-07 1.315175454217645779e-06 1.300335092063568016e-06 1.717755934426173952e-06 1.683051356186282207e-06
1.689207889735595547e+00 1.811999788510729282e-05 6.140180063736896097e-07 6.035446406613476154e-07 1.168280088569707668e-06 1.157484996881491654e-06 1.516157062558407611e-06 1.493656425295597132e-06
1.698433492628744546e+00 1.632325237812279426e-05 5.486755063636772128e-07 5.372271564060188446e-07 1.050477105910465340e-06 1.042784466647590330e-06 1.355102647114115585e-06 1.343420434132555502e-06
1.707659095521893766e+00 1.487008712348026442e-05 5.006089096974511047e-07 4.812792000253049923e-07 9.583005554812784030e-07 9.487546553039591168e-07 1.246159282898285560e-06 1.222933176968306717e-06
1.716884698415042543e+00 1.368324478487380888e-05 4.618729835987054531e-07 4.461966840113920640e-07 8.862407368327083991e-07 8.704639902445921937e-07 1.161325387512340669e-06 1.125392781348131624e-06
1.726110301308191763e+00 1.270543269906416324e-05 4.269985576193369967e-07 4.167296411222768505e-07 8.179432794041128683e-07 8.044690656419455180e-07 1.092521251505101235e-06 1.045774042781575801e-06
1.735335904201340984e+00 1.189384538413905299e-05 3.995380048160200554e-07 3.899499507299869684e-07 7.766716019492540644e-07 7.565808097367084269e-07 1.030779480166829534e-06 9.803401800797390664e-07
1.744561507094489761e+00 1.121578338747562025e-05 3.767661359108306354e-07 3.653306641903299737e-07 7.270877603672292898e-07 7.110067085233298120e-07 9.620078592284965463e-07 9.262424448405242791e-07
1.753787109987638981e+00 1.064627395426200867e-05 3.597710063341650802e-07 3.454709383002864647e-07 6.947655479940263701e-07 6.776236396740941982e-07 9.030596566142378638e-07 8.813283485139146429e-07
1.763012712880787980e+00 1.016548815135299020e-05 3.399942399296958326e-07 3.320551828194764405e-07 6.638985253100150699e-07 6.543837724293991557e-07 8.566960936402246687e-07 8.438846135054504618e-07
1.772238315773937201e+00 9.758119408206338815e-06 3.217395891666759264e-07 3.216319347191178729e-07 6.396377344581733175e-07 6.298566833690211149e-07 8.273128276565832527e-07 8.125896713838448088e-07
1.781463918667086421e+00 9.411737827090899475e-06 3.128767711678511387e-07 3.079465815167971814e-07 6.204209128263141697e-07 6.087943776032799827e-07 8.022060803310041200e-07 7.863869147531668389e-07
1.790689521560235198e+00 9.116571598503479541e-06 3.018356383325537253e-07 2.985745199295733308e-07 6.012085817114813739e-07 5.905819569261586225e-07 7.806807515624927140e-07 7.644286614733435408e-07
1.799915124453384419e+00 8.864545937859683050e-06 2.915509241039065410e-07 2.897129507952958825e-07 5.842088372526242195e-07 5.747027242259688151e-07 7.622264859388364143e-07 7.460520983153224412e-07
1.809140727346533417e+00 8.649087314184521314e-06 2.823939973235752379e-07 2.821653203040738251e-07 5.694085734182441962e-07 5.607341159642815413e-07 7.463491850476142278e-07 7.306797149739213915e-07
1.818366330239682416e+00 8.464923553360548299e-06 2.776224745090774901e-07 2.788040704396485623e-07 5.565053664138296693e-07 5.492937884404028103e-07 7.326915435068061933e-07 7.178698612685054017e-07
1.827591933132831414e+00 8.307547004900324360e-06 2.735100343144200954e-07 2.728642075074039008e-07 5.452398155747952821e-07 5.403923842087786421e-07 7.209421405709892801e-07 7.072444652565565613e-07
1.836817536025980635e+00 8.173227536738912461e-06 2.703137644645350353e-07 2.695468605434909283e-07 5.354006123673836926e-07 5.329781527649276798e-07 7.108533083417124386e-07 6.984974544135126343e-07
1.846043138919129634e+00 8.058969356166195970e-06 2.686260145943528387e-07 2.662669422262671032e-07 5.267987432541852423e-07 5.257104573196152075e-07 7.021946577800116990e-07 6.904077986618697508e-07
1.855268741812278410e+00 7.962046266727292211e-06 2.622693828811498596e-07 2.627275659639039912e-07 5.192824278767580246e-07 5.196930481803871629e-07 6.947873861962798581e-07 6.813829302831636090e-07
1.864494344705427187e+00 7.880270937452521097e-06 2.620085180872147200e-07 2.601694222654134337e-07 5.127076577403011983e-07 5.156222907732097406e-07 6.884701527122814326e-07 6.736996121600365782e-07
1.873719947598576185e+00 7.811719085775054399e-06 2.590935071220253023e-07 2.575145781979649583e-07 5.080369523720103551e-07 5.128985991897848194e-07 6.831156924815806169e-07 6.671899749159496579e-07
1.882945550491724962e+00 7.754913419022748490e-06 2.584272066138529773e-07 2.533730715191746783e-07 5.063954619624711309e-07 5.092677228091942404e-07 6.786114762427624688e-07 6.617202305917794223e-07
1.892171153384873961e+00 7.708321097922300443e-06 2.560371335555982231e-07 2.546127497840632947e-07 5.051978877555350807e-07 5.069850991977616775e-07 6.748591938816560345e-07 6.571585683312566753e-07
1.901396756278022737e+00 7.670880926633341101e-06 2.548423915225344287e-07 2.566444695059679965e-07 5.056821323769941060e-07 5.052979081776563593e-07 6.717714925601602508e-07 6.539329892010279404e-07
1.910622359171171736e+00 7.641347307287294711e-06 2.539911446151243068e-07 2.569964653288652268e-07 5.069152494621292248e-07 5.037177334130901288e-07 6.692670593840741023e-07 6.519565798955188080e-07
1.919847962064320512e+00 7.619208193707574274e-06 2.539901170459939560e-07 2.571094740025850405e-07 5.084465335435852998e-07 5.025320631788313198e-07 6.692603452232500714e-07 6.504963278918586442e-07
1.929073564957469289e+00 7.603324410737112571e-06 2.550323595011024240e-07 2.582590761819095578e-07 5.099161101336009981e-07 5.016302470536787231e-07 6.706482188316442456e-07 6.494633998473473967e-07
1.938299167850618288e+00 7.593144819567602960e-06 2.550677701829625883e-07 2.585517495583028553e-07 5.044831404185776727e-07 5.010503382825348394e-07 6.724181724866974767e-07 6.488267072603974491e-07
1.947524770743767064e+00 7.588129785183278635e-06 2.556422534346198034e-07 2.567618995752054474e-07 5.051946975738525177e-07 5.008419185899399713e-07 6.745223154758535949e-07 6.485571091301942318e-07
1.956750373636916063e+00 7.587611602546583102e-06 2.544105993199714227e-07 2.583256626885783330e-07 5.060034457790683017e-07 5.007983059950125976e-07 6.769269254502856560e-07 6.485952716759504195e-07
1.965975976530064839e+00 7.591285248337786910e-06 2.559424946402533006e-07 2.589152369517566814e-07 5.052919117838358627e-07 4.998598903314101658e-07 6.796071088811067270e-07 6.489315593425905938e-07
1.975201579423213616e+00 7.598676674186204594e-06 2.562407179030035912e-07 2.591415611396055097e-07 5.023575274677564046e-07 5.015012983142894915e-07 6.825278394707382499e-07 6.495297608240112764e-07
1.984427182316362615e+00 7.608947250731029444e-06 2.567709310158889928e-07 2.593034368194285365e-07 5.011786548908044663e-07 5.021372196521114412e-07 6.855373900168889285e-07 6.503916297301463932e-07
1.993652785209511391e+00 7.623209795407386616e-06 2.577373184828758436e-07 2.593544957678245701e-07 5.037347266335221092e-07 5.029126201984025616e-07 6.889937456204102981e-07 6.514210151889831307e-07
2.002878388102660168e+00 7.639689178809706127e-06 2.590369918566607597e-07 2.596060840911276846e-07 5.064000582231363578e-07 5.038705561279094693e-07 6.924954998346828015e-07 6.526661978423418695e-07
2.012103990995809166e+00 7.658760762451324581e-06 2.593615671752651268e-07 2.596793311631782653e-07 5.091841575871083430e-07 5.050075368310101039e-07 6.961643101557504320e-07 6.559526940405320874e-07
2.021329593888958165e+00 7.679960652823018867e-06 2.605458550197920756e-07 2.594215789463565961e-07 5.120611136929868848e-07 5.060811072194055496e-07 6.999607894760342426e-07 6.604023698900843249e-07
2.030555196782107164e+00 7.703266310225168019e-06 2.600342443123342633e-07 2.595203827208778121e-07 5.150343737376710489e-07 5.054298122101704734e-07 7.038891844178378487e-07 6.649725712246883143e-07
2.039780799675255718e+00 7.728468285872254026e-06 2.613751223142550621e-07 2.609019644150667287e-07 5.180809458990847939e-07 5.049523329744535105e-07 7.079351705452401115e-07 6.696483148473989080e-07
2.049006402568404717e+00 7.755347856890029243e-06 2.615170794877696075e-07 2.611842002247064082e-07 5.211830361182890649e-07 5.075608115637837041e-07 7.120848360180400820e-07 6.744121050561142664e-07
2.058232005461553715e+00 7.783780213016109747e-06 2.617425434997606884e-07 2.617133474825417499e-07 5.226089903504282057e-07 5.091724839563420793e-07 7.163259656124169807e-07 6.792618424254187712e-07
2.067457608354702270e+00 7.813821119658249316e-06 2.618454048638267878e-07 2.636802529353213654e-07 5.241670519985248007e-07 5.093438446012720034e-07 7.212670529006472733e-07 6.842043317518144662e-07
2.076683211247851268e+00 7.844701478212131039e-06 2.633941245042448106e-07 2.655443908679391206e-07 5.269874700678946308e-07 5.096015562023878192e-07 7.269905915551397291e-07 6.891731399076950922e-07
2.085908814141000267e+00 7.877064210026468846e-06 2.652844907242776361e-07 2.676640915999732026e-07 5.291628413828014434e-07 5.112640188817632077e-07 7.328273289944014601e-07 6.942319411173646635e-07
2.095134417034148822e+00 7.910454336601688435e-06 2.670552290373055164e-07 2.697539339528375431e-07 5.312239833000457091e-07 5.142677631023947923e-07 7.387240379771703149e-07 6.993385831128731843e-07
2.104360019927297820e+00 7.944890810347913132e-06 2.684140764420085479e-07 2.718605114618704443e-07 5.333635548746339203e-07 5.177884240830743249e-07 7.446897404310231871e-07 7.044996873497111228e-07
2.113585622820446819e+00 7.980188501776338685e-06 2.701714388164333709e-07 2.739772437973696852e-07 5.355697908019084349e-07 5.213499138451420473e-07 7.507128773841000973e-07 7.097026039172854114e-07
2.122811225713595817e+00 8.016454519371322417e-06 2.714293077548285041e-07 2.761096443119609982e-07 5.378496562525275057e-07 5.253321986432816986e-07 7.568059077420953465e-07 7.149595895548969837e-07
2.132036828606744372e+00 8.053391985369116510e-06 2.722419377579103573e-07 2.780433176477235889e-07 5.401806320051080057e-07 5.286976872656078171e-07 7.629360467471648293e-07 7.202433397347859261e-07
2.141262431499893371e+00 8.090990911580896758e-06 2.729878962388191418e-07 2.800057449308294375e-07 5.425598708559623825e-07 5.324466913525861933e-07 7.691048816093878969e-07 7.255556960232439583e-07
2.150488034393042369e+00 8.129368565321662288e-06 2.744511756040311589e-07 2.814191688349496393e-07 5.449949056690089790e-07 5.372127728472140810e-07 7.753355800473998714e-07 7.309133998090241104e-07
2.159713637286190924e+00 8.168258001850068511e-06 2.756891308521396258e-07 2.819455159469462437e-07 5.474693224758950261e-07 5.422860579567808997e-07 7.815924982560105814e-07 7.362887681153040161e-07
2.168939240179339922e+00 8.207642977410668181e-06 2.768886185546014423e-07 2.833478543839562799e-07 5.499842821558847413e-07 5.473585064586641911e-07 7.878799124373524226e-07 7.416848882627185492e-07
2.178164843072488921e+00 8.247558100587799016e-06 2.782204069666372316e-07 2.856589560361601042e-07 5.545262766493502479e-07 5.524336305517651134e-07 7.942067140229380301e-07 7.471077969271325351e-07
2.187390445965637920e+00 8.287892540870415639e-06 2.794583892531012483e-07 2.878229507889989611e-07 5.590728170341314481e-07 5.575038127287134759e-07 8.005618868102433704e-07 7.525477312290059718e-07
2.196616048858786474e+00 8.328844784189192032e-06 2.805117867518538489e-07 2.881184012246187231e-07 5.636420157615948916e-07 5.625836426395116506e-07 8.069515126984671156e-07 7.580191631270095617e-07
2.205841651751935473e+00 8.369988208304268541e-06 2.813920638521236943e-07 2.888359365415348572e-07 5.667583566119427043e-07 5.676489233655277394e-07 8.133546768791211318e-07 7.634917216740564437e-07
2.215067254645084471e+00 8.411500776914627146e-06 2.824766610555443807e-07 2.904954671582382300e-07 5.696034702848051996e-07 5.727087802506935019e-07 8.197881209791381846e-07 7.689822955244654448e-07
2.224292857538233026e+00 8.453524559400341947e-06 2.827594650993856483e-07 2.906591146062682249e-07 5.724559307652002854e-07 5.777392323953623728e-07 8.262491323710645456e-07 7.744982274994889572e-07
2.233518460431382024e+00 8.495701939859725074e-06 2.854335611249881114e-07 2.924538686277921310e-07 5.753159212066149132e-07 5.827587500628306048e-07 8.327219255997394577e-07 7.800151924084030718e-07
2.242744063324531023e+00 8.538196800819984733e-06 2.869965383493688015e-07 2.936806437448930788e-07 5.781910535058830950e-07 5.877767867546597436e-07 8.392121655348271119e-07 7.855459380210258181e-07
2.251969666217680022e+00 8.578259187110525056e-06 2.886010222065140226e-07 2.957066976503955471e-07 5.809816843702085337e-07 5.925529959288799482e-07 8.456097160657755909e-07 7.909004750718449613e-07
2.261195269110828576e+00 8.621653054221806728e-06 2.909219784211286239e-07 2.984441779807455971e-07 5.838972716503031737e-07 5.962396233172271329e-07 8.516203171487308696e-07 7.964794054000812505e-07
2.270420872003977575e+00 8.665296337402120862e-06 2.924330029893937907e-07 3.011233618206274381e-07 5.868222140187096285e-07 5.999344580543797511e-07 8.543120755428560982e-07 8.020601013893669830e-07
2.279646474897126573e+00 8.710375167469616969e-06 2.951310034765871726e-07 3.031891359481686705e-07 5.898006448055461809e-07 6.037292600130583721e-07 8.571174052921062451e-07 8.077334580606212392e-07
2.288872077790275128e+00 8.753158152961779790e-06 2.971129633619183251e-07 3.046233366550507745e-07 5.927028560369624439e-07 6.073421779194060826e-07 8.597740382935941783e-07 8.132432709357331242e-07
2.298097680683424127e+00 8.797334859759631812e-06 3.005704621161510133e-07 3.060971003588831846e-07 5.956561657608746484e-07 6.110528656967917214e-07 8.625397069023311080e-07 8.188434823258616981e-07
2.307323283576573125e+00 8.841662468172433245e-06 3.037548311528510177e-07 3.077109313373736294e-07 5.991319611606881970e-07 6.147675835952001646e-07 8.653269258173598439e-07 8.244486304613624425e-07
2.316548886469722124e+00 8.886177400665347674e-06 3.051602240170098835e-07 3.101558165987157450e-07 6.035849369760250743e-07 6.184382244545878001e-07 8.681400375010069309e-07 8.300606576467374058e-07
2.325774489362870678e+00 8.930766224005677224e-06 3.065697170029153855e-07 3.115123083063164118e-07 6.080461607956549880e-07 6.220857996695119822e-07 8.714212206765101096e-07 8.356741965528807374e-07
2.335000092256019677e+00 8.975488426565105679e-06 3.084081616835044948e-07 3.127356917004763085e-07 6.117662705799571595e-07 6.257375927024814711e-07 8.772870510161764093e-07 8.392011618182531235e-07
2.344225695149168676e+00 9.020507733249149939e-06 3.109669873946206464e-07 3.143156169390397872e-07 6.149188962547948910e-07 6.294083743506406710e-07 8.831555670357495961e-07 8.451269617206975981e-07
2.353451298042317230e+00 9.065186078973846214e-06 3.129196681230838256e-07 3.162854812693310669e-07 6.180218327412337142e-07 6.330464432096505361e-07 8.890272168957067691e-07 8.510064572592852627e-07
2.362676900935466229e+00 9.110202574509181843e-06 3.148880444178231230e-07 3.185038401601798130e-07 6.211483295322366995e-07 6.367060514449169830e-07 8.949029347736302915e-07 8.569102979604555098e-07
2.371902503828615227e+00 9.155264585842611436e-06 3.168523203612851020e-07 3.212940044523558870e-07 6.242705942972687027e-07 6.389173447955538384e-07 9.007779653133957581e-07 8.628105207795545590e-07
2.381128106721764226e+00 9.200398540868633381e-06 3.186297510721644924e-07 3.235680581729206393e-07 6.273907659309870189e-07 6.411360533007982458e-07 9.066567644819266029e-07 8.687105045551545289e-07
2.390353709614912781e+00 9.245579085666714335e-06 3.203303590597173471e-07 3.260166780362187816e-07 6.305084003767451328e-07 6.433673095550373463e-07 9.125405372051896352e-07 8.746105096850039764e-07
2.399579312508061779e+00 9.290820998956081017e-06 3.220300294750508366e-07 3.281700065573217671e-07 6.336227118465959503e-07 6.456067641907659905e-07 9.184236407730206477e-07 8.805072227326822510e-07
2.408804915401210778e+00 9.336104195725249447e-06 3.250712961449922690e-07 3.297444319367857425e-07 6.369540087361030009e-07 6.478557580339346778e-07 9.243084713727043521e-07 8.863906025645611160e-07
2.418030518294359332e+00 9.381419609910097049e-06 3.282083497897178196e-07 3.312470480485738358e-07 6.411038572854691668e-07 6.514725848200110075e-07 9.301950666082040671e-07 8.920319526734504469e-07
2.427256121187508331e+00 9.426761099094952946e-06 3.312031663007459809e-07 3.330965566553121605e-07 6.452561643565993922e-07 6.555409108485485783e-07 9.360870167096583264e-07 8.976754649904202053e-07
2.436481724080657330e+00 9.472144783426325070e-06 3.331110463464922528e-07 3.352895743249079385e-07 6.494065815835778826e-07 6.596099584428596571e-07 9.419785297018269156e-07 9.033182631419484982e-07
2.445707326973806328e+00 9.517547387209155291e-06 3.350223142731533236e-07 3.374788414701239913e-07 6.535568477090875251e-07 6.636800720617078533e-07 9.478719488372820652e-07 9.089610022213770267e-07
2.454932929866954883e+00 9.562967061855407152e-06 3.365522069132674706e-07 3.396640020047077800e-07 6.577069256880203988e-07 6.677511619099276417e-07 9.537673822156153363e-07 9.146036420021421201e-07
2.464158532760103881e+00 9.608385102748577802e-06 3.381072233438757224e-07 3.421661294813376289e-07 6.618567880407709984e-07 6.718225497357103966e-07 9.596638349113204084e-07 9.202450969897446549e-07
2.473384135653252880e+00 9.653808221432753233e-06 3.403413441734858940e-07 3.446651795046565758e-07 6.664268711577436317e-07 6.758939201345847786e-07 9.655615407779391459e-07 9.258855801178541477e-07
2.482609738546401434e+00 9.699237395401444115e-06 3.421125455320567097e-07 3.468194148368695278e-07 6.719802770461438254e-07 6.799663625331919987e-07 9.714621167133797685e-07 9.315262950973178231e-07
2.491835341439550433e+00 9.744674309812260485e-06 3.430529246768852672e-07 3.487446171995686956e-07 6.755118964639221561e-07 6.840395834005498623e-07 9.773652257325332696e-07 9.371670441769710082e-07
2.501060944332699432e+00 9.790086525892781845e-06 3.443208452227691855e-07 3.508690106557766400e-07 6.801010090055169532e-07 6.881117801926366637e-07 9.832690095200080264e-07 9.428055801232390756e-07
2.510286547225848430e+00 9.835525154816764733e-06 3.461323167614562294e-07 3.529930494601416841e-07 6.848611566001670120e-07 6.921845466747366733e-07 9.891737194099290597e-07 9.484439543768772359e-07
2.519512150118996985e+00 9.880918546024452848e-06 3.477651042371411914e-07 3.551100901625796796e-07 6.896315143219130731e-07 6.962566304726486397e-07 9.950812829738342881e-07 9.540807167852129167e-07
2.528737753012145983e+00 9.926331014473423019e-06 3.491251155008585406e-07 3.572264597536425846e-07 6.944049745373917038e-07 7.003111243449389243e-07 1.000989796681864136e-06 9.597170772477650830e-07
2.537963355905294982e+00 9.971678529058797748e-06 3.495470656681969198e-07 3.592988184106109159e-07 6.991885572572793849e-07 7.043555527584478067e-07 1.006900491868119651e-06 9.653508452029113944e-07
2.547188958798443537e+00 1.001705907328662437e-05 3.499728103933751028e-07 3.610922625266545000e-07 7.039762075284267318e-07 7.077630461122405651e-07 1.012813692212084318e-06 9.709857001260384038e-07
2.556414561691592535e+00 1.006239480523814512e-05 3.505013998770941080e-07 3.628204441995061020e-07 7.087705543385561154e-07 7.104226706950120024e-07 1.018727211631376465e-06 9.766174770678870165e-07
2.565640164584741534e+00 1.010765073899062498e-05 3.521467652156585104e-07 3.644867920657738155e-07 7.135691346407519283e-07 7.130769555386074415e-07 1.024637853606444557e-06 9.822430858375444910e-07
2.574865767477890532e+00 1.015299334909265730e-05 3.537926701501600861e-07 3.660222492082583994e-07 7.183826218539685949e-07 7.157379422938437509e-07 1.030561326262163080e-06 9.878779500508339982e-07
2.584091370371039087e+00 1.019826211736187445e-05 3.554344674892011307e-07 3.675294449431448801e-07 7.231839133701420700e-07 7.183941461873157453e-07 1.036478595028953822e-06 9.935047944816925182e-07
2.593316973264188086e+00 1.024347526212813798e-05 3.570711751688861749e-07 3.689715267455258204e-07 7.279570849286405733e-07 7.210464892161873031e-07 1.042400263161180382e-06 9.991308621359028670e-07
2.602542576157337084e+00 1.028868232405939405e-05 3.587062061809113240e-07 3.704143762192658453e-07 7.327343145400762038e-07 7.236914045118087542e-07 1.048322594645416440e-06 1.004755526925319890e-06
2.611768179050485639e+00 1.033387349179149378e-05 3.603384589962133701e-07 3.723114733317398447e-07 7.375206623216132437e-07 7.263326871239766383e-07 1.054248807469820927e-06 1.010379478218868216e-06
2.620993781943634637e+00 1.037899733589238249e-05 3.619662169567384736e-07 3.747964857372244982e-07 7.423131694999869146e-07 7.289693985196465427e-07 1.060174396810360982e-06 1.015998310142351619e-06
2.630219384836783636e+00 1.042411000614269281e-05 3.635922494792422890e-07 3.766795200790039951e-07 7.471105880409911932e-07 7.316056410620124878e-07 1.066101123384346065e-06 1.021615902494753608e-06
2.639444987729932635e+00 1.046916321117057393e-05 3.652131774854322092e-07 3.787192706458957539e-07 7.519139833030903685e-07 7.342377948301424557e-07 1.072032728693987852e-06 1.027232797772704485e-06
2.648670590623081189e+00 1.051419187794516947e-05 3.669067398383354250e-07 3.809331114222581726e-07 7.566995423634119942e-07 7.368685532754909532e-07 1.077963749626244697e-06 1.032846903678630174e-06
2.657896193516230188e+00 1.055917759727907321e-05 3.693171617312866354e-07 3.831418292081538923e-07 7.597596890891803985e-07 7.394964949576457740e-07 1.083897737631203507e-06 1.038459721331597507e-06
2.667121796409379186e+00 1.060412164048133873e-05 3.716754179143503102e-07 3.853467655352423005e-07 7.622388960575217365e-07 7.421215156737650197e-07 1.089834043705630181e-06 1.044071019925584131e-06
2.676347399302527741e+00 1.064902161265856480e-05 3.739692310380724594e-07 3.875462940796885447e-07 7.646952264186501687e-07 7.447436746396255715e-07 1.095773660963844203e-06 1.049681164351008071e-06
2.685573002195676739e+00 1.069389660259063477e-05 3.760452918312336124e-07 3.896697947795737231e-07 7.671490246743006852e-07 7.473644005833247666e-07 1.101713330233199863e-06 1.055288860099965679e-06
2.694798605088825738e+00 1.073872175346571715e-05 3.772449357820397022e-07 3.916859552224503070e-07 7.695977818267622908e-07 7.499816199921109964e-07 1.107655229473552945e-06 1.060894669061416998e-06
2.704024207981974737e+00 1.078350591976079329e-05 3.784214129119823847e-07 3.937019766366474393e-07 7.720426221519443753e-07 7.525962375842333628e-07 1.113600825946018641e-06 1.066499621715327029e-06
2.713249810875123291e+00 1.082822132306403770e-05 3.800073167381422338e-07 3.957170552527199131e-07 7.745476100957152224e-07 7.552061228651348474e-07 1.119547314864288213e-06 1.072101092416267158e-06
2.722475413768272290e+00 1.087293048475660260e-05 3.821497333175204663e-07 3.976853670550753380e-07 7.786922040962576127e-07 7.584019842693511952e-07 1.125496562986012084e-06 1.077702485891228039e-06
2.731701016661421288e+00 1.091756858119971993e-05 3.842865958728899434e-07 3.992627029524421187e-07 7.828345596001211988e-07 7.620388051072586366e-07 1.131446257747951544e-06 1.083299985230290171e-06
2.740926619554569843e+00 1.096217055103805238e-05 3.864189360104476156e-07 4.002791460745411831e-07 7.869777718654815210e-07 7.656724479159490656e-07 1.137400606681050259e-06 1.088496524635960307e-06
2.750152222447718842e+00 1.100673086141509701e-05 3.885493699844644756e-07 4.012394887141535491e-07 7.911176838199387111e-07 7.692979574045739454e-07 1.143354463409512075e-06 1.091814346894047957e-06
2.759377825340867840e+00 1.105120825040518607e-05 3.906708122516017379e-07 4.024587731415301144e-07 7.952592641097520367e-07 7.729214948816944702e-07 1.149313500195820045e-06 1.095112642206260800e-06
