9.225602893149067790e-04 1.210047271829343333e-04 3.790607652104919416e-06 3.760547228592590646e-06 7.176788670481827311e-06 7.747740130617769127e-06 1.019532211314131526e-05 9.640934290605448109e-06
1.014816318246397446e-02 1.232876163301851308e-04 3.855546739995843091e-06 3.832909659203092840e-06 7.292799693045504648e-06 7.908492501368063316e-06 1.038852480792268784e-05 9.820192975199389064e-06
1.937376607561304073e-02 1.257194784097384133e-04 3.926801505713947227e-06 3.913542808419836279e-06 7.421626896676438356e-06 8.079599472260489204e-06 1.059417980365408968e-05 1.001128883985732867e-05
2.859936896876210874e-02 1.283173753674524240e-04 4.011658013698134835e-06 3.999507269229659852e-06 7.571502720486630563e-06 8.262030059675719404e-06 1.081370455175304575e-05 1.021558932774892367e-05
3.782497186191117328e-02 1.310941438026416174e-04 4.102528165240244482e-06 4.083853271919966280e-06 7.731822079048766621e-06 8.456686500182413217e-06 1.104817375782127546e-05 1.043411212580266326e-05
4.705057475506025516e-02 1.340643518422311405e-04 4.199904225666515603e-06 4.173692518627677376e-06 7.919825440347262255e-06 8.664590704204812744e-06 1.129880694778062221e-05 1.066801281791139176e-05
5.627617764820931623e-02 1.372401804063034289e-04 4.302835931519724717e-06 4.279818845901990718e-06 8.126801695798867861e-06 8.886651656093611483e-06 1.156663536666901722e-05 1.091824630714197911e-05
6.550178054135838424e-02 1.406544758104128379e-04 4.412803584993846414e-06 4.394653526598057578e-06 8.349099075991982689e-06 9.124992531197694944e-06 1.185437502819163273e-05 1.118745699423456851e-05
7.472738343450743836e-02 1.443095739431941491e-04 4.523087219915057590e-06 4.517505180802515539e-06 8.587099056258940813e-06 9.380010893775134672e-06 1.216226568834171220e-05 1.147578221211430259e-05
8.395298632765652025e-02 1.482437320809973553e-04 4.648944461929643964e-06 4.648080141968582470e-06 8.843162844255627545e-06 9.654208940261521914e-06 1.249347566402181928e-05 1.178629702495642760e-05
9.317858922080557438e-02 1.524791240072651921e-04 4.789313302493755208e-06 4.786994477370357798e-06 9.118821474657194670e-06 9.949204859288396418e-06 1.284987347006716135e-05 1.212075003868416830e-05
1.024041921139546424e-01 1.570500764966235928e-04 4.931705494770551338e-06 4.927732789015396193e-06 9.416314220315151603e-06 1.026736441675632147e-05 1.323432257502980022e-05 1.248187749586785649e-05
1.116297950071036965e-01 1.619992826612666990e-04 5.062113886272821654e-06 5.079183318726718114e-06 9.738390722707274865e-06 1.061160685918399564e-05 1.365038932712910871e-05 1.287308725881296505e-05
1.208553979002527506e-01 1.673691137042831339e-04 5.227889111416824438e-06 5.239915206752270189e-06 1.008785459059242441e-05 1.098488867918467242e-05 1.410161233228956167e-05 1.329775214889254448e-05
1.300810007934018186e-01 1.732012959351668044e-04 5.425599136258004145e-06 5.410098601624902361e-06 1.046755247677803738e-05 1.138980053365430830e-05 1.459149388668352682e-05 1.375917758798843793e-05
1.393066036865509005e-01 1.795712737529500560e-04 5.637835651439281753e-06 5.599260263580447400e-06 1.088226569901845956e-05 1.183165319884791852e-05 1.512631108106121018e-05 1.426341038911915380e-05
1.485322065796999824e-01 1.865457254405081852e-04 5.837503221365068816e-06 5.826135551712332585e-06 1.133641601700353507e-05 1.231522230992740429e-05 1.571163594554669698e-05 1.481576298686203123e-05
1.577578094728490643e-01 1.941701876825864244e-04 6.079667174106658531e-06 6.061488334671523209e-06 1.183286119543547127e-05 1.283024696583875447e-05 1.635133027147548518e-05 1.541979739786298589e-05
1.669834123659981462e-01 2.025849177252455528e-04 6.344755280157486502e-06 6.320771025539537050e-06 1.238076327884967071e-05 1.337493819842999407e-05 1.705704355325492498e-05 1.608679276615936765e-05
1.762090152591472003e-01 2.118753920377418830e-04 6.625011081956057053e-06 6.621054465601709663e-06 1.298614947802686722e-05 1.397561042172114614e-05 1.783593668481229556e-05 1.682352565350310426e-05
1.854346181522962822e-01 2.221844341599597187e-04 6.958204346645151988e-06 6.964415743334191567e-06 1.365836581880306246e-05 1.464202293811816082e-05 1.869992545172144633e-05 1.764142066153117825e-05
1.946602210454453641e-01 2.336670952735990254e-04 7.329393213695799790e-06 7.367276943476627630e-06 1.440775136736261461e-05 1.538412498817740112e-05 1.966195041831547349e-05 1.855286187855753133e-05
2.038858239385944460e-01 2.465085931067506619e-04 7.749406713723609209e-06 7.817036510397647620e-06 1.524669300905032859e-05 1.621379358941738144e-05 2.073748025560210673e-05 1.957264650683128698e-05
2.131114268317435001e-01 2.609483462588531831e-04 8.228351953302917143e-06 8.302734413744787111e-06 1.619106895083981040e-05 1.714642560360094751e-05 2.194646451805938982e-05 2.071994445649081402e-05
2.223370297248925820e-01 2.772623712443227344e-04 8.767602580817077801e-06 8.799065027848918061e-06 1.721527316183760854e-05 1.819970534643045295e-05 2.331195538620518728e-05 2.201683614280546637e-05
2.315626326180416361e-01 2.958037363976265526e-04 9.343817821802502272e-06 9.361424060430590353e-06 1.833411616379587196e-05 1.939626259475011856e-05 2.486335738294297767e-05 2.349161881855146416e-05
2.407882355111907180e-01 3.170059829728587406e-04 1.000185509569535662e-05 1.002164000427682028e-05 1.961208909415519111e-05 2.076385853537883420e-05 2.663682932244851743e-05 2.517904737162220651e-05
2.500138384043397721e-01 3.414164026828290697e-04 1.077378338513101594e-05 1.080506819423331663e-05 2.108158665008283850e-05 2.233749000967832736e-05 2.867795829575309078e-05 2.712304444789397822e-05
2.592394412974888818e-01 3.697290143870910297e-04 1.173157668479135086e-05 1.168030410841452678e-05 2.278352750509875365e-05 2.416148734612062711e-05 3.104456077485215522e-05 2.937935494282546125e-05
2.684650441906379359e-01 4.028742270782460235e-04 1.282915192776085383e-05 1.270009348907193613e-05 2.477171450563828668e-05 2.629537566800117408e-05 3.381416078260935211e-05 3.202283833320644256e-05
2.776906470837869900e-01 4.420032939938344342e-04 1.409907511119618158e-05 1.391883053824692542e-05 2.711312568031624785e-05 2.881240705946243926e-05 3.708706927188336073e-05 3.514615782302814339e-05
2.869162499769360997e-01 4.886953079363079997e-04 1.562748120760495008e-05 1.542964418336671478e-05 2.990101914611723814e-05 3.181315774561241849e-05 4.108273014241095242e-05 3.887664454150819042e-05
2.961418528700851538e-01 5.450873844105361523e-04 1.742414071867828818e-05 1.726234982836331085e-05 3.325986751211552992e-05 3.543352498410032476e-05 4.591522156501004221e-05 4.338689808373364949e-05
3.053674557632342079e-01 6.141098866112200405e-04 1.964315474572650173e-05 1.950975659868140356e-05 3.744353271881368291e-05 3.985944488878406886e-05 5.183940223156980470e-05 4.891397872439421073e-05
3.145930586563833176e-01 6.999263470613533095e-04 2.242455775484659530e-05 2.216425253281602888e-05 4.270159062184897790e-05 4.535468831931717924e-05 5.921789891380219856e-05 5.579542180199250755e-05
3.238186615495323717e-01 8.085536975401013586e-04 2.587700913867147824e-05 2.562724547664786950e-05 4.934573847521848532e-05 5.229948879375450384e-05 6.857594858932826182e-05 6.452016367466289256e-05
3.330442644426814813e-01 9.489882195136139934e-04 3.028400713630423954e-05 3.007082149859992802e-05 5.791088956428192946e-05 6.146873356369596773e-05 8.070082155316106887e-05 7.582128556831314176e-05
3.422698673358305355e-01 1.135033219770974124e-03 3.602336901863275286e-05 3.597829767014362051e-05 6.922638147151749174e-05 7.356267752145679607e-05 9.680390212610245904e-05 9.082725171430275184e-05
3.514954702289795896e-01 1.388948100629543419e-03 4.404066105509886302e-05 4.428035797583089288e-05 8.461710099658538257e-05 8.967996031546284462e-05 1.188435019124401987e-04 1.113650591752807662e-04
3.607210731221286992e-01 1.748158867204823233e-03 5.532187407123042786e-05 5.597661205702583742e-05 1.062937087696694000e-04 1.121568186096320949e-04 1.501214720980657402e-04 1.405213186515513312e-04
3.699466760152777534e-01 2.278704339146145515e-03 7.209968008999251624e-05 7.323629447061885678e-05 1.381248442463320174e-04 1.453832370789855805e-04 1.964756372175922687e-04 1.837745933794508735e-04
3.791722789084268630e-01 3.104685425459137362e-03 9.868365606943317256e-05 9.928229904519227100e-05 1.872980182274857318e-04 1.971230762928054096e-04 2.676540516252899626e-04 2.514948830535453268e-04
3.883978818015759171e-01 4.473330045216851285e-03 1.434520228470103839e-04 1.421793177210578865e-04 2.716502888407664254e-04 2.821940137085286043e-04 3.819472917003701243e-04 3.645194616320240541e-04
3.976234846947249713e-01 6.892699409349236327e-03 2.227580590466017932e-04 2.175656791334858522e-04 4.228254906808682698e-04 4.310271839714600872e-04 5.817772373968065416e-04 5.660339176960091020e-04
4.068490875878740809e-01 1.127631541218553600e-02 3.597614853153175557e-04 3.528864896052575501e-04 6.905811214489403216e-04 7.160689165057326777e-04 9.525256448137380677e-04 9.333813397780950372e-04
4.160746904810231350e-01 1.772003432264475029e-02 5.723378015377728056e-04 5.620352002608415554e-04 1.095576152383179874e-03 1.129539771278831317e-03 1.496088843143332514e-03 1.462832141442150374e-03
4.253002933741722447e-01 1.978935142796415733e-02 6.435251920477447207e-04 6.389703837587461244e-04 1.233870226809864051e-03 1.263767591539916718e-03 1.636939702030167088e-03 1.641331294602019208e-03
4.345258962673212988e-01 1.364619585347257025e-02 4.435164030072106384e-04 4.381184745957996535e-04 8.584063523308666649e-04 8.805453044716127914e-04 1.152568992570841139e-03 1.138588696767623906e-03
4.437514991604703529e-01 7.868912453903743193e-03 2.577613352982791733e-04 2.528648550461235281e-04 5.026969431674785382e-04 5.130634432276475268e-04 6.575622939262622257e-04 6.531767684412066038e-04
4.529771020536194626e-01 4.662572156814312647e-03 1.511936303391220315e-04 1.484804048465272752e-04 2.973612612527549992e-04 3.030255500892260756e-04 3.907038457535956869e-04 3.850073439639299655e-04
4.622027049467684612e-01 2.957880551821401478e-03 9.585873097708516588e-05 9.378570774470603236e-05 1.890097454519219441e-04 1.915724752125378197e-04 2.493283752507584675e-04 2.434167120291563270e-04
4.714283078399175708e-01 1.997424444213450993e-03 6.458679713280306503e-05 6.343766267182557143e-05 1.278770329873604381e-04 1.289555997131923426e-04 1.694102091465581918e-04 1.640591309437480685e-04
4.806539107330666249e-01 1.418376336042430699e-03 4.557760678210003025e-05 4.514667344879784439e-05 9.092511227177667472e-05 9.130662976696837449e-05 1.209959670288517867e-04 1.163877620453373368e-04
4.898795136262157346e-01 1.048045698525852014e-03 3.372978605697919338e-05 3.313771509336790703e-05 6.759571056208480387e-05 6.731792091542693028e-05 8.988182853233842896e-05 8.597359741077973891e-05
4.991051165193647332e-01 7.992672676406362055e-04 2.563202236772002280e-05 2.542044767980355773e-05 5.132525700803308808e-05 5.142403571907320798e-05 6.888561541697690253e-05 6.557550644287321508e-05
5.083307194125139539e-01 6.253444407942680651e-04 2.001584884418934618e-05 2.003820262803446880e-05 4.009988606181824709e-05 4.029703575358966131e-05 5.414608126423658442e-05 5.133012302166526774e-05
5.175563223056629525e-01 4.996733362215508836e-04 1.590472110039886384e-05 1.611087167928247242e-05 3.191786691843126033e-05 3.224756962019097260e-05 4.345522745198733550e-05 4.104350002693342610e-05
5.267819251988120621e-01 4.063315868453139983e-04 1.298010727630681668e-05 1.314978194723559176e-05 2.585441294929884722e-05 2.621272974448409128e-05 3.545006367817386643e-05 3.340573249152671261e-05
5.360075280919610607e-01 3.353726579668922471e-04 1.071082181773477891e-05 1.082837003815614830e-05 2.125591216238514750e-05 2.161898508398031127e-05 2.930481162068040166e-05 2.760007103499745752e-05
5.452331309851101704e-01 2.803473618690348638e-04 8.954264739687240252e-06 9.056193246719424113e-06 1.769903510228184760e-05 1.809247456975300421e-05 2.439221074020136472e-05 2.309768600544485906e-05
5.544587338782591690e-01 2.369617255823044954e-04 7.570675803119964213e-06 7.597671918944368151e-06 1.490173843064044484e-05 1.530847549474910778e-05 2.053074660006971278e-05 1.954684279970237467e-05
5.636843367714083897e-01 2.022387976041760220e-04 6.448764252846652962e-06 6.452181347186343886e-06 1.268452047396804463e-05 1.307774629297670009e-05 1.744942452196098902e-05 1.670394836644263376e-05
5.729099396645573883e-01 1.740802843936131922e-04 5.575294754278507011e-06 5.563869433263923369e-06 1.090836148619759487e-05 1.126557661571616102e-05 1.495776134889114403e-05 1.439743779942887565e-05
5.821355425577064979e-01 1.510102024478208831e-04 4.846698974922620043e-06 4.831458516494827439e-06 9.463671128865237380e-06 9.747838245388899727e-06 1.293095732478080867e-05 1.250659616944087282e-05
5.913611454508554965e-01 1.318839028586651202e-04 4.242720348257691737e-06 4.213019968173607613e-06 8.268721338907275868e-06 8.476019737889563905e-06 1.131373829764059842e-05 1.093800871231478749e-05
6.005867483440046062e-01 1.159070412397110412e-04 3.725311766211150330e-06 3.725874069191980058e-06 7.299516071544804511e-06 7.417016689336599212e-06 9.960126482319551513e-06 9.626730978990261155e-06
6.098123512371537158e-01 1.024357254314025613e-04 3.292454088604603361e-06 3.320538546543313693e-06 6.437732100869530331e-06 6.556765120439224013e-06 8.816684660026960691e-06 8.520213419097098610e-06
6.190379541303028255e-01 9.100518960785682716e-05 2.925314629674137632e-06 2.963123427547268004e-06 5.703476386618964457e-06 5.833879327285962802e-06 7.844669908014899459e-06 7.580492733039881164e-06
6.282635570234518241e-01 8.124414047605386805e-05 2.615044349882003757e-06 2.627582387650516014e-06 5.077984004087175273e-06 5.216056310719161503e-06 7.013122588330039631e-06 6.777252172250942020e-06
6.374891599166009337e-01 7.284722914945082736e-05 2.343002890792790179e-06 2.353652785226328210e-06 4.551293402275881535e-06 4.684140529472903287e-06 6.296564450683833831e-06 6.085584348150562851e-06
6.467147628097499323e-01 6.559346293347091542e-05 2.113027153211697738e-06 2.104016934860935628e-06 4.108772117455253866e-06 4.224341039145985120e-06 5.676480582346410918e-06 5.487429682628917795e-06
6.559403657028991530e-01 5.929329638433710630e-05 1.918192516652133281e-06 1.901737669551033997e-06 3.713581833005897854e-06 3.824749886937026707e-06 5.137002467519408925e-06 4.967312221771577596e-06
6.651659685960481516e-01 5.379043848171926836e-05 1.731478003713807581e-06 1.739116591921716418e-06 3.369611544538480283e-06 3.475525922130874026e-06 4.665026849433860125e-06 4.512479657311326746e-06
6.743915714891972613e-01 4.897154905883272419e-05 1.574807479079839067e-06 1.587875808879368419e-06 3.074203384213257200e-06 3.169586182376323360e-06 4.251003730371152281e-06 4.113664540064021935e-06
6.836171743823462599e-01 4.473235340055197075e-05 1.436567276888669087e-06 1.449834813212141991e-06 2.811030846468009570e-06 2.900340398164593964e-06 3.886185729211398630e-06 3.762343726971021599e-06
6.928427772754953695e-01 4.099060958356918826e-05 1.316359095443144943e-06 1.325261144893807288e-06 2.580974991499969623e-06 2.662618584004544544e-06 3.563629667766975845e-06 3.451808077275650888e-06
7.020683801686443681e-01 3.767465337095798954e-05 1.208944516133361627e-06 1.210222752428993624e-06 2.377489508337931581e-06 2.448609706487162529e-06 3.277305704037973642e-06 3.176197353743805260e-06
7.112939830617935888e-01 3.472993808970960326e-05 1.115828486667079706e-06 1.115193709978340713e-06 2.197153512556649551e-06 2.265070747703125864e-06 3.022606745127020091e-06 2.931047360553565078e-06
7.205195859549425874e-01 3.210907806785464431e-05 1.033932842573187917e-06 1.027226832991397871e-06 2.036028827474694344e-06 2.098605142444264469e-06 2.795515608802211813e-06 2.712486771504442264e-06
7.297451888480916971e-01 2.975633160686973821e-05 9.573080783170766228e-07 9.482536247884227156e-07 1.890773664418940735e-06 1.948953638470188896e-06 2.591370715299914934e-06 2.515954073287189781e-06
7.389707917412406957e-01 2.765968734957144253e-05 8.843120875976847207e-07 8.829070002263073307e-07 1.761276809552678435e-06 1.814327232189021582e-06 2.409077646053727254e-06 2.342291814298374722e-06
7.481963946343899163e-01 2.577435216875443213e-05 8.214865480255198363e-07 8.224858623389342247e-07 1.644743530560271468e-06 1.689605116764967543e-06 2.244887620774015189e-06 2.189005608542797071e-06
7.574219975275389150e-01 2.407921370027037793e-05 7.668233403083585058e-07 7.667001033875614664e-07 1.539890639401374922e-06 1.576322913508391771e-06 2.096996966349738001e-06 2.051105784364813233e-06
7.666476004206880246e-01 2.254941363832793576e-05 7.144303326591286527e-07 7.194489239330558773e-07 1.445150331506283957e-06 1.473816704048930347e-06 1.963296161877995662e-06 1.926578409493679848e-06
7.758732033138370232e-01 2.116997906329736419e-05 6.735728141385378032e-07 6.759474353616771135e-07 1.359512436937499531e-06 1.381121274720045858e-06 1.842522819177934960e-06 1.814236553498286045e-06
7.850988062069861328e-01 1.992305360232818199e-05 6.338080636168795870e-07 6.394718025296263755e-07 1.282021854569527633e-06 1.305557464627975521e-06 1.735456222708868702e-06 1.712634287511927963e-06
7.943244091001351315e-01 1.879268207991358558e-05 5.995909320949768286e-07 6.039677578047849464e-07 1.210931284780971263e-06 1.236700951179582961e-06 1.645986985035545426e-06 1.620479312330895441e-06
8.035500119932843521e-01 1.776832349633727188e-05 5.686074858754990675e-07 5.741989670954357364e-07 1.146376400006251622e-06 1.170611268986437701e-06 1.565070048939172596e-06 1.536930644554248643e-06
8.127756148864333507e-01 1.683820249634099825e-05 5.398872138446407151e-07 5.471429063027412429e-07 1.090073910724354163e-06 1.110761747441008405e-06 1.491739077605383582e-06 1.461037139557673162e-06
8.220012177795824604e-01 1.599551414430488449e-05 5.148421009355889357e-07 5.215698538350457640e-07 1.037626887666923082e-06 1.056530589994679966e-06 1.425488833205099489e-06 1.392263750771659931e-06
8.312268206727314590e-01 1.522773816071010272e-05 4.912009969266416210e-07 4.989558466807323566e-07 9.904560648427231963e-07 1.007256184813309981e-06 1.365251263714032894e-06 1.329581212832052297e-06
8.404524235658805686e-01 1.452765145396975682e-05 4.723192258060165196e-07 4.779487279626668704e-07 9.513055161391867831e-07 9.584158328002088039e-07 1.310443270519637591e-06 1.272407174077023104e-06
8.496780264590296783e-01 1.389109582895283708e-05 4.518214837597662775e-07 4.580575964373644315e-07 9.139876158211413979e-07 9.158095913036989433e-07 1.260774938011418215e-06 1.220418777483190821e-06
8.589036293521787879e-01 1.331099557454248177e-05 4.349029364829658180e-07 4.388225577153103432e-07 8.764354071242715853e-07 8.757828801110221860e-07 1.215646569320608434e-06 1.173040697443064473e-06
8.681292322453277865e-01 1.278333972781524028e-05 4.196305775952469325e-07 4.234847099536631323e-07 8.446568509048570306e-07 8.354156562213810777e-07 1.174753025714521759e-06 1.129956615720393095e-06
8.773548351384768962e-01 1.230070723065983104e-05 4.071073202141351865e-07 4.087559162615196992e-07 8.160908717775662205e-07 8.012808296601275855e-07 1.137458896278311827e-06 1.090550925021370590e-06
8.865804380316258948e-01 1.186208010767365234e-05 3.959268637923243878e-07 3.925866705510563297e-07 7.900798906867285368e-07 7.737369571940230789e-07 1.103724786441907289e-06 1.052350322251140478e-06
8.958060409247751155e-01 1.146350749677211002e-05 3.825192982531269633e-07 3.792004782152233900e-07 7.600061329383305377e-07 7.488446795679257510e-07 1.069165701753140040e-06 1.017257366954368240e-06
9.050316438179241141e-01 1.109855524868604015e-05 3.697295645329041309e-07 3.663583204193473776e-07 7.311437432280073394e-07 7.258496645127476393e-07 1.033210494813892642e-06 9.851166625138319812e-07
9.142572467110732237e-01 1.076681937729325919e-05 3.581734505796291507e-07 3.542990790173708297e-07 7.077371509273523118e-07 7.047679629665468039e-07 1.000176672274597333e-06 9.558921863822734407e-07
9.234828496042222223e-01 1.046555024194323348e-05 3.484967362393733594e-07 3.437933271663208833e-07 6.872148403587400575e-07 6.854457792132993881e-07 9.698236743510491237e-07 9.293494043796653685e-07
9.327084524973712210e-01 1.019251096325259146e-05 3.381408558341163966e-07 3.351254522184540091e-07 6.684327127996087388e-07 6.677561440934776365e-07 9.419515757565103607e-07 9.052949564538795941e-07
9.419340553905202196e-01 9.944442921815925003e-06 3.297068731649734752e-07 3.266509526755686393e-07 6.511694782137905196e-07 6.514761769800260201e-07 9.162616460376497829e-07 8.834498972744538519e-07
9.511596582836694402e-01 9.721421888785354966e-06 3.228490929946296005e-07 3.190163887531524548e-07 6.353589939165130412e-07 6.365151668527554215e-07 8.927735139638465244e-07 8.638196509334176184e-07
9.603852611768185499e-01 9.518844948078800558e-06 3.168702878122459262e-07 3.136558253895091729e-07 6.182724919646323812e-07 6.227226190021929465e-07 8.710524462017298829e-07 8.460094971832590375e-07
9.696108640699675485e-01 9.338455489447294633e-06 3.098019596385671214e-07 3.073869933313867639e-07 6.023260421023541477e-07 6.120197779393708498e-07 8.512815933241106375e-07 8.301710083585109090e-07
9.788364669631165471e-01 9.175022763137707991e-06 3.062659093956040233e-07 3.030091372444485248e-07 5.875861393312456867e-07 6.036803210230163365e-07 8.329540978199500645e-07 8.158552189927828252e-07
9.880620698562656568e-01 9.036138750237136124e-06 2.993679953039849769e-07 2.989804761751604055e-07 5.764518709804300592e-07 5.968508676497927718e-07 8.168288838221312513e-07 8.037237481663299442e-07
9.972876727494148774e-01 8.902576108677611374e-06 2.964887947211988404e-07 2.938066533374426170e-07 5.728527511650412707e-07 5.861963412727020024e-07 8.010139795163119292e-07 7.920973729664203370e-07
1.006513275642563876e+00 8.790229509474031325e-06 2.934211383223001013e-07 2.902697135455215466e-07 5.661471483784931798e-07 5.755406305704309895e-07 7.870782836310214896e-07 7.823683384512013651e-07
1.015738878535712875e+00 8.692730317379798963e-06 2.898065224864881939e-07 2.872477458786377124e-07 5.601202294688534348e-07 5.660641097508833827e-07 7.744164154676203021e-07 7.739920696228500593e-07
1.024964481428862095e+00 8.609421341596608837e-06 2.896115273717235234e-07 2.836999364355851169e-07 5.568781821440942445e-07 5.576892136592714882e-07 7.629486814763906184e-07 7.669040432621742400e-07
1.034190084322011094e+00 8.538666414965915308e-06 2.871918938167842400e-07 2.812110409908957515e-07 5.543485679915719470e-07 5.503084486213416444e-07 7.525115928882060651e-07 7.609659185983028140e-07
1.043415687215160093e+00 8.481141477235782207e-06 2.870472603720421553e-07 2.776859990659165660e-07 5.493231315224559837e-07 5.452693145857579696e-07 7.431814378868276534e-07 7.562423134033419755e-07
1.052641290108309091e+00 8.435135725551436901e-06 2.842250838126021191e-07 2.764372715786232471e-07 5.435595059868036894e-07 5.461476890629644436e-07 7.347823348252961913e-07 7.525842167688125519e-07
1.061866893001458312e+00 8.400843150117006731e-06 2.844119266275290595e-07 2.739791093589807880e-07 5.414235089243413864e-07 5.477164076097169469e-07 7.324725441251767630e-07 7.500125108733776604e-07
1.071092495894607532e+00 8.377395309237739560e-06 2.841798735153161146e-07 2.726320758898311230e-07 5.421687232749407704e-07 5.499401548302983183e-07 7.320852310377213928e-07 7.484567867579439883e-07
1.080318098787756531e+00 8.365029651575164640e-06 2.838031931949664197e-07 2.722498811688269123e-07 5.435645162680645420e-07 5.528441054290232805e-07 7.325558355473352955e-07 7.479364409335430850e-07
1.089543701680905530e+00 8.362693470401532392e-06 2.837739835274667938e-07 2.728041334416444791e-07 5.455325569276874736e-07 5.563840426260689524e-07 7.338043824532198878e-07 7.483718879257499290e-07
1.098769304574054528e+00 8.370520542072805792e-06 2.835708924876267006e-07 2.730519077625652425e-07 5.458129888064372270e-07 5.605305994403865174e-07 7.358462590348977542e-07 7.497737423017188977e-07
1.107994907467203749e+00 8.389240618473549688e-06 2.836648475345773096e-07 2.717420688425580796e-07 5.462000434539607480e-07 5.612945949624213943e-07 7.387486983049933333e-07 7.522093163635724722e-07
1.117220510360352748e+00 8.417231499970256420e-06 2.838721100556151157e-07 2.717188697271507073e-07 5.470816919683670212e-07 5.626341583917645418e-07 7.423788443693840768e-07 7.555434694288094090e-07
1.126446113253501746e+00 8.455005961134456598e-06 2.825562449033773051e-07 2.726882478283882522e-07 5.485480466487450003e-07 5.646199592620005714e-07 7.467835698609185671e-07 7.598230929230518547e-07
1.135671716146650967e+00 8.502960861765644046e-06 2.835381598218429834e-07 2.744781360226377709e-07 5.506274423265257879e-07 5.673365050880154294e-07 7.520018295089587264e-07 7.650937901775086856e-07
1.144897319039799966e+00 8.561126304041058007e-06 2.856919456765408591e-07 2.771876837491548708e-07 5.535336698029049947e-07 5.707857959971897972e-07 7.589758956865610425e-07 7.713620167184840514e-07
1.154122921932948964e+00 8.629530007383038709e-06 2.866542793691733809e-07 2.809296750197209393e-07 5.576651831771893265e-07 5.745819908641909427e-07 7.697565728023971014e-07 7.786330216010137943e-07
1.163348524826097963e+00 8.708349117064479849e-06 2.896225216497687229e-07 2.844567454948405575e-07 5.612077279239126163e-07 5.791297851242953478e-07 7.815739522407113242e-07 7.869396953205940658e-07
1.172574127719247183e+00 8.798045643727749488e-06 2.914724947617028974e-07 2.864457034502909774e-07 5.669960761164377958e-07 5.857744709845278872e-07 7.944876714894550616e-07 7.963191907355751106e-07
1.181799730612396404e+00 8.899303194631855252e-06 2.932304344983722414e-07 2.917092402445364585e-07 5.747458511728609676e-07 5.924549503795564141e-07 8.085676106724833914e-07 8.068450332545188259e-07
1.191025333505545403e+00 9.011528332588199900e-06 2.954485543609735833e-07 2.943623376083180496e-07 5.816517454411547180e-07 5.998705171631085357e-07 8.237692574840168891e-07 8.184882422487509129e-07
1.200250936398694401e+00 9.137069127751358533e-06 2.990564328765500933e-07 2.990948395382918111e-07 5.892909719548339634e-07 6.081645404254875910e-07 8.403830367217037423e-07 8.314284593105716143e-07
1.209476539291843622e+00 9.275870959123400626e-06 3.050667120772987466e-07 3.040333648583894128e-07 5.976488645755608100e-07 6.174281317302083503e-07 8.583393479546124930e-07 8.457099825976031399e-07
1.218702142184992621e+00 9.428791484177201268e-06 3.118833882306629721e-07 3.100877004996338858e-07 6.066492735782750634e-07 6.270957772031012732e-07 8.777937334516814998e-07 8.614026494534596159e-07
1.227927745078141619e+00 9.596991985658744105e-06 3.199456822332428135e-07 3.158023874128140920e-07 6.164646814244363935e-07 6.357948982905533018e-07 8.988470194720465559e-07 8.786299469187973268e-07
1.237153347971290618e+00 9.781421983514734168e-06 3.287059836943841866e-07 3.215369619225958499e-07 6.271314243755218485e-07 6.474036400973245183e-07 9.216548064022311322e-07 8.974835579996147617e-07
1.246378950864439838e+00 9.985105915916204919e-06 3.343697526959587939e-07 3.292845739689508592e-07 6.389004365781925549e-07 6.635820258262486684e-07 9.465096370765153217e-07 9.182363311937695075e-07
1.255604553757589059e+00 1.020651949181652971e-05 3.382192167888178902e-07 3.360102719962440804e-07 6.516777156050311797e-07 6.812168992686033943e-07 9.732782427323422703e-07 9.408168157448088459e-07
1.264830156650738058e+00 1.045147271401903847e-05 3.443940611607287266e-07 3.441449790822591998e-07 6.678305204690177589e-07 6.984046563095294588e-07 1.002576294445422570e-06 9.657055827562895111e-07
1.274055759543887056e+00 1.071960612236297036e-05 3.563528438753245104e-07 3.542701494614493285e-07 6.879381633869867597e-07 7.171496468767199424e-07 1.034380670412578073e-06 9.929362242659492443e-07
1.283281362437036055e+00 1.101542374190167511e-05 3.664573554805355564e-07 3.637150977338028858e-07 7.130665713881689094e-07 7.337822090886841539e-07 1.069189869560889397e-06 1.022904183544349549e-06
1.292506965330185276e+00 1.134164630320521227e-05 3.761038761447576834e-07 3.752984338060578995e-07 7.371972094457001051e-07 7.605204429378230194e-07 1.107310244325240183e-06 1.055865367308590798e-06
1.301732568223334052e+00 1.170327124548610376e-05 3.888766331128332994e-07 3.878453278908903129e-07 7.602661077440736880e-07 7.868574638018331532e-07 1.137400991736979864e-06 1.092317564366680015e-06
1.310958171116483273e+00 1.210334175167843714e-05 4.039739397900999241e-07 4.052524958383113703e-07 7.895958626445061528e-07 8.132585702401115714e-07 1.167978731555645682e-06 1.132567456833729943e-06
1.320183774009632494e+00 1.254870229919577366e-05 4.190267764808998510e-07 4.218200684985359415e-07 8.221147010187024881e-07 8.386542413837563641e-07 1.202157662525993963e-06 1.177259374284344673e-06
1.329409376902781492e+00 1.304639627161654751e-05 4.367203150724108219e-07 4.392932494600563549e-07 8.581546586303332797e-07 8.673991474735607957e-07 1.240529058432563185e-06 1.227081546515764552e-06
1.338634979795930713e+00 1.360389979950158931e-05 4.582548528617124935e-07 4.576550321157786186e-07 8.981329662134119316e-07 9.113903686384647112e-07 1.283676880753629012e-06 1.274552695170991888e-06
1.347860582689079489e+00 1.423256707815449131e-05 4.836930794374240243e-07 4.757504171433787351e-07 9.403744468056792936e-07 9.604283952022239605e-07 1.332566484705513784e-06 1.323350483388956636e-06
1.357086185582228710e+00 1.494353377447644255e-05 5.065475235571730391e-07 4.994767241549789692e-07 9.774536131295915258e-07 1.006956543670133787e-06 1.388075427367831900e-06 1.378613375167224363e-06
1.366311788475377931e+00 1.575299303456338673e-05 5.319615065617836608e-07 5.272938804202891174e-07 1.020235323904538342e-06 1.069712885716923761e-06 1.451572009714429307e-06 1.454888007271988682e-06
1.375537391368526707e+00 1.667976989027537273e-05 5.599155883832872098e-07 5.587224160176998574e-07 1.069680890963365332e-06 1.145121775660397026e-06 1.524603483429113471e-06 1.552061591673133738e-06
1.384762994261675928e+00 1.774826853040182306e-05 5.904877252706616970e-07 5.955853011918180249e-07 1.130761433644107152e-06 1.219608076691429827e-06 1.609216615511251732e-06 1.663476200092918982e-06
1.393988597154824927e+00 1.898893255053772544e-05 6.299881898137336868e-07 6.377282839758955095e-07 1.217731593714562865e-06 1.301746752367359821e-06 1.707947778498233757e-06 1.792109658420919737e-06
1.403214200047974147e+00 2.044149517579500378e-05 6.792684596114625386e-07 6.887005116337675413e-07 1.323246935731052954e-06 1.401408985274926272e-06 1.824158595272231396e-06 1.941815667136705147e-06
1.412439802941123368e+00 2.215743504339784628e-05 7.309860992701424645e-07 7.428330746252858848e-07 1.449479715564786804e-06 1.530883579363640423e-06 1.962200104318466588e-06 2.105977044645822798e-06
1.421665405834272145e+00 2.420432191017902860e-05 8.079822339081556520e-07 8.158344545462682012e-07 1.578361358916155715e-06 1.666479990230908481e-06 2.146434926259472621e-06 2.298433820173026128e-06
1.430891008727421365e+00 2.667385075296067743e-05 8.875719870225690946e-07 9.035344915316560884e-07 1.746064247260628339e-06 1.830667537571332597e-06 2.355535092244846274e-06 2.532030060092058772e-06
1.440116611620570364e+00 2.968960830664905398e-05 9.944702786146354158e-07 1.010778146910553483e-06 1.949198510609732226e-06 2.043282309335909207e-06 2.620613353317187156e-06 2.819168311811907310e-06
1.449342214513719362e+00 3.342438379740531214e-05 1.118830229431845829e-06 1.134786392588166444e-06 2.198923024083430109e-06 2.333458010509157135e-06 2.946583613647191235e-06 3.177243567183685033e-06
1.458567817406868583e+00 3.812193723792109868e-05 1.262769948211357426e-06 1.287132232356415326e-06 2.509855878733620880e-06 2.659095057476141622e-06 3.353467674710386632e-06 3.630981302268187344e-06
1.467793420300017582e+00 4.413642297586323649e-05 1.458636787147350310e-06 1.492543670377948558e-06 2.948006434950926436e-06 3.068333371892115375e-06 3.891445440518882435e-06 4.216571628761647361e-06
1.477019023193166802e+00 5.199228242820599124e-05 1.731388319600488481e-06 1.757522286666271310e-06 3.486075010507530439e-06 3.608246537276342135e-06 4.594124054091113635e-06 4.973652073858974014e-06
1.486244626086316023e+00 6.248856403626635756e-05 2.093885431473158283e-06 2.102254229348687951e-06 4.200105080060626841e-06 4.311004146114597100e-06 5.529450387366962498e-06 5.972062539547362558e-06
1.495470228979464800e+00 7.687480659340032991e-05 2.578947551923360150e-06 2.604269483493087674e-06 5.173543106251539967e-06 5.286917212255829693e-06 6.805198782287166727e-06 7.344404978654455341e-06
1.504695831872614020e+00 9.715079732503580524e-05 3.289492126205579171e-06 3.279728678364616525e-06 6.598065122839324829e-06 6.664900044513286798e-06 8.592057239325287619e-06 9.291731887759683162e-06
1.513921434765763019e+00 1.265614338686587973e-04 4.299348408906794421e-06 4.176961828225513214e-06 8.682610295560760656e-06 8.730047835210299903e-06 1.116350838229054421e-05 1.199983732222132922e-05
1.523147037658912017e+00 1.702749916250887265e-04 5.795848066909539036e-06 5.595129663770825965e-06 1.141349974304078007e-05 1.175027816330447071e-05 1.497847177724166722e-05 1.586767196637799680e-05
1.532372640552061016e+00 2.356139688422957462e-04 8.003879752924180670e-06 7.763130689753330871e-06 1.572090121816551583e-05 1.626017171572847943e-05 2.104657976255641877e-05 2.174319189440909327e-05
1.541598243445210237e+00 3.283357756659572115e-04 1.113950449760185962e-05 1.079093491338374003e-05 2.199195473695812536e-05 2.309352102264420866e-05 2.978500976834037948e-05 3.054330164067690923e-05
1.550823846338359457e+00 4.348471419576930294e-04 1.505427733168552499e-05 1.434879161086487697e-05 2.903972386502935016e-05 3.057715941400299640e-05 3.991257940908090164e-05 4.104882815547514956e-05
1.560049449231508456e+00 4.951509937036755252e-04 1.747221675828388669e-05 1.661654692759181656e-05 3.336859976018507513e-05 3.360196683444509726e-05 4.515700415829901858e-05 4.728380353460833211e-05
1.569275052124657455e+00 4.527524280478310175e-04 1.582253000062810045e-05 1.506752817619479374e-05 3.014134906871183744e-05 3.053080763841119379e-05 4.119160574492865571e-05 4.290321371764737202e-05
1.578500655017806453e+00 3.496807176121316096e-04 1.208926637884249903e-05 1.167465726182589448e-05 2.365869244297543177e-05 2.306066029711211201e-05 3.216390317995035429e-05 3.226751388560523308e-05
1.587726257910955674e+00 2.528451096959017448e-04 8.772576666689433506e-06 8.434877974823628850e-06 1.694598465703861176e-05 1.628930078630832861e-05 2.358391268710463866e-05 2.289086247617161006e-05
1.596951860804104451e+00 1.829147289752846000e-04 6.356540927759403957e-06 6.096576994966919003e-06 1.224530814226428401e-05 1.167998733232389797e-05 1.693217875828269183e-05 1.674657423146074030e-05
1.606177463697253671e+00 1.358688096129354028e-04 4.664510521183793789e-06 4.459367450952348268e-06 9.092115116454522897e-06 8.580654469572153572e-06 1.230082042034101207e-05 1.213540598354870465e-05
1.615403066590402892e+00 1.042597166680856948e-04 3.553654883201227380e-06 3.459966803873892232e-06 7.070006255644695832e-06 6.541194742361739747e-06 9.371830836114346318e-06 9.232564595406352113e-06
1.624628669483551890e+00 8.255069182557653643e-05 2.787573066009155285e-06 2.741960632280434490e-06 5.627730087292873401e-06 5.236091750739644071e-06 7.324923645618905020e-06 7.336913036767324890e-06
1.633854272376701111e+00 6.721875080272163576e-05 2.283353384887885679e-06 2.228541971206757168e-06 4.549282233794278078e-06 4.309962696510998481e-06 5.892999740459705597e-06 5.979738513923454749e-06
1.643079875269850110e+00 5.608699054138246298e-05 1.885291347839211900e-06 1.864815312888594293e-06 3.762947247507214316e-06 3.574315993414923023e-06 4.861588885536898171e-06 4.984202856168832142e-06
1.652305478162999108e+00 4.779778125775250501e-05 1.619123555616495448e-06 1.593266673321008732e-06 3.208016040833714397e-06 3.017056717024653629e-06 4.098826127800913753e-06 4.236616187870216848e-06
1.661531081056148329e+00 4.148439430984780546e-05 1.410280790895934548e-06 1.388577693656035494e-06 2.756641789065948157e-06 2.624136895483976525e-06 3.521450676280334330e-06 3.663153376746628408e-06
1.670756683949297106e+00 3.658036741834873513e-05 1.244446625465361108e-06 1.213870209568768403e-06 2.401862961446550300e-06 2.311122261658979729e-06 3.075448049311106245e-06 3.214822621702486684e-06
1.679982286842446326e+00 3.270450158773143662e-05 1.104635279340846214e-06 1.081890984598463589e-06 2.133545897675074177e-06 2.064573508714733743e-06 2.746472830502768897e-06 2.858391745446590119e-06
1.689207889735595547e+00 2.959429102865941493e-05 9.947817426280023345e-07 9.798966289798457846e-07 1.916139277582932550e-06 1.869288644596690596e-06 2.528036031076387257e-06 2.570778354580042293e-06
1.698433492628744546e+00 2.706539596642239338e-05 9.137837019987328415e-07 8.971106059998687021e-07 1.737463921796263252e-06 1.710210070513758148e-06 2.348512964602843999e-06 2.335628619610332003e-06
1.707659095521893766e+00 2.498458528583689939e-05 8.494401541431219305e-07 8.198395393573417432e-07 1.594468397321961635e-06 1.582922764576503869e-06 2.199276060343547496e-06 2.145634442910256806e-06
1.716884698415042543e+00 2.325488818092882648e-05 7.900245984211809187e-07 7.640669701579431159e-07 1.474759345999578563e-06 1.469063510673722410e-06 2.070474801030756066e-06 1.979751279291059218e-06
1.726110301308191763e+00 2.180369053019563019e-05 7.411601968652897071e-07 7.154801588939064692e-07 1.383746487971798943e-06 1.382269341614598577e-06 1.932074241822475497e-06 1.841410326969147398e-06
1.735335904201340984e+00 2.057632104751820845e-05 6.976655145960996012e-07 6.791171336260185313e-07 1.299443229325870312e-06 1.305872946742264685e-06 1.815320746416824793e-06 1.743199856442261312e-06
1.744561507094489761e+00 1.953077970951075349e-05 6.613996922538687719e-07 6.503722939257959199e-07 1.227135348813283318e-06 1.232618412024362513e-06 1.716215672111360131e-06 1.663633188841468098e-06
1.753787109987638981e+00 1.863436576730992497e-05 6.271528832885307390e-07 6.240071939314342970e-07 1.164536742400184221e-06 1.175854162004576090e-06 1.631548094471869074e-06 1.588501805608580255e-06
1.763012712880787980e+00 1.786111560832583732e-05 5.898427052161798133e-07 5.996224542881983810e-07 1.116202102740109230e-06 1.125805251268948180e-06 1.558794281216750770e-06 1.520732480411041143e-06
1.772238315773937201e+00 1.719106482788106168e-05 5.733140255299508544e-07 5.729810830911512775e-07 1.073033450381954832e-06 1.081502628201943183e-06 1.496015887719295595e-06 1.461993205775647932e-06
1.781463918667086421e+00 1.660743100241433975e-05 5.579832352889143156e-07 5.545435648559187455e-07 1.034211068237781740e-06 1.044487615753698792e-06 1.441565578196515201e-06 1.410813600391714093e-06
1.790689521560235198e+00 1.609744853477472631e-05 5.434553141748837881e-07 5.402729829071479053e-07 1.002374522157127617e-06 1.014516381846742636e-06 1.394222619626662210e-06 1.366063488077893194e-06
1.799915124453384419e+00 1.564973511100433115e-05 5.238154491060074405e-07 5.215658107516355163e-07 9.753558624466067948e-07 9.885308128625127977e-07 1.352839854563895174e-06 1.326757541079406563e-06
1.809140727346533417e+00 1.525571938130886485e-05 5.069412745322303740e-07 5.036521172014233661e-07 9.515389649719512585e-07 9.659674977686966797e-07 1.316618852763080558e-06 1.292133195055667971e-06
1.818366330239682416e+00 1.490810835322139298e-05 4.989053106603972767e-07 4.875639265418842529e-07 9.303728833844390468e-07 9.430379664280065814e-07 1.284844641325019681e-06 1.261552821022119187e-06
1.827591933132831414e+00 1.460064182039587450e-05 4.862814380509224686e-07 4.755431415413112749e-07 9.064443411300671300e-07 9.217779999366419724e-07 1.256907939422876843e-06 1.234469430712470818e-06
1.836817536025980635e+00 1.432803832684029499e-05 4.785393812487271752e-07 4.712686743334672544e-07 8.830238383274825525e-07 9.069019422591533349e-07 1.229730697669522080e-06 1.210424475461241881e-06
1.846043138919129634e+00 1.408622022704594531e-05 4.676162255003155402e-07 4.602945122213111372e-07 8.671497318243703785e-07 8.946121247573086700e-07 1.205467499746317012e-06 1.189055446595665470e-06
1.855268741812278410e+00 1.387125530820903392e-05 4.585594461598382936e-07 4.561072495179607523e-07 8.530237450494093150e-07 8.837677131954731755e-07 1.183793394946261975e-06 1.170022798969379792e-06
1.864494344705427187e+00 1.368004819057657787e-05 4.542905588990889314e-07 4.501734014237306829e-07 8.404770461355674089e-07 8.747669686129690543e-07 1.164410039601828680e-06 1.153054254409330675e-06
1.873719947598576185e+00 1.350979290516498149e-05 4.477819030807945268e-07 4.462072536936047984e-07 8.299118382699276371e-07 8.669706201215230355e-07 1.147048019182743975e-06 1.137907391904836979e-06
1.882945550491724962e+00 1.335840598744533741e-05 4.387976694021422853e-07 4.434610470860211867e-07 8.228260058236287690e-07 8.602584083152300319e-07 1.135540929740748203e-06 1.124397407249957094e-06
1.892171153384873961e+00 1.322356600146277193e-05 4.318939795747850363e-07 4.412268012810195158e-07 8.164641616246364527e-07 8.544453988241177019e-07 1.128989947187151685e-06 1.112326039652701182e-06
1.901396756278022737e+00 1.310376955101473751e-05 4.281517225617602763e-07 4.361302912280752927e-07 8.089527122349455439e-07 8.486504212853896042e-07 1.123420447791727907e-06 1.101558087051757810e-06
1.910622359171171736e+00 1.299710790233894755e-05 4.278943019124697761e-07 4.364575547616816192e-07 8.006976956134657491e-07 8.413886455842218117e-07 1.115994712306415303e-06 1.091931277733380963e-06
1.919847962064320512e+00 1.290283966723642929e-05 4.267657720852053915e-07 4.336036261625691172e-07 7.962797439339810925e-07 8.355731211973928783e-07 1.108243191141780091e-06 1.083378890349080860e-06
1.929073564957469289e+00 1.281934839253364729e-05 4.223229134007920268e-07 4.280128905118102688e-07 7.939763124424349368e-07 8.315927746915075880e-07 1.101503381402169383e-06 1.075758722000312465e-06
1.938299167850618288e+00 1.274570202889988436e-05 4.202644730901101234e-07 4.264193426850310386e-07 7.921429956279019336e-07 8.280789259549858726e-07 1.095680608767463847e-06 1.069023999627979825e-06
1.947524770743767064e+00 1.268101371344566161e-05 4.190156855389414088e-07 4.262339345312454085e-07 7.879410299442615040e-07 8.250398161766615878e-07 1.090676148372737563e-06 1.063297105393089812e-06
1.956750373636916063e+00 1.262431338126547509e-05 4.170431487088164586e-07 4.261002964693217380e-07 7.852348607493145132e-07 8.224170638262998193e-07 1.086421342334726253e-06 1.058133318192437447e-06
1.965975976530064839e+00 1.257517376158720507e-05 4.163872699477462545e-07 4.258502169991688072e-07 7.830843589124818872e-07 8.201824419740298049e-07 1.082861438582951287e-06 1.053508857792320123e-06
1.975201579423213616e+00 1.253276712245834949e-05 4.164784126549193015e-07 4.257235888384021269e-07 7.802843328517469908e-07 8.183021054129156193e-07 1.079921220200055553e-06 1.049367953786791718e-06
1.984427182316362615e+00 1.249543747294127153e-05 4.147186138837358329e-07 4.245876457451273656e-07 7.778173728883193536e-07 8.167100982897396340e-07 1.077323734079972358e-06 1.045622319837942547e-06
1.993652785209511391e+00 1.246598008417171298e-05 4.119815439051412067e-07 4.239585501524018474e-07 7.759200594374032392e-07 8.154919935892623276e-07 1.075688900712929526e-06 1.042427125551059728e-06
2.002878388102660168e+00 1.244056459828957649e-05 4.103746227921629725e-07 4.243735359646036014e-07 7.743111755084780378e-07 8.145057565795616638e-07 1.074303643207462732e-06 1.039833295048116503e-06
2.012103990995809166e+00 1.242008361051216985e-05 4.114279435874387646e-07 4.234756367771184006e-07 7.730546584953820440e-07 8.130108941040465752e-07 1.073369240690511401e-06 1.037664913002321211e-06
2.021329593888958165e+00 1.240379867398157767e-05 4.125326238035404932e-07 4.230480858907574842e-07 7.720959469418981987e-07 8.130150970004121997e-07 1.072813100369511140e-06 1.035860384801264345e-06
2.030555196782107164e+00 1.239168866383376030e-05 4.109659272963384226e-07 4.222541370106473475e-07 7.714325307434772259e-07 8.130628462210069929e-07 1.072633439146021252e-06 1.034416533985699378e-06
2.039780799675255718e+00 1.238338579540997001e-05 4.083592922270839326e-07 4.210534298934304735e-07 7.705756350677589337e-07 8.119216023399422952e-07 1.072797566213958811e-06 1.033301200068553798e-06
2.049006402568404717e+00 1.237848068112287807e-05 4.059110095033698897e-07 4.214845164624141951e-07 7.697562529081581684e-07 8.097161228565983730e-07 1.073272955425138330e-06 1.032477810987544319e-06
2.058232005461553715e+00 1.237681228743910698e-05 4.061204733003462975e-07 4.229429277139252970e-07 7.691250573384935513e-07 8.088590226305328123e-07 1.074033963152086320e-06 1.031935127526000968e-06
2.067457608354702270e+00 1.237843411790701127e-05 4.070760152292179283e-07 4.234578734196711773e-07 7.686841197388130908e-07 8.086670307948172048e-07 1.075088315101438286e-06 1.031675879443633576e-06
2.076683211247851268e+00 1.238216220126366548e-05 4.080859663534122959e-07 4.238198524747895866e-07 7.683450824177716533e-07 8.085992800683912499e-07 1.076335802394133993e-06 1.031598415845804187e-06
2.085908814141000267e+00 1.238887361653659208e-05 4.091815111932664393e-07 4.246802254438038497e-07 7.681868954109618685e-07 8.087250732902809280e-07 1.077841104618108850e-06 1.031779538776763210e-06
2.095134417034148822e+00 1.239791418255610880e-05 4.103440930698834787e-07 4.255140826138232180e-07 7.681488478306777528e-07 8.089897826209842025e-07 1.079559884501910607e-06 1.032159644793737401e-06
2.104360019927297820e+00 1.240930274355215900e-05 4.115737270688863233e-07 4.261486601357005518e-07 7.682382740053204668e-07 8.093986300757871497e-07 1.081489444309034862e-06 1.032740939859405385e-06
2.113585622820446819e+00 1.242270756269300232e-05 4.128549832734414702e-07 4.265714457499256374e-07 7.684357955839458477e-07 8.099355046377096205e-07 1.083594391662081368e-06 1.033496872315808630e-06
2.122811225713595817e+00 1.243830195958068513e-05 4.134096754354966757e-07 4.263496772424777353e-07 7.687454806180593614e-07 8.112395653560945706e-07 1.085890427252524402e-06 1.034441372048631064e-06
2.132036828606744372e+00 1.245553382652993526e-05 4.132714016621686888e-07 4.260357828915566195e-07 7.691368763526904511e-07 8.128027567445092613e-07 1.088332313885863510e-06 1.035526539824398851e-06
2.141262431499893371e+00 1.247441664792545833e-05 4.132009600683587443e-07 4.258107253652084812e-07 7.696113205698869346e-07 8.144699487628635315e-07 1.090922137796436440e-06 1.036752894888972492e-06
2.150488034393042369e+00 1.249515773209400775e-05 4.149129937388330169e-07 4.257290821949194796e-07 7.701954007517528488e-07 8.162588558860316748e-07 1.093668592941396441e-06 1.038140308861923319e-06
2.159713637286190924e+00 1.251719098632825100e-05 4.163352892669120906e-07 4.257110752658366850e-07 7.708422424553539200e-07 8.181256016844177208e-07 1.096528207815065017e-06 1.039639000685069431e-06
2.168939240179339922e+00 1.254062814049810350e-05 4.171796072561048961e-07 4.266396170501090938e-07 7.715586393312880799e-07 8.200787003445342689e-07 1.099512675119378857e-06 1.041257436690738280e-06
2.178164843072488921e+00 1.256545816003850704e-05 4.170119216909916180e-07 4.285259230348887781e-07 7.727021784268185158e-07 8.221190361975519618e-07 1.102613946241172110e-06 1.042996593035905553e-06
2.187390445965637920e+00 1.259142702538444405e-05 4.174539493162299577e-07 4.294030477366419049e-07 7.745880761510468444e-07 8.242277317269791468e-07 1.105808804850217609e-06 1.044835127540953975e-06
2.196616048858786474e+00 1.261890982506595757e-05 4.179190469549446334e-07 4.297826670658691078e-07 7.765741593577997107e-07 8.264303139830617731e-07 1.109149010547713326e-06 1.046798640761543626e-06
2.205841651751935473e+00 1.264715633468802115e-05 4.183986945080383064e-07 4.302451038868794437e-07 7.786134216700114560e-07 8.286745111110220644e-07 1.112544833284931974e-06 1.048831096907871255e-06
2.215067254645084471e+00 1.267647254846820555e-05 4.189035464410681322e-07 4.311759245435432770e-07 7.807241980361826010e-07 8.309830229342161402e-07 1.116026205571623645e-06 1.050957048213099746e-06
2.224292857538233026e+00 1.270706382217698003e-05 4.194249962119329348e-07 4.327845474574497435e-07 7.829199860825306826e-07 8.333685708698491078e-07 1.119630509734690830e-06 1.053187735812423617e-06
2.233518460431382024e+00 1.273836355061093861e-05 4.204852918604191843e-07 4.345177627919314262e-07 7.851651111977973164e-07 8.357919859881805547e-07 1.123288345153286997e-06 1.055481357189377427e-06
2.242744063324531023e+00 1.277057191240324691e-05 4.216967051838331845e-07 4.353253562367947934e-07 7.874718799667786666e-07 8.382674950965630467e-07 1.127022979764317635e-06 1.057852818240206068e-06
2.251969666217680022e+00 1.279944246106509489e-05 4.229332148585036806e-07 4.358726739592713837e-07 7.895725881889757106e-07 8.405018177748241982e-07 1.130280730561361962e-06 1.060000167896438142e-06
2.261195269110828576e+00 1.283398174098236140e-05 4.244696579730463184e-07 4.355481266397324172e-07 7.920346785958072181e-07 8.431171837183701188e-07 1.134243372621014355e-06 1.062561350520259052e-06
2.270420872003977575e+00 1.286923992957429751e-05 4.260143149286325741e-07 4.356934896692732460e-07 7.945467529198277541e-07 8.457708052497428909e-07 1.138268183389986741e-06 1.065183392434717937e-06
2.279646474897126573e+00 1.290715278455473426e-05 4.276235053213795162e-07 4.363278535630038318e-07 7.967444112059668469e-07 8.485969087656788430e-07 1.142609826100146972e-06 1.068002940452705075e-06
2.288872077790275128e+00 1.294188920086417893e-05 4.288593334675588046e-07 4.368346668638642990e-07 7.984298581351995322e-07 8.511938122658654291e-07 1.146495410384333605e-06 1.070609810972595604e-06
2.298097680683424127e+00 1.297918426735492371e-05 4.297563610236297704e-07 4.371278920640902984e-07 8.002042497876246370e-07 8.539563668858822238e-07 1.150689442500445994e-06 1.073405919429838457e-06
2.307323283576573125e+00 1.301706824705928889e-05 4.294960613322095839e-07 4.371107836485742487e-07 8.020085029929231875e-07 8.565546014903528173e-07 1.154932162564708542e-06 1.076252237653484682e-06
2.316548886469722124e+00 1.305552939684136470e-05 4.291350856113307317e-07 4.375895068635370642e-07 8.038235146680491639e-07 8.589188010884627009e-07 1.159224368780526610e-06 1.079147169097208756e-06
2.325774489362870678e+00 1.309452203250759130e-05 4.288019538834915933e-07 4.383547084425106941e-07 8.056718547473917395e-07 8.613004220729885763e-07 1.163558807808279851e-06 1.082087788765724077e-06
2.335000092256019677e+00 1.313404217719814383e-05 4.284948972012751685e-07 4.397991333483555732e-07 8.075524406217509413e-07 8.634972395084672208e-07 1.167936662576150622e-06 1.085073247301858866e-06
2.344225695149168676e+00 1.317439113349974726e-05 4.295326777323731993e-07 4.413741934954181401e-07 8.094616164519659107e-07 8.649824322833528378e-07 1.172414438452609573e-06 1.088119603282485350e-06
2.353451298042317230e+00 1.321451244776432294e-05 4.311470200467764242e-07 4.430069416355808222e-07 8.114037600012269873e-07 8.665102903934755383e-07 1.176807361629677752e-06 1.091166163959955145e-06
2.362676900935466229e+00 1.325543300213341048e-05 4.327765710239237477e-07 4.454832650343081973e-07 8.133718454030953093e-07 8.680854684876076560e-07 1.181299476422636646e-06 1.094270470852805134e-06
2.371902503828615227e+00 1.329673784896338496e-05 4.340992075274025083e-07 4.466819726456853080e-07 8.153643297792325626e-07 8.697007057968147216e-07 1.185822907663828109e-06 1.097407214966138468e-06
2.381128106721764226e+00 1.333844881919090705e-05 4.352708169456579709e-07 4.477660857278840831e-07 8.173834606373166244e-07 8.713575811681572176e-07 1.190378487912542542e-06 1.100578529757240291e-06
2.390353709614912781e+00 1.338058533147163016e-05 4.364435038599092352e-07 4.488818635693831853e-07 8.194309610895958809e-07 8.730573133696348064e-07 1.194967172649994791e-06 1.103786271648427635e-06
2.399579312508061779e+00 1.342302945608720054e-05 4.376132629662942200e-07 4.500267161677852219e-07 8.216127641818529221e-07 8.747896016176872843e-07 1.199581265846371873e-06 1.107019643998573863e-06
2.408804915401210778e+00 1.346580738527579382e-05 4.387951559560886899e-07 4.512005890421969938e-07 8.241340727460905581e-07 8.765565816378761017e-07 1.204221683480431406e-06 1.110281241297972018e-06
2.418030518294359332e+00 1.350890829936167638e-05 4.402016587200308556e-07 4.525780439614736513e-07 8.266728339449144698e-07 8.783569455873766060e-07 1.208887578832848556e-06 1.113570098592719322e-06
2.427256121187508331e+00 1.355237435817552682e-05 4.412139122764433582e-07 4.540239072218216465e-07 8.288961299014341191e-07 8.801938952087962054e-07 1.213581423171749237e-06 1.116890157965432938e-06
2.436481724080657330e+00 1.359609855153706005e-05 4.417564924040261263e-07 4.552452266591676541e-07 8.309381477822751108e-07 8.820579295020793652e-07 1.218296522899551247e-06 1.120231513720525349e-06
2.445707326973806328e+00 1.364009448041172784e-05 4.429132234808197665e-07 4.564901893771385386e-07 8.329733929826941110e-07 8.839507534838217281e-07 1.223032257622600128e-06 1.123595868774900861e-06
2.454932929866954883e+00 1.368436533756111163e-05 4.442493970800457325e-07 4.582341880516800669e-07 8.343601035352365373e-07 8.858717892178258601e-07 1.227789438062606254e-06 1.126983299847907985e-06
2.464158532760103881e+00 1.372888125509379391e-05 4.455882860343527823e-07 4.599020719819060338e-07 8.365717385696960805e-07 8.878185628736556063e-07 1.232565546139307295e-06 1.130391245218122540e-06
2.473384135653252880e+00 1.377362826902353363e-05 4.469296686869872953e-07 4.613694177157215165e-07 8.388010144825597448e-07 8.897902383043193423e-07 1.237358663078480016e-06 1.133818744636288047e-06
2.482609738546401434e+00 1.381862124833406569e-05 4.482740846809848647e-07 4.639625973916755298e-07 8.410484572870713160e-07 8.917870679563521527e-07 1.242170647245943298e-06 1.137266859666472899e-06
2.491835341439550433e+00 1.386384379027551098e-05 4.496210561214035825e-07 4.665579882056693114e-07 8.433133038981620956e-07 8.938076055710799647e-07 1.247000035009401540e-06 1.140734189086810898e-06
2.501060944332699432e+00 1.390926116920948229e-05 4.509696071403211437e-07 4.689685126225092874e-07 8.455938971923613858e-07 8.964029341868193191e-07 1.251843301576170315e-06 1.144217986876585726e-06
2.510286547225848430e+00 1.395485692544571331e-05 4.523188120613708672e-07 4.708691875762925730e-07 8.477632977794836690e-07 8.990902747816577540e-07 1.256701167689113681e-06 1.147716126347948733e-06
2.519512150118996985e+00 1.400066857537529710e-05 4.537846787656596632e-07 4.721640327661636170e-07 8.499372093037365781e-07 9.017891980381550023e-07 1.261573583768630215e-06 1.151232851600636077e-06
2.528737753012145983e+00 1.404663691524086365e-05 4.553464986477621067e-07 4.734769108310630837e-07 8.525389951985877117e-07 9.044959402556731586e-07 1.266458474731909731e-06 1.154762160534473871e-06
2.537963355905294982e+00 1.409279520681406448e-05 4.569051976438296645e-07 4.747018279800745518e-07 8.549083915707643736e-07 9.072127769087275914e-07 1.271355763842996789e-06 1.158307806919028348e-06
2.547188958798443537e+00 1.413912512589263154e-05 4.584619919530567096e-07 4.757549757589165360e-07 8.572908916336351973e-07 9.099384759708609925e-07 1.276267347536227115e-06 1.161867125010266794e-06
2.556414561691592535e+00 1.418558223410122711e-05 4.600838138362397248e-07 4.768223072304225631e-07 8.596859856862253151e-07 9.126704495447256378e-07 1.281186713006126683e-06 1.165437194325660370e-06
2.565640164584741534e+00 1.423211742749942786e-05 4.617249055350531234e-07 4.779022989002119876e-07 8.620907859619114742e-07 9.154056565077275704e-07 1.286109727849403457e-06 1.169013820409855418e-06
2.574865767477890532e+00 1.427894791515179429e-05 4.634320171862482240e-07 4.790001217857398465e-07 8.645169636392334873e-07 9.181577222174415161e-07 1.291056516122101106e-06 1.172614988458189084e-06
2.584091370371039087e+00 1.432579578134889707e-05 4.664302594032351844e-07 4.801085404413413558e-07 8.669483753814425991e-07 9.209092470889072520e-07 1.296003218267197799e-06 1.176217068306710986e-06
2.593316973264188086e+00 1.437281156764386530e-05 4.693085797304903114e-07 4.816293865563094832e-07 8.693955600594910186e-07 9.236698541574543838e-07 1.300960507003626052e-06 1.179833573579178936e-06
2.602542576157337084e+00 1.441992810147748684e-05 4.717701214736292828e-07 4.834712532581099111e-07 8.718525600316128947e-07 9.264352333034524603e-07 1.305925527401826099e-06 1.183457842162748849e-06
2.611768179050485639e+00 1.446718557435935005e-05 4.742374402658157948e-07 4.844597406154340703e-07 8.743228116295734270e-07 9.292080249942360760e-07 1.310900251647592875e-06 1.187093789737531338e-06
2.620993781943634637e+00 1.451451553724541132e-05 4.766376938117015694e-07 4.858133412442161987e-07 8.768024799765730931e-07 9.319840045302457259e-07 1.315878408177566055e-06 1.190735718353842573e-06
2.630219384836783636e+00 1.456193210179516886e-05 4.788006870177301233e-07 4.876085430834094177e-07 8.792772304443822632e-07 9.347639988282127068e-07 1.320862909449772326e-06 1.194384274259767506e-06
2.639444987729932635e+00 1.460949027640997531e-05 4.809723966714171374e-07 4.893617153535685557e-07 8.817667389827522022e-07 9.375516806688733118e-07 1.325855553818772862e-06 1.198045094723251472e-06
2.648670590623081189e+00 1.465710307624295739e-05 4.831495353549562397e-07 4.910006203873500347e-07 8.842637412471885891e-07 9.403414452922412054e-07 1.330851910601299877e-06 1.201709768016101816e-06
2.657896193516230188e+00 1.470481495806901588e-05 4.850860532664189013e-07 4.926564076457045532e-07 8.867723330447962223e-07 9.431362491932370265e-07 1.335853812211873379e-06 1.205382757588034366e-06
2.667121796409379186e+00 1.475261582258904959e-05 4.866871733771675599e-07 4.940948372466550108e-07 8.892912176529293240e-07 9.459354134575385535e-07 1.340861494053236468e-06 1.209062806961103684e-06
2.676347399302527741e+00 1.480050394858558048e-05 4.882295699000595887e-07 4.951658671559623724e-07 8.918213646202175079e-07 9.487389741158216386e-07 1.345873408460767495e-06 1.212750266869645619e-06
2.685573002195676739e+00 1.484843891297158630e-05 4.896707393879372756e-07 4.965890369680901273e-07 8.943586227412041217e-07 9.515442549906456186e-07 1.350888526171357460e-06 1.216440884878847064e-06
2.694798605088825738e+00 1.489644861822948513e-05 4.914691772870863313e-07 4.991422703468551583e-07 8.969059770930404486e-07 9.543531483119524971e-07 1.355907658180286355e-06 1.220137522973250945e-06
2.704024207981974737e+00 1.494453834623474226e-05 4.932754930141132000e-07 5.017018657480318305e-07 8.994641586187798331e-07 9.571660690578849296e-07 1.360930650450668935e-06 1.223840879797026443e-06
2.713249810875123291e+00 1.499266496491712069e-05 4.946302979650733360e-07 5.033702391406746565e-07 9.020307237937458532e-07 9.599803355941720611e-07 1.365953813605306883e-06 1.227547274506937217e-06
2.722475413768272290e+00 1.504086029914572899e-05 4.959788470228809255e-07 5.041537445765373169e-07 9.046058280672511921e-07 9.627978063352185837e-07 1.370982260629813576e-06 1.231258595190241285e-06
2.731701016661421288e+00 1.508908837281099238e-05 4.976100990843937129e-07 5.056029202353585654e-07 9.071889900862250438e-07 9.656164003373782033e-07 1.376010759675490774e-06 1.234972528592773468e-06
2.740926619554569843e+00 1.513739978958660768e-05 4.992838807884085272e-07 5.075040610346961891e-07 9.097831202596790462e-07 9.684393128876610951e-07 1.381043864370476830e-06 1.238693288443613917e-06
2.750152222447718842e+00 1.518570577138722620e-05 5.009148995444656714e-07 5.095817592989473243e-07 9.123825483730762435e-07 9.712609552237533349e-07 1.386074645270409748e-06 1.242413108226499857e-06
2.759377825340867840e+00 1.523411351037458386e-05 5.024935079405150085e-07 5.108519162132821686e-07 9.149948284393297383e-07 9.740881823118870922e-07 1.391110615894603351e-06 1.246141675605384931e-06
