4.612801446574533726e-01 1.747161447214001782e+03 9.950883417843670031e-01 9.694271600310457870e-01 1.867648172718418209e+00 1.931945206077443800e+00 3.230548211931136393e+00 3.197505844611896464e+00
4.705057475506024267e-01 1.527852611615664273e+03 1.031202366135403281e+00 9.690660217945605837e-01 1.841162135958029467e+00 1.914849861063203207e+00 3.254427103995112702e+00 3.122484010294556356e+00
4.797313504437515363e-01 1.347038637574004724e+03 9.598972053006491478e-01 8.971432648149857414e-01 1.739490903104297104e+00 1.796409331054292124e+00 3.060135630812510499e+00 2.847711233258223729e+00
4.889569533369005905e-01 1.197632939846185991e+03 8.564206491359982465e-01 8.103353760129721195e-01 1.575821163075943332e+00 1.636120984421268076e+00 2.766571093639413448e+00 2.547452592823901796e+00
4.981825562300497001e-01 1.072829984391345533e+03 7.700573631107090478e-01 7.296331111847393913e-01 1.424610674973109781e+00 1.473918011693740482e+00 2.474756552219560035e+00 2.271652364684541681e+00
5.074081591231986987e-01 9.673167719234444348e+02 6.877869493316666194e-01 6.547669184964206579e-01 1.285291325866296575e+00 1.350425605854297828e+00 2.218206895348657781e+00 2.031247812897959193e+00
5.166337620163478084e-01 8.771143581832661766e+02 6.287325158526755331e-01 5.906146958895988064e-01 1.169407340661223316e+00 1.235076679088706442e+00 1.996941354714067529e+00 1.825117191264894245e+00
5.258593649094969180e-01 7.992442414621785929e+02 5.692272210444571101e-01 5.390912384383454992e-01 1.067371093875749466e+00 1.129135524942512347e+00 1.806934210938038632e+00 1.648876831715142544e+00
5.350849678026460277e-01 7.314493302614552022e+02 5.187487232826697436e-01 4.989631451480818214e-01 9.779446599542325202e-01 1.024678879483872151e+00 1.643459430813322797e+00 1.497764824241357928e+00
5.443105706957950263e-01 6.719919219935794672e+02 4.729489155855617355e-01 4.591657501554209375e-01 8.998034873301321568e-01 9.347323066851913609e-01 1.502164463957001317e+00 1.367519251093881394e+00
5.535361735889441359e-01 6.195125265779989832e+02 4.367194726335128507e-01 4.291349807385813619e-01 8.343741090898220136e-01 8.690544773153305869e-01 1.379344484319290132e+00 1.254568067812215304e+00
5.627617764820932456e-01 5.729314282379690439e+02 4.044811904600464914e-01 3.965692163063749831e-01 7.829763720772007218e-01 8.158077931718707987e-01 1.271941839116607298e+00 1.159647964372084061e+00
5.719873793752422442e-01 5.313793456146330527e+02 3.747388658248382853e-01 3.680635409974684080e-01 7.288160625034834084e-01 7.585015381807806989e-01 1.177462004552580765e+00 1.079930036548716998e+00
5.812129822683913538e-01 4.941478552908146753e+02 3.525869404298873633e-01 3.413293763348406173e-01 6.803735161946065091e-01 7.063184780820392916e-01 1.093875097661111795e+00 1.008643057710855828e+00
5.904385851615404635e-01 4.606533605167301175e+02 3.279338023922377943e-01 3.188885987540288625e-01 6.369235634201686480e-01 6.605488415844433803e-01 1.019526136547426631e+00 9.446304331465853465e-01
5.996641880546894621e-01 4.304104726508675753e+02 3.113400926573035576e-01 2.998784670096483751e-01 5.978161599230134016e-01 6.235511009109018232e-01 9.530600618014659631e-01 8.869187274576120217e-01
6.088897909478385717e-01 4.030120365568618013e+02 2.930878382949799743e-01 2.841341860471970904e-01 5.624767250296258680e-01 5.897064358943566731e-01 8.960843910522271472e-01 8.346879015422246084e-01
6.181153938409876814e-01 3.781139210766436349e+02 2.759222675126693503e-01 2.670726230054469852e-01 5.304218147830397356e-01 5.586723768778938393e-01 8.448440047301915001e-01 7.872453499280709366e-01
6.273409967341367910e-01 3.554232806997878811e+02 2.601544873442094286e-01 2.511172342100280730e-01 5.012430229871824849e-01 5.301478602334555035e-01 7.981728496889104463e-01 7.440040351769425797e-01
6.365665996272857896e-01 3.346893836842515384e+02 2.469621000020083557e-01 2.375786472830441198e-01 4.745938058290448680e-01 5.038687393074496867e-01 7.555236043962167969e-01 7.044643935550993774e-01
6.457922025204348992e-01 3.156963643242877993e+02 2.348353454697189591e-01 2.252290502152050067e-01 4.501787624550956934e-01 4.796033235865024835e-01 7.164291979299264312e-01 6.681994878981640795e-01
6.550178054135840089e-01 2.982574366415352642e+02 2.233974986072553293e-01 2.143575232236685224e-01 4.277449281478311605e-01 4.571764397555853066e-01 6.804892524959313960e-01 6.348428658515103962e-01
6.642434083067330075e-01 2.822102314591144818e+02 2.126753795425884164e-01 2.038868560159698973e-01 4.070743005278245619e-01 4.364070684425769286e-01 6.473590355644205374e-01 6.040786339147530271e-01
6.734690111998820061e-01 2.674130066307310472e+02 2.032759495961045104e-01 1.953660403510752985e-01 3.879638736545985012e-01 4.171032079648853141e-01 6.167404390818091997e-01 5.756325952550582770e-01
6.826946140930312268e-01 2.537415428946026452e+02 1.945276937289293073e-01 1.857981818880887204e-01 3.702682475430378872e-01 3.991272238617113999e-01 5.883745916250973096e-01 5.492675561066562295e-01
6.919202169861803364e-01 2.410865831792409892e+02 1.862031946967874774e-01 1.780062007346145947e-01 3.538448840171213305e-01 3.823572445852221335e-01 5.620347080683245622e-01 5.247764672352275284e-01
7.011458198793293350e-01 2.293517064102354084e+02 1.781838987149626519e-01 1.705122717806943911e-01 3.385691310863876424e-01 3.666320756626362254e-01 5.375241258306857617e-01 5.019775930489345228e-01
7.103714227724783337e-01 2.184515514870163031e+02 1.701715509219638989e-01 1.641194215559949043e-01 3.243315692015755758e-01 3.519115158105705632e-01 5.146696667574417461e-01 4.807111561358397012e-01
7.195970256656274433e-01 2.083103255468234636e+02 1.627333120354990115e-01 1.581513264019065446e-01 3.110358058359850020e-01 3.378378132281341095e-01 4.933182932635418183e-01 4.608361942417218415e-01
7.288226285587766640e-01 1.988605445992394323e+02 1.558934575392356692e-01 1.517242289442037873e-01 2.985966346260227056e-01 3.237909472470335004e-01 4.733346288176392136e-01 4.422279301240621407e-01
7.380482314519256626e-01 1.900419652914327742e+02 1.500409745950719298e-01 1.454260318318176815e-01 2.869384921920641318e-01 3.106558469752940255e-01 4.545985332853774707e-01 4.247755615908204163e-01
7.472738343450746612e-01 1.818006748005113877e+02 1.442699736342660799e-01 1.393460416831260318e-01 2.759941590522885235e-01 2.983516591542922924e-01 4.370030597128504724e-01 4.083803971337260919e-01
7.564994372382237708e-01 1.740883122571399042e+02 1.385248806580250402e-01 1.339965550750150669e-01 2.657036615426022763e-01 2.871010808277389970e-01 4.204527256261201273e-01 3.929542769249962930e-01
7.657250401313729915e-01 1.668614001296930383e+02 1.331172985951525334e-01 1.290741224089799744e-01 2.560133399595372339e-01 2.769957520044386001e-01 4.048620447271673584e-01 3.784182303868703912e-01
7.749506430245219901e-01 1.600807679681466595e+02 1.286587518854958034e-01 1.243791823918058981e-01 2.468750547257911876e-01 2.674471452912428049e-01 3.901542750513158353e-01 3.647013306514566011e-01
7.841762459176709887e-01 1.537110540657364197e+02 1.244744547732352657e-01 1.199548206661518179e-01 2.382455076383678261e-01 2.584132793466267231e-01 3.762603477778441174e-01 3.517397135230737604e-01
7.934018488108200984e-01 1.477202731254454875e+02 1.200232369335196836e-01 1.157965994871403836e-01 2.300856594387425957e-01 2.498561311402625051e-01 3.631179473921406498e-01 3.394757344038339397e-01
8.026274517039692080e-01 1.420794400565246463e+02 1.157848353382746609e-01 1.118624380420385478e-01 2.223602283220600384e-01 2.417411915056106864e-01 3.506707191322675499e-01 3.278572413521203543e-01
8.118530545971182066e-01 1.367622416775020326e+02 1.117363516795251144e-01 1.081273842509915539e-01 2.150372567077170061e-01 2.340370780669331907e-01 3.388675838666301843e-01 3.168369462495945754e-01
8.210786574902672053e-01 1.317447494476951988e+02 1.080706118213470290e-01 1.048782523940303690e-01 2.080877357883252898e-01 2.267151972429246598e-01 3.276621439721338902e-01 3.063718791411815801e-01
8.303042603834164259e-01 1.270051674515413964e+02 1.046337951384543885e-01 1.017492150001118034e-01 2.014852791557473211e-01 2.197494483483524164e-01 3.170121665611560502e-01 2.964229133244202785e-01
8.395298632765655356e-01 1.225236107628945632e+02 1.013652721152595859e-01 9.856549223168542539e-02 1.952058382409376236e-01 2.131159638875601559e-01 3.068791326497262162e-01 2.869543507990641729e-01
8.487554661697145342e-01 1.182819100749326822e+02 9.825341701473178091e-02 9.576381156013269447e-02 1.894477341024867201e-01 2.067928810805597095e-01 2.972278427752286234e-01 2.779335594262022369e-01
8.579810690628635328e-01 1.142634390908661572e+02 9.528760779856781937e-02 9.289399012926935484e-02 1.841554654978949657e-01 2.007601403666967599e-01 2.880260710196864693e-01 2.693306544542650727e-01
8.672066719560127535e-01 1.104529616985126239e+02 9.252816239133210274e-02 9.010317647464205493e-02 1.791070533283516397e-01 1.949993073012592504e-01 2.792442607128720056e-01 2.611182182739497648e-01
8.764322748491618631e-01 1.068364963811988702e+02 8.990587430425023285e-02 8.735095820016169910e-02 1.742879163222994521e-01 1.894934147747733277e-01 2.708552561081347676e-01 2.532710531855286717e-01
8.856578777423108617e-01 1.034011956824382992e+02 8.731054914366609410e-02 8.474201830507865907e-02 1.696845918568641309e-01 1.842268229307677530e-01 2.628340651940277439e-01 2.457659627565647043e-01
8.948834806354598603e-01 1.001352388485222349e+02 8.471039426727600130e-02 8.234121414238870784e-02 1.652846347248129177e-01 1.791850945352280178e-01 2.551576495269927136e-01 2.385815580036876327e-01
9.041090835286089700e-01 9.702773603234076916e+01 8.245052607368563713e-02 8.004434206668520346e-02 1.610765265656510792e-01 1.743548838624775499e-01 2.478047375734320212e-01 2.316980851852576961e-01
9.133346864217581906e-01 9.406864266167558242e+01 8.028308525862826173e-02 7.784515418430260070e-02 1.570495947029257877e-01 1.697238374351712764e-01 2.407556585564663010e-01 2.250972724503554900e-01
9.225602893149071893e-01 9.124868276207618578e+01 7.820282371764619711e-02 7.573788048367191550e-02 1.531939392923078458e-01 1.652805051785151136e-01 2.339921942282074951e-01 2.187621929808045707e-01
9.317858922080561879e-01 8.855928018389982981e+01 7.620486079346733277e-02 7.394763094950462801e-02 1.493092761845815630e-01 1.610134343923590450e-01 2.274974463478258713e-01 2.126771425906639479e-01
9.410114951012052975e-01 8.599249681941603285e+01 7.428465185905963608e-02 7.218876281555708374e-02 1.451587734962629384e-01 1.569011249374909767e-01 2.212557179503846783e-01 2.068275300252082616e-01
9.502370979943544071e-01 8.354097701277190424e+01 7.241977301556801194e-02 7.028939630706076969e-02 1.411613134820584037e-01 1.529469528428961667e-01 2.152524067483483350e-01 2.011997784382231202e-01
9.594627008875034058e-01 8.119789746608137193e+01 7.062228695976102699e-02 6.847213945900421095e-02 1.372987181054554640e-01 1.491423344979381227e-01 2.094739092286772575e-01 1.957812367264324394e-01
9.686883037806525154e-01 7.895692203144305665e+01 6.889310326634756620e-02 6.678744966978911179e-02 1.338640356296707523e-01 1.455014977346564820e-01 2.039075341942293562e-01 1.905600995728775615e-01
9.779139066738016250e-01 7.681216085341038990e+01 6.722856584232772548e-02 6.515039355525686915e-02 1.306629178861129503e-01 1.420351659440228786e-01 1.985414246586714171e-01 1.855253351950665319e-01
9.871395095669507347e-01 7.475813339114905887e+01 6.545665961000679545e-02 6.355974039654199714e-02 1.274420205065496248e-01 1.385585711993826408e-01 1.933644871412525390e-01 1.806666199227464631e-01
9.963651124600997333e-01 7.278973490553730130e+01 6.356809321158607418e-02 6.198902444661769096e-02 1.245964292484131875e-01 1.352911771509752725e-01 1.883663275256708403e-01 1.759742788347153919e-01
1.005590715353248843e+00 7.090220604524452597e+01 6.170225916456217874e-02 6.043115905121965170e-02 1.217687222701329119e-01 1.319153621430899648e-01 1.835371927467690512e-01 1.714392317792317044e-01
1.014816318246397842e+00 6.909110520814786582e+01 6.028976201312730154e-02 5.906436551065041840e-02 1.190151930202745234e-01 1.284523004545832237e-01 1.788679176582235186e-01 1.670529441809236459e-01
1.024041921139547062e+00 6.735228339151845489e+01 5.879631630493520333e-02 5.770624185633721481e-02 1.163561251559315224e-01 1.255558887051080319e-01 1.743498765070796708e-01 1.628073821080988637e-01
1.033267524032696061e+00 6.568186127663423690e+01 5.723180430803154195e-02 5.643195635043696257e-02 1.137871150129683429e-01 1.225894839654273483e-01 1.699749385070532526e-01 1.586949711304441735e-01
1.042493126925845059e+00 6.407620832173877545e+01 5.565737823962990660e-02 5.521538237233869495e-02 1.113040241453262524e-01 1.194846375232216928e-01 1.657354270579958211e-01 1.547085585530041385e-01
1.051718729818994280e+00 6.253192366203523278e+01 5.429914686228443088e-02 5.382577103861763135e-02 1.089029605644569187e-01 1.164703768770323222e-01 1.616240822066501437e-01 1.508413786525153455e-01
1.060944332712143279e+00 6.104581863704696332e+01 5.288552055744588642e-02 5.263258528694336746e-02 1.065802615469024772e-01 1.135414332926600878e-01 1.576340259853523662e-01 1.470870205829299948e-01
1.070169935605292277e+00 5.961490078474971455e+01 5.136074050225403198e-02 5.145255378118918088e-02 1.043183159276495076e-01 1.106880272425030398e-01 1.537587303014475992e-01 1.434393986493347484e-01
1.079395538498441276e+00 5.823635915859391332e+01 5.020996074107131335e-02 5.028072653988857610e-02 1.020427475737193390e-01 1.077937953882539546e-01 1.499919870800141553e-01 1.398927246769616772e-01
1.088621141391590497e+00 5.690755083818204696e+01 4.894152827997544364e-02 4.913058081423571366e-02 9.940633050317160269e-02 1.049037702946264972e-01 1.463278803871972400e-01 1.364414822270632044e-01
1.097846744284739717e+00 5.562598851729411109e+01 4.799110357168245855e-02 4.806597564389392119e-02 9.683324309978047495e-02 1.020829061546137950e-01 1.427607602860163638e-01 1.330804024309273359e-01
1.107072347177888716e+00 5.438932906423037394e+01 4.705549795771446497e-02 4.684128832233369621e-02 9.431942719005093068e-02 9.932697464516593300e-02 1.392852181906718556e-01 1.298044412304761863e-01
1.116297950071037715e+00 5.319536295933377801e+01 4.608306689856078719e-02 4.553564646130325855e-02 9.186095193815901894e-02 9.711521162887493119e-02 1.358960635029617947e-01 1.266087578277108605e-01
1.125523552964186713e+00 5.204200452316408843e+01 4.481695892859249852e-02 4.472989201894961298e-02 8.945399481529392460e-02 9.500809388510589315e-02 1.325883013221940132e-01 1.234886941561867957e-01
1.134749155857335934e+00 5.092728285628443530e+01 4.361891828277464356e-02 4.391211209208734090e-02 8.785715792406278979e-02 9.265604593370824205e-02 1.293571110315383521e-01 1.204397551948801492e-01
1.143974758750484932e+00 4.984933341801118445e+01 4.307256951230442610e-02 4.310638892281559720e-02 8.641572280789233673e-02 9.030882032659803826e-02 1.261978255642688396e-01 1.174575899519325617e-01
1.153200361643633931e+00 4.880639017693282966e+01 4.245553253220180068e-02 4.223783732906838395e-02 8.502859605319201819e-02 8.841189919277780973e-02 1.231059111584684729e-01 1.145379729459321538e-01
1.162425964536783152e+00 4.779677827048904248e+01 4.188727769217592822e-02 4.140146146086465251e-02 8.368597924054910209e-02 8.631526148882784355e-02 1.200769474044847129e-01 1.116767860143923485e-01
1.171651567429932372e+00 4.681890711449404563e+01 4.089558612159294171e-02 4.052190788908660579e-02 8.239482704265554958e-02 8.413717110343554850e-02 1.171066073850113298e-01 1.088700002746776363e-01
1.180877170323081371e+00 4.587126390618167449e+01 3.963961090445167201e-02 3.981141821987677076e-02 8.102387276365874413e-02 8.199203957064327142e-02 1.141906376981793869e-01 1.066640783260481840e-01
1.190102773216230370e+00 4.495240746608938309e+01 3.896195597419449541e-02 3.885562848179802131e-02 7.926123739644452826e-02 8.008405805338725258e-02 1.113248381405185228e-01 1.046345597858930887e-01
1.199328376109379368e+00 4.406096236483858775e+01 3.804335607517117523e-02 3.829580769714624466e-02 7.801216666855737003e-02 7.841288098162380038e-02 1.085050408086374318e-01 1.026627523133996078e-01
1.208553979002528589e+00 4.319561328053548266e+01 3.728740254431528456e-02 3.736640220838438609e-02 7.617732920598285773e-02 7.677637914633095306e-02 1.057270883534968675e-01 1.007462499140956425e-01
1.217779581895677588e+00 4.235509953087805712e+01 3.675919638518365673e-02 3.652642177635812004e-02 7.437293270425016090e-02 7.577119760619410727e-02 1.029868110917888657e-01 9.888274529210150376e-02
1.227005184788826586e+00 4.153820972097300057e+01 3.628768160822914979e-02 3.585193446305368070e-02 7.259137728500064668e-02 7.490908583972810675e-02 1.002800026398986688e-01 9.707002043796819635e-02
1.236230787681975807e+00 4.074377644296485101e+01 3.571805143494799495e-02 3.498099417074485018e-02 7.081325268662652661e-02 7.349249434707871842e-02 9.760239368889500611e-02 9.530593725460079213e-02
1.245456390575124805e+00 3.997067095648733215e+01 3.478030356360051201e-02 3.406230161889567398e-02 6.905626768823225348e-02 7.194840728755735881e-02 9.495208326012516409e-02 9.358842809583478584e-02
1.254681993468273804e+00 3.921779776900316250e+01 3.430657677586879117e-02 3.341219848705634377e-02 6.770623204383241500e-02 7.042918019958932518e-02 9.343124327671148421e-02 9.191548607557820105e-02
1.263907596361422803e+00 3.848408902159828671e+01 3.384194226180881060e-02 3.257990957680334532e-02 6.647476223889725588e-02 6.890002049028964848e-02 9.195613295058535641e-02 9.028515498717126775e-02
1.273133199254572023e+00 3.776849856752403412e+01 3.334655215094528558e-02 3.187720953251726996e-02 6.473972720637277689e-02 6.737404807037705723e-02 9.052510419430603861e-02 8.869551864576408207e-02
1.282358802147721244e+00 3.706999560629885337e+01 3.245410595793885022e-02 3.146351834654126378e-02 6.276599856559528234e-02 6.567307093542495977e-02 8.913651534336963778e-02 8.714468943600905959e-02
1.291584405040870243e+00 3.638755770329223083e+01 3.234163504244946807e-02 3.096800944940980571e-02 6.098251961227418860e-02 6.464071907657142901e-02 8.778871197191762121e-02 8.483715991648210775e-02
1.300810007934019241e+00 3.572016298044732707e+01 3.142471233921639850e-02 3.010651610951953216e-02 5.951279423590705164e-02 6.376814549570042345e-02 8.648000459488258684e-02 8.236465580635154993e-02
1.310035610827168240e+00 3.506678120390906628e+01 3.072708582466532334e-02 2.947119819225463289e-02 5.839239394033768349e-02 6.280993045760396853e-02 8.520864254256110826e-02 7.987940922032521485e-02
1.319261213720317460e+00 3.442636341268842415e+01 3.025832532210870340e-02 2.868690694624831394e-02 5.742431569569106387e-02 6.188384153049497627e-02 8.397278319996104301e-02 7.737361250339347407e-02
1.328486816613466459e+00 3.379782962033294069e+01 3.023722206814483116e-02 2.803429646976951517e-02 5.642031793411206309e-02 6.002701913705266179e-02 8.277045573176167181e-02 7.483853108543314647e-02
1.337712419506615458e+00 3.318005396588495870e+01 2.983616818219303468e-02 2.744424522469302019e-02 5.595343878780312252e-02 5.814006199649668361e-02 8.159951841867041367e-02 7.226429738805251191e-02
1.346938022399764678e+00 3.257184647203516903e+01 2.894832346902376230e-02 2.673283544987015148e-02 5.435003224153689416e-02 5.691343778624968763e-02 8.045760888703767932e-02 7.089416129758063789e-02
1.356163625292913677e+00 3.197193025830173596e+01 2.839122543737104820e-02 2.608513302612180951e-02 5.410274442108331527e-02 5.574771507992082320e-02 7.934208698857148079e-02 7.030056600055090144e-02
1.365389228186062898e+00 3.137891261114265973e+01 2.814326928806210049e-02 2.599869817243316561e-02 5.354802867073615857e-02 5.396738337999806845e-02 7.824997116691534416e-02 6.977832822090235254e-02
1.374614831079211896e+00 3.079124766249570655e+01 2.761508612937291218e-02 2.583593358446734101e-02 5.327051292930917725e-02 5.244374513808125471e-02 7.717787138275511438e-02 6.933612882004780431e-02
1.383840433972360895e+00 3.020718746524754295e+01 2.668686117719332174e-02 2.562204954212887742e-02 5.218472090172099342e-02 5.030092742529390648e-02 7.612192606485734814e-02 6.911287235364937942e-02
1.393066036865510116e+00 2.962471680508738814e+01 2.625590136894473403e-02 2.534420476708376668e-02 5.122355190957250670e-02 4.988660172065806364e-02 7.427056213675697904e-02 6.944858804121167850e-02
1.402291639758658892e+00 2.904146486984287279e+01 2.619636757126997395e-02 2.511844676248387032e-02 5.089916749565048804e-02 4.969993134432826309e-02 7.147146577167617920e-02 6.862211481329794083e-02
1.411517242651808113e+00 2.845458343806628676e+01 2.625829653389999407e-02 2.480653997615434037e-02 5.126241185942959078e-02 4.839358886703237772e-02 7.020407024677766117e-02 6.865793253730956280e-02
1.420742845544957333e+00 2.786057574747804466e+01 2.568146718880015555e-02 2.502961464626451971e-02 5.128452901508140371e-02 4.883931714675426861e-02 6.924787002234467082e-02 6.888919522881664648e-02
1.429968448438106332e+00 2.725505127276166917e+01 2.576755399882202369e-02 2.555937384557438463e-02 5.208605240170527395e-02 4.985429102908511823e-02 6.880205204851463918e-02 6.935805772713621309e-02
1.439194051331255553e+00 2.663236682553123558e+01 2.591761953810589603e-02 2.519926372033154394e-02 5.126944259367149925e-02 5.099261786620346015e-02 6.940901573177171713e-02 7.069227327535188010e-02
1.448419654224404329e+00 2.598508925658578050e+01 2.640624524796564287e-02 2.544628154203110171e-02 5.263256128413829060e-02 5.263636774847668676e-02 7.088109940947262544e-02 7.345237573451868229e-02
1.457645257117553550e+00 2.530317146072230372e+01 2.724082064418809068e-02 2.636047694018728293e-02 5.424400113070859675e-02 5.524465988073146150e-02 7.407126266174302032e-02 7.662742692588153659e-02
1.466870860010702771e+00 2.457265627088664317e+01 2.857394241015853709e-02 2.761457784488996481e-02 5.601381420701301295e-02 5.615577722840114916e-02 7.669360990125184685e-02 7.907190405642339215e-02
1.476096462903851547e+00 2.377358427870105118e+01 3.009748191703209841e-02 3.062852445684427494e-02 6.028365742242414171e-02 6.101852236568561239e-02 8.098413038049656620e-02 8.190279729996063907e-02
1.485322065797000768e+00 2.287653192227225674e+01 3.258249371920030057e-02 3.170810827285563960e-02 6.425240688767885899e-02 6.851780207008317802e-02 8.620419041047711062e-02 8.998085982895531743e-02
1.494547668690149766e+00 2.183676834150028157e+01 3.622068553557511450e-02 3.686335688157882373e-02 7.056347909298565924e-02 7.646243119087614559e-02 9.673281329840222043e-02 9.652950848598607081e-02
1.503773271583298987e+00 2.058433676728641970e+01 4.266284744116077832e-02 4.222422707308481904e-02 7.992087434062611351e-02 8.782419774566463389e-02 1.115131548883496748e-01 1.110354716703341182e-01
1.512998874476448208e+00 1.900777137781280146e+01 5.071302422314971636e-02 4.963670285183496844e-02 9.350232994545493170e-02 1.025275856164071797e-01 1.317007942373322749e-01 1.315694833792910856e-01
1.522224477369596984e+00 1.693136678834211040e+01 6.134493295288478976e-02 6.078731594452335685e-02 1.109855385733062860e-01 1.216972589768126056e-01 1.595528621401633984e-01 1.593307296556609742e-01
1.531450080262746205e+00 1.410504988237696544e+01 7.448151465799490722e-02 7.322882302227462503e-02 1.345408085542665333e-01 1.509748362134466504e-01 1.962618607330259834e-01 1.945074936043624803e-01
1.540675683155895204e+00 1.031639232196683587e+01 8.713449268813100446e-02 8.529951913052258305e-02 1.612286353963838792e-01 1.781695004787966496e-01 2.348989346782328624e-01 2.229953579334296165e-01
1.549901286049044202e+00 5.968872614962543288e+00 8.644411473263602375e-02 8.927525394418989180e-02 1.899091059632507239e-01 1.777045953945384227e-01 2.761721616705008486e-01 2.316816848273886009e-01
1.559126888942193201e+00 3.135131776204794107e+00 8.225902480885638468e-02 8.720295398469612991e-02 1.821366631613492437e-01 1.641023828894967451e-01 2.628756682708677239e-01 2.023795329540063470e-01
1.568352491835342422e+00 4.299604412825035027e+00 8.554349268751693103e-02 8.862170356961129869e-02 1.733349781541351220e-01 1.675494237778325513e-01 2.277436261467755685e-01 2.209299821957380061e-01
1.577578094728491642e+00 8.899230882164175682e+00 8.444988706165013070e-02 8.433448908915863740e-02 1.668880482857009184e-01 1.690058983480273724e-01 2.465092841005205315e-01 2.200845684822922976e-01
1.586803697621640641e+00 1.562535152963445917e+01 1.204754714133446925e-01 1.245952240123759935e-01 2.450039666723160536e-01 2.501805214623349372e-01 3.498214216831243562e-01 3.857162539250964528e-01
1.596029300514789639e+00 2.463127684890184810e+01 1.649591876130784840e-01 1.726281531353315302e-01 3.271533878777859172e-01 3.598027973074415797e-01 4.673684586274902131e-01 5.320606552856048665e-01
1.605254903407938860e+00 3.336831703504510216e+01 1.409957053788275516e-01 1.470340111218746415e-01 2.654872589529801985e-01 2.758200926681482201e-01 3.792270316258949947e-01 3.911347531198998695e-01
1.614480506301087859e+00 3.692043401097343036e+01 1.002468682705881520e-01 9.561833089404103703e-02 1.951191747231462159e-01 1.955607031783728189e-01 2.469744120796946163e-01 2.608302227289982511e-01
1.623706109194236857e+00 3.608058382109852147e+01 9.843095495853049215e-02 9.937094264887491590e-02 2.020047059908165465e-01 2.049944142236839184e-01 2.525331829927139893e-01 2.511980437835887869e-01
1.632931712087385856e+00 3.395976387750738468e+01 1.030941721504419206e-01 1.018006774830624295e-01 2.054663781100742881e-01 2.157038914687774422e-01 2.656519195631403818e-01 2.851967262930017455e-01
1.642157314980535077e+00 3.192110593611416647e+01 1.052153571994125514e-01 9.928559871199027498e-02 2.069875040095183749e-01 2.082582470373779415e-01 2.560145535833910913e-01 2.853461569746436055e-01
1.651382917873684297e+00 3.023975009448950502e+01 9.631366684083531027e-02 9.476912356063849074e-02 1.907005471006613107e-01 1.947317182583141459e-01 2.457849671543606007e-01 2.682071910868586428e-01
1.660608520766833296e+00 2.888758261994824750e+01 8.815678677695260035e-02 8.936255000154247341e-02 1.758731812322338328e-01 1.775019256967205195e-01 2.318236168194935942e-01 2.473820501658998694e-01
1.669834123659982295e+00 2.778877710971442028e+01 8.033221348840058340e-02 8.285111992611149390e-02 1.611582679847884947e-01 1.638131441307102421e-01 2.112151096450602950e-01 2.274491553322945947e-01
1.679059726553131293e+00 2.687759223149268450e+01 7.380991464141573033e-02 7.624147634689393271e-02 1.472303913097832151e-01 1.525388152492297422e-01 1.926004862338999146e-01 2.097198624108997933e-01
1.688285329446280514e+00 2.610551828150195774e+01 6.855819291552123218e-02 6.900534617855669239e-02 1.353926373412726036e-01 1.411924425534714089e-01 1.763818911899015518e-01 1.943408069399481519e-01
1.697510932339429290e+00 2.543810769145017403e+01 6.406374778839563078e-02 6.379348139704177356e-02 1.250656141092321150e-01 1.310129445243930491e-01 1.624210926452462900e-01 1.810868610445730553e-01
1.706736535232578511e+00 2.485094457742352958e+01 6.027104046925302328e-02 5.909600351990462741e-02 1.177747968881952545e-01 1.228091472470929091e-01 1.533108672438139308e-01 1.696596628899591508e-01
1.715962138125727732e+00 2.432652728673525289e+01 5.629393202406163255e-02 5.557788029720001077e-02 1.098481957199304304e-01 1.158485706436209739e-01 1.478831319376361364e-01 1.605300911112763629e-01
1.725187741018876730e+00 2.385210759958598814e+01 5.324555617019655074e-02 5.247996976300228766e-02 1.052281913804158364e-01 1.099762674739288570e-01 1.429780126596362777e-01 1.525773626216242462e-01
1.734413343912025951e+00 2.341823691576950495e+01 5.018819929196993712e-02 4.977094075461252487e-02 1.002514707667714333e-01 1.047082888589123684e-01 1.385237715499307853e-01 1.447366297979293392e-01
1.743638946805174728e+00 2.301779042460380964e+01 4.730211573787101997e-02 4.783553474144497386e-02 9.506597465276200865e-02 1.001631638775073441e-01 1.344586747787879233e-01 1.374237629187220477e-01
1.752864549698323948e+00 2.264530638382440841e+01 4.528336350896466911e-02 4.553268560975354262e-02 9.081037380476431053e-02 9.613452763095153841e-02 1.307304155373358867e-01 1.309510474265742630e-01
1.762090152591473169e+00 2.229653274943737884e+01 4.306157659398124338e-02 4.336801772791432086e-02 8.701101626834173430e-02 9.253356423520742169e-02 1.272949423481115616e-01 1.253536662725487361e-01
1.771315755484621945e+00 2.196811135500356471e+01 4.094080251731924136e-02 4.209243771684612057e-02 8.306545156467848301e-02 8.920472130125034482e-02 1.241151945746210572e-01 1.205079723602615616e-01
1.780541358377771166e+00 2.165735447954598314e+01 3.931987674328141225e-02 4.041389309512410932e-02 8.023795349362217166e-02 8.598226118512641847e-02 1.211599385190531564e-01 1.161157441401812207e-01
1.789766961270920165e+00 2.136208436103520825e+01 3.787784089490031647e-02 3.902150725124187147e-02 7.782423903437418744e-02 8.311319983172182901e-02 1.183105680543050653e-01 1.121844933530162791e-01
1.798992564164069385e+00 2.108051623333870950e+01 3.664177773984178543e-02 3.757093187803306478e-02 7.559485187198333733e-02 8.062223570706095188e-02 1.148598464329637636e-01 1.088404589548304102e-01
1.808218167057218606e+00 2.081117190061418398e+01 3.534357147047018088e-02 3.669189032727260269e-02 7.317038376764983809e-02 7.836497179207313479e-02 1.116843430593448261e-01 1.057493755913014866e-01
1.817443769950367383e+00 2.055281504308704754e+01 3.424576615080709985e-02 3.574377588379817894e-02 7.153666300245831167e-02 7.600385356253980262e-02 1.087517540642615188e-01 1.028837159097228948e-01
1.826669372843516603e+00 2.030440219793625900e+01 3.325542998615205192e-02 3.481948626516384593e-02 6.983928623002810809e-02 7.381859396401324602e-02 1.060330607979409479e-01 1.002183553068363153e-01
1.835894975736665824e+00 2.006504519255734920e+01 3.232228641882173292e-02 3.403348064955835639e-02 6.816986329493701646e-02 7.185443791446388673e-02 1.035057104605812128e-01 9.773172587413725410e-02
