9.225602893149067790e-04 1.453820247498735681e-03 4.524215343398776262e-05 4.531245233013042606e-05 8.570990228320106430e-05 9.352684758176022829e-05 1.226441156216770412e-04 1.156789984403630740e-04
1.014816318246397446e-02 1.483408957375088790e-03 4.623095312412516672e-05 4.628922961234728690e-05 8.741799820149260755e-05 9.559775666125925643e-05 1.251449675315670102e-04 1.180058683197154120e-04
1.937376607561304073e-02 1.514852208300682384e-03 4.727994802720416299e-05 4.732584449952388465e-05 8.923424455388462295e-05 9.779589163349741709e-05 1.278008955563187353e-04 1.204800135947304424e-04
2.859936896876210874e-02 1.548352643547118391e-03 4.839548253498951805e-05 4.842866542647964248e-05 9.136085377408590009e-05 1.001347512530198491e-04 1.306287533354027770e-04 1.231176518161568832e-04
3.782497186191117328e-02 1.584075137762659463e-03 4.958298747189098660e-05 4.953156461734767833e-05 9.367868187579089095e-05 1.026258730251047510e-04 1.336423360510127605e-04 1.259318648483859649e-04
4.705057475506025516e-02 1.622210193637347491e-03 5.084521915728313322e-05 5.071754365158797663e-05 9.615217345058566477e-05 1.052825228635739969e-04 1.368575746758162598e-04 1.289377841948448865e-04
5.627617764820931623e-02 1.662920006755384469e-03 5.210376461727461890e-05 5.207735325374026128e-05 9.879260307133885116e-05 1.081166387051791383e-04 1.402881682387110713e-04 1.321481604953573565e-04
6.550178054135838424e-02 1.706614749436792750e-03 5.346218632626149186e-05 5.351857047154219560e-05 1.016250026501604089e-04 1.111547720569743686e-04 1.439680440849108126e-04 1.355960053038450172e-04
7.472738343450743836e-02 1.753332343424409160e-03 5.500096369441130791e-05 5.496933620027333149e-05 1.046546045065646288e-04 1.144023803749539669e-04 1.479008999174639700e-04 1.392837571779870047e-04
8.395298632765652025e-02 1.803551123833382810e-03 5.665754162057965414e-05 5.651468954288949714e-05 1.079109635999156956e-04 1.178907871313735877e-04 1.521263597683395093e-04 1.432498534103406832e-04
9.317858922080557438e-02 1.857552575557125125e-03 5.824706403490887210e-05 5.815209120094057965e-05 1.114134651469533832e-04 1.216404802172690609e-04 1.566681302772911233e-04 1.475165037073411251e-04
1.024041921139546424e-01 1.915766648416635659e-03 5.979334293963614946e-05 5.989372275085015282e-05 1.151901731180982394e-04 1.256811091751536096e-04 1.615620799261907430e-04 1.521179758884449312e-04
1.116297950071036965e-01 1.978731239499618988e-03 6.174430784900699840e-05 6.176088291786154851e-05 1.192757207609659517e-04 1.300469648481421183e-04 1.668531388355929887e-04 1.570972071684207955e-04
1.208553979002527506e-01 2.046978053397446699e-03 6.401868256766156742e-05 6.377730559372274052e-05 1.237052957008613618e-04 1.347741454880910239e-04 1.725857121693810323e-04 1.624965206364098903e-04
1.300810007934018186e-01 2.121033536944755184e-03 6.623596684038855764e-05 6.615927420734009010e-05 1.285147753917552892e-04 1.399034215002568221e-04 1.788039783011861027e-04 1.683576280390624343e-04
1.393066036865509005e-01 2.201844056244663551e-03 6.885865925191411024e-05 6.868519441596224878e-05 1.337592501405764425e-04 1.454983439178655219e-04 1.855866844682266259e-04 1.747563702603560989e-04
1.485322065796999824e-01 2.290248100011051027e-03 7.175194158929058472e-05 7.143186544003934935e-05 1.394973228496651160e-04 1.513136898387609092e-04 1.930038980837911131e-04 1.817595530889584005e-04
1.577578094728490643e-01 2.386824221072152401e-03 7.470030213894019583e-05 7.466295132835081005e-05 1.457732040352700993e-04 1.575677294933901240e-04 2.011046527015266337e-04 1.894124657186020515e-04
1.669834123659981462e-01 2.493328678834383621e-03 7.785864571769121611e-05 7.823727488664002430e-05 1.526965508928807003e-04 1.644584413106209980e-04 2.100348444371014089e-04 1.978563166689407959e-04
1.762090152591472003e-01 2.610849400085331774e-03 8.151920698216399627e-05 8.183971452334045174e-05 1.603429301655309204e-04 1.720599478467099881e-04 2.198855812459627780e-04 2.071773989727769202e-04
1.854346181522962822e-01 2.741172760870883279e-03 8.572487730174483539e-05 8.631508834830740537e-05 1.688293370237692499e-04 1.804877356778576171e-04 2.308059232200587209e-04 2.175185840926525949e-04
1.946602210454453641e-01 2.886256938406996011e-03 9.041559647356535792e-05 9.135152177480732050e-05 1.782862295508589462e-04 1.898675010758325496e-04 2.429592854274764159e-04 2.290362916044061566e-04
2.038858239385944460e-01 3.048437505559686324e-03 9.572482093970395914e-05 9.688245242735942300e-05 1.888697097408797120e-04 2.003490491948598309e-04 2.565407153954672378e-04 2.419171265596034223e-04
2.131114268317435001e-01 3.230729670077228839e-03 1.017496546413345672e-04 1.024960941481741633e-04 2.005929122659050497e-04 2.121263135747048119e-04 2.718014562401891918e-04 2.564025181043738319e-04
2.223370297248925820e-01 3.436613059107988290e-03 1.085528170480438460e-04 1.087492161336864674e-04 2.130347472548317633e-04 2.254222835464223147e-04 2.890321049136756679e-04 2.727708431010124855e-04
2.315626326180416361e-01 3.670538748312549612e-03 1.159348713903420904e-04 1.158532490603278800e-04 2.271573203144411704e-04 2.405223124888333786e-04 3.086033542437122308e-04 2.913788595377505598e-04
2.407882355111907180e-01 3.937973804042804553e-03 1.241675646411217332e-04 1.245068259349297463e-04 2.432841859676352497e-04 2.577765586217624881e-04 3.309711609364163198e-04 3.126648640223552225e-04
2.500138384043397721e-01 4.245822147068590603e-03 1.339381008122414798e-04 1.343414043775406283e-04 2.618241420836329644e-04 2.776266134687597337e-04 3.566836300446752858e-04 3.371829667943417388e-04
2.592394412974888818e-01 4.602835186169855139e-03 1.460068062729856161e-04 1.453330398018346653e-04 2.832933175612659116e-04 3.006316040434602044e-04 3.862108156361919453e-04 3.656361419442010971e-04
2.684650441906379359e-01 5.020746770458096170e-03 1.597774952246380428e-04 1.581972071554599985e-04 3.083658760573348631e-04 3.275424015853466847e-04 4.214707852824659678e-04 3.989685369098138965e-04
2.776906470837869900e-01 5.514091014982194783e-03 1.757184777414896523e-04 1.738003638106760257e-04 3.378973978715440682e-04 3.592840892241242617e-04 4.628568726104944839e-04 4.383500959298401375e-04
2.869162499769360997e-01 6.102796635173162072e-03 1.953209232941413576e-04 1.924280293196037328e-04 3.730603182574175267e-04 3.971263379356042289e-04 5.132217092501225111e-04 4.853879131858761936e-04
2.961418528700851538e-01 6.813834129661295105e-03 2.180015330134569412e-04 2.158426697466313618e-04 4.155500412193792459e-04 4.427846658953413575e-04 5.741383948710378562e-04 5.422603798484982793e-04
3.053674557632342079e-01 7.684198815121326062e-03 2.459506501660425198e-04 2.438412056030387839e-04 4.689229268117975358e-04 4.986072199298146809e-04 6.488237519516951157e-04 6.119606085689174163e-04
3.145930586563833176e-01 8.766461821234318094e-03 2.806927761226062079e-04 2.776813486927258434e-04 5.351915109408564297e-04 5.679255884894676004e-04 7.418554827057742551e-04 6.987509066609057934e-04
3.238186615495323717e-01 1.013660849698952079e-02 3.242207132314513934e-04 3.212664930313767486e-04 6.189400675611633762e-04 6.555431828724304910e-04 8.598650797680077590e-04 8.088064450014996465e-04
3.330442644426814813e-01 1.190827126886093504e-02 3.798591664084388642e-04 3.773821306694916111e-04 7.269123747200255392e-04 7.713547532548301749e-04 1.012794244567852969e-03 9.513877363112929059e-04
3.422698673358305355e-01 1.425583703376401452e-02 4.523643614592134932e-04 4.518890669568363661e-04 8.695921017394282748e-04 9.239318898770863125e-04 1.215943536652394977e-03 1.140752967718171307e-03
3.514954702289795896e-01 1.746057451795962265e-02 5.536389915560060992e-04 5.565438464639090033e-04 1.063695664854473477e-03 1.127202409620046974e-03 1.494052024663791028e-03 1.399990504310628242e-03
3.607210731221286992e-01 2.199549529325356412e-02 6.960322121224819802e-04 7.043794657383174729e-04 1.337134588001952923e-03 1.410929119785540864e-03 1.888839988233814021e-03 1.768115152958285585e-03
3.699466760152777534e-01 2.869544875978329371e-02 9.081380612109141159e-04 9.222366445147262004e-04 1.738763523357285401e-03 1.830956152214471833e-03 2.474089933709781863e-03 2.314394013667207123e-03
3.791722789084268630e-01 3.912969979555661060e-02 1.244374577972148788e-03 1.251821102295533339e-03 2.359367259025753338e-03 2.484787763331074151e-03 3.373203227094286050e-03 3.169972733543115206e-03
3.883978818015759171e-01 5.642548061083755423e-02 1.809999132002831912e-03 1.791922136800558341e-03 3.426545813318915279e-03 3.560242623604950585e-03 4.817581151524058525e-03 4.598460442843045615e-03
3.976234846947249713e-01 8.701225053855508873e-02 2.812678003842300489e-03 2.747515677650372301e-03 5.335892119529853095e-03 5.442620259166766616e-03 7.343978206228132799e-03 7.146444840610596816e-03
4.068490875878740809e-01 1.424609970974923534e-01 4.544684840482926536e-03 4.458103361414000876e-03 8.720867722017799917e-03 9.040073364855183424e-03 1.203235719594039632e-02 1.179377168655829089e-02
4.160746904810231350e-01 2.240380784020995220e-01 7.238087474659732345e-03 7.099498372734602825e-03 1.384102305828760482e-02 1.428157314226302654e-02 1.891259660254152042e-02 1.849800696709738568e-02
4.253002933741722447e-01 2.503847300354971606e-01 8.146020516667351608e-03 8.085539352983367456e-03 1.559430039709874816e-02 1.596807860562379777e-02 2.070785703990091209e-02 2.076235832417974714e-02
4.345258962673212988e-01 1.727814061494563069e-01 5.613800973843563469e-03 5.542876420575465479e-03 1.085636708036694098e-02 1.114278379100225314e-02 1.458606575774901160e-02 1.441271758042700357e-02
4.437514991604703529e-01 9.970085696308664258e-02 3.261469063286559500e-03 3.197479479709941508e-03 6.371497927196240196e-03 6.501747136866881105e-03 8.326768425420433273e-03 8.273649505141714156e-03
4.529771020536194626e-01 5.911502204578009123e-02 1.922374162407841647e-03 1.881534531472002503e-03 3.771551120071547913e-03 3.842750126323839222e-03 4.950465738570039576e-03 4.879918868698734924e-03
4.622027049467684612e-01 3.752578903016059314e-02 1.218572911749177257e-03 1.188453183379935274e-03 2.397295749057157255e-03 2.430998581007315362e-03 3.160944490791774142e-03 3.087173110247455610e-03
4.714283078399175708e-01 2.535622376956832985e-02 8.205003243065694951e-04 8.047592949702968290e-04 1.622911855540393189e-03 1.637455063158148316e-03 2.148909377134290005e-03 2.081935955043360403e-03
4.806539107330666249e-01 1.801599785256452133e-02 5.793598773313687889e-04 5.743833594427996680e-04 1.154626508428978349e-03 1.160105620819223970e-03 1.535566202736458191e-03 1.477813909377671819e-03
4.898795136262157346e-01 1.331946050998162115e-02 4.285712204497305056e-04 4.218922563747479204e-04 8.586643023662104968e-04 8.554142958613307479e-04 1.141231125105607661e-03 1.092223983290112332e-03
4.991051165193647332e-01 1.016305416567044560e-02 3.258467503836678242e-04 3.229539440821639629e-04 6.525309769161297124e-04 6.536027890618727881e-04 8.750208002407926927e-04 8.335098390185209649e-04
5.083307194125139539e-01 7.955412819893306273e-03 2.549573827420117955e-04 2.547171628726240325e-04 5.106105897541169530e-04 5.124449915204888975e-04 6.880628790750225460e-04 6.527572137808579367e-04
5.175563223056629525e-01 6.359534236879477859e-03 2.033044933362265425e-04 2.044514826726887349e-04 4.066060821720732937e-04 4.102871057884765679e-04 5.524035731329299259e-04 5.221813446252545829e-04
5.267819251988120621e-01 5.173675013406658571e-03 1.647467211167916168e-04 1.672302163236872447e-04 3.295099338326903937e-04 3.339688308006648343e-04 4.512475317265335698e-04 4.251894550713619658e-04
5.360075280919610607e-01 4.271773523013229490e-03 1.368330388947782902e-04 1.378578951818183393e-04 2.709938124592871020e-04 2.753881570753523994e-04 3.733240414003791835e-04 3.514329464899164368e-04
5.452331309851101704e-01 3.572075503531039423e-03 1.142648635120576371e-04 1.150490227193536226e-04 2.257085270472264198e-04 2.301721283672420251e-04 3.108448329005352243e-04 2.942099186164972430e-04
5.544587338782591690e-01 3.020134808415023565e-03 9.687801067321741288e-05 9.696881406619662497e-05 1.900748954037326417e-04 1.947889912038910931e-04 2.617104367521618478e-04 2.490618099683940788e-04
5.636843367714083897e-01 2.578195220022095301e-03 8.263605557077505909e-05 8.217907089777326188e-05 1.616738401596915821e-04 1.664253509997271063e-04 2.224835739350920424e-04 2.129001204453340700e-04
5.729099396645573883e-01 2.219637647047544883e-03 7.113314396561213476e-05 7.088547748292269024e-05 1.390828230636658412e-04 1.433695915878390077e-04 1.907475379982147799e-04 1.835490673638587138e-04
5.821355425577064979e-01 1.925733466695576501e-03 6.200194000059722210e-05 6.151984041385602509e-05 1.208243023006752223e-04 1.241977469751437847e-04 1.648050667085979200e-04 1.594774148862959911e-04
5.913611454508554965e-01 1.681955564453363992e-03 5.431161444591431700e-05 5.378594599773347737e-05 1.052129756945084042e-04 1.079919679100838862e-04 1.441469098544018342e-04 1.395000212882828525e-04
6.005867483440046062e-01 1.478219204820247152e-03 4.753932043019136640e-05 4.746731663927104827e-05 9.285359661017375359e-05 9.457506203008328102e-05 1.268961627649820879e-04 1.227926658992277258e-04
6.098123512371537158e-01 1.306348650221825529e-03 4.202799919905946674e-05 4.240105697671378224e-05 8.209568713072896290e-05 8.369062901535800902e-05 1.123166160822818699e-04 1.086883602545907126e-04
6.190379541303028255e-01 1.160440460641885742e-03 3.750142726678001338e-05 3.793961215930964290e-05 7.271893768267308905e-05 7.445932782958772193e-05 9.991643682136946460e-05 9.670508069530925691e-05
6.282635570234518241e-01 1.035777574815145447e-03 3.341769756085260883e-05 3.367881657738306181e-05 6.472434481465875848e-05 6.656570991382454103e-05 8.930252215496887330e-05 8.645782505964816778e-05
6.374891599166009337e-01 9.284801532556174802e-04 2.998710298767642054e-05 3.007824035844777755e-05 5.792876186025018494e-05 5.976628152833682664e-05 8.015132849994532991e-05 7.763024949196048463e-05
6.467147628097499323e-01 8.357387634676767063e-04 2.708039350663110720e-05 2.696299771886255525e-05 5.220908784558714235e-05 5.388565265897703703e-05 7.222760805522055252e-05 6.999286424544512355e-05
6.559403657028991530e-01 7.551440573758453050e-04 2.449269780679616017e-05 2.424200686287393287e-05 4.728223396624942239e-05 4.877239274154196533e-05 6.532978296613478186e-05 6.334903973629583008e-05
6.651659685960481516e-01 6.847084051089688496e-04 2.206967082236564130e-05 2.200879325493028567e-05 4.288976930369382996e-05 4.430129414899916605e-05 5.929131268068218042e-05 5.753667833634744638e-05
6.743915714891972613e-01 6.229901459771039094e-04 2.005038705356896375e-05 2.010324326440627966e-05 3.908538829916388246e-05 4.033476085204222832e-05 5.399080097907751462e-05 5.243795492237480257e-05
6.836171743823462599e-01 5.686623148679632433e-04 1.836944945790780839e-05 1.839578941311543168e-05 3.573291561079130346e-05 3.680723186083730784e-05 4.931700653888369465e-05 4.794446405188704588e-05
6.928427772754953695e-01 5.206784912774654363e-04 1.679960154598084641e-05 1.691313500518066507e-05 3.277054730064653428e-05 3.368884889048306052e-05 4.518163266292024843e-05 4.397088490073022046e-05
7.020683801686443681e-01 4.781262976548632639e-04 1.536170157294077833e-05 1.546050527327961447e-05 3.014228668804725449e-05 3.095819122879694138e-05 4.150796707508893485e-05 4.044265353725080923e-05
7.112939830617935888e-01 4.403114288252146834e-04 1.415914180561274154e-05 1.411561238114626303e-05 2.779023029109714896e-05 2.867292203841679448e-05 3.823739779482002643e-05 3.730297732127866401e-05
7.205195859549425874e-01 4.066300978224492526e-04 1.309686749681676990e-05 1.300131942413986852e-05 2.569649821533397105e-05 2.654103715705986117e-05 3.531878165264408943e-05 3.450255740316670325e-05
7.297451888480916971e-01 3.763719128101034018e-04 1.211919916149659061e-05 1.204053770860572274e-05 2.381843888364269324e-05 2.455301879608347108e-05 3.269274687019797570e-05 3.198331207619260113e-05
7.389707917412406957e-01 3.493847927699131393e-04 1.123606649347199575e-05 1.108807354505332056e-05 2.214831819478762197e-05 2.278100775850074857e-05 3.034542468969447142e-05 2.973278008960709333e-05
7.481963946343899163e-01 3.250968056212330060e-04 1.047925410764218761e-05 1.033961412229413923e-05 2.064831142132504379e-05 2.118760197429179690e-05 2.822899611390136676e-05 2.770418911138082920e-05
7.574219975275389150e-01 3.032390807434823905e-04 9.641852938804666186e-06 9.685279843749301527e-06 1.930166256697052373e-05 1.975357416820566845e-05 2.632050003045945368e-05 2.587551258892596814e-05
7.666476004206880246e-01 2.834935766919352042e-04 8.945856209892594051e-06 9.065803465039992508e-06 1.808789424080945807e-05 1.849315695881504577e-05 2.459298084176868337e-05 2.422070393350359138e-05
7.758732033138370232e-01 2.656725508029772844e-04 8.380306941007981299e-06 8.506746181162244853e-06 1.698448547580977928e-05 1.742351906437066738e-05 2.303055364531470797e-05 2.272444212836647812e-05
7.850988062069861328e-01 2.495457516059406767e-04 7.914628882171523272e-06 8.003121049745935429e-06 1.598084555846630925e-05 1.640585337763962050e-05 2.161355116047242999e-05 2.136780074481588665e-05
7.943244091001351315e-01 2.349080278516073675e-04 7.456494133075417582e-06 7.545570319911763021e-06 1.506863163336225725e-05 1.542369658222647534e-05 2.042709410049158556e-05 2.013394320412789781e-05
8.035500119932843521e-01 2.216266987441891593e-04 7.034333711403834531e-06 7.110632313893523997e-06 1.424470917749852622e-05 1.453350866172041489e-05 1.936900694064565991e-05 1.901200638800714824e-05
8.127756148864333507e-01 2.095522420748208029e-04 6.672420041963552512e-06 6.721195145464111146e-06 1.351804026105340398e-05 1.372587019398300114e-05 1.840837874854134998e-05 1.798973851110279628e-05
8.220012177795824604e-01 1.985961859923391997e-04 6.341031125143057169e-06 6.366631048216529710e-06 1.286007254518818166e-05 1.299465075135805103e-05 1.753857164209183736e-05 1.705989262603017985e-05
8.312268206727314590e-01 1.885994155470275754e-04 6.061613998754395360e-06 6.045232349000459601e-06 1.224983332380938220e-05 1.235805477236813846e-05 1.674599142486370390e-05 1.620934784511956356e-05
8.404524235658805686e-01 1.794697587199407145e-04 5.799625821488045866e-06 5.744702253345065814e-06 1.170287775355185328e-05 1.174349357561425768e-05 1.602318377398468307e-05 1.544689611396925732e-05
8.496780264590296783e-01 1.711519698772911112e-04 5.534656036569162840e-06 5.477172514912120524e-06 1.116350722535651213e-05 1.117434100200842139e-05 1.536619779509467635e-05 1.476002591870899318e-05
8.589036293521787879e-01 1.635578910966463070e-04 5.315247308732668711e-06 5.236989737548850606e-06 1.067774607188786947e-05 1.067403129970668206e-05 1.476759785488108274e-05 1.413202157921639320e-05
8.681292322453277865e-01 1.566354392085258791e-04 5.136277858541310167e-06 5.038468504213629556e-06 1.026833010741350842e-05 1.022563641894590853e-05 1.422338669493586750e-05 1.355875536758512621e-05
8.773548351384768962e-01 1.502894358726013962e-04 4.949107396678894275e-06 4.850779964843561758e-06 9.930821613328080647e-06 9.836787959757655343e-06 1.372538308523036190e-05 1.303232094533143446e-05
8.865804380316258948e-01 1.445071666730077156e-04 4.764534981722452637e-06 4.670714238428540438e-06 9.613765598132556532e-06 9.480506951582408446e-06 1.327311590812557912e-05 1.255192532798000624e-05
8.958060409247751155e-01 1.392379892947477474e-04 4.585318485618206140e-06 4.502693206078807334e-06 9.298343370555355427e-06 9.127293209869465854e-06 1.286244240805670840e-05 1.210415730996651723e-05
9.050316438179241141e-01 1.343992496237055479e-04 4.439611496918276050e-06 4.366148913184523042e-06 8.946396325005385140e-06 8.787210598362271783e-06 1.248611810446124439e-05 1.167213904003581147e-05
9.142572467110732237e-01 1.299852342764277080e-04 4.315485634924325336e-06 4.225380622744457715e-06 8.582177216734214204e-06 8.519965358397472402e-06 1.214414588783272277e-05 1.127704949050570868e-05
9.234828496042222223e-01 1.259618240710412595e-04 4.201885906800754316e-06 4.090949381768238090e-06 8.246723136894605101e-06 8.273251213387704771e-06 1.183374589537174669e-05 1.091595430841767536e-05
9.327084524973712210e-01 1.222998450519252752e-04 4.079977424844281105e-06 3.964093338983465452e-06 7.995411552675274263e-06 8.045590747912537491e-06 1.155260536988837370e-05 1.058632499104312022e-05
9.419340553905202196e-01 1.189571946145054392e-04 3.974168555394210368e-06 3.848957827350346726e-06 7.777531580678120459e-06 7.834612038944474945e-06 1.129710153223055036e-05 1.028455153391550118e-05
9.511596582836694402e-01 1.159351473017206059e-04 3.867005926133954973e-06 3.752517404762427161e-06 7.580660225213914924e-06 7.639774007307695248e-06 1.106774998786596762e-05 1.001070122177744222e-05
9.603852611768185499e-01 1.131738745129369690e-04 3.759867091619102674e-06 3.657900868980144523e-06 7.401496976862419544e-06 7.458693768032411396e-06 1.085914369909174145e-05 9.759651114106383351e-06
9.696108640699675485e-01 1.106969812584312248e-04 3.670972396835873617e-06 3.569979450725500143e-06 7.250291874802742252e-06 7.293560513183460717e-06 1.067386358817462859e-05 9.533399588037603871e-06
9.788364669631165471e-01 1.084356679443795358e-04 3.607834210000415687e-06 3.495443837909749927e-06 7.095667396627192733e-06 7.139223654372542686e-06 1.050555968752433524e-05 9.326066023727282443e-06
9.880620698562656568e-01 1.064901061345855683e-04 3.534463326570263185e-06 3.423190924256680847e-06 6.970402231720840649e-06 7.019700310851133816e-06 1.036417803416276792e-05 9.146269213953521948e-06
9.972876727494148774e-01 1.046078360901814600e-04 3.464255224810083053e-06 3.364973152483174685e-06 6.849694884662236942e-06 6.908668346007195305e-06 1.018662869652752357e-05 8.972111442037640277e-06
1.006513275642563876e+00 1.029967971022559330e-04 3.407095847255428534e-06 3.337049302829666968e-06 6.732980495542304194e-06 6.801983280665783744e-06 1.002469579092420961e-05 8.821632918500868937e-06
1.015738878535712875e+00 1.015768146435283532e-04 3.360656366502702379e-06 3.276027626864121524e-06 6.622914575472367170e-06 6.698183841515845420e-06 9.881266214090955453e-06 8.687967431769805346e-06
1.024964481428862095e+00 1.003361323031949799e-04 3.311922992615249132e-06 3.269107326598616253e-06 6.526571303232746963e-06 6.604722429049423096e-06 9.755094562803487369e-06 8.570001559228136831e-06
1.034190084322011094e+00 9.925393492463169709e-05 3.256992035866713249e-06 3.242567666740972889e-06 6.442509706686136493e-06 6.520260877222776785e-06 9.644204513154259616e-06 8.465948634034397733e-06
1.043415687215160093e+00 9.833981916043457445e-05 3.218457900754838428e-06 3.215192893501372029e-06 6.370977522531082095e-06 6.445578137204881555e-06 9.549709944115458097e-06 8.376658930609351774e-06
1.052641290108309091e+00 9.757049137539244485e-05 3.202132647364284903e-06 3.192413474030708848e-06 6.310212151716047650e-06 6.377311326446607142e-06 9.469423919793745650e-06 8.300089674043715344e-06
1.061866893001458312e+00 9.694847370756450153e-05 3.187572982228892250e-06 3.174659366416400182e-06 6.260672481315721007e-06 6.318035663791137023e-06 9.403680019370408254e-06 8.236462082632635493e-06
1.071092495894607532e+00 9.646279742828281533e-05 3.170510695258690545e-06 3.156102128045368185e-06 6.234280541153521546e-06 6.267065901113775552e-06 9.351559118700881329e-06 8.193746761540226294e-06
1.080318098787756531e+00 9.611511319947219968e-05 3.158216009630510621e-06 3.132700511848584223e-06 6.219726839349886001e-06 6.224489168750793871e-06 9.313164023491807319e-06 8.174134156481828797e-06
1.089543701680905530e+00 9.589344740766930135e-05 3.137109010192427536e-06 3.123658653285670429e-06 6.186601929739719689e-06 6.189636387991177585e-06 9.287606232770439542e-06 8.163394003155998065e-06
1.098769304574054528e+00 9.579766761930081666e-05 3.120575494166411131e-06 3.139658972695500891e-06 6.166800293883539308e-06 6.162432959491419174e-06 9.274818167214038509e-06 8.161568343888992382e-06
1.107994907467203749e+00 9.583709978269433873e-05 3.145490260111137950e-06 3.141978741025131905e-06 6.167239173730771446e-06 6.143574455481608655e-06 9.275788187227258742e-06 8.169534179269092081e-06
1.117220510360352748e+00 9.599003215019366131e-05 3.151952844604065038e-06 3.156522249985412617e-06 6.181533735970378839e-06 6.130245139427932619e-06 9.288466356168007735e-06 8.185443818796889377e-06
1.126446113253501746e+00 9.626242501212168201e-05 3.139674550699326485e-06 3.176171964273236440e-06 6.196034530962798797e-06 6.122464267631588753e-06 9.313475311641713616e-06 8.209835165508557017e-06
1.135671716146650967e+00 9.665952734566053120e-05 3.165632038889596551e-06 3.180423582357184758e-06 6.225300789673905060e-06 6.129630030090647374e-06 9.351509501167492092e-06 8.243220052559042184e-06
1.144897319039799966e+00 9.718038677077828831e-05 3.181304114422510020e-06 3.199802476482068825e-06 6.262391323681726352e-06 6.167822561532895157e-06 9.402504200410049672e-06 8.285508676429096135e-06
1.154122921932948964e+00 9.782521044803610605e-05 3.213723418992079999e-06 3.226514254100931365e-06 6.308777001053851347e-06 6.212378337749286717e-06 9.443338581317250210e-06 8.336700244612684114e-06
1.163348524826097963e+00 9.859495865422563494e-05 3.243877122256224287e-06 3.248687995186828881e-06 6.364452981587158387e-06 6.264385632808326166e-06 9.493013027917881672e-06 8.396888123209813692e-06
1.172574127719247183e+00 9.949390523662443391e-05 3.286663523325431056e-06 3.277839386291988904e-06 6.410089664565690563e-06 6.324095006596478093e-06 9.554100261916157323e-06 8.466355802564247109e-06
1.181799730612396404e+00 1.005300618206354042e-04 3.337353790210288522e-06 3.310529811294547807e-06 6.456694155072473435e-06 6.390568664703567695e-06 9.627365018242189042e-06 8.546297787093983748e-06
1.191025333505545403e+00 1.016988172630406634e-04 3.398705504023565960e-06 3.345349038101389188e-06 6.510841089770209454e-06 6.464639444384172903e-06 9.712525018531855043e-06 8.646284214821814483e-06
1.200250936398694401e+00 1.030184927523163893e-04 3.454649577089421780e-06 3.382227256375694023e-06 6.570519707111181166e-06 6.547822031242395624e-06 9.810436559722619343e-06 8.758720013624500620e-06
1.209476539291843622e+00 1.044967846478836514e-04 3.507939564782508370e-06 3.439913678961921688e-06 6.647195259244407465e-06 6.640444356774443443e-06 9.922682328924268950e-06 8.884364084467223969e-06
1.218702142184992621e+00 1.061381061892963622e-04 3.563357586929298201e-06 3.495541321386864617e-06 6.730927051089944930e-06 6.742812103696679111e-06 1.004900352267729233e-05 9.023535319781298943e-06
1.227927745078141619e+00 1.079567365031125064e-04 3.604139441664935438e-06 3.558095696517315555e-06 6.825230449865167200e-06 6.856436038979476480e-06 1.019085598719347569e-05 9.177476023742122584e-06
1.237153347971290618e+00 1.099605909891603577e-04 3.644873304927743508e-06 3.635296779720226202e-06 6.929639558591688337e-06 6.981615432014181308e-06 1.034856241413563849e-05 9.346818965607340515e-06
1.246378950864439838e+00 1.121827627193769188e-04 3.702709043437081723e-06 3.693544491598150961e-06 7.046720954715428808e-06 7.120017391864586539e-06 1.052503930986243815e-05 9.534372797828638817e-06
1.255604553757589059e+00 1.146120132632832462e-04 3.779637242603566438e-06 3.772242256985959942e-06 7.176197875589151250e-06 7.270639970185626679e-06 1.071974432798377330e-05 9.739245693748179453e-06
1.264830156650738058e+00 1.173043911247476074e-04 3.846246866019031223e-06 3.860097730541846685e-06 7.320800540108206886e-06 7.437253866507991993e-06 1.093682432197781533e-05 9.966087189778257446e-06
1.274055759543887056e+00 1.202619096336300089e-04 3.948059412435593564e-06 3.960781821930596416e-06 7.496550529327621277e-06 7.619693280193882718e-06 1.117693105194837765e-05 1.021513024883006885e-05
1.283281362437036055e+00 1.235292608579942114e-04 4.043553899625590030e-06 4.086685819333724730e-06 7.708688334754986533e-06 7.820833990548051911e-06 1.144344575990739851e-05 1.049007415481265082e-05
1.292506965330185276e+00 1.271371766508877510e-04 4.208296355354276212e-06 4.224354205289141849e-06 7.941879740005938467e-06 8.065870679575527736e-06 1.181031975058623499e-05 1.079350551545768988e-05
1.301732568223334052e+00 1.311428421054869852e-04 4.351255410032844537e-06 4.375640920186373798e-06 8.199602731520774573e-06 8.338167941365255556e-06 1.224924981617223551e-05 1.113030873336818595e-05
1.310958171116483273e+00 1.355753135877421200e-04 4.500049951951050863e-06 4.529871589810223215e-06 8.483472048998380371e-06 8.639582575926664466e-06 1.273251809096926810e-05 1.150278572821248680e-05
1.320183774009632494e+00 1.405097230861736528e-04 4.678498292394987898e-06 4.691158704463009588e-06 8.797828324656048731e-06 8.975261281430181679e-06 1.326759275133181700e-05 1.191725752005417822e-05
1.329409376902781492e+00 1.460258528031934181e-04 4.874571284848482544e-06 4.878945961010928587e-06 9.147512745857016127e-06 9.350533828499075183e-06 1.386199366372318402e-05 1.238048975405440935e-05
1.338634979795930713e+00 1.522019982989685307e-04 5.096339826209903305e-06 5.087553457918655769e-06 9.536966355554806103e-06 9.771082072841522689e-06 1.452452482510129092e-05 1.289893442155630975e-05
1.347860582689079489e+00 1.591599432260894632e-04 5.335097747825840548e-06 5.325539532308458824e-06 9.973007572815700350e-06 1.024426030188163106e-05 1.522309573562537319e-05 1.348273114531482807e-05
1.357086185582228710e+00 1.670214815543198835e-04 5.558392474767871391e-06 5.624506607506974667e-06 1.046280787052520614e-05 1.077993035174568842e-05 1.586433811388298395e-05 1.414204779235766476e-05
1.366311788475377931e+00 1.759615925958096403e-04 5.826408118914268557e-06 5.936177026535688524e-06 1.101610841868687438e-05 1.139044422720857748e-05 1.658890837207376554e-05 1.489147300901038154e-05
1.375537391368526707e+00 1.861827655114833726e-04 6.096511979863673261e-06 6.288943539359021385e-06 1.164362945904346552e-05 1.209026772426403744e-05 1.741180552021858829e-05 1.574781867042402425e-05
1.384762994261675928e+00 1.979479480234367923e-04 6.450080925756568589e-06 6.654080864495635819e-06 1.248424563702233044e-05 1.289147823557221912e-05 1.835271373142226075e-05 1.673292448183035116e-05
1.393988597154824927e+00 2.115832342210563380e-04 6.943651279266876454e-06 7.077186700937777505e-06 1.337173947858598128e-05 1.376227328578181639e-05 1.943562137967451398e-05 1.787379118871665730e-05
1.403214200047974147e+00 2.275154883001183500e-04 7.539835700982763745e-06 7.569910050711677052e-06 1.429453506917886048e-05 1.478590251970953546e-05 2.069211290550460481e-05 1.920578154591642047e-05
1.412439802941123368e+00 2.462943256185623703e-04 8.170224015603320088e-06 8.182323095384130308e-06 1.545753307715292020e-05 1.599571364481390968e-05 2.220520411373472528e-05 2.077425653414851237e-05
1.421665405834272145e+00 2.686437629866216328e-04 8.882173239362024710e-06 8.902127662826359034e-06 1.678969944783154046e-05 1.744650707295860919e-05 2.410010243246896340e-05 2.263898616056272484e-05
1.430891008727421365e+00 2.955403178885212851e-04 9.696106165350663626e-06 9.808136973107266059e-06 1.840109377847210480e-05 1.920747174957124518e-05 2.636227596229998417e-05 2.488030099335802403e-05
1.440116611620570364e+00 3.282978804594429475e-04 1.071891093125295616e-05 1.088829941746566939e-05 2.037343938051983149e-05 2.136727062173048334e-05 2.909356880870602900e-05 2.760599588284839978e-05
1.449342214513719362e+00 3.687537645679683828e-04 1.203448824608902620e-05 1.219371726944666048e-05 2.281729984767312102e-05 2.405511425823854410e-05 3.243516612548845738e-05 3.096662356058570891e-05
1.458567817406868583e+00 4.194914063586946038e-04 1.370509109079590853e-05 1.395432602621670716e-05 2.601662250288069378e-05 2.745157324672721890e-05 3.659920926430267020e-05 3.519845932842724685e-05
1.467793420300017582e+00 4.842560313087931976e-04 1.580333197476917802e-05 1.602246088693124338e-05 3.027667991918571097e-05 3.182420821908505271e-05 4.219209201628026148e-05 4.069138093363455127e-05
1.477019023193166802e+00 5.685841283502914576e-04 1.848837649684367378e-05 1.881724027439518089e-05 3.529701905865742766e-05 3.759292286800578527e-05 4.950315259457272344e-05 4.779197686248927261e-05
1.486244626086316023e+00 6.808865950957706343e-04 2.232673163666187496e-05 2.254410548634068392e-05 4.201363559145113950e-05 4.536216640767221867e-05 5.928326098991125014e-05 5.716677629306627512e-05
1.495470228979464800e+00 8.342813221963756758e-04 2.754460353703144706e-05 2.751506296884604925e-05 5.120872771339688139e-05 5.596776757364177370e-05 7.271168283369219311e-05 6.983517809909794028e-05
1.504695831872614020e+00 1.049697750721603415e-03 3.440283603462043933e-05 3.481212127670108882e-05 6.512898327894070874e-05 7.096021895540470872e-05 9.168229707112751127e-05 8.819528035485619741e-05
1.513921434765763019e+00 1.360963253800559318e-03 4.404514939683901870e-05 4.496736090447181304e-05 8.543325003042452626e-05 9.154116166646113911e-05 1.192743495321123975e-04 1.153290768558040084e-04
1.523147037658912017e+00 1.821654089104187378e-03 5.978501520022033895e-05 5.932920193922434915e-05 1.121862230027627534e-04 1.226045036203725173e-04 1.603751170113779448e-04 1.567599545619694206e-04
1.532372640552061016e+00 2.506920169577386143e-03 8.168909599550779055e-05 8.168236444513555031e-05 1.566684845886088216e-04 1.655499811071240064e-04 2.217444862690548177e-04 2.214672666405533182e-04
1.541598243445210237e+00 3.473365844705622683e-03 1.150828038405543076e-04 1.135241179815020020e-04 2.137991723162946736e-04 2.318504627017259172e-04 3.077338150660217583e-04 3.140549267878064640e-04
1.550823846338359457e+00 4.572456201658469353e-03 1.516202640527578374e-04 1.500464777731561408e-04 2.787719392336861918e-04 3.032627423460287214e-04 4.016577083665899203e-04 4.194694475932528310e-04
1.560049449231508456e+00 5.174194509421209225e-03 1.804004128082917213e-04 1.718997607129601687e-04 3.307794852923156767e-04 3.402306015383585805e-04 4.462505799658830763e-04 4.798204781373159242e-04
1.569275052124657455e+00 4.701046241454211183e-03 1.616574315861105463e-04 1.547825851331129793e-04 3.074750527685679233e-04 3.031513535494264819e-04 4.135237015244477496e-04 4.353082898038689724e-04
1.578500655017806453e+00 3.607442027937768185e-03 1.235585211326801526e-04 1.192923360504643746e-04 2.310710396451983763e-04 2.260408907217756856e-04 3.178336223614592476e-04 3.303276269480239294e-04
1.587726257910955674e+00 2.591612830156378184e-03 8.639269550433925637e-05 8.627335851183869780e-05 1.636305171389016919e-04 1.611821045040874069e-04 2.311362230780272461e-04 2.339514898311613467e-04
1.596951860804104451e+00 1.862842295752200695e-03 6.175806084851554432e-05 6.244800354107725784e-05 1.172837863761190969e-04 1.161232828244384424e-04 1.671638556136362686e-04 1.663504523154398819e-04
1.606177463697253671e+00 1.375031853753546024e-03 4.595331991591651045e-05 4.657889955838765902e-05 8.814714078631056930e-05 8.554531049327217425e-05 1.228629738329002283e-04 1.218610628944114850e-04
1.615403066590402892e+00 1.048710659579035710e-03 3.514494193617313106e-05 3.533412117140270238e-05 6.741911538397861621e-05 6.519223406774906499e-05 9.200147469763035428e-05 9.227932125530666045e-05
1.624628669483551890e+00 8.254894440106706754e-04 2.739442188668143527e-05 2.757439511440196167e-05 5.385452026720690972e-05 5.194088226035786359e-05 7.100446096991387852e-05 7.219623887076969272e-05
1.633854272376701111e+00 6.684345040150224031e-04 2.218309883875591981e-05 2.223217472047199061e-05 4.335502521156560374e-05 4.255056769383663232e-05 5.632862695183942295e-05 5.814454047610765307e-05
1.643079875269850110e+00 5.548192601981157815e-04 1.848086421780959204e-05 1.841670125457344712e-05 3.608291497040076647e-05 3.524058181695580074e-05 4.640995215695611301e-05 4.802169149906241729e-05
1.652305478162999108e+00 4.705135485604725856e-04 1.581133635137764622e-05 1.557712005315948795e-05 3.072021211711345587e-05 2.997384212495872099e-05 3.964966463757040255e-05 4.053379903707612832e-05
1.661531081056148329e+00 4.065276415672999430e-04 1.365202765541383145e-05 1.342011570818596976e-05 2.651123298470645573e-05 2.595078125120322318e-05 3.450696667267974006e-05 3.486452466773439906e-05
1.670756683949297106e+00 3.569941949259636260e-04 1.217454692007796093e-05 1.177411434378036097e-05 2.304026078589298514e-05 2.279795597266530546e-05 3.051732187794468703e-05 3.048359661319953061e-05
1.679982286842446326e+00 3.179786996667610622e-04 1.087058324484630909e-05 1.042324407448313658e-05 2.041918543562164668e-05 2.018251979224802576e-05 2.736935754475136248e-05 2.703761062947828862e-05
1.689207889735595547e+00 2.867769863975449499e-04 9.745470978036216252e-06 9.418665100623850941e-06 1.849290831346193237e-05 1.811319141324652104e-05 2.484835841018467233e-05 2.428450651697800508e-05
1.698433492628744546e+00 2.614918193751617761e-04 8.924843183020201871e-06 8.452974352843572320e-06 1.685891662950560893e-05 1.656243681809013062e-05 2.280298823733147495e-05 2.205476369370444221e-05
1.707659095521893766e+00 2.407574068653190499e-04 8.263291877114625804e-06 7.684576158615164659e-06 1.533149603837071742e-05 1.527369375337500656e-05 2.094361459035275056e-05 2.022689637924221409e-05
1.716884698415042543e+00 2.235802857663084545e-04 7.717684535247246527e-06 7.174972942464017582e-06 1.425826362809050644e-05 1.404528279340297144e-05 1.938148248914454042e-05 1.871267079492025401e-05
1.726110301308191763e+00 2.092179949975157892e-04 7.233560956810750195e-06 6.742302559236302163e-06 1.334683340971010352e-05 1.316619556174982038e-05 1.807421175144136309e-05 1.744621618648216333e-05
1.735335904201340984e+00 1.971127476673844041e-04 6.756009838157430065e-06 6.349515011503119224e-06 1.258502377195019027e-05 1.242398463953165192e-05 1.697110427111993389e-05 1.637816990924140540e-05
1.744561507094489761e+00 1.868360730181956410e-04 6.361678847538649890e-06 6.041734124459903965e-06 1.189808253985102579e-05 1.177872893082902175e-05 1.603371752706853688e-05 1.547387284463858613e-05
1.753787109987638981e+00 1.780568705690603127e-04 6.007375001096431017e-06 5.780657698881131162e-06 1.131715419980076909e-05 1.119956288146104493e-05 1.523198317945971113e-05 1.480080490402679231e-05
1.763012712880787980e+00 1.705114420959316212e-04 5.733417360599159240e-06 5.578315718555472424e-06 1.080927277452109437e-05 1.069960711747426846e-05 1.454204049955058276e-05 1.422043470930461407e-05
1.772238315773937201e+00 1.639968686817588699e-04 5.505740609074280447e-06 5.384357554357501732e-06 1.036150713287694322e-05 1.028659939989338338e-05 1.394548010403656680e-05 1.371771208744738870e-05
1.781463918667086421e+00 1.583443282256793972e-04 5.308025530393483977e-06 5.194957052969648463e-06 9.966145170028510624e-06 9.940302799519185484e-06 1.342701547720728979e-05 1.328018980799764250e-05
1.790689521560235198e+00 1.534235430277802379e-04 5.142918948984967226e-06 5.068702420495601680e-06 9.666209381797353541e-06 9.604883909477266758e-06 1.297484982976844785e-05 1.289805520174338812e-05
1.799915124453384419e+00 1.491225537083896177e-04 4.976922042296044648e-06 4.939035262945044684e-06 9.395654525858737876e-06 9.371995820600556408e-06 1.264062034321943441e-05 1.256319850346322752e-05
1.809140727346533417e+00 1.453529058062806903e-04 4.827564900023188690e-06 4.821425361863936445e-06 9.119767101664313013e-06 9.172645323187925527e-06 1.239594756120184480e-05 1.226880967995411763e-05
1.818366330239682416e+00 1.420418438969812166e-04 4.703012366701276236e-06 4.707792005663940594e-06 8.863406835384540295e-06 8.998217155115718425e-06 1.218437719454688157e-05 1.200948240752275505e-05
1.827591933132831414e+00 1.391264247361564520e-04 4.591003672487089203e-06 4.591724150946561176e-06 8.626056777058364487e-06 8.844893405099830790e-06 1.197149910305789840e-05 1.178050657491691447e-05
1.836817536025980635e+00 1.365540762269775777e-04 4.504428692261278240e-06 4.491906678847799525e-06 8.417618387384522873e-06 8.701392277297488207e-06 1.173804758327422313e-05 1.157798374195023305e-05
1.846043138919129634e+00 1.342844036251274382e-04 4.407622919442482148e-06 4.430682356342826147e-06 8.234359795169544916e-06 8.574549947464266218e-06 1.153320166616487313e-05 1.139877498197673297e-05
1.855268741812278410e+00 1.322776980541019156e-04 4.349113667347759673e-06 4.358246029578154244e-06 8.072958158239924289e-06 8.453400087965966779e-06 1.135304134523230295e-05 1.122462065496797128e-05
1.864494344705427187e+00 1.305032271329902797e-04 4.286665457716457234e-06 4.300109181147842696e-06 7.930689982995069338e-06 8.365176665185957957e-06 1.119472133154580614e-05 1.106607021185053994e-05
1.873719947598576185e+00 1.289330654483443288e-04 4.236487820927415824e-06 4.246379133168341150e-06 7.824614305567946732e-06 8.282846490856684467e-06 1.105549506924031773e-05 1.092537938753231650e-05
1.882945550491724962e+00 1.275464447720089380e-04 4.203026222846770231e-06 4.210844086444636000e-06 7.734570460098935587e-06 8.208921562075199960e-06 1.093347647235885377e-05 1.080069412172744031e-05
1.892171153384873961e+00 1.263211298741487201e-04 4.176119708050054190e-06 4.163700844168378859e-06 7.663932082123788491e-06 8.144495265011438109e-06 1.082642739353646319e-05 1.069011392503929126e-05
1.901396756278022737e+00 1.252413859320034527e-04 4.129576946383585901e-06 4.148432698964293419e-06 7.613881524928394233e-06 8.088366718397911625e-06 1.073299846113869721e-05 1.059221603734484282e-05
1.910622359171171736e+00 1.242891828221525741e-04 4.096080388920573254e-06 4.119582033794918249e-06 7.570114084917630186e-06 8.039565927969683987e-06 1.065137689014756671e-05 1.050546644051495099e-05
1.919847962064320512e+00 1.234564404599985574e-04 4.068752027965429150e-06 4.098496567817708409e-06 7.532283164693849781e-06 7.997782267323846157e-06 1.058077632741250820e-05 1.042913901689995206e-05
1.929073564957469289e+00 1.227275430264706787e-04 4.034242514587658025e-06 4.109059538149595066e-06 7.499526550523185047e-06 7.961958824209754040e-06 1.051987761480888107e-05 1.036184636704629014e-05
1.938299167850618288e+00 1.220928781184474452e-04 4.012579577964764865e-06 4.079511616486737602e-06 7.471420811795291463e-06 7.931588399037137692e-06 1.046770847798410395e-05 1.030276403305640999e-05
1.947524770743767064e+00 1.215448529886478142e-04 3.993070877306709849e-06 4.045768769288767062e-06 7.447721980410526772e-06 7.906395448339914979e-06 1.042336162596320186e-05 1.025127391471932371e-05
1.956750373636916063e+00 1.210733474240481870e-04 3.975571273199320381e-06 4.029386737435761579e-06 7.427755227325157908e-06 7.885497742461054218e-06 1.038618038043663972e-05 1.020642228172940385e-05
1.965975976530064839e+00 1.206734763910353455e-04 3.956747710259742880e-06 4.017082221827218973e-06 7.411398767147002746e-06 7.868551020958394196e-06 1.035553629407269993e-05 1.016781771503388161e-05
1.975201579423213616e+00 1.203381666683620666e-04 3.943012184317817273e-06 4.004235131930836892e-06 7.398292420184799712e-06 7.855394808898124291e-06 1.033078877292238900e-05 1.013484045911046438e-05
1.984427182316362615e+00 1.200562894261922856e-04 3.932982718518474442e-06 3.989887678075893407e-06 7.388806437873162900e-06 7.846666076397575194e-06 1.030933366594825016e-05 1.010698099802168136e-05
1.993652785209511391e+00 1.198394856318402856e-04 3.932300687087359674e-06 3.996269556068526938e-06 7.380813444741809201e-06 7.839227425881923196e-06 1.029688685666418078e-05 1.008388632175678324e-05
2.002878388102660168e+00 1.196656950390204512e-04 3.933512350851704146e-06 3.995745663067077247e-06 7.375900344020559557e-06 7.835559914134136196e-06 1.028681075983904213e-05 1.006498959796236288e-05
2.012103990995809166e+00 1.195386643386730282e-04 3.939548231747519577e-06 4.000943607127495816e-06 7.375564593769227831e-06 7.828579654554898896e-06 1.028097592080322547e-05 1.005015796725085265e-05
2.021329593888958165e+00 1.194515754723874404e-04 3.948713963536237847e-06 3.993788956677902439e-06 7.397492578215721375e-06 7.805451418953145647e-06 1.027870289857354600e-05 1.003882309276064389e-05
2.030555196782107164e+00 1.194034883509208542e-04 3.954810257174136488e-06 3.994430860192036727e-06 7.421203771004121247e-06 7.785148968738014701e-06 1.027990686791034364e-05 1.003089207564430844e-05
2.039780799675255718e+00 1.193912712573140782e-04 3.957785425867373173e-06 3.994614111076298072e-06 7.446556697416175166e-06 7.767363264510535655e-06 1.028431839410591932e-05 1.002608603455425217e-05
2.049006402568404717e+00 1.194113426351060098e-04 3.961011195476970941e-06 3.998043046592059265e-06 7.473370547253309739e-06 7.751925372735511298e-06 1.029167150442219006e-05 1.002407826033932796e-05
2.058232005461553715e+00 1.194616446700403326e-04 3.962536647373864486e-06 4.007645641237526078e-06 7.501565552103054975e-06 7.744709599458767793e-06 1.030164358531279127e-05 1.002472505835220898e-05
2.067457608354702270e+00 1.195428591554269254e-04 3.947993028887263468e-06 4.035292086205168765e-06 7.531223595782222360e-06 7.754162771511662923e-06 1.031433164649899674e-05 1.002806338198659582e-05
2.076683211247851268e+00 1.196432796584011386e-04 3.940721258859880799e-06 4.039000018852168146e-06 7.559334268345709712e-06 7.764873233447264493e-06 1.032877622327876865e-05 1.003307981927470155e-05
2.085908814141000267e+00 1.197722407740815038e-04 3.953764943089103359e-06 4.039940967391671546e-06 7.555834703089299225e-06 7.782775956960484402e-06 1.034562522878696659e-05 1.004060182219569436e-05
2.095134417034148822e+00 1.199228107012969278e-04 3.967137958843660423e-06 4.041562636837196321e-06 7.553711486666769663e-06 7.803684188910164172e-06 1.036444351771475311e-05 1.004998855269130964e-05
2.104360019927297820e+00 1.200948893240539933e-04 3.980883027502815511e-06 4.042622902323674493e-06 7.552330767958566858e-06 7.825666838477923597e-06 1.038516935615067479e-05 1.006124012229127004e-05
2.113585622820446819e+00 1.202857874036941991e-04 3.992395999625775746e-06 4.049693433217234047e-06 7.551919443220814687e-06 7.848554052457054207e-06 1.040749120331810264e-05 1.007414658434588361e-05
2.122811225713595817e+00 1.204968805069820569e-04 4.000361900282937088e-06 4.063507384765988658e-06 7.552859190276635577e-06 7.872454327285965557e-06 1.043153200600313005e-05 1.008881738304608360e-05
2.132036828606744372e+00 1.207234691769763660e-04 4.009130261877641172e-06 4.062566758272314932e-06 7.554803431242599048e-06 7.897111276554359335e-06 1.045693006169326543e-05 1.010483765810430811e-05
2.141262431499893371e+00 1.209652556050517234e-04 4.019992814215892635e-06 4.069473619316160847e-06 7.557724601909475643e-06 7.922526277839446376e-06 1.048366803726760829e-05 1.012217548955865779e-05
2.150488034393042369e+00 1.212239561335379186e-04 4.038410726584366656e-06 4.074259247288731698e-06 7.561798828898907521e-06 7.948782806609246783e-06 1.051177080700181220e-05 1.014100758861434450e-05
2.159713637286190924e+00 1.214953405061869009e-04 4.063976897632603081e-06 4.079381807542910884e-06 7.566691082698027526e-06 7.975661447940897908e-06 1.054095542723499886e-05 1.016094910570702870e-05
2.168939240179339922e+00 1.217789312873280417e-04 4.089816789797006357e-06 4.084409437511926861e-06 7.572357136146883202e-06 8.003152915557181098e-06 1.057120041318559023e-05 1.018194989479643609e-05
2.178164843072488921e+00 1.220753646507666127e-04 4.111815936157751797e-06 4.089837227503627837e-06 7.578879528163598315e-06 8.031282663926016209e-06 1.060247422827800281e-05 1.020408633651208969e-05
2.187390445965637920e+00 1.223827174747722834e-04 4.130836325213756242e-06 4.094765027799862991e-06 7.592248295536994625e-06 8.059938230335557700e-06 1.063459519742274064e-05 1.022719802143534488e-05
2.196616048858786474e+00 1.227034635359329387e-04 4.145662295770006405e-06 4.095771416281067021e-06 7.613285807606134546e-06 8.089362579539902077e-06 1.066801518476162428e-05 1.025141989191444497e-05
2.205841651751935473e+00 1.230316526160231340e-04 4.146989368047432822e-06 4.101301929564730975e-06 7.634864517001594417e-06 8.119098426752325258e-06 1.070191995737384758e-05 1.027633705288422735e-05
2.215067254645084471e+00 1.233697283273212412e-04 4.160978598674385746e-06 4.116322717244189446e-06 7.657112127072815584e-06 8.149320604576679346e-06 1.073655468168313977e-05 1.030214288165762031e-05
2.224292857538233026e+00 1.237191965195547788e-04 4.187167483990739082e-06 4.120629299938312253e-06 7.679956778373317776e-06 8.180210048761105764e-06 1.077229428353955140e-05 1.032888931644784845e-05
2.233518460431382024e+00 1.240751912162254373e-04 4.184534397636913367e-06 4.130542191876264836e-06 7.703279387635033606e-06 8.207689491140029254e-06 1.080847154478686910e-05 1.035623785330236878e-05
2.242744063324531023e+00 1.244397549669902427e-04 4.182300592786835367e-06 4.150322955230693065e-06 7.721628039484868412e-06 8.235064436452164288e-06 1.084533274416544114e-05 1.038433783483134554e-05
2.251969666217680022e+00 1.247779305431980402e-04 4.178666713242502320e-06 4.172066351378086557e-06 7.732052757722547576e-06 8.259212193245454186e-06 1.087758836046249350e-05 1.041091925085313485e-05
2.261195269110828576e+00 1.251626493067325996e-04 4.174083847914821779e-06 4.198306437082837761e-06 7.756361461530152665e-06 8.288159210910107000e-06 1.091644305637812706e-05 1.044066417964529809e-05
2.270420872003977575e+00 1.255544531219424716e-04 4.172376348758350534e-06 4.221229422772242190e-06 7.789326732800065916e-06 8.317587712897467930e-06 1.095587454126700625e-05 1.047102405044920189e-05
2.279646474897126573e+00 1.259682732535362100e-04 4.182348757801211334e-06 4.236497740700480861e-06 7.820394728404493016e-06 8.349179816028614557e-06 1.099823663422969978e-05 1.050293577477841420e-05
2.288872077790275128e+00 1.263571938472209187e-04 4.193491833342680815e-06 4.258441722654560070e-06 7.819325090770845718e-06 8.377691575450950064e-06 1.103620430745682430e-05 1.053342858312732329e-05
2.298097680683424127e+00 1.267672949442295632e-04 4.208218830485779870e-06 4.281089446494314469e-06 7.818883011303655491e-06 8.408307469117133983e-06 1.107702565015988220e-05 1.056540182941330831e-05
2.307323283576573125e+00 1.271828595273671034e-04 4.230057563529089669e-06 4.303844098384982265e-06 7.818942983960297738e-06 8.439278000616279632e-06 1.111825820428966613e-05 1.059785611406179745e-05
2.316548886469722124e+00 1.276041830719118442e-04 4.248700727102255794e-06 4.326721344056100619e-06 7.832414823857273417e-06 8.470634310473780255e-06 1.115994677118597881e-05 1.063080993684267621e-05
2.325774489362870678e+00 1.280299053986935895e-04 4.259702564582331383e-06 4.349676706270319592e-06 7.851913786531864673e-06 8.502260905824079898e-06 1.120193464138256162e-05 1.066415903087544173e-05
2.335000092256019677e+00 1.284605709391388212e-04 4.267298498156251374e-06 4.371283654909676299e-06 7.884457380934471781e-06 8.533823742556731332e-06 1.124428346957321613e-05 1.069794442835967762e-05
2.344225695149168676e+00 1.288977106171766435e-04 4.280232324559932883e-06 4.388718338761845401e-06 7.917273480489257168e-06 8.566014124934673551e-06 1.128750659554184467e-05 1.073217814494187761e-05
2.353451298042317230e+00 1.293346551310617777e-04 4.294973691075802593e-06 4.409112030632849309e-06 7.950334613780074165e-06 8.597672656602739949e-06 1.132986842562904209e-05 1.076665017183855283e-05
2.362676900935466229e+00 1.297782501163952226e-04 4.309813387084495111e-06 4.424904667389229287e-06 7.983681777384095315e-06 8.624686207570858945e-06 1.137313952256907698e-05 1.080157833137001058e-05
2.371902503828615227e+00 1.302253726371899656e-04 4.324729598420871480e-06 4.440904702724145009e-06 8.017262855401454573e-06 8.645225859098428335e-06 1.141665372859928954e-05 1.083681881023253722e-05
2.381128106721764226e+00 1.306762273337096984e-04 4.339734067294702402e-06 4.454617850472506997e-06 8.051096596147741839e-06 8.666124398411806785e-06 1.146041782312012575e-05 1.087239195150455084e-05
2.390353709614912781e+00 1.311305881449485690e-04 4.353892750016887404e-06 4.464455869262616734e-06 8.085179129948763402e-06 8.687370845673539474e-06 1.150439835933018615e-05 1.090828239371332393e-05
2.399579312508061779e+00 1.315882851200926302e-04 4.370470852867262270e-06 4.474334215292808921e-06 8.119352783019710522e-06 8.708926680027403175e-06 1.154861594643614054e-05 1.094446443207536702e-05
2.408804915401210778e+00 1.320490811397330032e-04 4.392446479737439815e-06 4.483343857006295233e-06 8.153539863756754718e-06 8.730785085684619794e-06 1.159302919615735525e-05 1.098092394735523621e-05
2.418030518294359332e+00 1.325128570984416122e-04 4.403339802975272900e-06 4.502397935369096410e-06 8.187949206929604233e-06 8.760301589956530962e-06 1.163763110464350399e-05 1.101764939965321267e-05
2.427256121187508331e+00 1.329795993102505440e-04 4.411781492992316927e-06 4.517850523906048873e-06 8.222589040163383236e-06 8.795433327209888812e-06 1.168240207001668596e-05 1.105464514448199168e-05
2.436481724080657330e+00 1.334491805153601492e-04 4.428420878660894447e-06 4.528944005167609421e-06 8.257445778801742690e-06 8.830788422791715706e-06 1.172736422857113651e-05 1.109188961748728067e-05
2.445707326973806328e+00 1.339213783931466305e-04 4.443358050974311260e-06 4.555299727681557222e-06 8.282024069783058698e-06 8.866348699286492668e-06 1.177248015870772458e-05 1.112936930433309417e-05
2.454932929866954883e+00 1.343960970084916043e-04 4.457756692195124137e-06 4.571661576967072076e-06 8.299659844616469676e-06 8.902107796456199852e-06 1.181773941555893151e-05 1.116707652907650240e-05
2.464158532760103881e+00 1.348730565763067441e-04 4.472184268303490461e-06 4.580020604740556644e-06 8.317349103857918065e-06 8.938051086221951262e-06 1.186312563996764569e-05 1.120498478313341345e-05
2.473384135653252880e+00 1.353523209776523494e-04 4.493195298789319633e-06 4.598019090573332319e-06 8.335112934161934646e-06 8.974179198810574654e-06 1.190863035414990831e-05 1.124310353571410107e-05
2.482609738546401434e+00 1.358338429549059087e-04 4.523772335664617535e-06 4.619674465591996427e-06 8.352938724653284717e-06 9.010491670190370677e-06 1.195425891260172720e-05 1.128142577190138079e-05
2.491835341439550433e+00 1.363175458637995040e-04 4.543129919363923016e-06 4.640384716626594006e-06 8.370823657306532880e-06 9.046983713995455619e-06 1.200000133887765136e-05 1.131994561417144318e-05
2.501060944332699432e+00 1.368030905337615428e-04 4.557856006817868639e-06 4.659719315967640607e-06 8.388750983961691362e-06 9.083632715367953581e-06 1.204582245879092959e-05 1.135863611691808727e-05
2.510286547225848430e+00 1.372908021102955912e-04 4.567548882939667827e-06 4.679031513621844870e-06 8.406709266739795889e-06 9.120467306495902166e-06 1.209177958817192066e-05 1.139751525923988324e-05
2.519512150118996985e+00 1.377801279304442317e-04 4.577109809700985075e-06 4.698140949985679703e-06 8.424715040064280824e-06 9.157441018546152566e-06 1.213777698015353827e-05 1.143655114585861022e-05
2.528737753012145983e+00 1.382714653057682316e-04 4.586593384085736660e-06 4.715387968114392826e-06 8.442434463580480173e-06 9.194554703123841016e-06 1.218389278365839120e-05 1.147576351748610035e-05
2.537963355905294982e+00 1.387640975242061467e-04 4.595951538308357988e-06 4.731364342604405188e-06 8.460141200585956280e-06 9.231757571744844985e-06 1.223002356884808216e-05 1.151510449540793274e-05
2.547188958798443537e+00 1.392588698815012906e-04 4.605237965593411741e-06 4.749480094668926495e-06 8.477873030394240863e-06 9.269017613502191378e-06 1.227628729790259288e-05 1.155463129118758348e-05
2.556414561691592535e+00 1.397548977480584460e-04 4.615186174569517333e-06 4.766516085842695954e-06 8.495604651498350627e-06 9.306396712584137946e-06 1.232257346083480290e-05 1.159427964095250882e-05
2.565640164584741534e+00 1.402517345744470152e-04 4.625917258982491058e-06 4.782927721565309424e-06 8.513296997581453699e-06 9.343868864528998485e-06 1.236884809023805249e-05 1.163401003500145266e-05
2.574865767477890532e+00 1.407514992671406997e-04 4.636769060131090432e-06 4.796885752388454138e-06 8.553481203455050698e-06 9.381567613883938419e-06 1.241530196062793842e-05 1.167399962817509810e-05
2.584091370371039087e+00 1.412518667366052642e-04 4.647486247037654590e-06 4.803759239137977977e-06 8.600291408345173355e-06 9.419100681397639179e-06 1.246174184915677238e-05 1.171404853378068970e-05
2.593316973264188086e+00 1.417534874111246409e-04 4.658076743107144105e-06 4.810603550375208183e-06 8.647199762993907366e-06 9.446977713363995761e-06 1.250819559305371242e-05 1.175422082150029586e-05
2.602542576157337084e+00 1.422565150749041164e-04 4.668566026989510532e-06 4.817478338291642783e-06 8.694213067874035283e-06 9.474809198886403059e-06 1.255470969738716369e-05 1.179451876713179356e-05
2.611768179050485639e+00 1.427610100273643122e-04 4.678944219405366039e-06 4.824384482470119549e-06 8.741341881268022661e-06 9.502601531805558851e-06 1.260126953257765018e-05 1.183495375893257179e-05
2.620993781943634637e+00 1.432663042726459179e-04 4.688674228498884407e-06 4.831296996819480155e-06 8.788549872280817122e-06 9.530302282404428229e-06 1.264781587194150161e-05 1.187546944363566124e-05
2.630219384836783636e+00 1.437729040481695690e-04 4.705248959454834358e-06 4.838232057241840861e-06 8.835866805138197812e-06 9.557948879107330473e-06 1.269441292964045660e-05 1.191610212802795741e-05
2.639444987729932635e+00 1.442805335109112518e-04 4.727439725961938731e-06 4.868512909519213602e-06 8.883286854555709619e-06 9.585517571563593976e-06 1.274099466444441340e-05 1.195684196919144862e-05
2.648670590623081189e+00 1.447892146281264277e-04 4.741390744322315862e-06 4.901363016206043179e-06 8.915266765683401047e-06 9.612897210869742479e-06 1.278760543391564588e-05 1.199767677563092568e-05
2.657896193516230188e+00 1.452989758760137365e-04 4.756343499783704555e-06 4.924405687787517666e-06 8.938943400838001005e-06 9.640205203867863995e-06 1.283422134130084418e-05 1.203861753878833030e-05
2.667121796409379186e+00 1.458096636386932063e-04 4.765718491294318763e-06 4.941038575535675135e-06 8.962536472799695992e-06 9.667427595585310158e-06 1.288084253060875527e-05 1.207964674076550610e-05
2.676347399302527741e+00 1.463213616654580364e-04 4.773583157073808033e-06 4.954979929547493646e-06 8.994734994286152432e-06 9.694572685406725124e-06 1.292745861822247990e-05 1.212077722761639915e-05
2.685573002195676739e+00 1.468339983396511504e-04 4.799451544910016566e-06 4.968876217105244264e-06 9.056004151394169864e-06 9.721630779316743068e-06 1.297409125011170271e-05 1.216199365844763177e-05
2.694798605088825738e+00 1.473474974986025462e-04 4.830456609041260032e-06 4.982724560927343426e-06 9.117681730436128342e-06 9.748595264235732560e-06 1.302071817939698200e-05 1.220329426913826371e-05
2.704024207981974737e+00 1.478619405802286658e-04 4.861482790297831603e-06 5.007583313969000667e-06 9.179772723138162954e-06 9.775475886828811391e-06 1.306733352633961879e-05 1.224469056754318532e-05
2.713249810875123291e+00 1.483769371055732110e-04 4.888423394619180679e-06 5.034114392757452769e-06 9.242266683652527884e-06 9.802240426321753766e-06 1.311390778875200073e-05 1.228614783994115989e-05
2.722475413768272290e+00 1.488930425703223611e-04 4.897478285016156323e-06 5.060726756289787506e-06 9.305187534055809478e-06 9.828927432119601492e-06 1.316051493682952097e-05 1.232770439984768782e-05
2.731701016661421288e+00 1.494096649654028152e-04 4.905205842029600281e-06 5.087373744772137694e-06 9.368520067714149798e-06 9.855493520390535677e-06 1.320707687490273543e-05 1.236931884462591632e-05
2.740926619554569843e+00 1.499272437240890365e-04 4.912880344623489796e-06 5.109406993904311864e-06 9.419241104737262121e-06 9.881971479223911449e-06 1.325363509050697512e-05 1.241102718005870041e-05
2.750152222447718842e+00 1.504454204807288492e-04 4.920492012496310462e-06 5.128448598717819974e-06 9.469026725686104052e-06 9.908331901914359426e-06 1.330017021150490934e-05 1.245279518704602018e-05
2.759377825340867840e+00 1.509641963743114923e-04 4.928029542564565978e-06 5.147474457364750429e-06 9.518939435842728794e-06 9.934577545333867247e-06 1.334665205714728091e-05 1.249463287701421525e-05
