2.306400723287267349e-02 1.943525371799456320e+17 3.200000000000000000e+01 -3.200000000000000000e+01 3.200000000000000000e+01 -3.200000000000000000e+01 3.200000000000000000e+01 -3.200000000000000000e+01
3.228961012602173802e-02 4.056481922928185625e+14 1.625000000000000000e+00 1.750000000000000000e+00 3.625000000000000000e+00 3.500000000000000000e+00 4.687500000000000000e+00 5.187500000000000000e+00
4.151521301917080603e-02 7.339012828399314453e+12 1.624023437500000000e+00 1.704101562500000000e+00 3.592773437500000000e+00 3.442382812500000000e+00 4.617187500000000000e+00 5.140625000000000000e+00
5.074081591231988098e-02 4.110522231388906250e+11 1.438049316406250000e+00 1.500793457031250000e+00 3.169616699218750000e+00 3.041809082031250000e+00 4.077758789062500000e+00 4.536682128906250000e+00
5.996641880546894204e-02 4.540632264714231110e+10 1.222908020019531250e+00 1.271003723144531250e+00 2.687194824218750000e+00 2.583091735839843750e+00 3.459869384765625000e+00 3.848159790039062500e+00
6.919202169861800311e-02 7.835937855437606812e+09 1.023011207580566406e+00 1.058588981628417969e+00 2.240625381469726562e+00 2.157718658447265625e+00 2.887371063232421875e+00 3.210501670837402344e+00
7.841762459176707112e-02 1.847159204276963949e+09 8.485851287841796875e-01 8.737008571624755859e-01 1.851544380187988281e+00 1.786595821380615234e+00 2.388267278671264648e+00 2.654756069183349609e+00
8.764322748491613913e-02 5.470798209170266390e+08 6.987713575363159180e-01 7.173339128494262695e-01 1.519047498703002930e+00 1.469096302986145020e+00 1.961536765098571777e+00 2.179751396179199219e+00
9.686883037806519325e-02 1.926537565262926817e+08 5.700748562812805176e-01 5.842306017875671387e-01 1.235997498035430908e+00 1.198529332876205444e+00 1.598098754882812500e+00 1.775341719388961792e+00
1.060944332712142474e-01 7.765172745551432669e+07 4.590291976928710938e-01 4.698421806097030640e-01 9.943440705537796021e-01 9.649167507886886597e-01 1.287667483091354370e+00 1.430053651332855225e+00
1.153200361643633154e-01 3.486082258128787577e+07 3.625860735774040222e-01 3.706454336643218994e-01 7.867777869105339050e-01 7.639156281948089600e-01 1.020889103412628174e+00 1.133460186421871185e+00
1.245456390575123834e-01 1.708483850873781368e+07 2.783413715660572052e-01 2.861387766897678375e-01 6.071177944540977478e-01 5.898270234465599060e-01 7.898470498621463776e-01 8.767405003309249878e-01
1.337712419506614514e-01 9.002731071918036789e+06 2.055637259036302567e-01 2.122438177466392517e-01 4.502759948372840881e-01 4.377369266003370285e-01 5.880194529891014099e-01 6.526313293725252151e-01
1.429968448438105333e-01 5.041207707363418303e+06 1.437513455748558044e-01 1.470002178102731705e-01 3.123680362477898598e-01 3.036306295543909073e-01 4.100772580131888390e-01 4.552013818174600601e-01
1.522224477369596152e-01 2.972262424923911225e+06 8.736951183527708054e-02 9.005592484027147293e-02 1.911887167952954769e-01 1.860314398072659969e-01 2.516605900600552559e-01 2.796018286608159542e-01
1.614480506301086971e-01 1.831609625674619107e+06 3.781817341223359108e-02 3.855353919789195061e-02 8.212247560732066631e-02 7.870069867931306362e-02 1.091778804548084736e-01 1.182572161778807640e-01
1.706736535232577512e-01 1.172682666468940210e+06 8.932651719078421593e-03 8.975187083706259727e-03 1.867256779223680496e-02 1.863061380572617054e-02 2.568115154281258583e-02 2.332518878392875195e-02
1.798992564164068331e-01 7.762552112270483049e+05 5.213500733952969313e-02 4.941968538332730532e-02 1.060647142585366964e-01 1.076977911870926619e-01 1.533771477406844497e-01 1.394847757183015347e-01
1.891248593095559150e-01 5.291054045594123891e+05 9.332758141681551933e-02 8.879634167533367872e-02 1.898547147866338491e-01 1.925231142668053508e-01 2.750893724150955677e-01 2.503632224397733808e-01
1.983504622027049968e-01 3.700977959222384379e+05 1.326428818283602595e-01 1.256586638628505170e-01 2.668685999233275652e-01 2.732839859090745449e-01 3.900438817217946053e-01 3.549048644490540028e-01
2.075760650958540787e-01 2.648976883754047449e+05 1.697004541638307273e-01 1.600762860034592450e-01 3.404227210558019578e-01 3.502180536161176860e-01 4.996502668946050107e-01 4.548284203046932817e-01
2.168016679890031329e-01 1.935357481764629774e+05 2.062812332005705684e-01 1.927708862349390984e-01 4.121413906395900995e-01 4.247283969016280025e-01 6.056435127975419164e-01 5.517289295676164329e-01
2.260272708821522147e-01 1.440284167140126228e+05 2.396653667674399912e-01 2.252139970951247960e-01 4.833852832089178264e-01 4.981857563834637403e-01 7.096764562593307346e-01 6.471374485408887267e-01
2.352528737753012689e-01 1.089790444125420181e+05 2.728399521583924070e-01 2.570997654111124575e-01 5.546882701455615461e-01 5.717409249482443556e-01 8.133810777071630582e-01 7.425791458517778665e-01
2.444784766684503230e-01 8.370448655479625450e+04 3.082238498172955588e-01 2.910131014068610966e-01 6.279585922311525792e-01 6.465790739457588643e-01 9.184313580626621842e-01 8.396340049948776141e-01
2.537040795615994049e-01 6.517030689059478027e+04 3.442517376097384840e-01 3.277482884295750409e-01 7.020012339417007752e-01 7.240757929903338663e-01 1.026612460838805418e+00 9.400049554897123016e-01
2.629296824547484590e-01 5.136845813251650543e+04 3.796090560717857443e-01 3.666272850387031212e-01 7.786666707252152264e-01 8.057212962012272328e-01 1.139902040973538533e+00 1.045599493700137828e+00
2.721552853478975686e-01 4.094419792323687579e+04 4.219938098613056354e-01 4.094102944582118653e-01 8.688350424999953248e-01 8.923969946845318191e-01 1.260571326150966343e+00 1.158632992228376679e+00
2.813808882410466228e-01 3.296715099777012801e+04 4.670112936655641533e-01 4.538719940901501104e-01 9.686646020491025411e-01 9.802855868983897381e-01 1.391316619243298192e+00 1.281765412073582411e+00
2.906064911341957324e-01 2.678778072993691967e+04 5.193611058202804998e-01 5.032414033048553392e-01 1.077037899678543909e+00 1.074556527677486883e+00 1.536482733761658892e+00 1.418288810393278254e+00
2.998320940273447865e-01 2.194560345557925029e+04 5.784856536920415238e-01 5.615759268584952224e-01 1.195240498167549958e+00 1.188143204235529993e+00 1.706241141549980966e+00 1.572392225007206434e+00
3.090576969204938407e-01 1.810939363073424101e+04 6.418884887934837025e-01 6.298213658374152146e-01 1.330030516823171638e+00 1.332022698268701788e+00 1.902121804472699296e+00 1.749545442384260241e+00
3.182832998136429503e-01 1.503753572390950285e+04 7.135664211073162733e-01 7.184487653685209807e-01 1.490464024869652349e+00 1.484401812433134182e+00 2.132548508163381484e+00 1.957067459519748809e+00
3.275089027067920044e-01 1.255126930652123519e+04 7.991046509760053596e-01 8.220216293757403037e-01 1.688286732634878717e+00 1.664980143010325264e+00 2.409161463803684455e+00 2.204984625355791650e+00
3.367345055999411141e-01 1.051628611227071997e+04 9.187326346564077539e-01 9.338871292638941668e-01 1.918812654996145284e+00 1.892385352686687838e+00 2.748441686000660411e+00 2.507343918039623532e+00
3.459601084930901682e-01 8.829756009437362081e+03 1.055289436924795154e+00 1.080801012743904721e+00 2.269770363895077026e+00 2.157878408808755921e+00 3.180896161833516089e+00 2.902237100726779317e+00
3.551857113862392223e-01 7.410811156379131717e+03 1.258484501930070110e+00 1.266223770247052016e+00 2.672654952014454466e+00 2.492762373666664644e+00 3.740348750618977647e+00 3.431252805095027725e+00
3.644113142793883320e-01 6.193026807982961145e+03 1.536497670398603077e+00 1.482119189717195695e+00 3.166106996940470708e+00 2.974890160229733738e+00 4.482175908383396745e+00 4.075919643030829320e+00
3.736369171725373861e-01 5.117601098494064900e+03 1.907419864283838251e+00 1.905033825255486590e+00 3.865534862356071244e+00 3.679742225665904698e+00 5.417088995136509766e+00 4.820455164681334281e+00
3.828625200656864958e-01 4.125859505480263579e+03 2.428402223510602198e+00 2.454226520126212563e+00 4.905026666030607885e+00 4.710885656079881301e+00 6.870624775187025080e+00 6.124458814681929653e+00
3.920881229588355499e-01 3.150400225044926174e+03 3.200172425621531147e+00 3.139158025927372364e+00 6.538756067566737329e+00 5.888272650252474705e+00 8.539539430552849808e+00 8.050580257186538802e+00
4.013137258519846040e-01 2.114407758327541615e+03 4.310406209401662636e+00 4.179976807733964961e+00 8.429164043468063028e+00 7.569583540876919869e+00 1.078656248642755600e+01 1.032590860317441184e+01
4.105393287451337136e-01 1.026039256148259028e+03 4.190709699606486538e+00 4.418373938283366442e+00 8.083654377721813944e+00 8.112846836035032538e+00 1.087154808043442245e+01 1.096842877464223420e+01
4.197649316382827678e-01 4.688143442185365188e+02 9.441760957795963805e-01 9.758407506731145986e-01 1.966820663118994617e+00 1.793815241903644164e+00 2.516596854867998445e+00 2.314562231795719072e+00
4.289905345314318219e-01 1.274684082885716407e+03 7.112035041285480474e+00 6.825375098771019111e+00 1.381277952889081462e+01 1.337307872738438164e+01 1.800725528115867746e+01 1.847543871267794202e+01
4.382161374245809315e-01 2.145394419346427640e+03 5.243009248500129615e+00 5.002411538696833304e+00 9.034662218590256089e+00 9.807450099897778273e+00 1.188046421776425632e+01 1.309423582936460662e+01
4.474417403177299857e-01 2.389704541265816715e+03 2.514466883133536612e+00 2.397540867982115742e+00 4.576254747225902975e+00 4.776488559779863863e+00 5.706561969937411050e+00 6.310658874039290822e+00
4.566673432108790953e-01 2.329728568340974107e+03 1.111886385314846848e+00 1.146079284266306786e+00 2.069406630048433726e+00 2.223610205813201901e+00 2.726662855062841118e+00 2.972702569016746565e+00
4.658929461040280939e-01 2.174172894159414682e+03 4.757671565098462452e-01 4.761466023060165753e-01 8.922732633836858440e-01 9.782300972433404240e-01 1.233941404564120603e+00 1.302182684295530635e+00
4.751185489971772036e-01 1.998653745951057772e+03 1.575863760392621771e-01 1.657310825980857771e-01 3.130209484361330396e-01 3.362569038374658703e-01 4.144806832105132344e-01 4.500450951547918521e-01
4.843441518903262577e-01 1.828448641272883833e+03 4.033775675679862616e-03 4.043432920298073441e-03 8.126630940068935161e-03 8.195226629823082476e-03 1.064278280000507948e-02 1.190040948222303996e-02
4.935697547834753673e-01 1.671450641343534699e+03 8.938297789200078114e-02 8.485068282902830106e-02 1.814786962670495996e-01 1.769154435983182339e-01 2.342301149105878721e-01 2.518987113605817285e-01
5.027953576766244215e-01 1.529398374091568712e+03 1.349188628266801970e-01 1.288714917168363172e-01 2.840109314543042274e-01 2.709871991669388080e-01 3.594906920939138217e-01 3.881316605773008632e-01
5.120209605697735311e-01 1.401823564322414313e+03 1.586429488597786985e-01 1.542446484018000774e-01 3.400172907704472891e-01 3.186565487812913489e-01 4.238372472607352393e-01 4.637372917577522458e-01
5.212465634629225297e-01 1.287515107710173652e+03 1.698194827524730499e-01 1.667908425245059334e-01 3.687734240847930778e-01 3.416635081061940582e-01 4.619501052584382705e-01 5.030557138875337841e-01
5.304721663560716394e-01 1.185082913129825101e+03 1.717735385550440697e-01 1.718891191717375477e-01 3.795864755009006331e-01 3.517414618502243684e-01 4.807945091451983899e-01 5.202080095530163817e-01
5.396977692492206380e-01 1.093175393840168681e+03 1.714661495336713415e-01 1.766246515255716076e-01 3.805256286586882197e-01 3.546014556472982804e-01 4.855288308344825055e-01 5.236444599770493369e-01
5.489233721423698587e-01 1.010557570156385168e+03 1.693885229400393655e-01 1.760496399822386593e-01 3.754724944561758093e-01 3.549009198720796121e-01 4.778864594258038778e-01 5.185582183904671183e-01
5.581489750355188573e-01 9.361317583842592285e+02 1.651457192680254593e-01 1.714557502831439706e-01 3.691004169255620582e-01 3.434583084930409314e-01 4.658180416503228116e-01 5.082121668115178181e-01
5.673745779286679669e-01 8.689348456422159188e+02 1.615000665171919536e-01 1.659250891184456123e-01 3.601629603805349689e-01 3.306298500981483812e-01 4.512421060355791269e-01 4.939676134129058482e-01
5.766001808218169655e-01 8.081266976711179950e+02 1.574035366882071685e-01 1.590780244993084125e-01 3.496862501915529720e-01 3.199340167129776091e-01 4.353676545830467148e-01 4.779168441278898172e-01
5.858257837149661862e-01 7.529759984340580559e+02 1.528536324692595372e-01 1.514849957699198058e-01 3.379804550311291678e-01 3.102029038966520602e-01 4.189571511142275995e-01 4.610276621887123838e-01
5.950513866081151848e-01 7.028462030653886359e+02 1.472485594546242282e-01 1.447153607848576939e-01 3.261536582741655366e-01 3.005199502549658064e-01 4.025004735710808745e-01 4.438682710868988579e-01
6.042769895012642944e-01 6.571826658370641780e+02 1.412465589054363591e-01 1.400878996614665084e-01 3.148616129068386726e-01 2.906163160657797562e-01 3.863074067140814805e-01 4.270028415552360457e-01
6.135025923944132931e-01 6.155012761284083354e+02 1.352752688180771656e-01 1.348020915148708809e-01 3.024387418332707966e-01 2.799434128128268640e-01 3.705668199754654779e-01 4.107951846148125696e-01
6.227281952875624027e-01 5.773786143183697277e+02 1.296977100859066923e-01 1.288817252290073156e-01 2.894539199975270094e-01 2.676828891999321058e-01 3.553903852472330982e-01 3.949540915423312981e-01
6.319537981807114013e-01 5.424435075005679892e+02 1.241334152351782905e-01 1.239268041197192360e-01 2.770182125194651235e-01 2.552785969726301118e-01 3.408388285946557517e-01 3.795869690029576304e-01
6.411794010738606220e-01 5.103698205500060112e+02 1.189989472215984279e-01 1.192490976394537938e-01 2.652905529776603544e-01 2.435614115006501379e-01 3.269392402507946827e-01 3.647578773278041808e-01
6.504050039670096206e-01 4.808703134271600561e+02 1.141444990290096939e-01 1.148702713074385429e-01 2.558479706933667330e-01 2.336369005382152864e-01 3.136966096624860256e-01 3.505010676528854674e-01
6.596306068601587302e-01 4.536914078405665691e+02 1.100098174724166711e-01 1.108088164680225418e-01 2.459770449623306376e-01 2.244346054061452378e-01 3.011015766234663715e-01 3.368303272699222362e-01
6.688562097533077289e-01 4.286087246442090191e+02 1.062218592369958969e-01 1.066357521711438494e-01 2.360121311566558688e-01 2.157360301408743908e-01 2.891356713939785550e-01 3.237454816490412668e-01
6.780818126464568385e-01 4.054232725805425162e+02 1.020802302168704045e-01 1.029384198003526762e-01 2.265208246266183778e-01 2.082429174681692530e-01 2.777748699633093565e-01 3.112369460824879752e-01
6.873074155396059481e-01 3.839581869899990352e+02 9.783313043203634152e-02 9.935597004118790210e-02 2.174988677116971303e-01 2.010648182528598227e-01 2.669920079989651640e-01 2.992889260747233493e-01
6.965330184327550578e-01 3.640559330666652045e+02 9.403722205900066911e-02 9.591852727811556178e-02 2.089251205475193274e-01 1.941933762622625181e-01 2.567584154925270923e-01 2.878816733155531438e-01
7.057586213259040564e-01 3.455759019727153714e+02 9.064010787153620186e-02 9.239154797649007378e-02 2.009081615632339890e-01 1.868772153742384035e-01 2.470450158705830290e-01 2.769930765315393728e-01
7.149842242190531660e-01 3.283923397483698636e+02 8.741127497955858416e-02 8.844112072836196603e-02 1.934094501471008698e-01 1.799275435108143029e-01 2.382920234684888783e-01 2.665997808636006994e-01
7.242098271122021647e-01 3.123925587026701578e+02 8.421633609805212473e-02 8.520158848943992780e-02 1.862750582951093747e-01 1.733238779243606587e-01 2.300908287348306658e-01 2.566779712522588852e-01
7.334354300053513853e-01 2.974753891036093592e+02 8.126437543023712351e-02 8.215238410957681481e-02 1.794847026466754869e-01 1.670371186240799943e-01 2.222689071210766087e-01 2.472039153855121185e-01
7.426610328985003839e-01 2.835498357554560585e+02 7.845393327261263039e-02 7.928472455716928380e-02 1.730188960387408770e-01 1.610461467493564669e-01 2.148075806248357367e-01 2.381543340953271581e-01
7.518866357916494936e-01 2.705339096806071097e+02 7.591412457378510226e-02 7.672659942682003020e-02 1.668577424338764104e-01 1.553458800874523149e-01 2.076886361750780452e-01 2.295066477406635386e-01
7.611122386847984922e-01 2.583536098065501392e+02 7.351446410166317946e-02 7.425788368777830328e-02 1.609824067147087590e-01 1.501930856054514152e-01 2.008944811547053177e-01 2.212391334763310624e-01
7.703378415779476018e-01 2.469420334586237686e+02 7.098511546558938790e-02 7.163734818456646281e-02 1.553793951684667718e-01 1.456830581269628055e-01 1.944082410017529128e-01 2.133310186202663772e-01
7.795634444710966005e-01 2.362385977123404075e+02 6.883144190967982468e-02 6.938718798897980378e-02 1.500329447255523974e-01 1.405543188225237827e-01 1.882138150905063867e-01 2.057625283998163468e-01
7.887890473642458211e-01 2.261883563773247374e+02 6.652802333775298393e-02 6.713540105644710820e-02 1.451246457558283964e-01 1.355708913305306851e-01 1.822959027336139570e-01 1.985149013797240514e-01
7.980146502573948197e-01 2.167413996612853282e+02 6.485476432456493967e-02 6.511099457409841307e-02 1.401957579489021555e-01 1.308031465259205106e-01 1.766400079730203743e-01 1.915703822589023275e-01
8.072402531505439294e-01 2.078523254726663652e+02 6.298402129939972838e-02 6.327957207545864549e-02 1.354054921426666169e-01 1.264500846230589559e-01 1.712324295281746345e-01 1.849238731705611372e-01
8.164658560436929280e-01 1.994797729275500728e+02 6.113225056310511718e-02 6.119419215087873454e-02 1.309470881831202860e-01 1.223619421876946944e-01 1.660602405638655910e-01 1.787423297641055342e-01
8.256914589368421487e-01 1.915860099809925998e+02 5.890078403282927866e-02 5.907616013971050961e-02 1.266796053622840645e-01 1.184542595454161074e-01 1.611112617050878271e-01 1.728204302005451609e-01
8.349170618299911473e-01 1.841365682483277624e+02 5.713977485305576920e-02 5.702237133502308097e-02 1.225330596429046182e-01 1.147169474996871941e-01 1.563740298023503783e-01 1.671438049713458440e-01
8.441426647231402569e-01 1.770999190481570054e+02 5.511857256939833860e-02 5.505494430758517410e-02 1.182052556985127012e-01 1.111405787373200837e-01 1.518377642687767093e-01 1.616989772531951530e-01
8.533682676162892555e-01 1.704471855308473209e+02 5.324549103949038908e-02 5.315074908804717779e-02 1.140432432579814304e-01 1.077163429309564435e-01 1.474923323149539556e-01 1.564733072066246677e-01
8.625938705094383652e-01 1.641518864436222032e+02 5.171211235128225780e-02 5.182593201715235409e-02 1.100376456383855839e-01 1.044360041961454044e-01 1.433282140215226264e-01 1.514549381650738269e-01
8.718194734025873638e-01 1.581897076918052107e+02 5.059322065693550030e-02 5.043021865864716347e-02 1.064007942913178795e-01 1.014073456177584376e-01 1.393364679207707013e-01 1.466327451618099076e-01
8.810450762957365844e-01 1.525382983602498825e+02 4.906756249320665120e-02 4.875925468476793867e-02 1.029156752885285186e-01 9.873898630038979718e-02 1.355086975494259605e-01 1.419962860531143178e-01
8.902706791888855831e-01 1.471770882977130555e+02 4.745957873444694997e-02 4.755662769130708512e-02 9.956520582150574228e-02 9.616908090401921072e-02 1.318370192820452758e-01 1.375357553635296881e-01
8.994962820820346927e-01 1.420871247416608583e+02 4.573743102821481443e-02 4.640822873383854130e-02 9.656529647932643456e-02 9.314530347160143720e-02 1.283140316430149142e-01 1.332419408843463771e-01
9.087218849751836913e-01 1.372509257835138783e+02 4.428391014670296499e-02 4.481864491359033309e-02 9.371202482176954618e-02 9.063461306513431737e-02 1.249327862121845101e-01 1.291061829943203065e-01
9.179474878683329120e-01 1.326523487521082814e+02 4.298676898764597354e-02 4.334694101430613955e-02 9.077605016349821199e-02 8.825368072200490133e-02 1.216867601812623434e-01 1.251203366234960868e-01
9.271730907614816886e-01 1.282764718329810876e+02 4.200965114662835731e-02 4.199638769307512121e-02 8.785667430240096110e-02 8.540830342286653831e-02 1.185698305700952915e-01 1.219229826690195750e-01
9.363986936546309092e-01 1.241094874484600581e+02 4.079141307444444919e-02 4.073151222520721149e-02 8.503579531752336607e-02 8.306376427793793482e-02 1.155762500894326195e-01 1.188666006661662777e-01
9.456242965477800189e-01 1.201386061032325614e+02 3.945667319804613271e-02 3.932890658802534745e-02 8.232295876369732923e-02 8.104404886243798956e-02 1.126358439558856617e-01 1.159297670261025814e-01
9.548498994409290175e-01 1.163519695559860168e+02 3.815875524527712059e-02 3.841127905354824179e-02 8.007228382037112624e-02 7.910655833332214115e-02 1.097278396933205613e-01 1.131074489521921578e-01
9.640755023340780161e-01 1.127385723133547373e+02 3.686791524251020746e-02 3.737292046342588492e-02 7.790713728408604766e-02 7.724775153096175018e-02 1.069347353298013559e-01 1.103949222837741218e-01
9.733011052272271257e-01 1.092881905604355808e+02 3.554680503623330878e-02 3.639575687023466344e-02 7.552321094951253144e-02 7.546430956375616006e-02 1.042515497934459745e-01 1.077877545256740177e-01
9.825267081203763464e-01 1.059913177451685442e+02 3.485466534837655672e-02 3.536581327368537586e-02 7.326502711731563977e-02 7.375035203061486300e-02 1.016736263291591058e-01 1.052817891375639192e-01
9.917523110135253450e-01 1.028391061239039175e+02 3.413445596497410861e-02 3.427831949063886441e-02 7.128244693674901100e-02 7.209591332312470513e-02 9.919661279700164869e-02 1.028731310374126906e-01
1.000977913906674344e+00 9.982331365417330460e+01 3.353420014849461950e-02 3.345693233148949730e-02 6.935178714280709755e-02 7.026723071980711666e-02 9.681644368411923551e-02 1.005581332730685062e-01
1.010203516799823564e+00 9.693625568977533646e+01 3.257705003275646050e-02 3.246266093078986614e-02 6.730525023314726241e-02 6.825761723534640169e-02 9.452932371772249098e-02 9.833338481776365825e-02
1.019429119692972563e+00 9.417076099382707355e+01 3.181483398194018264e-02 3.154181416049084419e-02 6.565369380619756612e-02 6.631041958274863646e-02 9.233171297489661811e-02 9.619569944864281297e-02
1.028654722586121562e+00 9.152013163869824552e+01 3.130289367398120248e-02 3.111292050074609961e-02 6.383387887274238892e-02 6.483180043076686161e-02 9.022031339948455297e-02 9.414210567086911396e-02
1.037880325479270560e+00 8.897810640860410558e+01 3.078898670248975122e-02 3.057875808256937944e-02 6.231973823733483187e-02 6.309771537257802265e-02 8.819205664583762427e-02 9.216983765585951005e-02
1.047105928372419781e+00 8.653882736195568270e+01 3.001253067893117077e-02 2.995648605416079135e-02 6.069811407435565798e-02 6.142102479820721328e-02 8.624409318007053571e-02 9.027632716561129200e-02
1.056331531265569001e+00 8.419680924700477931e+01 2.943597677737841423e-02 2.928481975114038960e-02 5.912338255845384083e-02 6.026200738466513940e-02 8.437378258017247390e-02 8.845919644461730513e-02
1.065557134158718000e+00 8.194691149653279183e+01 2.861507156774223404e-02 2.851358882763577185e-02 5.714741494202257854e-02 5.867121057238477988e-02 8.257868498799325607e-02 8.671625206397948205e-02
1.074782737051866999e+00 7.978431255582772508e+01 2.825412614737388139e-02 2.776626731274234317e-02 5.550672207584739226e-02 5.665742702211673532e-02 8.085655367392519111e-02 8.504547971298848097e-02
1.084008339945015997e+00 7.770448632342960593e+01 2.775503294891734640e-02 2.726161889088984935e-02 5.454102035965036066e-02 5.516836137589109512e-02 7.920445585581603609e-02 8.344503994025842530e-02
1.093233942838165218e+00 7.570318050648772612e+01 2.674727811042032499e-02 2.670503138517688058e-02 5.332648193225963951e-02 5.394343530937817377e-02 7.762112934989318092e-02 8.191326485543015679e-02
1.102459545731314217e+00 7.377639671243977659e+01 2.652975587082551101e-02 2.613842306918456870e-02 5.204629581685082940e-02 5.254992086594256762e-02 7.610512217071629948e-02 8.019015965852815953e-02
1.111685148624463215e+00 7.192037211635530980e+01 2.625147785172998738e-02 2.560630076168024516e-02 5.136577896166727442e-02 5.103113755257027151e-02 7.465490528861096209e-02 7.832701305754596888e-02
1.120910751517612436e+00 7.013156255898418578e+01 2.561638429371271286e-02 2.544345490706234614e-02 5.071438064456401662e-02 5.071927055919900340e-02 7.326912172685240421e-02 7.611340517294706842e-02
1.130136354410761435e+00 6.840662694450193726e+01 2.498595917545287648e-02 2.481837374381257177e-02 5.006672453920657517e-02 4.982854996930541347e-02 7.186805180423050388e-02 7.395592273326201394e-02
1.139361957303910433e+00 6.674241281941090165e+01 2.445435502971804453e-02 2.453935800566853231e-02 4.957448910003847686e-02 4.828110306264932206e-02 7.050205876161896867e-02 7.185200118901491351e-02
1.148587560197059654e+00 6.513594302513941159e+01 2.390706800895259221e-02 2.420278408149556526e-02 4.899504181764768873e-02 4.705772656744500182e-02 6.949002771557388769e-02 6.979917257163492650e-02
1.157813163090208652e+00 6.358440332683244378e+01 2.388315350734160347e-02 2.397626486009585278e-02 4.846003616052740881e-02 4.605553227830228025e-02 6.835388542437925707e-02 6.848204242304944955e-02
1.167038765983357873e+00 6.208513092970378011e+01 2.332721856676300831e-02 2.397496301152557407e-02 4.797135010375797037e-02 4.618490730165802916e-02 6.727802331588605966e-02 6.724544845168622942e-02
1.176264368876506872e+00 6.063560380231747615e+01 2.327036671645288379e-02 2.358503235272024767e-02 4.748939657858386454e-02 4.584599438489789236e-02 6.626214654482964761e-02 6.639954527372537996e-02
1.185489971769655870e+00 5.923343073339665921e+01 2.309688273014387505e-02 2.351033826519000058e-02 4.706991636545865276e-02 4.589808872161427189e-02 6.530615408067319549e-02 6.622998373434541008e-02
1.194715574662805091e+00 5.787634205532124554e+01 2.278294106321254731e-02 2.356321744325384770e-02 4.661797850043569724e-02 4.607312529746820928e-02 6.441014830308944283e-02 6.495976945205939046e-02
1.203941177555954090e+00 5.656218097353382035e+01 2.257602363801680667e-02 2.397658286093218294e-02 4.640693725720268503e-02 4.512939104262869705e-02 6.448912721166522033e-02 6.374233333967538329e-02
1.213166780449103088e+00 5.528889544676830781e+01 2.299926895748427569e-02 2.401748062604269762e-02 4.613479074398441071e-02 4.487038013538580117e-02 6.517307527624183194e-02 6.342904588026243573e-02
1.222392383342252087e+00 5.405453056846096160e+01 2.320195583216388968e-02 2.436042841851104868e-02 4.598116053708167783e-02 4.542838037693286424e-02 6.484179222906760742e-02 6.418464760479736242e-02
1.231617986235401307e+00 5.285722140517654566e+01 2.307735479516992427e-02 2.449285602097717174e-02 4.574191803418869995e-02 4.540856543165716630e-02 6.424278048417164655e-02 6.502042428627419213e-02
1.240843589128550528e+00 5.169518625356578667e+01 2.284180328244644897e-02 2.402587454901095043e-02 4.562479644453532046e-02 4.517269247223509865e-02 6.375753455143495785e-02 6.545769686142222099e-02
1.250069192021699527e+00 5.056672028364794613e+01 2.257090364615521594e-02 2.381650206723406882e-02 4.579922593914886875e-02 4.567980946644212281e-02 6.459634135485714523e-02 6.417770488094731718e-02
1.259294794914848525e+00 4.947018954353325881e+01 2.272794184617765723e-02 2.412893878555877336e-02 4.650790762572398762e-02 4.628669900691306793e-02 6.458673449314744630e-02 6.371603441084516817e-02
1.268520397807997524e+00 4.840402530970872874e+01 2.260216451134766658e-02 2.408824000055886927e-02 4.723714466460648964e-02 4.607645628529866144e-02 6.465925474238076731e-02 6.496479981641556378e-02
1.277746000701146745e+00 4.736671877865330771e+01 2.281523905288196374e-02 2.463861947672540964e-02 4.833006022774810617e-02 4.640604358876743163e-02 6.409627875798662444e-02 6.475227450847853561e-02
1.286971603594295521e+00 4.635681611113292888e+01 2.336798998519640236e-02 2.477260424726779320e-02 4.885023523333131834e-02 4.656997415148822483e-02 6.343847547240244467e-02 6.553757910020863164e-02
1.296197206487444742e+00 4.537291386203875021e+01 2.401897877064840259e-02 2.526072658243805336e-02 5.003673635035710276e-02 4.800661947068363133e-02 6.391326282216880372e-02 6.729006743422871750e-02
1.305422809380593963e+00 4.441365485891129339e+01 2.467782408680818662e-02 2.585637300685306172e-02 5.133422003612508888e-02 4.871857426055470341e-02 6.595583836432439284e-02 6.919764023639629613e-02
1.314648412273742961e+00 4.347772463565824808e+01 2.520158336129441068e-02 2.611926485124627106e-02 5.293644661932717099e-02 5.041831962714837800e-02 6.657102385469926276e-02 7.127534904820720385e-02
1.323874015166892182e+00 4.256384859082825045e+01 2.589861304165452793e-02 2.664948687073831479e-02 5.432162828773101637e-02 5.214208776244788623e-02 6.731909074034803098e-02 7.344143095711075375e-02
1.333099618060040958e+00 4.167079013194669557e+01 2.646723722272525947e-02 2.732773529925225375e-02 5.589782576696933347e-02 5.402687371648084991e-02 6.942224842963895526e-02 7.480949689502836009e-02
1.342325220953190179e+00 4.079735020382673838e+01 2.765079055837560418e-02 2.773872053579395924e-02 5.767798844622262777e-02 5.500530607418596674e-02 7.283256335917087654e-02 7.634299184643822400e-02
1.351550823846339400e+00 3.994236880271034806e+01 2.897159167732610285e-02 2.848342040019247179e-02 5.891884707833838775e-02 5.678957821884011992e-02 7.665361543260473809e-02 7.920334408169793505e-02
1.360776426739488176e+00 3.910472938607768612e+01 3.036170519609271423e-02 2.997295402006017184e-02 6.096866204289597135e-02 6.006525871518419990e-02 8.074720027635606812e-02 8.380910389438867014e-02
1.370002029632637397e+00 3.828336755804620140e+01 3.155811565790855866e-02 3.076789267115742632e-02 6.370459613053469639e-02 6.162369719999105655e-02 8.514375903617121821e-02 8.850968762431676851e-02
1.379227632525786396e+00 3.747728613600978775e+01 3.247370932922422071e-02 3.184417061666522386e-02 6.713797018967682106e-02 6.448536437384433384e-02 9.027576506989731797e-02 9.245447855570176898e-02
1.388453235418935616e+00 3.668557983849190407e+01 3.393873082151799281e-02 3.344658220630236656e-02 7.124973343347562604e-02 6.720435206319308463e-02 9.669587788220468383e-02 9.681231448021065944e-02
1.397678838312084837e+00 3.590747463102141523e+01 3.583209575492674048e-02 3.512422898138822802e-02 7.566532583006591040e-02 7.063962569710469097e-02 1.019919264108679613e-01 1.016435855872046545e-01
1.406904441205233613e+00 3.514238965465688835e+01 3.789247121200389756e-02 3.698650175039830401e-02 8.043955303707406301e-02 7.446493615762506124e-02 1.097371298697566999e-01 1.069553567294221352e-01
1.416130044098382834e+00 3.439003437604527136e+01 4.011206315007598278e-02 3.892892686214821651e-02 8.561616269130922774e-02 7.763225404383433670e-02 1.182699422558357583e-01 1.122068327716831959e-01
1.425355646991532055e+00 3.365056142359110680e+01 4.272544136879474763e-02 4.181376949551918187e-02 8.964969010456513843e-02 8.089164494300860042e-02 1.262989721070368887e-01 1.197820106327540657e-01
1.434581249884680831e+00 3.292480879734346644e+01 4.525531321564102427e-02 4.459300856360215448e-02 9.663512242373428762e-02 8.584891048210607778e-02 1.334425390476567941e-01 1.274428122855297829e-01
1.443806852777830052e+00 3.221468789923552833e+01 4.799087566409809824e-02 4.752882115580803202e-02 1.040599587326695996e-01 9.234601106073370147e-02 1.432910156186011363e-01 1.361159977106041197e-01
1.453032455670979051e+00 3.152381373777196671e+01 5.152812791960670324e-02 5.132665173550776672e-02 1.113589904659235685e-01 9.768423229645506467e-02 1.541476822674674452e-01 1.460277787382686654e-01
1.462258058564128271e+00 3.085854487909886501e+01 5.481311898981999775e-02 5.549087045340783675e-02 1.192536356432150058e-01 1.056276326927907405e-01 1.671484266691436460e-01 1.574352500321083426e-01
1.471483661457277492e+00 3.022972962332810454e+01 5.942395792135357624e-02 6.044645463409992203e-02 1.274396334839238420e-01 1.163617472337286074e-01 1.845039613362047248e-01 1.706668827545740896e-01
1.480709264350426269e+00 2.965568952502411904e+01 6.512253091174713404e-02 6.443814128344271808e-02 1.371220460403073105e-01 1.270280895775677266e-01 2.051346475611630638e-01 1.861458958550024079e-01
1.489934867243575489e+00 2.916739204557032039e+01 7.164781493979432980e-02 7.201026731905102451e-02 1.556929459585276732e-01 1.415764873213092301e-01 2.292848848503155068e-01 2.037229415376913266e-01
1.499160470136724488e+00 2.881746654112523132e+01 7.933203376468256351e-02 8.150149168121600951e-02 1.736595948886225926e-01 1.568337682459386428e-01 2.534573606860490713e-01 2.227092259938672214e-01
1.508386073029873486e+00 2.869560391435161151e+01 9.006775543723932742e-02 9.121959765572640322e-02 1.918608723321710841e-01 1.728555945337113542e-01 2.797361175741706063e-01 2.456740278325781901e-01
1.517611675923022485e+00 2.895243617031566075e+01 1.037180415519181054e-01 1.034435110192184482e-01 2.167092331060374022e-01 2.000021244370024931e-01 3.096935731522094670e-01 2.752944588028007900e-01
1.526837278816171706e+00 2.982338896450509225e+01 1.184801122345895408e-01 1.186152388394319246e-01 2.470376727103769099e-01 2.246456239304279734e-01 3.541366357785094010e-01 3.088700951457106214e-01
1.536062881709320926e+00 3.158409450605238078e+01 1.324818057469521193e-01 1.375955202700787083e-01 2.738399386175629502e-01 2.553347552146369992e-01 4.228210264151783804e-01 3.453518397187806954e-01
1.545288484602469925e+00 3.415271407868466014e+01 1.392299017397675698e-01 1.536152949545410706e-01 2.930053453770042893e-01 2.866712137813465233e-01 4.579704466327640944e-01 3.841091973183949904e-01
1.554514087495618924e+00 3.587099266700283806e+01 1.525825739047945717e-01 1.636937158505347156e-01 3.134344972757361347e-01 3.045778808033432483e-01 4.811473727887261020e-01 4.315052202012452653e-01
1.563739690388767922e+00 3.315104228311992784e+01 1.728272696943591313e-01 1.810702778172910143e-01 3.449995664896050585e-01 3.575679369438020672e-01 4.868607146783219264e-01 4.875469810378234570e-01
1.572965293281917143e+00 2.515215893818521664e+01 1.897797994598811044e-01 1.900807385016776152e-01 3.766032618930026388e-01 3.685851448317762902e-01 5.110610775808446249e-01 5.078531945703197437e-01
1.582190896175066142e+00 1.589201651883802846e+01 1.444419391770370709e-01 1.400561375946089981e-01 2.801175397975175230e-01 2.761175136475344516e-01 3.841693085579382938e-01 3.603664745921175694e-01
1.591416499068215140e+00 1.049681774336005979e+01 8.339260979772689097e-02 8.177568887037445222e-02 1.623180092687928067e-01 1.718018040807756108e-01 2.146734251181534603e-01 2.289613197640179010e-01
1.600642101961364361e+00 1.429189397824585939e+01 2.403086256704511925e-01 2.389536740476678744e-01 4.681754936706159498e-01 4.809036417852166068e-01 6.242882273092202894e-01 6.968447230357526223e-01
1.609867704854513359e+00 2.548389371507353474e+01 2.444457157701691585e-01 2.669469111548039564e-01 4.524272181309747509e-01 5.042673652401958861e-01 6.360371069070396288e-01 6.950985035560748315e-01
1.619093307747662580e+00 3.427502868750387677e+01 1.652474614572128075e-01 1.676485412032207023e-01 2.925310554890998560e-01 3.245920724831066195e-01 4.201962441343667365e-01 4.409978161598644419e-01
1.628318910640811579e+00 3.778484478745883735e+01 8.994953638239167049e-02 9.298602327924498923e-02 1.843893010127644061e-01 1.795708336979657815e-01 2.496073252148534038e-01 2.455868900160638191e-01
1.637544513533960577e+00 3.827307015410392665e+01 5.358465872553352938e-02 5.452965799128151048e-02 1.240152775173584132e-01 1.059424104948831769e-01 1.649649688676788628e-01 1.605478012052685699e-01
1.646770116427109798e+00 3.755623038009135684e+01 4.828429783366061656e-02 4.835424277317912356e-02 9.902195107910216620e-02 9.363018476928886002e-02 1.390010682151725518e-01 1.290423187383353820e-01
1.655995719320258575e+00 3.645380937745183303e+01 4.927966298079411445e-02 4.994637151084901916e-02 1.015477638225874557e-01 9.875587488295423100e-02 1.335167226652487216e-01 1.396611422208593467e-01
1.665221322213407795e+00 3.528447609959044939e+01 5.113705970055093530e-02 5.179524655090261831e-02 1.031178856097128005e-01 1.042890332067685222e-01 1.422571723803969235e-01 1.499023696237102854e-01
1.674446925106557016e+00 3.416297292294904508e+01 5.177972633777017109e-02 5.245035031702371953e-02 1.038036102145412087e-01 1.069203781254870478e-01 1.356042734623414958e-01 1.554376497000191648e-01
1.683672527999706015e+00 3.312471412261216841e+01 5.354820264537352159e-02 5.393682190410231669e-02 1.037369500324345495e-01 1.081384940700260699e-01 1.381352520887730861e-01 1.609850813025985872e-01
1.692898130892855235e+00 3.217487698311572331e+01 5.218627776235962301e-02 5.407280428324412469e-02 1.031906396747501731e-01 1.084685537867642324e-01 1.397542339509243448e-01 1.621672162768277303e-01
1.702123733786004012e+00 3.130773084809959883e+01 5.143732443409376742e-02 5.196325927758493890e-02 1.004397121843041418e-01 1.067130453240459076e-01 1.390219932417089410e-01 1.607472543243559926e-01
1.711349336679153232e+00 3.051428601599489809e+01 5.042878616309565132e-02 5.045830226444181221e-02 9.800933728811145329e-02 1.025848762593426500e-01 1.369083083929005795e-01 1.567225597017412042e-01
1.720574939572302453e+00 2.978527101841391911e+01 4.898997024081452878e-02 4.832018974083851504e-02 9.528016793629845438e-02 9.812412223515920573e-02 1.338924500287923536e-01 1.521080225945325992e-01
1.729800542465451230e+00 2.911220936519856650e+01 4.743659195264626760e-02 4.640050224326586203e-02 9.198449326987656605e-02 9.385408305288933661e-02 1.290611344799934557e-01 1.472719929335966071e-01
1.739026145358600450e+00 2.848772183050931162e+01 4.591374988965668535e-02 4.540838204506769671e-02 8.870557667024669968e-02 8.981679461628289118e-02 1.243608611580810930e-01 1.424276355220541745e-01
1.748251748251749449e+00 2.790552240263041739e+01 4.432300602871208639e-02 4.351596129286861014e-02 8.550595998879373383e-02 8.632688694317991462e-02 1.198603390993717710e-01 1.376963322127835454e-01
1.757477351144898670e+00 2.736030465153906732e+01 4.259268635734159147e-02 4.193241817252513215e-02 8.246387153390344338e-02 8.382411037311143787e-02 1.155917062354099301e-01 1.331445536347324321e-01
1.766702954038047890e+00 2.684760047185051945e+01 4.105851939825910790e-02 4.076836509722170376e-02 7.932700456642294284e-02 8.092129849899976080e-02 1.115657227244319927e-01 1.288056955536944770e-01
1.775928556931196667e+00 2.636364381396126788e+01 4.000508232440580514e-02 3.981792738330369730e-02 7.664849125588801826e-02 7.820799609813633424e-02 1.077808166816041080e-01 1.246932183158691032e-01
1.785154159824345887e+00 2.590525076129296522e+01 3.903385378808010842e-02 3.830163211895154518e-02 7.432207459732609323e-02 7.613424008670222065e-02 1.042285154182742701e-01 1.208086579092579882e-01
1.794379762717494886e+00 2.546971833920974504e+01 3.774693038250731547e-02 3.710366016573729553e-02 7.194900855062869027e-02 7.384905577724154568e-02 1.008967203145658686e-01 1.171465594569802704e-01
1.803605365610643885e+00 2.505474088461986781e+01 3.669353567264721505e-02 3.599321762573026717e-02 6.983452760276875892e-02 7.183744188917984275e-02 9.777167904125150244e-02 1.136975349432205462e-01
1.812830968503793105e+00 2.465834162112010475e+01 3.580837396080838175e-02 3.477639789381470337e-02 6.801466089250141067e-02 6.996434441850851726e-02 9.483916291847549473e-02 1.104501622754483492e-01
1.822056571396942104e+00 2.427881690759155120e+01 3.484734492780461323e-02 3.353907494882690798e-02 6.634735974346384069e-02 6.818752083893642180e-02 9.219653237192204642e-02 1.073921606658352346e-01
1.831282174290091325e+00 2.391469084518955768e+01 3.399608413231547388e-02 3.266297509611248984e-02 6.466527111866327004e-02 6.650338848802306302e-02 8.999122824356575734e-02 1.045111101061024783e-01
1.840507777183240323e+00 2.356467826723564585e+01 3.299766507049994857e-02 3.193989532489993621e-02 6.312628283924226480e-02 6.490768124091417235e-02 8.789579915817213873e-02 1.017948819366374380e-01
