2.306400723287267349e-02 1.943525371799456320e+17 3.200000000000000000e+01 -3.200000000000000000e+01 3.200000000000000000e+01 -3.200000000000000000e+01 3.200000000000000000e+01 -3.200000000000000000e+01
3.228961012602173802e-02 4.056481922928184375e+14 1.937500000000000000e+00 1.750000000000000000e+00 4.125000000000000000e+00 3.687500000000000000e+00 6.125000000000000000e+00 5.062500000000000000e+00
4.151521301917080603e-02 7.339012828399288086e+12 1.860351562500000000e+00 1.828125000000000000e+00 4.034179687500000000e+00 3.701171875000000000e+00 6.050781250000000000e+00 5.043945312500000000e+00
5.074081591231988098e-02 4.110522231388686523e+11 1.641479492187500000e+00 1.612060546875000000e+00 3.561950683593750000e+00 3.267395019531250000e+00 5.338989257812500000e+00 4.449768066406250000e+00
5.996641880546894204e-02 4.540632264712388611e+10 1.391914367675781250e+00 1.368972778320312500e+00 3.023475646972656250e+00 2.773696899414062500e+00 4.527572631835937500e+00 3.771903991699218750e+00
6.919202169861800311e-02 7.835937855422414780e+09 1.160866737365722656e+00 1.145378112792968750e+00 2.524484634399414062e+00 2.316613197326660156e+00 3.776298522949218750e+00 3.144582748413085938e+00
7.841762459176707112e-02 1.847159204264589787e+09 9.592015743255615234e-01 9.498167037963867188e-01 2.089609622955322266e+00 1.916536092758178711e+00 3.121585607528686523e+00 2.598202943801879883e+00
8.764322748491613913e-02 5.470798209070618153e+08 7.885028123855590820e-01 7.819694280624389648e-01 1.718039751052856445e+00 1.573584675788879395e+00 2.561977982521057129e+00 2.131475210189819336e+00
9.686883037806519325e-02 1.926537565183836818e+08 6.424402296543121338e-01 6.387025713920593262e-01 1.401872813701629639e+00 1.281400322914123535e+00 2.085514456033706665e+00 1.734350472688674927e+00
1.060944332712142474e-01 7.765172744936795533e+07 5.176002085208892822e-01 5.161512047052383423e-01 1.132139235734939575e+00 1.031723976135253906e+00 1.678668111562728882e+00 1.395504862070083618e+00
1.153200361643633154e-01 3.486082257666458935e+07 4.102333411574363708e-01 4.097945094108581543e-01 9.006796702742576599e-01 8.170453906059265137e-01 1.329149037599563599e+00 1.104660078883171082e+00
1.245456390575123834e-01 1.708483850544305518e+07 3.171645067632198334e-01 3.170615322887897491e-01 6.987200900912284851e-01 6.309533230960369110e-01 1.026561971753835678e+00 8.531291596591472626e-01
1.337712419506614514e-01 9.002731069794345647e+06 2.354693021625280380e-01 2.360134888440370560e-01 5.249514542520046234e-01 4.685371480882167816e-01 7.623472549021244049e-01 6.337649207562208176e-01
1.429968448438105333e-01 5.041207706283665262e+06 1.637852136045694351e-01 1.640913980081677437e-01 3.730797478929162025e-01 3.255564309656620026e-01 5.298304399475455284e-01 4.407360581681132317e-01
1.522224477369596152e-01 2.972262424785983749e+06 1.023392612114548683e-01 1.003748751245439053e-01 2.279390748590230942e-01 1.988941212184727192e-01 3.304983484558761120e-01 2.692807279527187347e-01
1.614480506301086971e-01 1.831609626397245331e+06 4.416527319699525833e-02 4.398979921825230122e-02 9.825644362717866898e-02 8.651453023776412010e-02 1.480030834209173918e-01 1.154860740061849356e-01
1.706736535232577512e-01 1.172682667988515692e+06 9.305163985118269920e-03 9.694328065961599350e-03 2.054671710357069969e-02 1.821153284981846809e-02 2.873769402503967285e-02 2.710519544780254364e-02
1.798992564164068331e-01 7.762552134952747729e+05 5.552497424650937319e-02 5.585329351015388966e-02 1.110132196918129921e-01 1.201108518289402127e-01 1.515930701280012727e-01 1.763718802249059081e-01
1.891248593095559150e-01 5.291054075416115811e+05 1.000782166374847293e-01 9.964106115512549877e-02 2.013810779899358749e-01 2.180522559210658073e-01 2.699396621901541948e-01 3.283975917147472501e-01
1.983504622027049968e-01 3.700977995962440036e+05 1.410474066506139934e-01 1.402998050325550139e-01 2.868340864661149681e-01 3.057380024110898376e-01 3.809654861106537282e-01 4.690171092515811324e-01
2.075760650958540787e-01 2.648976927309721941e+05 1.804759093793109059e-01 1.787984321708790958e-01 3.675864773686043918e-01 3.895838889293372631e-01 4.864790738211013377e-01 5.989348650327883661e-01
2.168016679890031329e-01 1.935357532151738997e+05 2.192269883234985173e-01 2.152305333293043077e-01 4.456709761579986662e-01 4.709422039741184562e-01 5.881344710651319474e-01 7.247333763807546347e-01
2.260272708821522147e-01 1.440284224496873212e+05 2.582221038173884153e-01 2.511548776819836348e-01 5.223234357254114002e-01 5.511011652997694910e-01 6.874910295009613037e-01 8.483873518125619739e-01
2.352528737753012689e-01 1.089790508722158702e+05 2.965228108660085127e-01 2.880901769967749715e-01 5.987559864006470889e-01 6.325483389373403043e-01 7.860693151305895299e-01 9.718545519135659561e-01
2.444784766684503230e-01 8.370449378036725102e+04 3.350794860598398373e-01 3.268207895162049681e-01 6.762215692288009450e-01 7.163734642672352493e-01 8.854068217624444515e-01 1.097152339731110260e+00
2.537040795615994049e-01 6.517031494131984073e+04 3.755512915449799038e-01 3.660308020043885335e-01 7.560068801394663751e-01 8.035505814841599204e-01 9.871173747014836408e-01 1.226442703395150602e+00
2.629296824547484590e-01 5.136846708863316599e+04 4.206746983254561201e-01 4.052803868689807132e-01 8.395739789048093371e-01 8.958188821707153693e-01 1.092958699897280894e+00 1.362133079703198746e+00
2.721552853478975686e-01 4.094420789113757201e+04 4.642932881615706719e-01 4.534416948517900892e-01 9.303239109722198918e-01 9.952261365178856067e-01 1.204913726956874598e+00 1.506988974455452990e+00
2.813808882410466228e-01 3.296716211738788115e+04 5.070110771266627125e-01 4.998811768455198035e-01 1.030128113496175501e+00 1.104264588961086702e+00 1.325292957379133441e+00 1.664334754117589910e+00
2.906064911341957324e-01 2.678779318537461950e+04 5.599487442414101679e-01 5.496229559321363922e-01 1.136116006822703639e+00 1.226060690638405504e+00 1.456867871991562424e+00 1.838251159777428256e+00
2.998320940273447865e-01 2.194561749062862873e+04 6.190675902653310914e-01 6.201047105205361731e-01 1.271857733798242407e+00 1.364918474348087329e+00 1.603049114266468678e+00 2.033894477874127915e+00
3.090576969204938407e-01 1.810940957197429452e+04 6.927773163879464846e-01 6.830576912761898711e-01 1.426057950277026976e+00 1.526074947676534066e+00 1.770504592812358169e+00 2.257950540195452049e+00
3.182832998136429503e-01 1.503755401589974099e+04 7.765123640456295107e-01 7.536381789286679123e-01 1.598442834412708180e+00 1.707056898312657722e+00 1.971128811981543549e+00 2.519271382452643593e+00
3.275089027067920044e-01 1.255129056690124344e+04 8.720950985371018760e-01 8.456953272634564200e-01 1.794672384628938744e+00 1.897429721635489841e+00 2.214340959817491239e+00 2.829864882580295671e+00
3.367345055999411141e-01 1.051631122072188009e+04 9.829995210166089237e-01 9.553001778622274287e-01 2.025601167755667120e+00 2.122863595264789183e+00 2.531905909927445464e+00 3.206437881952297175e+00
3.459601084930901682e-01 8.829786256267676436e+03 1.121472547374651185e+00 1.109467437654529931e+00 2.294783007620935678e+00 2.436071343283401802e+00 2.932238744480855530e+00 3.628173077888277476e+00
3.551857113862392223e-01 7.410848499688597258e+03 1.330487067404646950e+00 1.328461052921738883e+00 2.641757158657128457e+00 2.810377918203812442e+00 3.449906187267515634e+00 4.110064443919327459e+00
3.644113142793883320e-01 6.193074333811042379e+03 1.586978426209498139e+00 1.620964785599426250e+00 3.080450062340787554e+00 3.312577187198257889e+00 4.137168143649432750e+00 4.686541278506410890e+00
3.736369171725373861e-01 5.117663859573381160e+03 1.981207994283067819e+00 2.005649602842822787e+00 3.852789888242114102e+00 4.052532797551066324e+00 5.071730557691807917e+00 5.354679826301435241e+00
3.828625200656864958e-01 4.125945990433170664e+03 2.506661974248345359e+00 2.533218825503354310e+00 4.921870030222635251e+00 5.063335332105452835e+00 6.355737208053142240e+00 7.031847497443777684e+00
3.920881229588355499e-01 3.150524186721478600e+03 3.245446647641529125e+00 3.283690908449443668e+00 6.389880587082643615e+00 6.378449022530730872e+00 8.086442235151935165e+00 8.754356868546892656e+00
4.013137258519846040e-01 2.114584163450440428e+03 4.309381662270425295e+00 4.250383182639325241e+00 8.005234546875271917e+00 8.083524373001637287e+00 1.117490664788647337e+01 1.096807639900453069e+01
4.105393287451337136e-01 1.026230124491073184e+03 4.209166553774593922e+00 4.125444261598318008e+00 8.010049669282125251e+00 7.998126892306004265e+00 1.100385124933927727e+01 1.119981821068120098e+01
4.197649316382827678e-01 4.687719321820650862e+02 8.781309028424288954e-01 9.278382461961314220e-01 1.900386147137965054e+00 1.741446794629496253e+00 2.741740888026413359e+00 2.586427165465067901e+00
4.289905345314318219e-01 1.274414683589400283e+03 6.741953969799851620e+00 6.757174626006644758e+00 1.363276028476775537e+01 1.371785684908877556e+01 1.908813150045875773e+01 2.137271094757420542e+01
4.382161374245809315e-01 2.145244487314837897e+03 4.995536502928644040e+00 5.022654050633263978e+00 9.555016950667322817e+00 1.041551414365812889e+01 1.304731943404885897e+01 1.648397298464533378e+01
4.474417403177299857e-01 2.389651158548410876e+03 2.377589169194379792e+00 2.366937201044947869e+00 4.656850452949583996e+00 5.219385689144473872e+00 6.769096864980838291e+00 8.543706688487873180e+00
4.566673432108790953e-01 2.329711308657023437e+03 1.107602505690920225e+00 1.053539977258878935e+00 2.156549193604860193e+00 2.350371433957661793e+00 3.013893525303956267e+00 3.963277312194350088e+00
4.658929461040280939e-01 2.174167947529854246e+03 4.791954983729738160e-01 4.640249357075845182e-01 9.217268308357233764e-01 1.034990881847079436e+00 1.279385711301074480e+00 1.736205433472605364e+00
4.751185489971772036e-01 1.998652971079779718e+03 1.629011779275515437e-01 1.610735206991193991e-01 3.151874931224938337e-01 3.715674119746381621e-01 4.237354134174893261e-01 6.063518003518311161e-01
4.843441518903262577e-01 1.828449195421848344e+03 4.338237949241374736e-03 4.280199098502635024e-03 8.942093533505612868e-03 9.131641329304329702e-03 1.348639613479463151e-02 1.443680358124765917e-02
4.935697547834753673e-01 1.671451505422666742e+03 9.187764521948338370e-02 8.999773380469378026e-02 2.077483985960952850e-01 1.862053024476608698e-01 3.218162157793358347e-01 2.574779718281661189e-01
5.027953576766244215e-01 1.529399189650618382e+03 1.374033935730949452e-01 1.382037402704554552e-01 3.198939276019245881e-01 2.834352155252872763e-01 4.973207669825114863e-01 4.046174415975656302e-01
5.120209605697735311e-01 1.401824221636511766e+03 1.653868461489764741e-01 1.653709621964480903e-01 3.838175868363578047e-01 3.405789658606863668e-01 5.864108870641757676e-01 4.757462919983481697e-01
5.212465634629225297e-01 1.287515591350428167e+03 1.775937926054211857e-01 1.779361028779931075e-01 4.175094156539671530e-01 3.653588572815351654e-01 6.282923007670433435e-01 5.079087971466833551e-01
5.304721663560716394e-01 1.185083241595670643e+03 1.841400898058509483e-01 1.856564380232157419e-01 4.326509481199991569e-01 3.772167734580307297e-01 6.427005919804287259e-01 5.181876480305618315e-01
5.396977692492206380e-01 1.093175595508711240e+03 1.851536651624883234e-01 1.864762902289385238e-01 4.362220800883278571e-01 3.803346903075635055e-01 6.424145357304951176e-01 5.156221873394315480e-01
5.489233721423698587e-01 1.010557673849813568e+03 1.869970206505513488e-01 1.838838075921103155e-01 4.297190982613301458e-01 3.757412959154180498e-01 6.370110897911445136e-01 5.087278110246415963e-01
5.581489750355188573e-01 9.361317899676605521e+02 1.851930601508229302e-01 1.798387714017053440e-01 4.219887525882768387e-01 3.676658087181294832e-01 6.249370971040661971e-01 5.000363686357331972e-01
5.673745779286679669e-01 8.689348271139266444e+02 1.808241100608256602e-01 1.758454585647086788e-01 4.088465893726151990e-01 3.588715805173023909e-01 6.088099286104124985e-01 4.879302982723174864e-01
5.766001808218169655e-01 8.081266472482450354e+02 1.766145423159741767e-01 1.708933043340721269e-01 3.945085831951473665e-01 3.474936172681282187e-01 5.903298628680886395e-01 4.737810820217873697e-01
5.858257837149661862e-01 7.529759309924163517e+02 1.701741854614056138e-01 1.639616598628208521e-01 3.796729080816021451e-01 3.352782261134734654e-01 5.686542274288512999e-01 4.584988666078970709e-01
5.950513866081151848e-01 7.028461306628234979e+02 1.614601831403206234e-01 1.567588243254931513e-01 3.647835958238374587e-01 3.227751811170946894e-01 5.468021171210466491e-01 4.426908755049225874e-01
6.042769895012642944e-01 6.571825982112521842e+02 1.556443924840777981e-01 1.499594688693832722e-01 3.515614793734584964e-01 3.102765380874643597e-01 5.253511362574272425e-01 4.267624862280854359e-01
6.135025923944132931e-01 6.155012211313583066e+02 1.495399569123492256e-01 1.441284278490684301e-01 3.388624109788906935e-01 2.979877300824682607e-01 5.045465480835673588e-01 4.109829193852192475e-01
6.227281952875624027e-01 5.773785782803473694e+02 1.427451119023999127e-01 1.378330901659410301e-01 3.265286457584579694e-01 2.858898496426718339e-01 4.845316416319747077e-01 3.955286327568501292e-01
6.319537981807114013e-01 5.424434955283938962e+02 1.363936140102168793e-01 1.317992935016718548e-01 3.146462827869527246e-01 2.736199411058350961e-01 4.653826755861700804e-01 3.805124051559687359e-01
6.411794010738606220e-01 5.103698367687516111e+02 1.318072694721763582e-01 1.261214402204018370e-01 3.032551369542488828e-01 2.616685346912959176e-01 4.471318562539750019e-01 3.660030787185633017e-01
6.504050039670096206e-01 4.808703611748200046e+02 1.274015707591615865e-01 1.208607245000621333e-01 2.923732983070976843e-01 2.503701980377854852e-01 4.297813530793632708e-01 3.520391092328623017e-01
6.596306068601587302e-01 4.536914898244436927e+02 1.224744222205345068e-01 1.169854784040467166e-01 2.820042336936694483e-01 2.404711251015214657e-01 4.133176264322173665e-01 3.386379551492950668e-01
6.688562097533077289e-01 4.286088430664657949e+02 1.174449520441953609e-01 1.123619249984244561e-01 2.720099833135805056e-01 2.311413231721530792e-01 3.977138431030198262e-01 3.258026350113141234e-01
6.780818126464568385e-01 4.054234292390627843e+02 1.133904288039957464e-01 1.082398449255492778e-01 2.613816698055302368e-01 2.217466728396289000e-01 3.829361590818507466e-01 3.135263364999332225e-01
6.873074155396059481e-01 3.839583833595315241e+02 1.093858055716623312e-01 1.043956337554732272e-01 2.512533820637941062e-01 2.128200856772650695e-01 3.689468827795963080e-01 3.017956714133447349e-01
6.965330184327550578e-01 3.640561703642278530e+02 1.051438051325703782e-01 1.007137572415217619e-01 2.416045625022320564e-01 2.043336397955499706e-01 3.557065964964749583e-01 2.905929812767453768e-01
7.057586213259040564e-01 3.455761812104294108e+02 1.014950138888934816e-01 9.715007864946301197e-02 2.324025273326242313e-01 1.962597764975839709e-01 3.431755739553636886e-01 2.798979721722503200e-01
7.149842242190531660e-01 3.283926617762404021e+02 9.809452823174069636e-02 9.369034396667075271e-02 2.236206258930337754e-01 1.885851467475845311e-01 3.313147133289930935e-01 2.696888724776158597e-01
7.242098271122021647e-01 3.123929242433117679e+02 9.426855443172144078e-02 9.036784279749099369e-02 2.152510908939007095e-01 1.812867742999628717e-01 3.200861359082978197e-01 2.599432493897211316e-01
7.334354300053513853e-01 2.974757987805032258e+02 9.116433863920292424e-02 8.712091047379999509e-02 2.072718863374234388e-01 1.753037612987213834e-01 3.094535539177059036e-01 2.506385803319517436e-01
7.426610328985003839e-01 2.835502901160035094e+02 8.816082356440801959e-02 8.350661624950816986e-02 1.996616486429161341e-01 1.686738677122434638e-01 2.993824792660007006e-01 2.417526477075853109e-01
7.518866357916494936e-01 2.705344092149867947e+02 8.467531350748913610e-02 8.008324464378802077e-02 1.923998508835325083e-01 1.623658951182278543e-01 2.898401537558470409e-01 2.332638060959197901e-01
7.611122386847984922e-01 2.583541549631848966e+02 8.204747842091819621e-02 7.746870414354134482e-02 1.860738309198950446e-01 1.565048641997464074e-01 2.803601004309825839e-01 2.251511572966364838e-01
7.703378415779476018e-01 2.469426246569032344e+02 7.961764331156473418e-02 7.504928792855025677e-02 1.809062995052954648e-01 1.506535843056440171e-01 2.709419268955173266e-01 2.173946588831938698e-01
7.795634444710966005e-01 2.362392353531201650e+02 7.730311158380231973e-02 7.277205150566601333e-02 1.760115021643287037e-01 1.450528106845752063e-01 2.619620280856906902e-01 2.099751849384290381e-01
7.887890473642458211e-01 2.261890408516209732e+02 7.524035151871544258e-02 7.062087585123322242e-02 1.713749809701994309e-01 1.404561504616026468e-01 2.542006498925957203e-01 2.028745526084776429e-01
7.980146502573948197e-01 2.167421313575051158e+02 7.299839110027050992e-02 6.819865560987636854e-02 1.668800107460697291e-01 1.364077416750433258e-01 2.467985624276991530e-01 1.960755244483891602e-01
8.072402531505439294e-01 2.078531047826490692e+02 7.051400354711745422e-02 6.571919441677209761e-02 1.614627185090000694e-01 1.325313801262950619e-01 2.394324721612690610e-01 1.895617938719453832e-01
8.164658560436929280e-01 1.994806002516454555e+02 6.840411305992688540e-02 6.379071984576967225e-02 1.562613234333696255e-01 1.288260208044675892e-01 2.323246599607102780e-01 1.833179590637143974e-01
8.256914589368421487e-01 1.915868857323586667e+02 6.609045156895376749e-02 6.150779678262097150e-02 1.512598090631627201e-01 1.245195024040128828e-01 2.255508281993456876e-01 1.773294892734895711e-01
8.349170618299911473e-01 1.841374928566001472e+02 6.415837494239440275e-02 5.969746373347106783e-02 1.464628833464018953e-01 1.203800328034674294e-01 2.190929029032417930e-01 1.715826863586187301e-01
8.441426647231402569e-01 1.771008929626138979e+02 6.215714457590593156e-02 5.738773603451363670e-02 1.418597318514969174e-01 1.164025657051297458e-01 2.129339998194836880e-01 1.660646436506851842e-01
8.533682676162892555e-01 1.704482092231729666e+02 6.042711446235671247e-02 5.565367983629698756e-02 1.374401783409950895e-01 1.125784835309104892e-01 2.070583461356818589e-01 1.607632036520953989e-01
8.625938705094383652e-01 1.641529604103548650e+02 5.885433396579742293e-02 5.433046939481300797e-02 1.331946487203197194e-01 1.088826497321520037e-01 2.014512061285529398e-01 1.556669156259147258e-01
8.718194734025873638e-01 1.581908324565409316e+02 5.776552464087103544e-02 5.288497382628065679e-02 1.291141356091713988e-01 1.056062705066551644e-01 1.960988110630808023e-01 1.507649938336328432e-01
8.810450762957365844e-01 1.525394744756624448e+02 5.583657635997951729e-02 5.154664684837939603e-02 1.251901639626566975e-01 1.027112877200124785e-01 1.909882934703830415e-01 1.462573165879348380e-01
8.902706791888855831e-01 1.471783163474413527e+02 5.443431607324100696e-02 5.037712036269681448e-02 1.214147580189717246e-01 9.993023643940546208e-02 1.861076258040554876e-01 1.421967940114541307e-01
8.994962820820346927e-01 1.420884053421064550e+02 5.321728412653214946e-02 4.907823888311213523e-02 1.177804097496277791e-01 9.725783696799794598e-02 1.814455633831073555e-01 1.383007225157371067e-01
9.087218849751836913e-01 1.372522595855874954e+02 5.199618053748622515e-02 4.800954366473320079e-02 1.142800489014064169e-01 9.468911126998591499e-02 1.771150806359287344e-01 1.345611489441012054e-01
9.179474878683329120e-01 1.326537364429572676e+02 5.075755092809686175e-02 4.699988153231515753e-02 1.109070146688111436e-01 9.162710746147695318e-02 1.735323472241532272e-01 1.309706141100548393e-01
9.271730907614816886e-01 1.282779141377269525e+02 4.915133140769967213e-02 4.592854312457461674e-02 1.076550289913029701e-01 8.864120848923562335e-02 1.701357041306437168e-01 1.275221207997390138e-01
9.363986936546309092e-01 1.241109851319719581e+02 4.748300289890039494e-02 4.475071898320948094e-02 1.045181714414411545e-01 8.575346594609811746e-02 1.669173400157006881e-01 1.242091040011104042e-01
9.456242965477800189e-01 1.201401599719609692e+02 4.619498948434852537e-02 4.361472576128733181e-02 1.018466870639258559e-01 8.295890714622089490e-02 1.638700040441136707e-01 1.210254032552455783e-01
9.548498994409290175e-01 1.163535804598776764e+02 4.488549979379286015e-02 4.274975308410944308e-02 1.014887949475706819e-01 8.025282708972270029e-02 1.609869719722070158e-01 1.179652370177564080e-01
9.640755023340780161e-01 1.127402411478707478e+02 4.342752627275103805e-02 4.200751133046765062e-02 1.012179594789728299e-01 7.793272362144421095e-02 1.582620154248530753e-01 1.150231789193014720e-01
9.733011052272271257e-01 1.092899182686917356e+02 4.201967018674679366e-02 4.112057765185284097e-02 9.871259872592474949e-02 7.596501106344533127e-02 1.554465575573118485e-01 1.121941358101707920e-01
9.825267081203763464e-01 1.059931053202182198e+02 4.092522388627628516e-02 3.989768743792865280e-02 9.621042558714520965e-02 7.413696199375863216e-02 1.525170500198811396e-01 1.094733274832009329e-01
9.917523110135253450e-01 1.028409546111832356e+02 3.976570194183182139e-02 3.897340293539741651e-02 9.373743821605273752e-02 7.236603686715170625e-02 1.497256215818651981e-01 1.068562679697038220e-01
1.000977913906674344e+00 9.982522415412857697e+01 3.853541613015920575e-02 3.801912487882930236e-02 9.114413336504867402e-02 7.016644573540986585e-02 1.470675894813382456e-01 1.043387483102407032e-01
1.010203516799823564e+00 9.693822936069362584e+01 3.742812161272013327e-02 3.689440077485528491e-02 8.863428764995262554e-02 6.842461917904074653e-02 1.445386129134362818e-01 1.019168207089933276e-01
1.019429119692972563e+00 9.417279905489176883e+01 3.668734875815005125e-02 3.637603419062429566e-02 8.620400564814190147e-02 6.674971673803042904e-02 1.421346795891622605e-01 9.958678398655251840e-02
1.028654722586121562e+00 9.152223537329280134e+01 3.581566480693254562e-02 3.581974549531707908e-02 8.384958599702940774e-02 6.525551197155721184e-02 1.402707124345710099e-01 9.734517025313493832e-02
1.037880325479270560e+00 8.898027716788854491e+01 3.458577257852368803e-02 3.517997644942738589e-02 8.156750811929214251e-02 6.393438687388197650e-02 1.387542045496275023e-01 9.518873273185590733e-02
1.047105928372419781e+00 8.654106656874292014e+01 3.378240081941896733e-02 3.435144488230434945e-02 7.935441974663604014e-02 6.280680768362856270e-02 1.373529752212618860e-01 9.311448745437189700e-02
1.056331531265569001e+00 8.419911839996520087e+01 3.306538376470768981e-02 3.386864032597713958e-02 7.744793443680464406e-02 6.192845780276456935e-02 1.360646429023830706e-01 9.112033961903875934e-02
1.065557134158718000e+00 8.194929217475952044e+01 3.239429466472643071e-02 3.369104406371548066e-02 7.774044862918572107e-02 6.076026252574706632e-02 1.348871307514940554e-01 8.920284139105660870e-02
1.074782737051866999e+00 7.978676642379664941e+01 3.168083736927940208e-02 3.314142438919986944e-02 7.595103345681764040e-02 5.945660490553450472e-02 1.338186634856839419e-01 8.735953073399116420e-02
1.084008339945015997e+00 7.770701513639264135e+01 3.118158989664721048e-02 3.235618462812794860e-02 7.565167583170762100e-02 5.848633532262681456e-02 1.328577662037417895e-01 8.558812104941182497e-02
1.093233942838165218e+00 7.570578611634155664e+01 3.006284900662592463e-02 3.181891093821320737e-02 7.448353212068070661e-02 5.788095967191964064e-02 1.320032652460838563e-01 8.388649479775267537e-02
1.102459545731314217e+00 7.377908107411657568e+01 2.963218203426265518e-02 3.100295637089800493e-02 7.310988428798737004e-02 5.624991334919116071e-02 1.312540049748776028e-01 8.225269796336931449e-02
1.111685148624463215e+00 7.192313729478745188e+01 2.899948155052811671e-02 3.060146543619168824e-02 7.336076419493053891e-02 5.536724766214717874e-02 1.306062958646236893e-01 8.068598575502505810e-02
1.120910751517612436e+00 7.013441073669987702e+01 2.857024896647430978e-02 2.945768165247386605e-02 7.373112647157142874e-02 5.456107308961577473e-02 1.295188809865948087e-01 7.918534731379622826e-02
1.130136354410761435e+00 6.840956042991618347e+01 2.777490862239062608e-02 2.905430949358844828e-02 7.431107597848551904e-02 5.442454032603905034e-02 1.277742369390750810e-01 7.774763938182616130e-02
1.139361957303910433e+00 6.674543405588224232e+01 2.742858818483284722e-02 2.877437671146765297e-02 7.558070881853495848e-02 5.433885182799258473e-02 1.261270256667756939e-01 7.637152859038565111e-02
1.148587560197059654e+00 6.513905460087200083e+01 2.727340746774586933e-02 2.881907184853105264e-02 7.651254874373591974e-02 5.420209183024837785e-02 1.245758502268614620e-01 7.505109363663109434e-02
1.157813163090208652e+00 6.358760798571085360e+01 2.671557587807171785e-02 2.808543774238358992e-02 7.493551071537041253e-02 5.308225863570470437e-02 1.231195972182632659e-01 7.378959792782779914e-02
1.167038765983357873e+00 6.208843158315902144e+01 2.634723232201707788e-02 2.786578614475132554e-02 7.337553722015144331e-02 5.284901048556633896e-02 1.230050724946210039e-01 7.258650734831206819e-02
1.176264368876506872e+00 6.063900354233287260e+01 2.610006538475317939e-02 2.800718132331780907e-02 7.296049493970713229e-02 5.155608846604309292e-02 1.234457309923797652e-01 7.144107052108239486e-02
1.185489971769655870e+00 5.923693284677477067e+01 2.597431425427032536e-02 2.773162976713194894e-02 7.180226053455385227e-02 5.088043732870772828e-02 1.240006289300552567e-01 7.035473051874419070e-02
1.194715574662805091e+00 5.787995003934623384e+01 2.571154161903166369e-02 2.763393741610542520e-02 7.235797598957560695e-02 5.101903473058655436e-02 1.247979669436460881e-01 6.932542524908313908e-02
1.203941177555954090e+00 5.656589855317791660e+01 2.561592609217910876e-02 2.753526965617680844e-02 7.278476620056295587e-02 5.072014032806038131e-02 1.271267665704485239e-01 6.835249497070350344e-02
1.213166780449103088e+00 5.529272659360630371e+01 2.580081911557385865e-02 2.731215839369838250e-02 7.186080996995514170e-02 4.957715983068311516e-02 1.296081007704756871e-01 6.743737851642350734e-02
1.222392383342252087e+00 5.405847952147261992e+01 2.584602608119723754e-02 2.759387834166915354e-02 7.099594542014386889e-02 4.969967173039435693e-02 1.313433274125515027e-01 6.657858993121124058e-02
1.231617986235401307e+00 5.286129269363278382e+01 2.579936297811968871e-02 2.755829424589961718e-02 7.019024771864224022e-02 5.024792685902212952e-02 1.321843033124778799e-01 6.735605724531268379e-02
1.240843589128550528e+00 5.169938472220969317e+01 2.629402290248350482e-02 2.810030337447244619e-02 7.062256075349182538e-02 4.969915025142768172e-02 1.331628624337781730e-01 6.715396477567736611e-02
1.250069192021699527e+00 5.057105112039523220e+01 2.612637750185342611e-02 2.850111379749620255e-02 7.146618779555069523e-02 5.018961358978657472e-02 1.342888579209144950e-01 6.525360185796813539e-02
1.259294794914848525e+00 4.947465830992526747e+01 2.654591105413572905e-02 2.849387794852020761e-02 7.137733573034665824e-02 5.079462504307485915e-02 1.355705330421841381e-01 6.580278563414765358e-02
1.268520397807997524e+00 4.840863797435346072e+01 2.644224244087212128e-02 2.886740968654066819e-02 7.140982959241171102e-02 5.145037083854475668e-02 1.370172966628331324e-01 6.698125425380396791e-02
1.277746000701146745e+00 4.737148175387847004e+01 2.639929784240280242e-02 2.936270501798787791e-02 7.326224959623317545e-02 5.220289337386674333e-02 1.386398824926047268e-01 6.708399838507261848e-02
1.286971603594295521e+00 4.636173629304485644e+01 2.597391832145490298e-02 3.022207643901708707e-02 7.614413569233136059e-02 5.305606372634485979e-02 1.404505368439785684e-01 6.727084397466143173e-02
1.296197206487444742e+00 4.537799867411922605e+01 2.661762540930112664e-02 3.100047970546881970e-02 7.839932435120999799e-02 5.380133638507800242e-02 1.424632405916952393e-01 6.879944645177005214e-02
1.305422809380593963e+00 4.441891229917382589e+01 2.703636389007613161e-02 3.170611406070378280e-02 8.061922593578429996e-02 5.458374402485333121e-02 1.446939722866105171e-01 7.071106079122557730e-02
1.314648412273742961e+00 4.348316332720090571e+01 2.741329429039041088e-02 3.237574683757316052e-02 8.294083678391217518e-02 5.622781321444847435e-02 1.475477474541619927e-01 7.278805659744591594e-02
1.323874015166892182e+00 4.256947783532088181e+01 2.807384338004226265e-02 3.319223215940070304e-02 8.537721902268913254e-02 5.812412674246303368e-02 1.508390629062006383e-01 7.504767567328229916e-02
1.333099618060040958e+00 4.167661996511619549e+01 2.908233378357749643e-02 3.364791986173543137e-02 8.808209176485348735e-02 6.008803252657912708e-02 1.544562486298417525e-01 7.777676817070755533e-02
1.342325220953190179e+00 4.080339145126024647e+01 3.016622561226256494e-02 3.432310932456061892e-02 9.096031841403373619e-02 6.074742828614887458e-02 1.598261024892693172e-01 8.101899417320623797e-02
1.351550823846339400e+00 3.994863313313694420e+01 3.124193904620398143e-02 3.577677267473688971e-02 9.394891127431748146e-02 6.236759642212774679e-02 1.639286277025959748e-01 8.447924541029294687e-02
1.360776426739488176e+00 3.911122935748473139e+01 3.225240073197710444e-02 3.702458829224752890e-02 9.631276106589581332e-02 6.457267912696806889e-02 1.683861305310259127e-01 8.818469517253646472e-02
1.370002029632637397e+00 3.829011664917356939e+01 3.281998144673536899e-02 3.823135488020312778e-02 1.003135279563451832e-01 6.720267238794264131e-02 1.737732388261932215e-01 9.215968354236281357e-02
1.379227632525786396e+00 3.748429875136114475e+01 3.456634847408679434e-02 4.007623761444989441e-02 1.049274950205827395e-01 7.051400401135765605e-02 1.805822281899409631e-01 9.643113702469463533e-02
1.388453235418935616e+00 3.669287126806289479e+01 3.620143164535960523e-02 4.184559107733321071e-02 1.092660483530494275e-01 7.442162093237669751e-02 1.881097202639239185e-01 1.010286429377060813e-01
1.397678838312084837e+00 3.591506093491900486e+01 3.835889223511657065e-02 4.421499585432542290e-02 1.145804587825054455e-01 7.752256821231640060e-02 1.964549305328446849e-01 1.059843537986466799e-01
1.406904441205233613e+00 3.515028742508945214e+01 4.080628587590240386e-02 4.596727049479198968e-02 1.205407661261901353e-01 8.097726934912685692e-02 2.057416513075907005e-01 1.113325790261825432e-01
1.416130044098382834e+00 3.439826030043933969e+01 4.318203734865022625e-02 4.788424024746973373e-02 1.272116165999506165e-01 8.514686149465688914e-02 2.161202018875343356e-01 1.171088198631196065e-01
1.425355646991532055e+00 3.365913152536741393e+01 4.556093727584453745e-02 5.065424135369056557e-02 1.346795811721790415e-01 9.001330419616238032e-02 2.277694113314083779e-01 1.233478285486526715e-01
1.434581249884680831e+00 3.293373715219603071e+01 4.875023240639819733e-02 5.356208700556663871e-02 1.417344886415108363e-01 9.428116047398305000e-02 2.409066064641436355e-01 1.300799682064948115e-01
1.443806852777830052e+00 3.222398449182828273e+01 5.224374476906490372e-02 5.744794127367924830e-02 1.473883333208476643e-01 9.988672463317982420e-02 2.557967945410695165e-01 1.379326974642438586e-01
1.453032455670979051e+00 3.153348089633352203e+01 5.578090551311376544e-02 6.110140919458117992e-02 1.560325094433885340e-01 1.066720654869079965e-01 2.727633819501456003e-01 1.474377063803444798e-01
1.462258058564128271e+00 3.086857133250427410e+01 5.855010101763369335e-02 6.588194772707822722e-02 1.689804940464902927e-01 1.143420108662134282e-01 2.921994071710329877e-01 1.564827672702229222e-01
1.471483661457277492e+00 3.024008054508747989e+01 6.358589009600379427e-02 7.073672822487253598e-02 1.856773662271145042e-01 1.241776304925075181e-01 3.145759312182470069e-01 1.668361319165150292e-01
1.480709264350426269e+00 2.966628976892933167e+01 6.922553514052154355e-02 7.539975410204036166e-02 2.016188404791350308e-01 1.354129014379239493e-01 3.404383135189803511e-01 1.861107972103042130e-01
1.489934867243575489e+00 2.917809791368598837e+01 7.740208465533271465e-02 8.238448966910283389e-02 2.183347635175039159e-01 1.478210016284116080e-01 3.703662500224993437e-01 2.119073737142826985e-01
1.499160470136724488e+00 2.882801897233705546e+01 8.414887364052958674e-02 9.264706262781885471e-02 2.370775206976176719e-01 1.660899697341022829e-01 4.048362136298493397e-01 2.400868705877634568e-01
1.508386073029873486e+00 2.870555531430852625e+01 9.515368595754836178e-02 1.027291870890039149e-01 2.638322361201907995e-01 1.861011742357199239e-01 4.438327124797538659e-01 2.740335295944689165e-01
1.517611675923022485e+00 2.896105704185769980e+01 1.070661370529535361e-01 1.174142960719741779e-01 2.979447219195954233e-01 2.084973997274701674e-01 4.858402357779318947e-01 3.178268767749621304e-01
1.526837278816171706e+00 2.982964126218044854e+01 1.200985510546175306e-01 1.310389231238637819e-01 3.325116993918015851e-01 2.373501758236500336e-01 5.254624031582686428e-01 3.629111972956877707e-01
1.536062881709320926e+00 3.158705013621487012e+01 1.387830077697422837e-01 1.430262994866495774e-01 3.497467398757230228e-01 2.695916857118199061e-01 5.450423215435478141e-01 4.147915022514965244e-01
1.545288484602469925e+00 3.415319345870673828e+01 1.524647515186856594e-01 1.594257707282622505e-01 3.358295089629663721e-01 2.937092316562015526e-01 5.052374626713245220e-01 4.489596970553009214e-01
1.554514087495618924e+00 3.587259192912397054e+01 1.546016868074744366e-01 1.612191938184750484e-01 3.221059981134004602e-01 3.046751624083583465e-01 4.654963231141096003e-01 4.174312963620607775e-01
1.563739690388767922e+00 3.315203803461842824e+01 1.740127917886411524e-01 1.823958647700649749e-01 3.520901951441786082e-01 3.339277510027969242e-01 4.689246268101712189e-01 4.258938075259308675e-01
1.572965293281917143e+00 2.514290345324409870e+01 1.955561656265949466e-01 2.011369445167048298e-01 3.701526806944883674e-01 3.377362533575229975e-01 5.466672659417781688e-01 4.869619678477299374e-01
1.582190896175066142e+00 1.587192952628665488e+01 1.500892390381185493e-01 1.566557855137542532e-01 2.997443233207714997e-01 2.769747469331402812e-01 4.052457597658456478e-01 4.432839001197947937e-01
1.591416499068215140e+00 1.047901782230000478e+01 9.278959957981847140e-02 8.639700023100971293e-02 1.759208065221411488e-01 2.082957470084547680e-01 2.427702393608601739e-01 3.649759581490634730e-01
1.600642101961364361e+00 1.429748660871717192e+01 2.477603095559590685e-01 2.500807188824278882e-01 4.475713395178200216e-01 4.833308550987727159e-01 6.031320216585456251e-01 6.845046350472010488e-01
1.609867704854513359e+00 2.550483703565179994e+01 2.450160096515610064e-01 2.515536560542415145e-01 4.844030069655467230e-01 4.907610281525371931e-01 6.860608655006501522e-01 6.592721598809170303e-01
1.619093307747662580e+00 3.428500156068333382e+01 1.588018851141441701e-01 1.686383990345206030e-01 3.348062298206215814e-01 3.188851838138901940e-01 4.319399394294620720e-01 4.659146948560248802e-01
1.628318910640811579e+00 3.778090390836351986e+01 9.268971713547102809e-02 9.354525770638844051e-02 1.862135019204345099e-01 1.901937448259189978e-01 2.542201114204658552e-01 2.719559799602535577e-01
1.637544513533960577e+00 3.826148831596905353e+01 6.159121649746168714e-02 5.997178713896289537e-02 1.212983573328116904e-01 1.178014661951678477e-01 1.569652653722144464e-01 2.229682829414372236e-01
1.646770116427109798e+00 3.754154871541335581e+01 4.984307854234515389e-02 4.745123583986554650e-02 1.001602228801914407e-01 1.143904664375696711e-01 1.493518821754449277e-01 1.996250079344505934e-01
1.655995719320258575e+00 3.643830588824336303e+01 5.250671483425861652e-02 5.071156186483705142e-02 1.013247844091011984e-01 1.147794991137232046e-01 1.428010684798124430e-01 1.767719466097048553e-01
1.665221322213407795e+00 3.526918084646641915e+01 5.460956145899587000e-02 5.331815916752447038e-02 1.021784893934238880e-01 1.189761101120936360e-01 1.423583178379388414e-01 1.620513580262112896e-01
1.674446925106557016e+00 3.414832056225156975e+01 5.687365906309338470e-02 5.445893546295366150e-02 1.059733725444047536e-01 1.210474202048956727e-01 1.448360352621023139e-01 1.564726598432528704e-01
1.683672527999706015e+00 3.311086353402963312e+01 5.630624359206848339e-02 5.537534054997195199e-02 1.070083500808038934e-01 1.182882488482945860e-01 1.427279774071266161e-01 1.533732823535061129e-01
1.692898130892855235e+00 3.216186036990425379e+01 5.560001954471971430e-02 5.485196456732666093e-02 1.035032991397315527e-01 1.170895184735272210e-01 1.487908493016334432e-01 1.499027397617567203e-01
1.702123733786004012e+00 3.129552350572333808e+01 5.311572696269806215e-02 5.246886314628795844e-02 9.937979532509189085e-02 1.092727592608078169e-01 1.488781316311147407e-01 1.463364007869181194e-01
1.711349336679153232e+00 3.050283941779473551e+01 5.195157340753198127e-02 5.102156886063724528e-02 9.641700935928909644e-02 1.066383642216557348e-01 1.453040443096256240e-01 1.448133813156573524e-01
1.720574939572302453e+00 2.977452862627646724e+01 4.956255367598672024e-02 4.928314860754312576e-02 9.321618944645848615e-02 1.035824066555370848e-01 1.411087280360945329e-01 1.404111131907654908e-01
1.729800542465451230e+00 2.910211411976538542e+01 4.834842579131759521e-02 4.728720496683180841e-02 9.058116232404600510e-02 1.003531189582353988e-01 1.366479331957499710e-01 1.362046656976154679e-01
1.739026145358600450e+00 2.847821955838453434e+01 4.637214171475179114e-02 4.522777188735105369e-02 8.624906874981519422e-02 9.709722821520827551e-02 1.321328077768484377e-01 1.327553537240326875e-01
1.748251748251749449e+00 2.789656319961135722e+01 4.455072726929287796e-02 4.368687131635340393e-02 8.340955713819653283e-02 9.301194520197952897e-02 1.276873305393912972e-01 1.271096184760338588e-01
1.757477351144898670e+00 2.735184326585975256e+01 4.299591403903235687e-02 4.223490958392872585e-02 8.061934439118445539e-02 8.950373653367549309e-02 1.233823279821493202e-01 1.237558283274466930e-01
1.766702954038047890e+00 2.683959620570439597e+01 4.153764232775003507e-02 4.034552971407379118e-02 7.797778249658549043e-02 8.603452840940661872e-02 1.192543938210626209e-01 1.209281053896766878e-01
1.775928556931196667e+00 2.635606020820896944e+01 4.038866287603681826e-02 3.881557383958522678e-02 7.584798066308806597e-02 8.248870109632733261e-02 1.153221742082841672e-01 1.181271478188890001e-01
1.785154159824345887e+00 2.589805519866933992e+01 3.877744831403973080e-02 3.749166105324519549e-02 7.358244156644389022e-02 7.840357204289816195e-02 1.115926318747995083e-01 1.153124407988137534e-01
1.794379762717494886e+00 2.546288163402250859e+01 3.745430127287363575e-02 3.635514528125227685e-02 7.093779412096168357e-02 7.491227410616474458e-02 1.080638640652331617e-01 1.121200175403664900e-01
1.803605365610643885e+00 2.504823689163961475e+01 3.662496154370842305e-02 3.545520175278937813e-02 6.851376028071243240e-02 7.302689072025714268e-02 1.047295457436447919e-01 1.082769754017647301e-01
1.812830968503793105e+00 2.465214687784375514e+01 3.577467574579884513e-02 3.451760873011977537e-02 6.645053180930204917e-02 7.129696018596476392e-02 1.015808701432909800e-01 1.034634294073484284e-01
1.822056571396942104e+00 2.427291031445005487e+01 3.465449256017194557e-02 3.395903170307335017e-02 6.500688057609593784e-02 6.892145654609649341e-02 9.860729103190024603e-02 9.983942335388817924e-02
1.831282174290091325e+00 2.390905338342808761e+01 3.352582188222541504e-02 3.317281632137536462e-02 6.359332452069210717e-02 6.713897135379909287e-02 9.579688457834834026e-02 9.725921538670334598e-02
1.840507777183240323e+00 2.355929275190905159e+01 3.250154987890496727e-02 3.202306311289859764e-02 6.162969189928091396e-02 6.546204436579117214e-02 9.314119449457436417e-02 9.482628571005236040e-02
