2.306400723287267349e-02 5.572493953409607200e+16 -8.000000000000000000e+00 8.000000000000000000e+00 -8.000000000000000000e+00 8.000000000000000000e+00 -8.000000000000000000e+00 2.400000000000000000e+01
3.228961012602173802e-02 1.163078255396026875e+14 9.687500000000000000e-01 9.843750000000000000e-01 1.953125000000000000e+00 2.109375000000000000e+00 2.781250000000000000e+00 2.953125000000000000e+00
4.151521301917080603e-02 2.104248557363784912e+12 8.754882812500000000e-01 9.387207031250000000e-01 1.764648437500000000e+00 1.932617187500000000e+00 2.525878906250000000e+00 2.701171875000000000e+00
5.074081591231988098e-02 1.178572736979727173e+11 8.148956298828125000e-01 8.680114746093750000e-01 1.642303466796875000e+00 1.796035766601562500e+00 2.344558715820312500e+00 2.507675170898437500e+00
5.996641880546894204e-02 1.301894237640955162e+10 7.689895629882812500e-01 8.119297027587890625e-01 1.548564910888671875e+00 1.690996170043945312e+00 2.204772949218750000e+00 2.358627319335937500e+00
6.919202169861800311e-02 2.246726882426036835e+09 7.304878234863281250e-01 7.725443840026855469e-01 1.474798679351806641e+00 1.608642578125000000e+00 2.094022750854492188e+00 2.240638732910156250e+00
7.841762459176707112e-02 5.296187557234413624e+08 7.009933590888977051e-01 7.387443184852600098e-01 1.415665805339813232e+00 1.542452692985534668e+00 2.004545092582702637e+00 2.145400106906890869e+00
8.764322748491613913e-02 1.568588213756479919e+08 6.756834983825683594e-01 7.119143009185791016e-01 1.367677956819534302e+00 1.488458901643753052e+00 1.931250572204589844e+00 2.067474365234375000e+00
9.686883037806519325e-02 5.523747781712751836e+07 6.543142721056938171e-01 6.911963820457458496e-01 1.328465007245540619e+00 1.443634174764156342e+00 1.870672076940536499e+00 2.003161139786243439e+00
1.060944332712142474e-01 2.226401134515174106e+07 6.369643583893775940e-01 6.731347776949405670e-01 1.296365924179553986e+00 1.406605627387762070e+00 1.820371415466070175e+00 1.949859291315078735e+00
1.153200361643633154e-01 9.994981861000340432e+06 6.241084039211273193e-01 6.603700462728738785e-01 1.270188400521874428e+00 1.376118980348110199e+00 1.778590764850378036e+00 1.905695023015141487e+00
1.245456390575123834e-01 4.898250767608683556e+06 6.108805928379297256e-01 6.510236104950308800e-01 1.249782649800181389e+00 1.351202864199876785e+00 1.744039071723818779e+00 1.869293739087879658e+00
1.337712419506614514e-01 2.580954538793599233e+06 6.026476440019905567e-01 6.368975718505680561e-01 1.234567112289369106e+00 1.331137282308191061e+00 1.715756026562303305e+00 1.839634960517287254e+00
1.429968448438105333e-01 1.445113925130585674e+06 5.946526022162288427e-01 6.290082470513880253e-01 1.223360264673829079e+00 1.315387569833546877e+00 1.693022865569218993e+00 1.815957099199295044e+00
1.522224477369596152e-01 8.519132679472683230e+05 5.920792197575792670e-01 6.229711901396512985e-01 1.215816296520642936e+00 1.312539275852032006e+00 1.675302266725338995e+00 1.809821162838488817e+00
1.614480506301086971e-01 5.248719303911012830e+05 5.897647275123745203e-01 6.178685912163928151e-01 1.211719870916567743e+00 1.312456299667246640e+00 1.662197092315182090e+00 1.815035082981921732e+00
1.706736535232577512e-01 3.359500866387702408e+05 5.891319314832799137e-01 6.123647593776695430e-01 1.210962896293494850e+00 1.302213143208064139e+00 1.653421682305634022e+00 1.824363316351082176e+00
1.798992564164068331e-01 2.222910958222979389e+05 5.894668161054141819e-01 6.109726635622791946e-01 1.213469284353777766e+00 1.294684447842882946e+00 1.648781781259458512e+00 1.828912970202509314e+00
1.891248593095559150e-01 1.514319883431694761e+05 5.915355493780225515e-01 6.128206349967513233e-01 1.219226258137496188e+00 1.292104068328626454e+00 1.648160580080002546e+00 1.828789837367366999e+00
1.983504622027049968e-01 1.058440303129042877e+05 5.956679182854713872e-01 6.136141860479256138e-01 1.228295989974867553e+00 1.297280788421630859e+00 1.651509225470363162e+00 1.833086338825523853e+00
2.075760650958540787e-01 7.568280190527252853e+04 6.033654864004347473e-01 6.152510968968272209e-01 1.240790053780074231e+00 1.305664436120423488e+00 1.658840692747617140e+00 1.841823878159630112e+00
2.168016679890031329e-01 5.522271327464555361e+04 6.132137926906580105e-01 6.185257882898440585e-01 1.253367560879269149e+00 1.317459172481903806e+00 1.670226262496726122e+00 1.872116849575832020e+00
2.260272708821522147e-01 4.102784479574082798e+04 6.246419532762956806e-01 6.203877588777686469e-01 1.268468395908712409e+00 1.333319262332224753e+00 1.685794045770308003e+00 1.911841773886408191e+00
2.352528737753012689e-01 3.097742185735653038e+04 6.349825369215977844e-01 6.303664826664316934e-01 1.287142833942198195e+00 1.370019008438248420e+00 1.705729101304314099e+00 1.957415541422960814e+00
2.444784766684503230e-01 2.372867077038179195e+04 6.466742262746265624e-01 6.339349409790884238e-01 1.309663514992280398e+00 1.394360765036253724e+00 1.730274678549903911e+00 2.009421314865903696e+00
2.537040795615994049e-01 1.841151873694648020e+04 6.624219527329842094e-01 6.430260383604036178e-01 1.336354153390857391e+00 1.429899278216907987e+00 1.759733972347021336e+00 2.068565119025151944e+00
2.629296824547484590e-01 1.445016048285765100e+04 6.823663115428644232e-01 6.604852821055828827e-01 1.367548915994120762e+00 1.468521326776681235e+00 1.794471409702964593e+00 2.135695843311623321e+00
2.721552853478975686e-01 1.145608516648986915e+04 7.018806287833285751e-01 6.815915444749407470e-01 1.403475161665483029e+00 1.510717884893892915e+00 1.834911746022044099e+00 2.211828809575308696e+00
2.813808882410466228e-01 9.162432241640924985e+03 7.233087477270601084e-01 7.040270715970109450e-01 1.445315289322024910e+00 1.556686098721911549e+00 1.881533810994369560e+00 2.297470627398070064e+00
2.906064911341957324e-01 7.382835227053349627e+03 7.454514201644997229e-01 7.299223049021748011e-01 1.499393588733255456e+00 1.606458462365480955e+00 1.934852986239093298e+00 2.377183170034186332e+00
2.998320940273447865e-01 5.985100657515149578e+03 7.747876565754268086e-01 7.570687069301129668e-01 1.567212512734840857e+00 1.659785012089741940e+00 1.995381158561031043e+00 2.465476614712315495e+00
3.090576969204938407e-01 4.874059556546168096e+03 8.041900814332620939e-01 8.009384840752318269e-01 1.637629886065042228e+00 1.743655580812628614e+00 2.063542371663970698e+00 2.562696441481421061e+00
3.182832998136429503e-01 3.980197178965206149e+03 8.334995238492410863e-01 8.274112022895678820e-01 1.722242251999887230e+00 1.814606370983256056e+00 2.149598426562533859e+00 2.668668079529652459e+00
3.275089027067920044e-01 3.251985534184919288e+03 8.830413066639266617e-01 8.611613075167952047e-01 1.811458449180918251e+00 1.893474505612175562e+00 2.249424609867219260e+00 2.782301492564783985e+00
3.367345055999411141e-01 2.650627072437488096e+03 9.288983176315923629e-01 9.180948222428924055e-01 1.890049340045607096e+00 1.990888813565106830e+00 2.388943260114501754e+00 2.900490288552646234e+00
3.459601084930901682e-01 2.146397382751851183e+03 9.771629579045111313e-01 9.865452224385080626e-01 1.979587121235454106e+00 2.104541988108394435e+00 2.546933958037698176e+00 3.016000900049220945e+00
3.551857113862392223e-01 1.716088292789810112e+03 1.043887587538165462e+00 1.058048531301892581e+00 2.076893915218079201e+00 2.214563162934609863e+00 2.720226779044423893e+00 3.113202541448572447e+00
3.644113142793883320e-01 1.341310448310170841e+03 1.108809192938679189e+00 1.142241798784425555e+00 2.152299694406337949e+00 2.301942903770623161e+00 2.895374452589521752e+00 3.158972571642607363e+00
3.736369171725373861e-01 1.007790028042729659e+03 1.179933169142941551e+00 1.198375457914607978e+00 2.306353235653205047e+00 2.403981345005149706e+00 3.030891109085814605e+00 3.083215016422514054e+00
3.828625200656864958e-01 7.068073106559559164e+02 1.178560298770321424e+00 1.195600534593381781e+00 2.324947235801914758e+00 2.407906066250347976e+00 3.007095949044810368e+00 3.336155449628336100e+00
3.920881229588355499e-01 4.435502773865442805e+02 1.010103819786763779e+00 1.013626604782700724e+00 1.972218483061908501e+00 1.948769968355293258e+00 2.481468094482522702e+00 2.696730311002170311e+00
4.013137258519846040e-01 2.707235991889124307e+02 2.327082431437474952e-01 2.278239764674481194e-01 4.447577677597109869e-01 4.381439038720600365e-01 6.681442072713252855e-01 5.653072380428056931e-01
4.105393287451337136e-01 3.984809218271190616e+02 2.309519477835124235e+00 2.272009354529870961e+00 4.422466563896875869e+00 4.379402057427114414e+00 6.137740599517655937e+00 5.997853626526591597e+00
4.197649316382827678e-01 1.241393235914118804e+03 5.969755088676038213e+00 6.284970454502399662e+00 1.261231692617343469e+01 1.208120995950343968e+01 1.791616385368797637e+01 1.872101519028274197e+01
4.289905345314318219e-01 2.253102376117120457e+03 4.147271651067057974e+00 4.243673971198859363e+00 8.340218630480194406e+00 8.579992380997737200e+00 1.183449906742907842e+01 1.279481257470342825e+01
4.382161374245809315e-01 2.335934766717243747e+03 9.763492399179085623e-02 1.326801210889243521e-01 4.661776022517187812e-01 2.391244009932051995e-01 1.011102747741006169e+00 3.364028205919566972e-01
4.474417403177299857e-01 2.004361394660746100e+03 1.431374970416527503e+00 1.431480858623899621e+00 3.330903985011218538e+00 2.850362356840832945e+00 5.635629627767684724e+00 4.082638038117011092e+00
4.566673432108790953e-01 1.674885012402837219e+03 1.505637876638957096e+00 1.572748304843571532e+00 3.568604534982796395e+00 3.137079856257514621e+00 6.104997528261947082e+00 4.375657166112205232e+00
4.658929461040280939e-01 1.415363941430771320e+03 1.411250219959129026e+00 1.449626082937811589e+00 3.189372374365348151e+00 2.802754549038127152e+00 5.498267172830992422e+00 3.917949027191298228e+00
4.751185489971772036e-01 1.215748585453310625e+03 1.263356553942230676e+00 1.262820356701013225e+00 2.888887531937371023e+00 2.458010610321025524e+00 4.827123178877855025e+00 3.373605329240945139e+00
4.843441518903262577e-01 1.059724762112232838e+03 1.100232234979102941e+00 1.067365580791602042e+00 2.542255588319676463e+00 2.137393438794561007e+00 4.223709379842375711e+00 2.945736220046455855e+00
4.935697547834753673e-01 9.350015810291357639e+02 9.687670206014900032e-01 9.545559502416836040e-01 2.250604588048645383e+00 1.902361457795905153e+00 3.678336914809051450e+00 2.693198885832202905e+00
5.027953576766244215e-01 8.331827463811335974e+02 8.612697016806123429e-01 8.566750780342999860e-01 1.989016528114461835e+00 1.699769279725614979e+00 3.227497669240506184e+00 2.447339715864700338e+00
5.120209605697735311e-01 7.485546298981070095e+02 7.707240905956496135e-01 7.579974855973432568e-01 1.784064240450561556e+00 1.529709525709108675e+00 2.859627977412174005e+00 2.160720964826168711e+00
5.212465634629225297e-01 6.771505937270619597e+02 6.902416884761350957e-01 6.951011224538206079e-01 1.609909088154267920e+00 1.376155335616886077e+00 2.556687702878434720e+00 1.924784795146592842e+00
5.304721663560716394e-01 6.161450244929777682e+02 6.248023108330471587e-01 6.311581551889275943e-01 1.461416942963865040e+00 1.250114976417421531e+00 2.304464207190676461e+00 1.728588438335009414e+00
5.396977692492206380e-01 5.634727526930023487e+02 5.781981933027964260e-01 5.780201021534594474e-01 1.328242657448981845e+00 1.135196503145266433e+00 2.092131966678493882e+00 1.568401445324980159e+00
5.489233721423698587e-01 5.175882099623427166e+02 5.377653591862099347e-01 5.285654085582791595e-01 1.212042928379446494e+00 1.032556766593415887e+00 1.911496847961075218e+00 1.447605381624384790e+00
5.581489750355188573e-01 4.773099368229224524e+02 4.967282341728491701e-01 4.866113272281609170e-01 1.111853773548034496e+00 9.560431814653611582e-01 1.756329995854059689e+00 1.341433049727299931e+00
5.673745779286679669e-01 4.417177795165039242e+02 4.606545983218666152e-01 4.502974005415012471e-01 1.025080714988291675e+00 8.884056627367726833e-01 1.621855170993626416e+00 1.247619474167265707e+00
5.766001808218169655e-01 4.100832596263779806e+02 4.270314584921379719e-01 4.169629967437913365e-01 9.511487132634783848e-01 8.282792371071536763e-01 1.504371580253632601e+00 1.164294892727298247e+00
5.858257837149661862e-01 3.818213062436139467e+02 3.981573099030697449e-01 3.882766055372712799e-01 8.885723299619598947e-01 7.719932670586899803e-01 1.400980245906339405e+00 1.089917809299606688e+00
5.950513866081151848e-01 3.564560645050754601e+02 3.739522046094521102e-01 3.636417617099709787e-01 8.328162021199432274e-01 7.186909303190418541e-01 1.309385648060811036e+00 1.023214714429457217e+00
6.042769895012642944e-01 3.335961876616546533e+02 3.520240217368950653e-01 3.383393705029789089e-01 7.826322146112829614e-01 6.743836635099569321e-01 1.227751161309356576e+00 9.631294057128343411e-01
6.135025923944132931e-01 3.129166538268422073e+02 3.317201285969986202e-01 3.170092591033721874e-01 7.372732331071460976e-01 6.345633976884528238e-01 1.154592820067534831e+00 9.087816812954088164e-01
6.227281952875624027e-01 2.941451604492007164e+02 3.128046115966185425e-01 2.986087859393933286e-01 6.961142109299771619e-01 5.984146004258832363e-01 1.088700496383864902e+00 8.594341495264075093e-01
6.319537981807114013e-01 2.770517893139020202e+02 2.978104172328812638e-01 2.820442634815663041e-01 6.586021978357052831e-01 5.632847216593859230e-01 1.029078823566862866e+00 8.130578856626584638e-01
6.411794010738606220e-01 2.614410476092899671e+02 2.833403766895230547e-01 2.688826034210478610e-01 6.243165226721885119e-01 5.336692532351321461e-01 9.774100965839238597e-01 7.690717944147422713e-01
6.504050039670096206e-01 2.471456620485685391e+02 2.689333753691300899e-01 2.570227395785593671e-01 5.928856366088837149e-01 5.071916374163549790e-01 9.311581663401966580e-01 7.289061889085814983e-01
6.596306068601587302e-01 2.340216848693617635e+02 2.559902058154364113e-01 2.443123251647989491e-01 5.639857676751205418e-01 4.827272252187242429e-01 8.885248728306578414e-01 6.921063505880340472e-01
6.688562097533077289e-01 2.219445944489717988e+02 2.436231783474624990e-01 2.311458131276822314e-01 5.373387359223045223e-01 4.593922207637604060e-01 8.491194721852082239e-01 6.582850423567094822e-01
6.780818126464568385e-01 2.108061590969099939e+02 2.321885538769379309e-01 2.208314226408845116e-01 5.127044005487277900e-01 4.378020454701641029e-01 8.126040742494637925e-01 6.271106574661189370e-01
6.873074155396059481e-01 2.005118929353893122e+02 2.215888181326022277e-01 2.114023260096189460e-01 4.898745232029000363e-01 4.177741738194526988e-01 7.786851809091217547e-01 5.982977422096666942e-01
6.965330184327550578e-01 1.909789758218147426e+02 2.117391581383287757e-01 2.017511795692996657e-01 4.686677557894824986e-01 3.991498584264547844e-01 7.471067628663945470e-01 5.715993641364320865e-01
7.057586213259040564e-01 1.821345403780261449e+02 2.029432476128363305e-01 1.923060333465684835e-01 4.489255253796784473e-01 3.817904428289580210e-01 7.176445664763377863e-01 5.468009255176582428e-01
7.149842242190531660e-01 1.739142519579197312e+02 1.944020451849155506e-01 1.837288155919338806e-01 4.305086383576508524e-01 3.655743282294565688e-01 6.901014086955399307e-01 5.237151165807460984e-01
7.242098271122021647e-01 1.662611242417707729e+02 1.864271091518787671e-01 1.764456976891324302e-01 4.132944641055189550e-01 3.512231348531997810e-01 6.643032696377133561e-01 5.021777736879471377e-01
7.334354300053513853e-01 1.591245257620185214e+02 1.789653015271142067e-01 1.691164694424571735e-01 3.971745880290029618e-01 3.380081051032846062e-01 6.400960321022353128e-01 4.820444606928333542e-01
7.426610328985003839e-01 1.524593422052502092e+02 1.719697373976885046e-01 1.627790816177991928e-01 3.820528465701329424e-01 3.256142570770634848e-01 6.173427484361866391e-01 4.631876318096885825e-01
7.518866357916494936e-01 1.462252666178458185e+02 1.653988990017296601e-01 1.570152515754728029e-01 3.677455447062243366e-01 3.139713742362744142e-01 5.959213392654305608e-01 4.454942648688700046e-01
7.611122386847984922e-01 1.403861952521149874e+02 1.592158946263850794e-01 1.514973565079742457e-01 3.544104554087255110e-01 3.030168237553425570e-01 5.751518955687231482e-01 4.288638772226818219e-01
7.703378415779476018e-01 1.349097111466174113e+02 1.534423539498561695e-01 1.462259467882631725e-01 3.418915846906429579e-01 2.926945740359485626e-01 5.552116998816529758e-01 4.132068546272478216e-01
7.795634444710966005e-01 1.297666409451730942e+02 1.481169195392340043e-01 1.412386795636280112e-01 3.299911921743898802e-01 2.829543593441030680e-01 5.363888990246437061e-01 3.984430374300984568e-01
7.887890473642458211e-01 1.249306731487011888e+02 1.430862633732914446e-01 1.364559527795847771e-01 3.179437412595973456e-01 2.745139675078718255e-01 5.185937079124585125e-01 3.845005193453232550e-01
7.980146502573948197e-01 1.203780281301265802e+02 1.383653458332787523e-01 1.321289462745056653e-01 3.069067901839446222e-01 2.666709642654438994e-01 5.017453701916849695e-01 3.713146226952233064e-01
8.072402531505439294e-01 1.160871719496650911e+02 1.341743047624675000e-01 1.276345704364274525e-01 2.966350667805244257e-01 2.591374523554748066e-01 4.857710463810605006e-01 3.588270207971504533e-01
8.164658560436929280e-01 1.120385673808639382e+02 1.302277521422325890e-01 1.240731811794404393e-01 2.868858087232410981e-01 2.511213089426007627e-01 4.706048603029415744e-01 3.469849835711755759e-01
8.256914589368421487e-01 1.082144566681194675e+02 1.260373288191090069e-01 1.202258699787535079e-01 2.776207680751241469e-01 2.435130293710301430e-01 4.561870782034986860e-01 3.357407267580612142e-01
8.349170618299911473e-01 1.045986714405990483e+02 1.219061223934119198e-01 1.162970335690687307e-01 2.688051661032346829e-01 2.362924899788367838e-01 4.424633995672593301e-01 3.250508486097629657e-01
8.441426647231402569e-01 1.011764659390719459e+02 1.180190855952645279e-01 1.128453039690811011e-01 2.604073101439468019e-01 2.294303720399710755e-01 4.293843422387766395e-01 3.148758406534426513e-01
8.533682676162892555e-01 9.793437033587574092e+01 1.144645660724705749e-01 1.095639411306308375e-01 2.523982593715885514e-01 2.229140736715464755e-01 4.169047076515539629e-01 3.051796615309001481e-01
8.625938705094383652e-01 9.486006140335541659e+01 1.106920584928587914e-01 1.062897579253103686e-01 2.447515322873101695e-01 2.167205241732830245e-01 4.049831140814319497e-01 2.959293645610330259e-01
8.718194734025873638e-01 9.194224822255706897e+01 1.071134363518950749e-01 1.034335323167852039e-01 2.374428500381213780e-01 2.108286554335876417e-01 3.935815880663540156e-01 2.870947713484497399e-01
8.810450762957365844e-01 8.917057095777357745e+01 1.038041540772809412e-01 1.002745753456650846e-01 2.304499105383825963e-01 2.052052739830685368e-01 3.826652056133923452e-01 2.786481849122566246e-01
8.902706791888855831e-01 8.653551101409475166e+01 1.004457590930343258e-01 9.799467638933379021e-02 2.237521891670439800e-01 2.000660072616398111e-01 3.722017761764817578e-01 2.705641368518030276e-01
8.994962820820346927e-01 8.402831113632177562e+01 9.813066669958914190e-02 9.577984748123924419e-02 2.173307624547362593e-01 1.951766344245129403e-01 3.621615634731512046e-01 2.628191639069967778e-01
9.087218849751836913e-01 8.164090421113348839e+01 9.594506982456607602e-02 9.337908685633067307e-02 2.111681517102823591e-01 1.898543972336454999e-01 3.525170381111024653e-01 2.553916099716815324e-01
9.179474878683329120e-01 7.936584970607017908e+01 9.379291213535623228e-02 9.125188437458575663e-02 2.052928079125138083e-01 1.852114871393979456e-01 3.432426577485330199e-01 2.482614501990809686e-01
9.271730907614816886e-01 7.719627682443426409e+01 9.156844042327350053e-02 8.874417812921819859e-02 2.003095464017690119e-01 1.807761342895588541e-01 3.343146711353028877e-01 2.414101343299535074e-01
9.363986936546309092e-01 7.512583357879266543e+01 8.945223337200047808e-02 8.723021910920181199e-02 1.955368289295762452e-01 1.765277966670879550e-01 3.257109429045073057e-01 2.348204467793664207e-01
9.456242965477800189e-01 7.314864109113955237e+01 8.711197959509320299e-02 8.450477605555306582e-02 1.909633952305256344e-01 1.724620056634620369e-01 3.177372246606324779e-01 2.284763813631371931e-01
9.548498994409290175e-01 7.125925251771646174e+01 8.455461279106657457e-02 8.222044701558672841e-02 1.865750173977573922e-01 1.685715914459677833e-01 3.103596599750204632e-01 2.223630288347919759e-01
9.640755023340780161e-01 6.945261607375866220e+01 8.275292885431895229e-02 8.070052874921884722e-02 1.822561570037208867e-01 1.648171353624974245e-01 3.032438574542766219e-01 2.164664756473371199e-01
9.733011052272271257e-01 6.772404169956458020e+01 8.087384227174254647e-02 7.904404540670384449e-02 1.779705631243473363e-01 1.609374324306855897e-01 2.963739982012185692e-01 2.107737125641193643e-01
9.825267081203763464e-01 6.606917096641845433e+01 7.887487243185375974e-02 7.702416294677050246e-02 1.741158398178725975e-01 1.565147719816053495e-01 2.897352077976762530e-01 2.052725519147884370e-01
9.917523110135253450e-01 6.448394987021056579e+01 7.689498167114550142e-02 7.523822225435594646e-02 1.698892133205163191e-01 1.529000762116936585e-01 2.833134676942137276e-01 1.999515524453130411e-01
1.000977913906674344e+00 6.296460420309463757e+01 7.493590579961306730e-02 7.291076326960421738e-02 1.658082810561580800e-01 1.495769679969924937e-01 2.770955343414556182e-01 1.947999508355380271e-01
1.010203516799823564e+00 6.150761723063209274e+01 7.290031852652845146e-02 7.091217740109101442e-02 1.618654130687033899e-01 1.463746217579569020e-01 2.710688650857449034e-01 1.898075990659791046e-01
1.019429119692972563e+00 6.010970943389848031e+01 7.169124431619877669e-02 6.924131252599607933e-02 1.580534581283430384e-01 1.434675683478516817e-01 2.652215499596692894e-01 1.849649069060035345e-01
1.028654722586121562e+00 5.876782010404092205e+01 6.999854836963947946e-02 6.737334162379937652e-02 1.543657061530225860e-01 1.409570479881168126e-01 2.595422485914440358e-01 1.802627888745362839e-01
1.037880325479270560e+00 5.747909060114256619e+01 6.824662511288437372e-02 6.603869901652359431e-02 1.507958540251763679e-01 1.385635944344585369e-01 2.540201315313694863e-01 1.756926150858291180e-01
1.047105928372419781e+00 5.624084911062021774e+01 6.659812435645307005e-02 6.460821849989173415e-02 1.473379744633547261e-01 1.362688044217961192e-01 2.486448253617581372e-01 1.712461654506114428e-01
1.056331531265569001e+00 5.505059674901030320e+01 6.523717177005039503e-02 6.339956748653463592e-02 1.439591132596760303e-01 1.335803113693572186e-01 2.434063610047374482e-01 1.669155867429310547e-01
1.065557134158718000e+00 5.390599488737508693e+01 6.393077733811480812e-02 6.258480008386158033e-02 1.406616015668831210e-01 1.302723754554264701e-01 2.382951246871343187e-01 1.626933520824707102e-01
1.074782737051866999e+00 5.280485357493927268e+01 6.238839244291227715e-02 6.180457480908785328e-02 1.374595151110540314e-01 1.270940584934550088e-01 2.333018110529252453e-01 1.598854871070400918e-01
1.084008339945015997e+00 5.174512095818537460e+01 6.104699437186411615e-02 6.059919275048031295e-02 1.340176404008346367e-01 1.246879665104358992e-01 2.284173779359122136e-01 1.572323035733091956e-01
1.093233942838165218e+00 5.072487360172861059e+01 5.992129596737072461e-02 5.986687970156623351e-02 1.296808609466069129e-01 1.223192307889178210e-01 2.236330023222592445e-01 1.546831630532352619e-01
1.102459545731314217e+00 4.974230762706341835e+01 5.852213634626224348e-02 5.877301341633511811e-02 1.255332908343547160e-01 1.200543299530849595e-01 2.189400370365959247e-01 1.522343949408337949e-01
1.111685148624463215e+00 4.879573059383548639e+01 5.749915513489867180e-02 5.839062389013349730e-02 1.236048459727356885e-01 1.182903669118360312e-01 2.143299676839731660e-01 1.498826017325427529e-01
1.120910751517612436e+00 4.788355405582225899e+01 5.639147188401949506e-02 5.764607361043516676e-02 1.217033269822564989e-01 1.156561897587451426e-01 2.097943693691632916e-01 1.481951798093916750e-01
1.130136354410761435e+00 4.700428673033669469e+01 5.509296411756992029e-02 5.662735093508075579e-02 1.198242834246769917e-01 1.153694336036110712e-01 2.053248626932884235e-01 1.473514462090506072e-01
1.139361957303910433e+00 4.615652822549699863e+01 5.443332448049176264e-02 5.619749049887445835e-02 1.179759942255529381e-01 1.134045221708745999e-01 2.009130684980817705e-01 1.466104470339431032e-01
1.148587560197059654e+00 4.533896327462668552e+01 5.309418184680225750e-02 5.535894813367292500e-02 1.150486750410024683e-01 1.106142406999381933e-01 1.965505607851270042e-01 1.459725440358852211e-01
1.157813163090208652e+00 4.455035643118513633e+01 5.264671611070070867e-02 5.394163440277566224e-02 1.125749170193941495e-01 1.087508981044678080e-01 1.922288171827304382e-01 1.454384457375184070e-01
1.167038765983357873e+00 4.378954718092360565e+01 5.158083312493033645e-02 5.295423625540962576e-02 1.115085524959127383e-01 1.060715047246958420e-01 1.879391662630069959e-01 1.450092217156040419e-01
1.176264368876506872e+00 4.305544543048253558e+01 5.137438031164265340e-02 5.171084601992959051e-02 1.105609406114709259e-01 1.038787824859355169e-01 1.836727309247905282e-01 1.446863200060022336e-01
1.185489971769655870e+00 4.234702733336364133e+01 5.071860264303040822e-02 5.129089577812351308e-02 1.088660264343417339e-01 1.023119042682267832e-01 1.794203669503460219e-01 1.444715879004263570e-01
1.194715574662805091e+00 4.166333141490779468e+01 5.037714501918344467e-02 5.131402967254672376e-02 1.070443326784200622e-01 1.003318653767024671e-01 1.751725957111460730e-01 1.443672964467523911e-01
1.203941177555954090e+00 4.100345495755126279e+01 5.016327854357172100e-02 5.077381692243676525e-02 1.058672832933211794e-01 9.861504974578139127e-02 1.709195298397503393e-01 1.443761690126947883e-01
1.213166780449103088e+00 4.036655060596495304e+01 4.988144035988284486e-02 5.023588500727527162e-02 1.060767466791929792e-01 9.693243395539496987e-02 1.666507904862442047e-01 1.445014143194640610e-01
1.222392383342252087e+00 3.975182314824199636e+01 4.890498805231402457e-02 4.988544314377918454e-02 1.027199665775242465e-01 9.573366140329397922e-02 1.623554145437822172e-01 1.447467644016242616e-01
1.231617986235401307e+00 3.915852642384083993e+01 4.817346621189955158e-02 5.001646120084046743e-02 1.004664717554319964e-01 9.453455205358807234e-02 1.580217499391451952e-01 1.451165179956035445e-01
1.240843589128550528e+00 3.858596030062284399e+01 4.674257053365238335e-02 4.964386789453811843e-02 9.788109627604768548e-02 9.405631426118787886e-02 1.536373367362742215e-01 1.456155899002382625e-01
1.250069192021699527e+00 3.803346765124230444e+01 4.678177995559451574e-02 4.921698180400113642e-02 9.893505829126070239e-02 9.403866995134535500e-02 1.491887713813184746e-01 1.462495668802219484e-01
1.259294794914848525e+00 3.750043124199295619e+01 4.757417781623018982e-02 4.929432628412655504e-02 9.852798318247835141e-02 9.544237109766129379e-02 1.444590906421439058e-01 1.470247706877643168e-01
1.268520397807997524e+00 3.698627042308424961e+01 4.653061725286278261e-02 4.938956777840530776e-02 9.823238800245803759e-02 9.561373350474156041e-02 1.400428168806229223e-01 1.479483287437304284e-01
1.277746000701146745e+00 3.649043747561069750e+01 4.704444732182366806e-02 4.953478797255428390e-02 9.807385028989301645e-02 9.322755093062085052e-02 1.353133202509155808e-01 1.469118629772623308e-01
1.286971603594295521e+00 3.601241342332480855e+01 4.749222105357375767e-02 4.915022460070161969e-02 9.902450279074059836e-02 9.515963854728681781e-02 1.314704835497551016e-01 1.447152676574887664e-01
1.296197206487444742e+00 3.555170305129617248e+01 4.806212220190531070e-02 4.948371843472187948e-02 9.651073737295945421e-02 9.727590744694225577e-02 1.286973745711463835e-01 1.425760881106086231e-01
1.305422809380593963e+00 3.510782878060457790e+01 4.838090062040123485e-02 4.984633689277728763e-02 9.762615834346632937e-02 9.838507015328445959e-02 1.250879001217128916e-01 1.427174759152762817e-01
1.314648412273742961e+00 3.468032291675824297e+01 4.916483081564848590e-02 5.035173789519120646e-02 9.761300354401925006e-02 9.896157728029209011e-02 1.319204320339011360e-01 1.448123395333311692e-01
1.323874015166892182e+00 3.426871760214640972e+01 4.933221655721808929e-02 5.088676565365801707e-02 9.693434837836889528e-02 9.998773753584799806e-02 1.333328433653306888e-01 1.443515973416324982e-01
1.333099618060040958e+00 3.387253153375053216e+01 4.957291694489640577e-02 5.012560828487977460e-02 9.889005066457912108e-02 1.020026026958973375e-01 1.342358272952495213e-01 1.501994019584813600e-01
1.342325220953190179e+00 3.349125211729618457e+01 5.101519255632069871e-02 5.111891700357773516e-02 9.857391724315789361e-02 1.025900821389527096e-01 1.353205743377827730e-01 1.577905316118375367e-01
1.351550823846339400e+00 3.312431115819384075e+01 5.234619009473817641e-02 5.154406895019292278e-02 1.006164182710023169e-01 1.045251256907846482e-01 1.359716730410269747e-01 1.616034372707346733e-01
1.360776426739488176e+00 3.277105134515127816e+01 5.410337043478108399e-02 5.337948668838521371e-02 1.044049990892546020e-01 1.103918821541611806e-01 1.413141392373589156e-01 1.593694711575892597e-01
1.370002029632637397e+00 3.243067951856278341e+01 5.585606999818537588e-02 5.571638069659456960e-02 1.077788664401282404e-01 1.153728845165886696e-01 1.471704447438000329e-01 1.572228619686981688e-01
1.379227632525786396e+00 3.210220080080139837e+01 5.846493575596412029e-02 5.744738737750054725e-02 1.111289928132990212e-01 1.178095405444565813e-01 1.535861281750428020e-01 1.563688136950389662e-01
1.388453235418935616e+00 3.178432472477135917e+01 6.097034887352137389e-02 5.931646676056701040e-02 1.144856639224549610e-01 1.185303361552705326e-01 1.573420297571779258e-01 1.661185473578044025e-01
1.397678838312084837e+00 3.147532991594356133e+01 6.463904384136753833e-02 6.161679934788111268e-02 1.201832499587034420e-01 1.243200913433888388e-01 1.672717088885740111e-01 1.769793457717199203e-01
1.406904441205233613e+00 3.117286663697414895e+01 6.639110323969532601e-02 6.500850000480085100e-02 1.254382480223128482e-01 1.314854328777670389e-01 1.770111166001306913e-01 1.884338074493818738e-01
1.416130044098382834e+00 3.087366485563341811e+01 6.932556018530533493e-02 6.863500142829792594e-02 1.332895141804506522e-01 1.387112322124437469e-01 1.865265972608618483e-01 2.012351652659134515e-01
1.425355646991532055e+00 3.057309645021424416e+01 7.423303948234760696e-02 7.369476438515221162e-02 1.410648277302080089e-01 1.475542677112748891e-01 1.970781785503383787e-01 2.152709061654611844e-01
1.434581249884680831e+00 3.026450846796754490e+01 7.851088604765266155e-02 7.842832047000314333e-02 1.509029377578414710e-01 1.555815581010797644e-01 2.087961133943068148e-01 2.295204466561848733e-01
1.443806852777830052e+00 2.993819064399470520e+01 8.116246722619990805e-02 8.385932488058855938e-02 1.625093389231189178e-01 1.645057731328805062e-01 2.218183789280487872e-01 2.407612913903847129e-01
1.453032455670979051e+00 2.957974779691523892e+01 8.652335247743181412e-02 9.059522822263943453e-02 1.741995480898239634e-01 1.798278791810048460e-01 2.362800232932436018e-01 2.528397911368536199e-01
1.462258058564128271e+00 2.916748565292114037e+01 9.209374056018759802e-02 9.515066404814120915e-02 1.873447441988282947e-01 1.973383378276665212e-01 2.532264256561269633e-01 2.703486111912738465e-01
1.471483661457277492e+00 2.866813220654614369e+01 1.023508865584084049e-01 1.032942439062232154e-01 2.025694492073775166e-01 2.137032139844734502e-01 2.838411032159910974e-01 3.061323064000411875e-01
1.480709264350426269e+00 2.802971191454802380e+01 1.115213622998432186e-01 1.145574368980746272e-01 2.235660073583964902e-01 2.374011655632557449e-01 3.137224536334244362e-01 3.336184292869148749e-01
1.489934867243575489e+00 2.716952986606362686e+01 1.245948206579008399e-01 1.236751121729149361e-01 2.460792852172701828e-01 2.655854314057641830e-01 3.373167968631101132e-01 3.761838476553833743e-01
1.499160470136724488e+00 2.595392814710797325e+01 1.395720671350559883e-01 1.350039151219064593e-01 2.648374839358886845e-01 2.943981550352816612e-01 3.607744630394442709e-01 4.142182987271176842e-01
1.508386073029873486e+00 2.416539617074100477e+01 1.513861425958218376e-01 1.465118783923884394e-01 2.913100514180122502e-01 3.195043060979791960e-01 3.934292477913885477e-01 4.613075297436779465e-01
1.517611675923022485e+00 2.145650995741150524e+01 1.621179523948903523e-01 1.637653196307198300e-01 3.252273739347799619e-01 3.482321764481959292e-01 4.617812029055663459e-01 4.990724399619566043e-01
1.526837278816171706e+00 1.732292840376963028e+01 1.755745099316747826e-01 1.772215708310334037e-01 3.441094026705258102e-01 3.682076961253955005e-01 5.262480777084164174e-01 5.178418266796462888e-01
1.536062881709320926e+00 1.128612639181930533e+01 1.729741063901109044e-01 1.762770176196521987e-01 3.451749006201705328e-01 3.768122653689811585e-01 5.338053858282503228e-01 4.999016021436677448e-01
1.545288484602469925e+00 3.992067200028002638e+00 1.266810405757592406e-01 1.306007298994869004e-01 2.582805544726998193e-01 2.629296120435471451e-01 3.963097888082112163e-01 3.560207647074160597e-01
1.554514087495618924e+00 1.695531828480220937e-01 1.948862486513763814e-02 1.895065054484659783e-02 3.838491679110331289e-02 3.502735523170671939e-02 5.552214908103350610e-02 4.499048208254477488e-02
1.563739690388767922e+00 8.798309735873900195e+00 2.145195157619497195e-01 2.068457335729494417e-01 4.169383624964559942e-01 4.213797475294622785e-01 5.935175535509529254e-01 5.584243044351744345e-01
1.572965293281917143e+00 3.148206393960424521e+01 3.706382162507289024e-01 3.868867638488779903e-01 7.576314940652224550e-01 7.426049610522333921e-01 1.056567557624305209e+00 9.749679379667739454e-01
1.582190896175066142e+00 5.944002083173726447e+01 4.487325360451137612e-01 4.759296044544072402e-01 9.179878978931839129e-01 8.394304707225472839e-01 1.322638741720005839e+00 1.131119791596027824e+00
1.591416499068215140e+00 8.287473001117619731e+01 4.226712355577717517e-01 4.204476428906787078e-01 8.403357699545068726e-01 8.103238241037189482e-01 1.273379685454131049e+00 1.027588229196027214e+00
1.600642101961364361e+00 8.747862736351112289e+01 5.842339119043913342e-01 5.615717520905434412e-01 1.031622294841241683e+00 1.133795362880832158e+00 1.517183432516034713e+00 1.473917098228525902e+00
1.609867704854513359e+00 6.736638539705295159e+01 6.630691949847999922e-01 6.594838025173146434e-01 1.296648227118069485e+00 1.286703032227805465e+00 1.743125240250051888e+00 1.966084920779593403e+00
1.619093307747662580e+00 4.260358398516832068e+01 5.483744109709078884e-01 5.182414699544253267e-01 1.024856340525985843e+00 1.087304212836521344e+00 1.492584182987641839e+00 1.493964756793971560e+00
1.628318910640811579e+00 2.679097680649192625e+01 3.883987337338830059e-01 3.857992198220259183e-01 7.729105074126962904e-01 7.692015149351512093e-01 1.000355386602940655e+00 9.898206240585807336e-01
1.637544513533960577e+00 1.870792841519080341e+01 2.620300295496882370e-01 2.568358100374759090e-01 5.032456784379206738e-01 4.833592322128730245e-01 6.214946062063262389e-01 6.682151274865333335e-01
1.646770116427109798e+00 1.483928918434264865e+01 1.620263059434403630e-01 1.607681332333346091e-01 3.286835564822876421e-01 3.081806589318514256e-01 3.929147658539893229e-01 4.507287400054984516e-01
1.655995719320258575e+00 1.304463218130404911e+01 9.922810927476177767e-02 1.034747749592135335e-01 2.084020446740133536e-01 1.933088333686683313e-01 2.857026662434432041e-01 2.693337401730317993e-01
1.665221322213407795e+00 1.225989135270868857e+01 6.415097897575527952e-02 6.851402946965734486e-02 1.302700585102822828e-01 1.189504285274605166e-01 2.142490927160594083e-01 1.617128765272983770e-01
1.674446925106557016e+00 1.197081977552698717e+01 4.054680482575889755e-02 4.395521798665669166e-02 1.068849364936674817e-01 7.671980948204470963e-02 2.027454143770341943e-01 1.010470730116583837e-01
1.683672527999706015e+00 1.192473578797637579e+01 2.965729035619446563e-02 3.430560640186897103e-02 1.009463577857747651e-01 5.931065081678887907e-02 1.903349621802519209e-01 8.054325527744587987e-02
1.692898130892855235e+00 1.199433346175557169e+01 2.887092432817617293e-02 3.378731744905394407e-02 9.363124615628137803e-02 5.888154656335231607e-02 1.967311102965005887e-01 8.275480652493172329e-02
1.702123733786004012e+00 1.211412925870166468e+01 3.236564543141717820e-02 3.820771353544039073e-02 1.068703093508425184e-01 6.573633293814218348e-02 2.122422599321005521e-01 8.800353719997211499e-02
1.711349336679153232e+00 1.225009144980600340e+01 3.644037569469205096e-02 4.166790891177640788e-02 1.177965154133229220e-01 7.051145224615851248e-02 2.255164867182450905e-01 9.416252196837682220e-02
1.720574939572302453e+00 1.238463978131922616e+01 3.947226058620678657e-02 4.557123996937306742e-02 1.250740326959007831e-01 7.517598516783863261e-02 2.342731601414076437e-01 1.071295669620138113e-01
1.729800542465451230e+00 1.250898709916715212e+01 4.253595262037457303e-02 4.911001202068554505e-02 1.258503594180844232e-01 7.941749201802039693e-02 2.406056515250352135e-01 1.121789434378097639e-01
1.739026145358600450e+00 1.261911076799669651e+01 4.469741190407638953e-02 5.025092775215078689e-02 1.294764460339692391e-01 8.401890924542243511e-02 2.448869417480317168e-01 1.150259573110972156e-01
1.748251748251749449e+00 1.271357915094425373e+01 4.644564476389412278e-02 5.092708037920523623e-02 1.269643131464253116e-01 8.751876507554179341e-02 2.476681028580394184e-01 1.193010250261536953e-01
1.757477351144898670e+00 1.279235512569129440e+01 4.755586525106103579e-02 5.182385522424937108e-02 1.283335478391265383e-01 8.935000235341838959e-02 2.490230399399582240e-01 1.214107368868742043e-01
1.766702954038047890e+00 1.285612794733660103e+01 4.722749264116998802e-02 5.223097107893792668e-02 1.308619022624579742e-01 9.074929348618709923e-02 2.487138796822563336e-01 1.229256657126285290e-01
1.775928556931196667e+00 1.290593729673138945e+01 4.740881910117700215e-02 5.268500777945384073e-02 1.325080258715818360e-01 9.159041557589198135e-02 2.480677788455434296e-01 1.236972258131885383e-01
1.785154159824345887e+00 1.294296189703192468e+01 4.735872403888308213e-02 5.280313876733622180e-02 1.334838566887199818e-01 9.130850133454337936e-02 2.471804283276188841e-01 1.239233207567238537e-01
1.794379762717494886e+00 1.296840212603097164e+01 4.704114528838232445e-02 5.257452365570891573e-02 1.337516104446603293e-01 9.062025714856503100e-02 2.461224818698699579e-01 1.237458892447769188e-01
1.803605365610643885e+00 1.298341681506670753e+01 4.646820600251366784e-02 5.270785317474846465e-02 1.333527043202789031e-01 8.997421515588932550e-02 2.449464511668608679e-01 1.232704284933809902e-01
1.812830968503793105e+00 1.298909140194177425e+01 4.613782489845341672e-02 5.265756660914178156e-02 1.334771978801700953e-01 8.976322848951845401e-02 2.436915676159170374e-01 1.225761069405937320e-01
1.822056571396942104e+00 1.298642416637622965e+01 4.571864158880423190e-02 5.238091654969068145e-02 1.332589933984973385e-01 8.939571715840166632e-02 2.423872513615759061e-01 1.217227120518469263e-01
1.831282174290091325e+00 1.297632275761946907e+01 4.507702449766703978e-02 5.225238329333414811e-02 1.324221270572696341e-01 8.908432667815269212e-02 2.410556140019988192e-01 1.207556318453733013e-01
1.840507777183240323e+00 1.295960641406782443e+01 4.473024972335082339e-02 5.207801525433275458e-02 1.316747323437130746e-01 8.870725072420526658e-02 2.397132825992489558e-01 1.197094654595804997e-01
