9.225602893149067790e-04 1.240375564438580506e-04 2.535612614050784851e-06 6.442213730845213903e-06 2.856088298133774295e-05 9.999311393029671835e-06 9.348336666822337098e-05 1.399113502549943018e-05
1.014816318246397446e-02 1.263833141034366057e-04 2.577698302183247837e-06 6.563601132350465402e-06 2.914037890576433093e-05 1.019725158331738154e-05 9.549498085430704083e-05 1.426556009851399584e-05
1.937376607561304073e-02 1.288819320011430787e-04 2.622644886511843031e-06 6.692840540309673335e-06 2.975634231138171867e-05 1.040760139030407578e-05 9.762898031321696319e-05 1.455764984742924861e-05
2.859936896876210874e-02 1.315508958347338941e-04 2.670797402944943616e-06 6.830226554478804673e-06 3.041280946283704328e-05 1.063199772526631068e-05 9.989846874201242029e-05 1.486939674129916550e-05
3.782497186191117328e-02 1.344033858112591412e-04 2.722392491830112138e-06 6.975965306568450517e-06 3.111298444006207098e-05 1.087154415842543024e-05 1.023143756505630071e-04 1.520233968618972043e-05
4.705057475506025516e-02 1.374543591375209533e-04 2.782716224934938913e-06 7.131747957864735142e-06 3.186049818188730026e-05 1.112749199128572797e-05 1.048890687152468357e-04 1.555822403513365461e-05
5.627617764820931623e-02 1.407163459219425248e-04 2.848810077022887431e-06 7.300277955838861601e-06 3.265855073109684664e-05 1.140092352136198341e-05 1.076339006020806137e-04 1.593854930452133869e-05
6.550178054135838424e-02 1.442229869994516537e-04 2.919179890886953229e-06 7.478616827403443499e-06 3.351476710920724242e-05 1.169453501447304563e-05 1.105732169283184208e-04 1.634711645931522525e-05
7.472738343450743836e-02 1.479767850317126982e-04 2.992710474823668219e-06 7.670433838344846173e-06 3.443044039966273594e-05 1.200868593263511135e-05 1.137134563447509555e-04 1.678437819769624433e-05
8.395298632765652025e-02 1.520169350294309327e-04 3.072012079445584926e-06 7.876894509517784687e-06 3.541453610133871990e-05 1.234653618780221342e-05 1.170835034055396151e-04 1.725478302817170227e-05
9.317858922080557438e-02 1.563662286041610596e-04 3.153232749823173557e-06 8.114355983239560262e-06 3.647275731168941860e-05 1.271003071025956317e-05 1.207032683251377161e-04 1.776103339744093549e-05
1.024041921139546424e-01 1.610598873011467186e-04 3.231574111600568708e-06 8.359158015148023457e-06 3.761351069290219955e-05 1.310208744113790539e-05 1.246009569948910132e-04 1.830721007467975129e-05
1.116297950071036965e-01 1.661417025928655267e-04 3.314890237764503422e-06 8.638293593573410705e-06 3.884716667379347612e-05 1.352631218073946243e-05 1.288109813675544215e-04 1.889837081859696002e-05
1.208553979002527506e-01 1.716551648990147672e-04 3.405216612880978362e-06 8.945399126095892120e-06 4.018420202361376006e-05 1.398633121542998577e-05 1.333687986343098898e-04 1.952978973274687152e-05
1.300810007934018186e-01 1.776431409740539160e-04 3.520814645420152801e-06 9.278906722718895323e-06 4.163519571762953897e-05 1.448765180462807862e-05 1.383109559842315777e-04 2.021204457437178383e-05
1.393066036865509005e-01 1.841829719708544348e-04 3.663038860759278061e-06 9.642974154221915740e-06 4.321817323562317172e-05 1.503550480102538328e-05 1.436964131898357409e-04 2.095629287630557179e-05
1.485322065796999824e-01 1.913430953215295468e-04 3.792498313805821222e-06 1.003780195831492639e-05 4.494961875083639457e-05 1.563474745661899874e-05 1.495808674889812710e-04 2.174698721535669511e-05
1.577578094728490643e-01 1.991704150621963155e-04 3.928853772945211905e-06 1.045583947209096959e-05 4.684189854598660671e-05 1.628964665612126178e-05 1.560095070507381513e-04 2.261097568177579853e-05
1.669834123659981462e-01 2.078086404986007713e-04 4.078616300984283256e-06 1.090360418715721454e-05 4.892804873236821449e-05 1.701165182119149439e-05 1.630887426569227830e-04 2.356430157186148390e-05
1.762090152591472003e-01 2.173456181152423671e-04 4.235524870792583283e-06 1.143082653228309027e-05 5.122995489263690630e-05 1.780834025398984909e-05 1.708950406584852958e-04 2.461645351804691109e-05
1.854346181522962822e-01 2.279278654236943245e-04 4.409957082479192035e-06 1.199320087138166721e-05 5.378245528746611521e-05 1.869177429589155125e-05 1.795445095190773075e-04 2.578352308281128499e-05
1.946602210454453641e-01 2.397145162558305678e-04 4.607329096844968311e-06 1.260192045702824811e-05 5.662384042815949586e-05 1.967521672656597810e-05 1.891664294192158143e-04 2.708291462671740370e-05
2.038858239385944460e-01 2.528956726247958645e-04 4.855373446794274388e-06 1.332852023658954391e-05 5.979991470405395665e-05 2.077452944370232761e-05 1.999155263803417660e-04 2.853537162644551538e-05
2.131114268317435001e-01 2.677169891411414811e-04 5.148937051644840879e-06 1.413969270742514725e-05 6.336935800499887868e-05 2.198875030029505883e-05 2.119885664832275450e-04 3.016782199809152592e-05
2.223370297248925820e-01 2.844617534304447822e-04 5.464641538534373462e-06 1.503884635077482393e-05 6.740040422752169302e-05 2.338147335101045925e-05 2.256158357150167483e-04 3.201111383676887110e-05
2.315626326180416361e-01 3.034922646675920830e-04 5.842606891242761637e-06 1.605302875630476838e-05 7.197981924258475090e-05 2.496638138315093562e-05 2.410891899468177641e-04 3.410488440985884892e-05
2.407882355111907180e-01 3.252534329169071408e-04 6.252889449230461614e-06 1.719214765548540734e-05 7.721443301388829185e-05 2.677894975711917619e-05 2.587683413100759456e-04 3.649761544842895474e-05
2.500138384043397721e-01 3.503068863979784441e-04 6.712229196724505721e-06 1.853491494836312196e-05 8.323896719808796885e-05 2.886615680376539757e-05 2.791070373050288673e-04 3.929523286387912170e-05
2.592394412974888818e-01 3.793648355214807055e-04 7.254637652955931489e-06 2.013352226225935057e-05 9.022436777802431184e-05 3.128764299730813544e-05 3.026812480707947116e-04 4.259247977706707555e-05
2.684650441906379359e-01 4.133819059335193283e-04 7.946817989810267286e-06 2.197483569954880459e-05 9.839871764443143152e-05 3.412314491442637729e-05 3.302558494940920964e-04 4.645467033335325081e-05
2.776906470837869900e-01 4.535396060238338538e-04 8.658951647814246057e-06 2.413597549183639501e-05 1.080460978483149424e-04 3.747193002355130205e-05 3.627904945358053062e-04 5.101716678468511904e-05
2.869162499769360997e-01 5.014582781032097137e-04 9.517607212648012023e-06 2.671180639006410715e-05 1.195545678204685018e-04 4.146987944674609137e-05 4.015909844406606718e-04 5.646555869947341311e-05
2.961418528700851538e-01 5.593308304255823838e-04 1.066134097459537234e-05 2.979645897114408751e-05 1.334490665648245099e-04 4.629618710512060052e-05 4.484240468970347596e-04 6.305123593638409414e-05
3.053674557632342079e-01 6.301641800897453145e-04 1.205297917323145535e-05 3.353709848086337125e-05 1.504497233234994942e-04 5.219419018306545831e-05 5.057156509957222868e-04 7.111953285374411453e-05
3.145930586563833176e-01 7.182304261935403521e-04 1.378632894200048937e-05 3.817210583234858113e-05 1.715782904602305503e-04 5.952796041325020444e-05 5.769060619103909531e-04 8.116150414296365370e-05
3.238186615495323717e-01 8.297033148193875673e-04 1.597486046345654269e-05 4.402959466927899683e-05 1.983105904975149703e-04 6.881264632020397173e-05 6.669673496283940253e-04 9.385244067116314294e-05
3.330442644426814813e-01 9.738132514248789857e-04 1.860476565220827404e-05 5.153874921534921851e-05 2.328506820301777178e-04 8.081866226006815309e-05 7.833250124464432619e-04 1.100383881106121358e-04
3.422698673358305355e-01 1.164722626675072491e-03 2.213515344421756841e-05 6.165037569165368429e-05 2.785782572592336928e-04 9.672957578855663312e-05 9.373793240825220065e-04 1.314445678967505506e-04
3.514954702289795896e-01 1.425268453815294089e-03 2.692938707264734381e-05 7.533969073717362679e-05 3.409318022423320736e-04 1.184540751054446919e-04 1.147475644467996344e-03 1.605981231897661912e-04
3.607210731221286992e-01 1.793845671940739236e-03 3.426038619968739714e-05 9.491272373358234336e-05 4.290351014885444847e-04 1.492032991918961805e-04 1.444415786748026644e-03 2.017309127427240750e-04
3.699466760152777534e-01 2.338199013893319227e-03 4.437248667236212002e-05 1.245302059941933576e-04 5.589468730269929811e-04 1.946322077392573582e-04 1.882515074444694302e-03 2.628409789813706578e-04
3.791722789084268630e-01 3.185622875435919436e-03 6.148780684355143258e-05 1.692725164066069717e-04 7.607200369039780231e-04 2.651563873740585102e-04 2.563642473556354811e-03 3.586396810037065577e-04
3.883978818015759171e-01 4.589674303695711124e-03 8.698173572840688095e-05 2.445708599425671856e-04 1.093864215354184953e-03 3.824285626692460263e-04 3.690286062028170014e-03 5.173165795804412354e-04
3.976234846947249713e-01 7.071325646341120215e-03 1.341483686026724229e-04 3.768999956751915847e-04 1.679515165297064579e-03 5.905596961291769212e-04 5.677548601021706505e-03 7.968613014070645081e-04
4.068490875878740809e-01 1.156708578616050601e-02 2.216858953955295336e-04 6.152962926586017650e-04 2.731970364663948575e-03 9.627385494994557952e-04 9.271630276102740820e-03 1.296960785000335348e-03
4.160746904810231350e-01 1.817531281144631541e-02 3.436490078332007925e-04 9.695888624659879107e-04 4.268171638324588790e-03 1.487791374671778438e-03 1.457280001507415060e-02 2.030414825725902067e-03
4.253002933741722447e-01 2.030121345336539235e-02 3.782078684320573647e-04 1.095585014188521500e-03 4.788398377596200101e-03 1.669887545128138917e-03 1.638012329461949884e-02 2.227771970406484253e-03
4.345258962673212988e-01 1.400337502998332505e-02 2.611297281070734666e-04 7.532217159703872428e-04 3.345925055883729529e-03 1.161674206664322501e-03 1.137396958917619681e-02 1.571709598651703857e-03
4.437514991604703529e-01 8.076034486972050522e-03 1.512039035844823381e-04 4.320631150361332884e-04 1.945411259919578237e-03 6.707267848777981323e-04 6.572099256398639816e-03 9.108583958606693981e-04
4.529771020536194626e-01 4.785460214331444147e-03 8.886174759263967826e-05 2.548177394352561451e-04 1.156815879792214181e-03 3.963143917792670556e-04 3.892893605809448314e-03 5.331895433409788651e-04
4.622027049467684612e-01 3.035813155122796606e-03 5.689026804396547440e-05 1.596219649256623574e-04 7.349412136009388259e-04 2.508549553601924394e-04 2.466987650149662752e-03 3.352264676043238516e-04
4.714283078399175708e-01 2.050000579000227710e-03 3.858483980070112965e-05 1.079273246441343412e-04 4.965841840730762270e-04 1.690700257450453159e-04 1.663761857438519204e-03 2.248348244679083691e-04
4.806539107330666249e-01 1.455663951823025180e-03 2.727732636124426645e-05 7.659063773297479678e-05 3.526841301320533806e-04 1.198589961569278099e-04 1.179758904186751882e-03 1.601048992127972106e-04
4.898795136262157346e-01 1.075558109396791868e-03 2.025077976753339795e-05 5.655652342598932458e-05 2.605828181588400270e-04 8.843854761016785998e-05 8.703809838950706933e-04 1.186057266568236145e-04
4.991051165193647332e-01 8.202159970097806221e-04 1.549494871906143857e-05 4.299850112880450673e-05 1.986851700328514997e-04 6.738195576668946311e-05 6.626706460858142666e-04 9.068928060809678879e-05
5.083307194125139539e-01 6.417067157528275837e-04 1.216514260710544870e-05 3.366680527019938474e-05 1.553992744376168043e-04 5.269034029796578963e-05 5.175327308434944651e-04 7.112224338741651806e-05
5.175563223056629525e-01 5.127232867328479450e-04 9.730876242147420453e-06 2.686438336714909404e-05 1.241154155832206686e-04 4.206901086805666474e-05 4.127103986745951246e-04 5.693825790523419960e-05
5.267819251988120621e-01 4.169226192520929263e-04 7.842044666077840290e-06 2.191511136081299594e-05 1.008754243149617463e-04 3.417878263660206143e-05 3.348896714025860325e-04 4.637504732101107143e-05
5.360075280919610607e-01 3.440954179073960712e-04 6.477562786615011919e-06 1.812095648430467852e-05 8.320567636713546321e-05 2.821471329210760090e-05 2.757569325596924935e-04 3.832668879158657779e-05
5.452331309851101704e-01 2.876221881706339870e-04 5.446144243380628570e-06 1.516450196253693117e-05 6.950202621696668047e-05 2.358603562423579412e-05 2.299242511355087133e-04 3.207347546971186375e-05
5.544587338782591690e-01 2.430954851567176727e-04 4.654865232248735652e-06 1.281966052908548905e-05 5.869546359966337128e-05 1.993375741600833073e-05 1.938008566073502054e-04 2.713460231012077960e-05
5.636843367714083897e-01 2.074598303434099225e-04 3.991975640796406426e-06 1.092004815645976042e-05 5.004551699499013928e-05 1.700885707123760008e-05 1.649030175409568495e-04 2.317591079159633848e-05
5.729099396645573883e-01 1.785615970386951619e-04 3.452187107396125637e-06 9.371747945631985844e-06 4.303018789006616261e-05 1.463564272766323081e-05 1.414806493066823488e-04 1.996129246932556675e-05
5.821355425577064979e-01 1.548857214972566658e-04 3.033104244685308482e-06 8.103608807663489465e-06 3.728123129487107088e-05 1.271539372150719553e-05 1.222957054734601881e-04 1.732428460276446347e-05
5.913611454508554965e-01 1.352575677512565810e-04 2.642693425502476347e-06 7.057775018838667027e-06 3.251495427891549854e-05 1.112382437197417567e-05 1.064017079946604839e-04 1.513291537851394494e-05
6.005867483440046062e-01 1.188617012995872086e-04 2.324834033050061618e-06 6.208730222364175987e-06 2.853270275169631691e-05 9.738330001216396895e-06 9.312972398760787013e-05 1.327764676142173712e-05
6.098123512371537158e-01 1.050373621755139352e-04 2.064733859057560133e-06 5.446606587896274301e-06 2.517484032837054102e-05 8.593980149951087658e-06 8.194708522574924831e-05 1.171449303789286450e-05
6.190379541303028255e-01 9.330746395763386044e-05 1.841597538972550990e-06 4.845226610065739466e-06 2.232518037343066966e-05 7.651658011080449693e-06 7.246317803026128290e-05 1.038907642414695705e-05
6.282635570234518241e-01 8.329092801143933816e-05 1.653230942055673269e-06 4.332010303930585956e-06 1.989125798760828972e-05 6.853959689307809796e-06 6.436827291508921385e-05 9.263765281540770275e-06
6.374891599166009337e-01 7.467442866398441893e-05 1.492116428580472906e-06 3.882072211744343497e-06 1.779744217855397772e-05 6.131630133709899816e-06 5.741061328398083081e-05 8.302311159244328814e-06
6.467147628097499323e-01 6.723109909673710336e-05 1.353212437918817432e-06 3.484912965192834460e-06 1.598836280228911654e-05 5.504376758559321211e-06 5.140369811540559464e-05 7.471227693269590379e-06
6.559403657028991530e-01 6.076642091743374798e-05 1.231831674394847926e-06 3.149121698459421978e-06 1.441692061562236245e-05 4.959917977910108136e-06 4.619026256330478064e-05 6.748984579901688762e-06
6.651659685960481516e-01 5.512002107203897808e-05 1.129550122218899008e-06 2.852529304522452255e-06 1.304437893248188151e-05 4.487741060243395457e-06 4.164143645893039525e-05 6.117828560439363985e-06
6.743915714891972613e-01 5.017552864585139830e-05 1.031758842944323579e-06 2.590139247509838183e-06 1.184220360199086394e-05 4.080768690079547079e-06 3.766076695370129435e-05 5.564793022315684898e-06
6.836171743823462599e-01 4.582594673733757641e-05 9.506008203582575204e-07 2.367397519256511629e-06 1.078455998529617444e-05 3.722489053110727888e-06 3.416223681843015721e-05 5.078037556902074620e-06
6.928427772754953695e-01 4.198686569176068856e-05 8.781763104515297072e-07 2.165751759905984431e-06 9.850919260372564031e-06 3.406029846415826404e-06 3.107722140030407643e-05 4.648166844586276638e-06
7.020683801686443681e-01 3.858475117321660082e-05 8.147484048651897808e-07 1.979982986898865015e-06 9.023518102400349171e-06 3.125616203253300752e-06 2.834662099354796851e-05 4.267031998562807868e-06
7.112939830617935888e-01 3.556360680175880165e-05 7.574305718807954491e-07 1.820684518020851568e-06 8.288674304856471337e-06 2.876619408123693713e-06 2.592435481459469518e-05 3.928394761602415231e-06
7.205195859549425874e-01 3.287479287780565137e-05 7.056073032042268307e-07 1.685609769069514909e-06 7.634517844157415417e-06 2.655025622843308516e-06 2.377063958102217469e-05 3.626827653703956365e-06
7.297451888480916971e-01 3.046118666402197601e-05 6.600563287563705804e-07 1.563409441372843554e-06 7.047678875878369788e-06 2.456225920212386194e-06 2.184253546970084216e-05 3.356081090641257889e-06
7.389707917412406957e-01 2.831033423266597998e-05 6.125804465312093808e-07 1.448635923658435094e-06 6.524378619603955033e-06 2.279048357950073326e-06 2.012480505348380617e-05 3.114610137336535966e-06
7.481963946343899163e-01 2.637634910894090626e-05 5.748428746670226441e-07 1.350468281116786845e-06 6.053961316896851869e-06 2.120165748683743094e-06 1.858360998486986054e-05 2.897406570224670726e-06
7.574219975275389150e-01 2.463754073264062792e-05 5.407665424798424115e-07 1.256614137073504565e-06 5.631019110014339455e-06 1.979603097258459586e-06 1.720039925760184809e-05 2.702026064469456389e-06
7.666476004206880246e-01 2.306841340297327832e-05 5.099281788446065377e-07 1.170853057725560327e-06 5.249438433751516491e-06 1.852913882552399141e-06 1.595512044096540364e-05 2.525640768123677487e-06
7.758732033138370232e-01 2.165358656592178440e-05 4.814648682448751087e-07 1.093946501265518397e-06 4.905424787423058965e-06 1.738799491268306301e-06 1.483475671652299027e-05 2.366528693944879572e-06
7.850988062069861328e-01 2.037473760226250711e-05 4.567628062425355855e-07 1.023649714376365067e-06 4.594518776779394975e-06 1.635715983373809535e-06 1.382451799850206164e-05 2.222642960931491972e-06
7.943244091001351315e-01 1.921549998871477938e-05 4.337734713240417618e-07 9.600919295288638398e-07 4.312770193933616024e-06 1.542416632357191281e-06 1.291143363854001570e-05 2.092157685361045022e-06
8.035500119932843521e-01 1.816505056937325999e-05 4.132870754473347698e-07 9.056947406743377999e-07 4.057536768749648806e-06 1.458010741700913152e-06 1.208652178116122885e-05 1.973868707622542906e-06
8.127756148864333507e-01 1.721131201613398053e-05 3.973494815428937150e-07 8.558211406829401686e-07 3.825926023911382180e-06 1.381512981152065921e-06 1.134029480462617575e-05 1.866434991604143726e-06
8.220012177795824604e-01 1.634728044990365443e-05 3.797220951010232283e-07 8.108310002187891824e-07 3.616101261991525978e-06 1.309249939978091064e-06 1.066623580301655019e-05 1.769044282070821099e-06
8.312268206727314590e-01 1.556013639358275156e-05 3.611586303187928068e-07 7.705341630247079695e-07 3.425126022011380935e-06 1.244729473261257780e-06 1.005514815797078676e-05 1.680303597128523753e-06
8.404524235658805686e-01 1.484246669048649238e-05 3.438328468006612051e-07 7.334699269111129077e-07 3.251190504001235569e-06 1.189161134405826428e-06 9.500999123134412758e-06 1.599382584886771308e-06
8.496780264590296783e-01 1.418998633565184158e-05 3.302762840771697673e-07 6.981672541159701949e-07 3.093135610796310370e-06 1.138010187649436837e-06 8.999580910285840356e-06 1.525775573459833094e-06
8.589036293521787879e-01 1.359544657373198952e-05 3.177898588949784034e-07 6.664027681718654936e-07 2.949285862435665082e-06 1.091868793413326943e-06 8.545552404587555950e-06 1.458692263265276847e-06
8.681292322453277865e-01 1.305472317164235676e-05 3.063054604694492075e-07 6.387791636309586948e-07 2.818585958115945778e-06 1.049946137464852387e-06 8.135245430996253363e-06 1.397659272637538660e-06
8.773548351384768962e-01 1.256022082504413982e-05 2.971674006801850311e-07 6.153802064087709550e-07 2.699303093800763594e-06 1.011673621625882715e-06 7.763320868659609711e-06 1.341850068792542838e-06
8.865804380316258948e-01 1.211087455449162827e-05 2.926237590131246295e-07 5.940877592447138718e-07 2.591062617147682609e-06 9.769754321116261878e-07 7.428104631492201998e-06 1.291122293929123664e-06
8.958060409247751155e-01 1.170263238111393612e-05 2.795638972831940820e-07 5.740955348029349675e-07 2.492891259652300117e-06 9.453584912972388645e-07 7.126420595121138766e-06 1.245023763804283041e-06
9.050316438179241141e-01 1.132891596465226446e-05 2.693606586679614233e-07 5.570264293602532460e-07 2.403328876082424419e-06 9.139799939194574507e-07 6.853918524663481330e-06 1.202847322145725323e-06
9.142572467110732237e-01 1.098929238059369880e-05 2.610615528488754571e-07 5.403945781654191492e-07 2.322157466157479574e-06 8.837956708637903052e-07 6.609516266599656467e-06 1.164518583364992211e-06
9.234828496042222223e-01 1.068094324822716646e-05 2.522389152166902142e-07 5.255880788274282104e-07 2.248719863306352244e-06 8.597336590856162057e-07 6.391078641814819879e-06 1.129779316432603128e-06
9.327084524973712210e-01 1.040157250667497056e-05 2.416842494804248971e-07 5.092414506945123218e-07 2.182449843368422193e-06 8.377911512682845895e-07 6.196724444257615381e-06 1.100374592306349616e-06
9.419340553905202196e-01 1.014784624402446157e-05 2.365710311242470688e-07 4.972567394467905798e-07 2.122592058092986011e-06 8.190345182602832457e-07 6.024165254173945223e-06 1.074120825937114121e-06
9.511596582836694402e-01 9.919827706792432997e-06 2.321800882532872631e-07 4.846594014610622656e-07 2.069081759865474361e-06 8.033762933536566745e-07 5.872878382831996270e-06 1.054768067259335168e-06
9.603852611768185499e-01 9.712817909277953916e-06 2.279235983486423817e-07 4.741185844968186106e-07 2.020909178256698885e-06 7.861810653991011872e-07 5.740044588223295309e-06 1.037597795486435532e-06
9.696108640699675485e-01 9.528580706184775812e-06 2.233579782179230289e-07 4.655056585485224592e-07 1.978371014537081224e-06 7.709127682616385724e-07 5.626102768604712169e-06 1.016665509959686713e-06
9.788364669631165471e-01 9.361781502966875311e-06 2.185702050159726395e-07 4.579941924390533870e-07 1.940343257238529115e-06 7.571321729346857645e-07 5.522331824655794802e-06 9.974761746173764281e-07
9.880620698562656568e-01 9.220135481940615999e-06 2.141502940202134913e-07 4.496501448724173593e-07 1.908293793512334487e-06 7.455062194039607120e-07 5.438204891928470863e-06 9.811129867631708697e-07
9.972876727494148774e-01 9.084075034617174302e-06 2.107188882829389283e-07 4.422649916366220657e-07 1.878359682456913875e-06 7.332267393879035404e-07 5.364235806961540687e-06 9.669854818745500540e-07
1.006513275642563876e+00 8.969761723182730664e-06 2.082614171911527758e-07 4.366781352416004527e-07 1.853646613640653291e-06 7.224412056921584053e-07 5.307681553998671664e-06 9.563685964664227912e-07
1.015738878535712875e+00 8.870710403093222098e-06 2.052564443071760129e-07 4.316580306907579520e-07 1.832871600371470701e-06 7.141159121838550511e-07 5.265267355480962743e-06 9.475008194168193419e-07
1.024964481428862095e+00 8.786247724452672778e-06 2.036827673155834195e-07 4.273095711230351471e-07 1.815863098368403875e-06 7.069143554323226950e-07 5.236452150153527295e-06 9.403148646488118282e-07
1.034190084322011094e+00 8.714705754577376710e-06 2.010562875039329406e-07 4.241859348017007063e-07 1.802278540703681264e-06 7.007104544422603978e-07 5.220323123582394379e-06 9.346381815949955700e-07
1.043415687215160093e+00 8.656767529022263536e-06 1.983200263695273149e-07 4.215774957423376758e-07 1.792235124522893245e-06 6.976821790685020435e-07 5.217028446035016598e-06 9.305328437869033999e-07
1.052641290108309091e+00 8.610691704101562606e-06 1.925375973013101273e-07 4.184453074383914453e-07 1.785383291344139683e-06 6.965446894701479979e-07 5.225716420557137252e-06 9.278250583426213169e-07
1.061866893001458312e+00 8.576673240167781025e-06 1.917347304171948443e-07 4.170025198812233469e-07 1.781751366678822800e-06 6.964826462681561952e-07 5.246395759466670092e-06 9.265318231669725024e-07
1.071092495894607532e+00 8.553828825480360866e-06 1.909506684603367183e-07 4.153810807263979372e-07 1.781178080539820121e-06 6.968110544647537589e-07 5.278686595918250350e-06 9.265545182797979841e-07
1.080318098787756531e+00 8.542399287568097589e-06 1.902723238874374562e-07 4.159575260190440528e-07 1.783697944480529967e-06 6.971721978462042487e-07 5.322672064243058829e-06 9.279303515334407312e-07
1.089543701680905530e+00 8.541315608776065712e-06 1.899320086780343487e-07 4.154315503729466672e-07 1.789133437710136760e-06 6.985144353942405998e-07 5.377986195778255578e-06 9.305533886347799763e-07
1.098769304574054528e+00 8.550715826838491208e-06 1.879352538537052504e-07 4.185564962360539527e-07 1.797516776160248492e-06 7.008499724602113538e-07 5.444783971604113566e-06 9.344441304824772671e-07
1.107994907467203749e+00 8.571342135288519384e-06 1.880546899408039503e-07 4.223515898002462490e-07 1.808996893881807479e-06 7.042371432294533085e-07 5.523429808485697215e-06 9.396786446430815075e-07
1.117220510360352748e+00 8.601552966739689949e-06 1.875525398759663294e-07 4.253198456409700207e-07 1.823308003125705931e-06 7.085376710281266149e-07 5.613564863940287086e-06 9.461056524529363597e-07
1.126446113253501746e+00 8.641873408573146008e-06 1.850038379383415880e-07 4.312964500721350636e-07 1.840577495401792620e-06 7.137382980241195320e-07 5.715607761548622873e-06 9.538287456249761254e-07
1.135671716146650967e+00 8.692710992990925072e-06 1.853577460103742375e-07 4.360955770472808401e-07 1.860919219699985264e-06 7.199577891411529281e-07 5.829968634661357839e-06 9.652354757190120994e-07
1.144897319039799966e+00 8.754104297796871221e-06 1.844255489249000654e-07 4.410008296099433774e-07 1.884390817780186113e-06 7.272082334983782058e-07 5.957043010850105822e-06 9.780451068038034906e-07
1.154122921932948964e+00 8.826089030019709919e-06 1.858624229881541907e-07 4.471268319377806160e-07 1.911043181727593510e-06 7.337760273836576815e-07 6.097200719269434832e-06 9.922716019311734033e-07
1.163348524826097963e+00 8.908857027373227728e-06 1.877252049192368620e-07 4.538093939928762252e-07 1.941008151041038909e-06 7.404820642356328068e-07 6.251127477047887642e-06 1.007983198949954820e-06
1.172574127719247183e+00 9.002888871275987678e-06 1.883180229878580043e-07 4.602070510443113764e-07 1.974430472572322054e-06 7.498430287411494039e-07 6.419518742634785678e-06 1.023880451687328249e-06
1.181799730612396404e+00 9.108891346193396144e-06 1.904454617361745064e-07 4.688372203987648825e-07 2.011532930655273954e-06 7.622436823235843113e-07 6.603280265330729773e-06 1.034320647900457464e-06
1.191025333505545403e+00 9.226273548325763203e-06 1.896100706614058400e-07 4.775192669710278651e-07 2.052308926534547465e-06 7.758156911217962515e-07 6.802804662341439490e-06 1.046094289404348078e-06
1.200250936398694401e+00 9.357452096496214410e-06 1.904360844909393821e-07 4.869407166044353473e-07 2.097345630289163443e-06 7.907222014809261096e-07 7.020394454123685601e-06 1.064824332974529319e-06
1.209476539291843622e+00 9.502374807953872232e-06 1.933200850026717840e-07 4.975453915167069475e-07 2.146730095732461293e-06 8.058067345673359432e-07 7.256389957602878650e-06 1.085844528226464001e-06
1.218702142184992621e+00 9.661946983733804599e-06 1.948612469477043542e-07 5.123558814528059239e-07 2.200816558599348117e-06 8.222090167929855013e-07 7.512680011841095772e-06 1.108789577304888734e-06
1.227927745078141619e+00 9.837370575138516698e-06 1.993657292168809163e-07 5.252036453507970590e-07 2.259991231181463701e-06 8.421698695537207152e-07 7.790865016349619163e-06 1.133810373793959017e-06
1.237153347971290618e+00 1.002964719775184219e-05 2.031278410241365179e-07 5.375309913763467090e-07 2.324667571603099476e-06 8.639248913981741778e-07 8.093071788966905270e-06 1.161067550974426716e-06
1.246378950864439838e+00 1.024188472187617436e-05 2.043854972718030423e-07 5.535209986190193175e-07 2.395643489679942232e-06 8.884277621512491179e-07 8.422233149949531861e-06 1.190929016808240653e-06
1.255604553757589059e+00 1.047256292316979599e-05 2.028164695038553401e-07 5.695050198189943627e-07 2.472896170850252465e-06 9.139881606601413640e-07 8.779275186309302065e-06 1.223269435685710423e-06
1.264830156650738058e+00 1.072764853368849567e-05 2.011595979597634537e-07 5.855394753075998979e-07 2.557871568796193915e-06 9.394869912199981676e-07 9.169479846002970538e-06 1.258803539623752464e-06
1.274055759543887056e+00 1.100681766993379861e-05 2.011833056182313258e-07 6.050116959134114222e-07 2.650850781699834262e-06 9.707116116404422026e-07 9.594882947677347158e-06 1.297545212791688626e-06
1.283281362437036055e+00 1.131472082141127801e-05 2.021036839570236257e-07 6.282356443969936425e-07 2.753144907269608371e-06 1.003228110341995155e-06 1.006083553436702428e-05 1.340083895752813039e-06
1.292506965330185276e+00 1.165419529545717474e-05 1.982907302008309942e-07 6.532842371053917052e-07 2.865781847479111964e-06 1.039003388409762916e-06 1.057205396312022017e-05 1.386810417401860375e-06
1.301732568223334052e+00 1.203039512114865643e-05 2.046305808322540086e-07 6.853778901688512362e-07 2.990246005170470138e-06 1.078602166609575472e-06 1.113441995737472985e-05 1.438351528665209698e-06
1.310958171116483273e+00 1.244653025520954528e-05 2.089761040877218668e-07 7.166664162994358813e-07 3.127898069190027428e-06 1.123354528976166003e-06 1.175336639900752649e-05 1.495210360233161054e-06
1.320183774009632494e+00 1.290967532123658899e-05 2.139732485087579843e-07 7.545508583958445217e-07 3.280852216084186279e-06 1.170633303597655924e-06 1.243075942142039318e-05 1.558276348528761312e-06
1.329409376902781492e+00 1.342711911891151063e-05 2.190666441446087118e-07 7.880027205495732226e-07 3.451380493795875513e-06 1.224674772991899159e-06 1.318285564533464870e-05 1.628469880541387631e-06
1.338634979795930713e+00 1.400664323412654057e-05 2.195591753772127959e-07 8.315031479763055093e-07 3.642152394364275348e-06 1.285024489018267728e-06 1.402143037431974264e-05 1.706847823630899632e-06
1.347860582689079489e+00 1.465999946026756710e-05 2.218591174067166099e-07 8.740346246567324277e-07 3.856765977609143535e-06 1.350977468568002789e-06 1.496128773958655158e-05 1.794887296908912131e-06
1.357086185582228710e+00 1.539875485964703629e-05 2.144007403968312814e-07 9.258745715544814021e-07 4.099097068006792586e-06 1.422217522785319341e-06 1.601907281162535111e-05 1.894133775852821164e-06
1.366311788475377931e+00 1.623967584753729912e-05 2.163128257608695662e-07 9.870590238135153790e-07 4.374358693053377448e-06 1.502887779524339940e-06 1.721630929581326785e-05 2.006727712848806140e-06
1.375537391368526707e+00 1.720228186448522525e-05 2.384177389599906013e-07 1.053405171559878786e-06 4.688816145375355364e-06 1.599670356480313154e-06 1.857934294907747470e-05 2.125404033723609796e-06
1.384762994261675928e+00 1.831185440699055331e-05 2.394403514098183972e-07 1.134372922595594947e-06 5.050434821307748205e-06 1.716985139751691150e-06 2.014126386361273142e-05 2.260210336140667809e-06
1.393988597154824927e+00 1.959994458919969143e-05 2.396372093979945049e-07 1.229618083168391529e-06 5.469249989808318507e-06 1.852722961268652411e-06 2.194395996375433114e-05 2.415839739876697806e-06
1.403214200047974147e+00 2.110770347468570964e-05 2.547976501158404680e-07 1.341093469365679884e-06 5.958185441519947784e-06 2.012796992578341938e-06 2.404086704950508308e-05 2.597008609447057289e-06
1.412439802941123368e+00 2.288845596277917929e-05 2.563141454083312355e-07 1.467637249832951082e-06 6.534042471645560277e-06 2.196743504312306892e-06 2.650157793212293717e-05 2.809844016274150872e-06
1.421665405834272145e+00 2.501217185406104203e-05 2.642861183387377859e-07 1.614342866238332422e-06 7.218771404197895118e-06 2.412144837798201573e-06 2.941652981569056453e-05 3.062317982920026541e-06
1.430891008727421365e+00 2.757378617438754149e-05 2.852031565828089070e-07 1.796230882263399143e-06 8.042017532452617036e-06 2.684925061933928018e-06 3.290748937341492832e-05 3.365277661274949391e-06
1.440116611620570364e+00 3.070125604117704638e-05 3.105813742468622736e-07 2.010314555300127926e-06 9.043814227411650988e-06 3.008581858872934713e-06 3.713880726084235620e-05 3.733305516761317028e-06
1.449342214513719362e+00 3.457340393755455016e-05 3.349823013205734177e-07 2.273939392578377082e-06 1.027967735356811297e-05 3.407270342698358085e-06 4.233682440929612190e-05 4.186700654988455387e-06
1.458567817406868583e+00 3.944248949895040607e-05 3.500929266848492260e-07 2.608092821021877768e-06 1.182789728900995315e-05 3.906502968132840562e-06 4.882021261606001543e-05 4.754094445541816490e-06
1.467793420300017582e+00 4.567492485016700070e-05 3.942025121072320181e-07 3.054108349696885150e-06 1.380167020499811255e-05 4.536431198203301647e-06 5.704761695964648196e-05 5.493548457323796895e-06
1.477019023193166802e+00 5.381319447985497814e-05 4.511306897141093919e-07 3.625008805331362345e-06 1.636804127614409306e-05 5.353481646045645957e-06 6.769313787228351301e-05 6.554339364948068031e-06
1.486244626086316023e+00 6.468367462298113947e-05 5.312475254732750181e-07 4.371690432874937625e-06 1.978043270398462594e-05 6.437959714869172906e-06 8.177536480654812453e-05 7.977351593680143008e-06
1.495470228979464800e+00 7.957834755591951259e-05 5.838713982463979027e-07 5.395200372378260883e-06 2.443296969499861380e-05 7.954829528967230327e-06 1.008715262850120475e-04 9.936066161010488813e-06
1.504695831872614020e+00 1.005644786029641125e-04 6.554609536335933868e-07 6.836852984746068576e-06 3.095209675700123970e-05 1.006296140765422487e-05 1.274788111079817659e-04 1.270859715390702566e-05
1.513921434765763019e+00 1.309958142899656582e-04 8.544379831772620348e-07 8.925059657369173362e-06 4.034436789545801320e-05 1.306699208516106541e-05 1.655998912104325984e-04 1.647212188900217466e-05
1.523147037658912017e+00 1.762134883931077366e-04 1.203884149784441044e-06 1.202956480806738424e-05 5.418789870703709464e-05 1.762234840338685791e-05 2.215237767401467025e-04 2.194106986301374261e-05
1.532372640552061016e+00 2.437863065195883163e-04 1.751980725659188758e-06 1.662054906691835593e-05 7.464457118389441126e-05 2.448234538182037976e-05 3.045035945575882974e-04 2.998270239136833311e-05
1.541598243445210237e+00 3.396772630117609508e-04 2.615215689189085303e-06 2.298941817999958660e-05 1.031649246790355880e-04 3.393103847932585652e-05 4.208225531388061925e-04 4.210835662126090730e-05
1.550823846338359457e+00 4.498798765201004590e-04 3.785680198454600444e-06 3.053577879962314414e-05 1.348844020489585157e-04 4.450451826824766005e-05 5.521361984579563949e-04 5.586371756929864839e-05
1.560049449231508456e+00 5.123759166787733880e-04 4.685880683756539142e-06 3.442441730380378434e-05 1.511196233197203975e-04 4.972111326939811357e-05 6.275178125919276271e-04 6.307272964934789459e-05
1.569275052124657455e+00 4.685497622125642941e-04 3.691065729461047440e-06 3.117846416633246421e-05 1.360837164032219606e-04 4.588880802185304553e-05 5.726122646135551469e-04 5.766146139738284083e-05
1.578500655017806453e+00 3.617820845933872537e-04 2.933627029490985891e-06 2.387369217239735395e-05 1.037786410564499567e-04 3.511143589697714694e-05 4.376805064569116435e-04 4.521140014464780166e-05
1.587726257910955674e+00 2.614440040689077534e-04 2.080702419217036764e-06 1.704079090677519800e-05 7.412194065473494886e-05 2.507898188494850312e-05 3.103698673505326600e-04 3.256923555030029967e-05
1.596951860804104451e+00 1.889984789514490666e-04 1.748035798682388885e-06 1.212209848828476482e-05 5.288945404743756172e-05 1.799279079733997816e-05 2.188685011023948411e-04 2.289933157386916289e-05
1.606177463697253671e+00 1.402781749526227026e-04 1.424923876673791319e-06 8.821726850953966149e-06 3.867436550281802359e-05 1.315837327738197081e-05 1.578771032714062171e-04 1.705243148842291198e-05
1.615403066590402892e+00 1.075570850236153188e-04 1.340390376601687883e-06 6.666823649693269342e-06 2.916106460802460603e-05 9.976843874941131152e-06 1.173403358133455807e-04 1.315455158170999723e-05
1.624628669483551890e+00 8.509299326355437691e-05 1.166448956874141063e-06 5.202981832761938478e-06 2.265212796508885549e-05 7.802441134684341174e-06 8.980877828557897380e-05 1.044652358750215921e-05
1.633854272376701111e+00 6.923354045164598026e-05 1.017704250568757609e-06 4.172208744097907697e-06 1.807296772983192331e-05 6.267792434286916978e-06 7.057802591406908211e-05 8.415732100825674728e-06
1.643079875269850110e+00 5.772268982108218069e-05 8.644703080390924929e-07 3.405110087048898021e-06 1.476138584752867460e-05 5.122368442751544331e-06 5.676474313951291949e-05 6.946168501000103831e-06
1.652305478162999108e+00 4.915394282715797509e-05 7.787463117616492936e-07 2.872204662085715897e-06 1.230536311940394207e-05 4.326971107515011853e-06 4.662613195745384496e-05 5.855330403209516076e-06
1.661531081056148329e+00 4.262962436278435520e-05 7.426646799930868253e-07 2.445758409120384297e-06 1.044228831231516986e-05 3.704053846825480518e-06 3.907950359507459352e-05 5.027234236521845999e-06
1.670756683949297106e+00 3.756323373498823880e-05 7.000141483061398805e-07 2.119716806110586490e-06 9.000994471165377935e-06 3.233813046906595836e-06 3.326175347658246980e-05 4.386047656634987663e-06
1.679982286842446326e+00 3.356016561171816368e-05 6.639618381715451040e-07 1.877154199815943432e-06 7.866429870619585029e-06 2.827217638194587650e-06 2.869775680472031208e-05 3.880808090785025570e-06
1.689207889735595547e+00 3.034875261317641898e-05 6.200729591571458471e-07 1.666943800690921112e-06 6.959574795062619854e-06 2.530814598266761372e-06 2.506215962187529961e-05 3.476516811746788058e-06
1.698433492628744546e+00 2.773826627752940194e-05 5.788748502723411158e-07 1.500216488183370075e-06 6.225068979004740987e-06 2.298993237115479665e-06 2.212761378481376630e-05 3.148654173242547584e-06
1.707659095521893766e+00 2.559088476993051501e-05 5.583523335342933610e-07 1.376103235515230901e-06 5.622999408063191797e-06 2.100892448908458295e-06 1.973057536855368684e-05 2.879552916578574553e-06
1.716884698415042543e+00 2.380630917925119331e-05 5.300941623605599166e-07 1.268028858102561972e-06 5.124336245804549464e-06 1.940334712405830854e-06 1.775224125463280305e-05 2.656371308576783899e-06
1.726110301308191763e+00 2.230945633377594519e-05 4.891086127623131465e-07 1.171747693344354723e-06 4.707452296837743531e-06 1.805552982107821400e-06 1.610443563180603623e-05 2.469530591967372121e-06
1.735335904201340984e+00 2.104379923762961875e-05 4.765503020564633744e-07 1.092700521521025445e-06 4.356061016879778113e-06 1.687115742997484681e-06 1.472077612806943421e-05 2.311825063631848046e-06
1.744561507094489761e+00 1.996592558459013567e-05 4.633531655621756840e-07 1.029846722755914802e-06 4.057715692047999541e-06 1.586616005222791386e-06 1.355072024732478461e-05 2.177739012409060990e-06
1.753787109987638981e+00 1.904202887561148134e-05 4.565693406721521488e-07 9.722521102902520571e-07 3.802686437216860617e-06 1.500777238510560870e-06 1.255464787380206011e-05 2.062975459358556252e-06
1.763012712880787980e+00 1.824528508044101334e-05 4.304455854859595492e-07 9.268546432664124808e-07 3.583346705849216996e-06 1.426826608221144635e-06 1.170177479609799915e-05 1.964622976648508880e-06
1.772238315773937201e+00 1.755506406024411609e-05 4.184557057851004793e-07 8.854170862577389581e-07 3.393791029033721207e-06 1.362981588068908707e-06 1.096816758326033569e-05 1.893208723495078393e-06
1.781463918667086421e+00 1.695402816765949986e-05 4.008334805183332830e-07 8.527934124198275831e-07 3.229096238800395566e-06 1.307591404705040297e-06 1.033396173643483175e-05 1.820182162187795931e-06
1.790689521560235198e+00 1.642899464054959626e-05 3.931196660403633121e-07 8.242421526057785866e-07 3.085526377429289647e-06 1.259385401579615378e-06 9.784129787265505659e-06 1.752701847295366948e-06
1.799915124453384419e+00 1.596819834023210330e-05 3.866494327972489983e-07 7.955532023387114506e-07 2.959711940080253322e-06 1.216695928081904044e-06 9.304979801524230972e-06 1.693537816261783078e-06
1.809140727346533417e+00 1.556279853229168984e-05 3.787855078161667750e-07 7.693735929832694288e-07 2.849203037094548863e-06 1.176905254942681083e-06 8.886819297429713574e-06 1.641528290103156119e-06
1.818366330239682416e+00 1.520526147678375148e-05 3.702084081079893684e-07 7.493824875513537296e-07 2.751854937899830394e-06 1.144912417982635596e-06 8.520981455139520292e-06 1.595684464231460434e-06
1.827591933132831414e+00 1.488912484886067168e-05 3.640947327558502602e-07 7.295732274324934815e-07 2.665855800650547490e-06 1.115610027675231810e-06 8.200219960864329623e-06 1.555165022059700063e-06
1.836817536025980635e+00 1.460893402391646283e-05 3.655439647370871799e-07 7.146744946681193953e-07 2.589663232826467398e-06 1.089903132237016195e-06 7.918321939029054210e-06 1.519260334415405611e-06
1.846043138919129634e+00 1.436048447142576543e-05 3.598308087249995138e-07 6.997493966143414378e-07 2.522115135446534927e-06 1.069349235356155392e-06 7.670699502109753644e-06 1.487418821203275121e-06
1.855268741812278410e+00 1.413971656669425750e-05 3.580235862421807063e-07 6.892486365430031066e-07 2.462074246929867337e-06 1.052167143853161856e-06 7.452800040658310796e-06 1.459117187911852903e-06
1.864494344705427187e+00 1.394343847120990375e-05 3.536819522863363791e-07 6.760179988072040070e-07 2.408661825062914457e-06 1.034800204084776272e-06 7.261153709104852238e-06 1.433941166870537670e-06
1.873719947598576185e+00 1.376875342739417264e-05 3.537743865187966151e-07 6.630732673888433521e-07 2.361065578783344969e-06 1.019419434677605940e-06 7.092506238551476297e-06 1.412642562113847850e-06
1.882945550491724962e+00 1.361351235035956664e-05 3.520131295381630796e-07 6.494631773458156305e-07 2.318684950699915359e-06 1.005821572985414071e-06 6.944465103904554429e-06 1.395665829433637313e-06
1.892171153384873961e+00 1.347532023054544208e-05 3.499332607826404216e-07 6.369614218648076429e-07 2.280861804181042688e-06 9.937849618103484719e-07 6.814426255313272153e-06 1.380680313410024320e-06
1.901396756278022737e+00 1.335262860412628484e-05 3.481090324255551173e-07 6.308222967167300018e-07 2.247174175243984745e-06 9.831647761755165401e-07 6.700740719640223151e-06 1.367507154505175049e-06
1.910622359171171736e+00 1.324347016798270413e-05 3.457709033289869071e-07 6.238971789777900606e-07 2.217094548496279611e-06 9.737819631012286980e-07 6.601358738226336575e-06 1.355910784945161881e-06
1.919847962064320512e+00 1.314707287804352813e-05 3.432272314066966734e-07 6.160605201728072737e-07 2.190355843247591372e-06 9.655534619217431277e-07 6.515074831532903540e-06 1.345792314534610521e-06
1.929073564957469289e+00 1.306178106865224964e-05 3.423807559163668938e-07 6.083509696233962240e-07 2.166574586275453067e-06 9.583385224185659657e-07 6.440571697990349164e-06 1.336969739655382948e-06
1.938299167850618288e+00 1.298663036235711938e-05 3.420876260337291487e-07 6.017748960546966168e-07 2.145464767571932558e-06 9.520441400777626836e-07 6.376663325300062398e-06 1.329323817061434053e-06
1.947524770743767064e+00 1.292070009729472728e-05 3.424153661327507524e-07 5.970322071841085456e-07 2.126738485094688180e-06 9.466563010608292046e-07 6.322112886766532151e-06 1.322735287686411626e-06
1.956750373636916063e+00 1.286300270855839419e-05 3.447033587614232889e-07 5.940118560620116718e-07 2.110197840186109585e-06 9.426450132362482908e-07 6.276348281569949479e-06 1.317106341422627600e-06
1.965975976530064839e+00 1.281308859006764203e-05 3.472048576816336461e-07 5.915213960706411454e-07 2.095663055578642542e-06 9.393614444357545768e-07 6.238499595100857885e-06 1.312371445726556903e-06
1.975201579423213616e+00 1.277010828760075899e-05 3.490978246034909808e-07 5.911237577426944081e-07 2.082926589176076754e-06 9.367276550827279225e-07 6.207822126485553266e-06 1.308434607314253360e-06
1.984427182316362615e+00 1.273231285059548944e-05 3.454929788901037869e-07 5.908640030341291813e-07 2.071302185025625033e-06 9.344903989717342097e-07 6.181012167278297304e-06 1.305010367579823082e-06
1.993652785209511391e+00 1.270270801833559151e-05 3.444038401129823301e-07 5.903536706168281998e-07 2.062227853101378466e-06 9.331855227450760304e-07 6.165508315282975364e-06 1.302688595397491028e-06
2.002878388102660168e+00 1.267722460939060686e-05 3.445833282429618002e-07 5.914207910346492544e-07 2.053995555466900884e-06 9.321783931187523455e-07 6.152869683830239063e-06 1.300758960835316465e-06
2.012103990995809166e+00 1.265682141615774916e-05 3.447974308309391741e-07 5.900991700639431824e-07 2.047053299328159575e-06 9.316394786796939210e-07 6.145397297617857490e-06 1.299410256423013060e-06
2.021329593888958165e+00 1.264074033764519860e-05 3.427606419823932352e-07 5.881564357435282531e-07 2.041218612709950198e-06 9.314979820446894402e-07 6.142442994636495866e-06 1.298554787985188407e-06
2.030555196782107164e+00 1.262895654926955675e-05 3.405225586070120228e-07 5.873430751338989166e-07 2.036461150814617633e-06 9.317476062843032338e-07 6.143820923221868561e-06 1.298187428618417319e-06
2.039780799675255718e+00 1.262109285156235594e-05 3.405435861471151066e-07 5.853279936056577135e-07 2.032689139531239291e-06 9.311361953819275529e-07 6.149205009447624928e-06 1.298266157462085987e-06
2.049006402568404717e+00 1.261673184253773372e-05 3.410104304963686449e-07 5.844508448661107366e-07 2.029816751116068839e-06 9.298365916832110995e-07 6.158338568556107742e-06 1.298747879960064083e-06
2.058232005461553715e+00 1.261570209851968856e-05 3.416848957286444178e-07 5.836468721186782071e-07 2.027765491308154564e-06 9.287754174488550217e-07 6.170819562299734344e-06 1.299604540130072254e-06
2.067457608354702270e+00 1.261805709065900300e-05 3.421300420534071219e-07 5.837137294344975721e-07 2.026533615357044358e-06 9.280272356460744413e-07 6.186601046569253540e-06 1.300841994522703159e-06
2.076683211247851268e+00 1.262259283329791145e-05 3.429177499085119121e-07 5.840626004782287786e-07 2.025904708603173943e-06 9.274960909822583871e-07 6.205146630170473062e-06 1.302336355901151642e-06
2.085908814141000267e+00 1.263019348891567130e-05 3.431859590289032492e-07 5.835286076511401809e-07 2.025986395618205777e-06 9.272503892267133742e-07 6.226503912912056509e-06 1.304169008621333778e-06
2.095134417034148822e+00 1.264019832372229344e-05 3.425370158562230630e-07 5.824845766735215185e-07 2.026683380180979461e-06 9.279590828929258915e-07 6.250542719357098266e-06 1.306279581254468216e-06
2.104360019927297820e+00 1.265262300392112155e-05 3.416092472719412193e-07 5.826164733567347839e-07 2.027975125941286727e-06 9.294949799679636849e-07 6.277111630718496175e-06 1.308665571482439056e-06
2.113585622820446819e+00 1.266712594121935294e-05 3.405963600320916401e-07 5.827552518425133284e-07 2.029773958941547644e-06 9.303687196139381069e-07 6.305883459262195956e-06 1.311285508425908490e-06
2.122811225713595817e+00 1.268388230684881827e-05 3.393159291717121599e-07 5.830803428954625065e-07 2.032101351217427345e-06 9.314929100454638644e-07 6.336870177516287729e-06 1.314157183254935167e-06
2.132036828606744372e+00 1.270233114662058168e-05 3.380681694665188915e-07 5.841567449488853294e-07 2.034858085174837857e-06 9.327026747556928774e-07 6.369836451744474799e-06 1.317223733459216663e-06
2.141262431499893371e+00 1.272248559886767367e-05 3.378042009536908689e-07 5.862645321780966036e-07 2.038041068123556815e-06 9.340861074163715207e-07 6.404750543067920103e-06 1.320486593153668152e-06
2.150488034393042369e+00 1.274455097935917847e-05 3.378280617947672116e-07 5.884498245782258258e-07 2.041652341583325428e-06 9.356376142185364653e-07 6.441470468984999466e-06 1.323959340269009028e-06
2.159713637286190924e+00 1.276795374501683797e-05 3.372960715079495361e-07 5.906513959196152961e-07 2.045599863914102266e-06 9.373352187754213595e-07 6.479822864488399327e-06 1.327585922253600998e-06
2.168939240179339922e+00 1.279280773445554961e-05 3.370443544419369759e-07 5.929488569207562118e-07 2.049903956863415421e-06 9.391851984121943222e-07 6.519851386400493778e-06 1.331379789506111427e-06
2.178164843072488921e+00 1.281909753447579319e-05 3.375221073334450951e-07 5.953333179381089868e-07 2.054534954351560958e-06 9.411787850829990654e-07 6.561375242645702699e-06 1.335332994770283916e-06
2.187390445965637920e+00 1.284656378585318430e-05 3.378745745898746605e-07 5.977914523013653570e-07 2.059439210471642202e-06 9.432971072454740893e-07 6.604233865254803329e-06 1.339417384221924960e-06
2.196616048858786474e+00 1.287559619685460562e-05 3.376046643941285960e-07 6.003576216659209017e-07 2.064730507558568809e-06 9.455761460156061286e-07 6.648898785483644934e-06 1.343687551140149006e-06
2.205841651751935473e+00 1.290542013972335135e-05 3.373532589071849915e-07 6.029738273045608782e-07 2.070204345305666325e-06 9.479483411427578531e-07 6.694584884848839713e-06 1.348044264081942075e-06
2.215067254645084471e+00 1.293634763889508040e-05 3.371277914667569059e-07 6.056554582752839871e-07 2.075918554378773724e-06 9.504337837294559658e-07 6.741445187256388472e-06 1.352522196694942903e-06
2.224292857538233026e+00 1.296859622883923780e-05 3.369251808296962728e-07 6.084303964574737166e-07 2.081958913999027997e-06 9.530583695319818998e-07 6.789898049942206425e-06 1.357158182078313735e-06
2.233518460431382024e+00 1.300158008569861396e-05 3.367376388327071232e-07 6.112530344186520347e-07 2.088166557327250644e-06 9.557696861437031238e-07 6.839319438097618317e-06 1.361876155363292052e-06
2.242744063324531023e+00 1.303550500775321390e-05 3.364698347249514928e-07 6.140791513393841264e-07 2.094588195528686501e-06 9.585834099639242115e-07 6.889872520957827546e-06 1.366701531475394407e-06
2.251969666217680022e+00 1.306596609177288099e-05 3.360961955119593262e-07 6.156146949451267995e-07 2.099952025220647154e-06 9.610914136067526519e-07 6.936356297936363115e-06 1.371037134505439283e-06
2.261195269110828576e+00 1.310230840242417090e-05 3.357665190068258353e-07 6.187406806116974148e-07 2.106966288528189425e-06 9.641600866595856877e-07 6.989877665863309070e-06 1.376154947733460013e-06
2.270420872003977575e+00 1.313939894249954330e-05 3.354524704672125370e-07 6.218533214209596017e-07 2.114156901904958415e-06 9.673169869116840416e-07 7.044433781316173987e-06 1.381361021991091203e-06
2.279646474897126573e+00 1.317924670044639945e-05 3.351630288711538157e-07 6.247445075399173412e-07 2.122108869864681158e-06 9.707486371423371233e-07 7.102427796990305603e-06 1.386929676309905514e-06
2.288872077790275128e+00 1.321579626995083734e-05 3.348729985331306397e-07 6.273427165769847189e-07 2.129034644340376125e-06 9.738839278843167309e-07 7.156455445452906036e-06 1.392029747798562321e-06
2.298097680683424127e+00 1.325500498246164376e-05 3.346041656009850294e-07 6.303596857306549713e-07 2.136699392366462591e-06 9.772858673867582357e-07 7.213852071298763736e-06 1.397481919365413313e-06
2.307323283576573125e+00 1.329482783740605429e-05 3.343471245233297468e-07 6.336718508847408654e-07 2.144501258832760948e-06 9.807620270264481768e-07 7.272132702119210197e-06 1.403006369898051090e-06
2.316548886469722124e+00 1.333525363210947602e-05 3.341002697747614793e-07 6.371313416684024690e-07 2.152441645080125195e-06 9.843120977500038286e-07 7.331317326967496246e-06 1.408603295837692015e-06
2.325774489362870678e+00 1.337623417616437122e-05 3.338636802776411559e-07 6.405467427278202486e-07 2.160501030365882268e-06 9.879299163837787625e-07 7.391313977978954149e-06 1.414265182069400232e-06
2.335000092256019677e+00 1.341776601895945441e-05 3.336362912401119309e-07 6.439903277235866367e-07 2.168681033735551768e-06 9.916155438043815695e-07 7.452140129535434477e-06 1.419992707172930112e-06
2.344225695149168676e+00 1.346017013382499174e-05 3.334109203524104610e-07 6.474944422828040811e-07 2.177120913965066809e-06 9.954103255109344084e-07 7.514493173153439509e-06 1.425842019932049677e-06
2.353451298042317230e+00 1.350232706454149314e-05 3.332044868401415002e-07 6.508770996836614947e-07 2.185362630078567004e-06 9.991764348954514276e-07 7.576143953228389586e-06 1.431626721051818755e-06
2.362676900935466229e+00 1.354532690008127228e-05 3.329977947921870037e-07 6.538850799713498326e-07 2.193860982497881302e-06 1.003049885991380045e-06 7.639329397228912009e-06 1.437531465701151324e-06
2.371902503828615227e+00 1.358873224189226575e-05 3.327947243823408665e-07 6.567847147056822424e-07 2.202449275580988788e-06 1.006979868600054318e-06 7.703262499754765674e-06 1.443486919820615165e-06
2.381128106721764226e+00 1.363256463144443465e-05 3.324737089278607645e-07 6.597005882827910816e-07 2.211126187146652015e-06 1.010966274042915337e-06 7.767923022505743535e-06 1.449494355317675697e-06
2.390353709614912781e+00 1.367684340424474802e-05 3.320479881023134994e-07 6.630026512276839673e-07 2.219892157893240233e-06 1.015009098431328015e-06 7.834028180928158402e-06 1.455517397405727280e-06
2.399579312508061779e+00 1.372144991453654798e-05 3.316281327814356577e-07 6.659764813028089633e-07 2.228732407630975882e-06 1.019102584211375553e-06 7.904164902079602052e-06 1.460640047581223997e-06
2.408804915401210778e+00 1.376641004825778606e-05 3.312158896656694691e-07 6.691274822354087020e-07 2.237646144203255791e-06 1.023246823900074068e-06 7.974991497688193784e-06 1.465818307113793826e-06
2.418030518294359332e+00 1.381171282377653257e-05 3.308108013170943834e-07 6.718199535183087031e-07 2.246630647252579837e-06 1.027440743548151220e-06 8.046502470107638215e-06 1.471050709639710633e-06
2.427256121187508331e+00 1.385740048919750951e-05 3.304117394705722910e-07 6.749626570478741501e-07 2.255689205789320330e-06 1.031685448528424416e-06 8.118689277591576114e-06 1.476340829416644852e-06
2.436481724080657330e+00 1.390336555638046660e-05 3.298855680952456402e-07 6.781280693981829702e-07 2.264809227181307843e-06 1.035976101344284516e-06 8.191558343980387944e-06 1.481678220814504254e-06
2.445707326973806328e+00 1.394962093050050640e-05 3.293666513725810127e-07 6.813166878262474089e-07 2.273986736045153541e-06 1.040311674541020921e-06 8.265076286175269352e-06 1.487063252615719916e-06
2.454932929866954883e+00 1.399617012602352314e-05 3.288543383729237215e-07 6.845287745102267621e-07 2.283223051755586724e-06 1.044692469356871950e-06 8.339253682329914510e-06 1.492496219366536196e-06
2.464158532760103881e+00 1.404298283321706907e-05 3.280892793320073223e-07 6.877630221501377706e-07 2.292512254124712316e-06 1.049116355784131407e-06 8.414078951851442628e-06 1.497973771800662691e-06
2.473384135653252880e+00 1.409004450979427315e-05 3.272153628099952125e-07 6.910187974591919463e-07 2.301848879563007228e-06 1.053842270565213433e-06 8.489531027510930901e-06 1.503493881993906152e-06
2.482609738546401434e+00 1.413737058302960387e-05 3.263453677778622080e-07 6.943540594190043033e-07 2.311236682096163515e-06 1.058793829679793372e-06 8.565627329756401399e-06 1.509058138358366997e-06
2.491835341439550433e+00 1.418494435703238735e-05 3.254789960765329583e-07 6.982634937210174987e-07 2.320671402800043680e-06 1.063777572665387838e-06 8.642358331485478818e-06 1.514664524049535901e-06
2.501060944332699432e+00 1.423273035092384644e-05 3.246157595490902983e-07 7.021954340927771945e-07 2.330145339597366780e-06 1.068791057776504643e-06 8.719702294438279184e-06 1.520309089764971459e-06
2.510286547225848430e+00 1.428071293238345459e-05 3.237525702369751249e-07 7.061437980223834364e-07 2.339660833706980634e-06 1.073834295572962934e-06 8.797694814558602657e-06 1.525990763152786886e-06
2.519512150118996985e+00 1.432892859467917844e-05 3.227896465462333698e-07 7.095305514448076146e-07 2.349214060152025540e-06 1.078908479565229221e-06 8.876283778183900446e-06 1.531711920030532281e-06
2.528737753012145983e+00 1.437731878410106874e-05 3.218055418093422235e-07 7.135915833790937226e-07 2.358803327179122134e-06 1.084011127539475644e-06 8.955509905630258468e-06 1.537467523104151307e-06
2.537963355905294982e+00 1.442591582870792097e-05 3.208095450267397342e-07 7.180288893541392057e-07 2.368424766627944811e-06 1.089143352094679656e-06 9.035325202617621129e-06 1.543259666889065392e-06
2.547188958798443537e+00 1.447470295491470157e-05 3.197597339645446174e-07 7.221620121375237354e-07 2.378085401904781140e-06 1.094305509620965172e-06 9.115796636101420450e-06 1.549087702280315163e-06
2.556414561691592535e+00 1.452363367821155721e-05 3.196123384826367780e-07 7.259453616099431503e-07 2.387768368573414050e-06 1.099493708614667945e-06 9.196851310642322630e-06 1.554945784834427605e-06
2.565640164584741534e+00 1.457265824813378927e-05 3.185527595010784928e-07 7.296972161611522950e-07 2.397465228126424738e-06 1.104704916488968646e-06 9.278475074433019525e-06 1.560828855080087504e-06
2.574865767477890532e+00 1.462199810446837941e-05 3.182876870381943043e-07 7.334716743174571492e-07 2.407217647135464887e-06 1.110232531915415961e-06 9.360781989191599710e-06 1.566759628869700881e-06
2.584091370371039087e+00 1.467137104468724636e-05 3.173069389810783303e-07 7.372553362247029064e-07 2.416977054859628210e-06 1.115812224735044026e-06 9.443669593274664010e-06 1.572709554353203345e-06
2.593316973264188086e+00 1.472092887186183587e-05 3.163125107599711993e-07 7.410547467066257410e-07 2.426761927043662704e-06 1.121412922047208580e-06 9.527148357624054691e-06 1.578693034630057574e-06
2.602542576157337084e+00 1.477060492767135605e-05 3.152994889139824512e-07 7.450842228517090072e-07 2.436569023798473041e-06 1.127033247801689130e-06 9.611255677601045937e-06 1.584704248086015772e-06
2.611768179050485639e+00 1.482043937250574358e-05 3.142704596647016857e-07 7.494486631196984591e-07 2.446400684215632918e-06 1.132674598038072166e-06 9.695979360268666662e-06 1.590746657843304331e-06
2.620993781943634637e+00 1.487036255276497034e-05 3.132669516420341421e-07 7.536789165576393183e-07 2.456243277114741259e-06 1.138332092206781622e-06 9.781287211013173203e-06 1.596813007511363073e-06
2.630219384836783636e+00 1.492038977607542541e-05 3.125074203302659765e-07 7.578247240489340225e-07 2.466104262708482487e-06 1.144000205115849731e-06 9.867223395491428613e-06 1.602905392930828658e-06
2.639444987729932635e+00 1.497057548345433108e-05 3.117454670927973198e-07 7.617891294607019722e-07 2.475983693851499057e-06 1.149958029714169165e-06 9.953749557403397083e-06 1.609028176191380216e-06
2.648670590623081189e+00 1.502083298459782954e-05 3.109119090365949591e-07 7.649128614612636900e-07 2.485875393166008492e-06 1.156322375745273592e-06 1.004089908167237669e-05 1.615173665033680449e-06
2.657896193516230188e+00 1.507120651329683171e-05 3.100485568946624072e-07 7.680484914944909829e-07 2.495780857985025001e-06 1.162710008512512309e-06 1.012865116323200326e-05 1.621345522431274242e-06
2.667121796409379186e+00 1.512168647283371637e-05 3.099734072835461714e-07 7.724686521524134293e-07 2.505701212387915838e-06 1.169121652504451041e-06 1.021702717600656967e-05 1.627543201478797648e-06
2.676347399302527741e+00 1.517227049240769950e-05 3.107778750711532575e-07 7.774740590693260400e-07 2.515631659462535752e-06 1.175556047080931172e-06 1.030600111912879096e-05 1.633765838318903128e-06
2.685573002195676739e+00 1.522291889949004374e-05 3.115714542130335610e-07 7.824118949628414800e-07 2.525572594146510775e-06 1.182013182112739698e-06 1.039561307434530805e-05 1.640010336356936065e-06
2.694798605088825738e+00 1.527365928441799730e-05 3.123539405744805747e-07 7.873275859798312733e-07 2.535523125852632301e-06 1.188493664539566367e-06 1.048584130289889651e-05 1.646278873159164833e-06
2.704024207981974737e+00 1.532449682873498692e-05 3.131249539319249265e-07 7.913089350421291534e-07 2.545482472193087481e-06 1.194997427115238492e-06 1.057668068019894104e-05 1.652571686244834088e-06
2.713249810875123291e+00 1.537538783729233227e-05 3.138835430939721546e-07 7.951406134956176769e-07 2.555442851285490586e-06 1.201521970807037032e-06 1.066811852835724446e-05 1.658884380423147163e-06
2.722475413768272290e+00 1.542636597945726455e-05 3.146316345207801060e-07 7.988423967755737881e-07 2.565416704671125023e-06 1.208071916603893522e-06 1.076022003638182399e-05 1.665221221312478462e-06
2.731701016661421288e+00 1.547739373236053530e-05 3.153671835790161019e-07 8.025538022731135688e-07 2.575391242519272847e-06 1.214643104763494177e-06 1.085293175101940168e-05 1.671577638196245462e-06
2.740926619554569843e+00 1.552852270172529794e-05 3.160913594571342848e-07 8.062774659787246603e-07 2.585375349877576211e-06 1.221118756483741263e-06 1.094627981906381067e-05 1.677958904789794557e-06
2.750152222447718842e+00 1.557966320077096390e-05 3.168025563295919932e-07 8.100095869984711279e-07 2.595355583821049456e-06 1.225775285919606099e-06 1.104024999963900460e-05 1.684356180274535438e-06
2.759377825340867840e+00 1.563092336991637709e-05 3.169303150294041640e-07 8.137131915948386611e-07 2.605345512967794638e-06 1.230430274711354815e-06 1.113485237468107307e-05 1.690779894788959617e-06
