4.612801446574533726e-01 1.747275007187672827e+03 9.751819633256673114e-01 9.938670432261460519e-01 2.155812700025080630e+00 1.939001537869899039e+00 3.675881579041288205e+00 2.739580307177220675e+00
4.705057475506024267e-01 1.527961830891876389e+03 9.787668778149054560e-01 1.002210880615166388e+00 2.198347693193454688e+00 1.939642329389926090e+00 3.650738254942098138e+00 2.681456470211969645e+00
4.797313504437515363e-01 1.347137341718344942e+03 9.084841639571550331e-01 8.930686313067326410e-01 2.089614955135857599e+00 1.800872128059381794e+00 3.395830808582786631e+00 2.449099520496247351e+00
4.889569533369005905e-01 1.197720668289226978e+03 8.395686701264821750e-01 8.254452051257885614e-01 1.926514336086711410e+00 1.662283724239614457e+00 3.068529161118931370e+00 2.282574045678302355e+00
4.981825562300497001e-01 1.072907822526227392e+03 7.529392601952622499e-01 7.545405933035453927e-01 1.753818501250407280e+00 1.525525053028786715e+00 2.741853336317944922e+00 2.140466455784462596e+00
5.074081591231986987e-01 9.673860834322197206e+02 6.856953362140529862e-01 6.817967389659997934e-01 1.573491543098725742e+00 1.381750847609282573e+00 2.455541994076611445e+00 1.959734978060737376e+00
5.166337620163478084e-01 8.771764118907918828e+02 6.225746168239538747e-01 6.186343218593037818e-01 1.437950103120783751e+00 1.266907934811001724e+00 2.209040517749826904e+00 1.764403979484200136e+00
5.258593649094969180e-01 7.993001222737275384e+02 5.737857305707620981e-01 5.695398355286442893e-01 1.317643767398749333e+00 1.147950476231244465e+00 1.997579169279106281e+00 1.596708752569384160e+00
5.350849678026460277e-01 7.314999392372802731e+02 5.236098938903523958e-01 5.270575392562477646e-01 1.213670299504087779e+00 1.056848252225904616e+00 1.815757833317320546e+00 1.452453579375173831e+00
5.443105706957950263e-01 6.720380011435692040e+02 4.862056805255861036e-01 4.889159076452642694e-01 1.125176007893173846e+00 9.810611488668428137e-01 1.666757475216058992e+00 1.334038379779485695e+00
5.535361735889441359e-01 6.195546871243617488e+02 4.510405445188325757e-01 4.479963515767622084e-01 1.040706364756829316e+00 9.073543459342090500e-01 1.546024138278312421e+00 1.240584609834058938e+00
5.627617764820932456e-01 5.729701758595558658e+02 4.207911591790889361e-01 4.131081880866531719e-01 9.683901717106664364e-01 8.357671654871410283e-01 1.438452519610450508e+00 1.156758538811345716e+00
5.719873793752422442e-01 5.314151012590003802e+02 3.966651986165743438e-01 3.860264900574748026e-01 9.011916201892518075e-01 7.804135650173975591e-01 1.338467062979930233e+00 1.081394385163434890e+00
5.812129822683913538e-01 4.941809717962983086e+02 3.707563578822714589e-01 3.615580782806091520e-01 8.392696146291314108e-01 7.306111613273742478e-01 1.244146227066323718e+00 1.013445979927951157e+00
5.904385851615404635e-01 4.606841357296100341e+02 3.491453834143385393e-01 3.395448913722702855e-01 7.839930567773762959e-01 6.857053183553603048e-01 1.160088244056510121e+00 9.519956406078904365e-01
5.996641880546894621e-01 4.304391597488652792e+02 3.255566653729147220e-01 3.204571462017611339e-01 7.356631035452210199e-01 6.450859762315417356e-01 1.084813718914290348e+00 8.962475185313110160e-01
6.088897909478385717e-01 4.030388521906914434e+02 3.049835857898983704e-01 2.995895113776327889e-01 6.925441134809489085e-01 6.081326238868314249e-01 1.017100433624364086e+00 8.455150478973223471e-01
6.181153938409876814e-01 3.781390518200487350e+02 2.867217600974072411e-01 2.800983378231194365e-01 6.533586803822686306e-01 5.744866462799791407e-01 9.559317657744372809e-01 7.992069720633026009e-01
6.273409967341367910e-01 3.554468881894121637e+02 2.715857986538594560e-01 2.651452276647887629e-01 6.176274373761430070e-01 5.409105180671645030e-01 9.004511499616114634e-01 7.568139357009044943e-01
6.365665996272857896e-01 3.347116087420021699e+02 2.576877763938796306e-01 2.509850554824879509e-01 5.849418624815712064e-01 5.133095485875855957e-01 8.499564900985205895e-01 7.178964310037372343e-01
6.457922025204348992e-01 3.157173302858137731e+02 2.448932300395654238e-01 2.374024091814703752e-01 5.549523941880920574e-01 4.878989787683281065e-01 8.038447766229523950e-01 6.820743156922617345e-01
6.550178054135840089e-01 2.982772520617671717e+02 2.323725275257402245e-01 2.248229112449280365e-01 5.273586723321841419e-01 4.644460263561427382e-01 7.616034810517930964e-01 6.490178609257668541e-01
6.642434083067330075e-01 2.822289923259514239e+02 2.187187192017177040e-01 2.133243569647333970e-01 5.019015335934113864e-01 4.427411746278266946e-01 7.227946563215255082e-01 6.184401806025903170e-01
6.734690111998820061e-01 2.674307981878662304e+02 2.088632911779768619e-01 2.029373338672826321e-01 4.783311352792338766e-01 4.225943809952923402e-01 6.870421779073581092e-01 5.900908609412454098e-01
6.826946140930312268e-01 2.537584411517284479e+02 1.992979843165301190e-01 1.945124348756337440e-01 4.564569390070118970e-01 4.029118720469284654e-01 6.558225871102081328e-01 5.637506110857941621e-01
6.919202169861803364e-01 2.411026561706082987e+02 1.907528314746400611e-01 1.863508428598379396e-01 4.361339751555135535e-01 3.846111023167964049e-01 6.269448947789442173e-01 5.392267718934817822e-01
7.011458198793293350e-01 2.293670152493865544e+02 1.830558749176702804e-01 1.780089519813543575e-01 4.172121045880317070e-01 3.676063363528498940e-01 6.000135650448612523e-01 5.163495412922145533e-01
7.103714227724783337e-01 2.184661512554251885e+02 1.758570668825427674e-01 1.701507927949421628e-01 3.995592799304574783e-01 3.517651262026788572e-01 5.748525912636353041e-01 4.949687960268249753e-01
7.195970256656274433e-01 2.083242660464034941e+02 1.687215858063666474e-01 1.632383253957243596e-01 3.833845368591255465e-01 3.369767817044930780e-01 5.513057945846639996e-01 4.749514092211768457e-01
7.288226285587766640e-01 1.988738709926527690e+02 1.618178919638637581e-01 1.568232871437658105e-01 3.685257446568925843e-01 3.231446744806305560e-01 5.292341854668904944e-01 4.561789802807538763e-01
7.380482314519256626e-01 1.900547186494306402e+02 1.553580782481560618e-01 1.507740233412846464e-01 3.538590947638340367e-01 3.101911206580325597e-01 5.085137226663789534e-01 4.385459081487397270e-01
7.472738343450746612e-01 1.818128925718465041e+02 1.493659481417353163e-01 1.450716003373315743e-01 3.395493279378172247e-01 2.980392762833616871e-01 4.890334041672304011e-01 4.219577510211536264e-01
7.564994372382237708e-01 1.741000286736783949e+02 1.437533691216685838e-01 1.396525050169543647e-01 3.267650759928528714e-01 2.866207082039977649e-01 4.706936359477822407e-01 4.063298256129144193e-01
7.657250401313729915e-01 1.668726465570404685e+02 1.385886772659716826e-01 1.345888869410316602e-01 3.147152017743906072e-01 2.758742930513733427e-01 4.534048338892091579e-01 3.915860072796704117e-01
7.749506430245219901e-01 1.600915732102563140e+02 1.338075520302766108e-01 1.297997630975373795e-01 3.033413061756675688e-01 2.657452823753203575e-01 4.370862218516720077e-01 3.776576990196645056e-01
7.841762459176709887e-01 1.537214446304876674e+02 1.290242458207444542e-01 1.252643177666072916e-01 2.925907878529585560e-01 2.561845057370533141e-01 4.216647952857499604e-01 3.644829428906746216e-01
7.934018488108200984e-01 1.477302734569819336e+02 1.245065210836742153e-01 1.209636824488029561e-01 2.824161537319582749e-01 2.471476888346444412e-01 4.070744249336826215e-01 3.520056518778176269e-01
8.026274517039692080e-01 1.420890727391746395e+02 1.202340674719550861e-01 1.168807174927906090e-01 2.727744240853837709e-01 2.385948679435330178e-01 3.932550794381484138e-01 3.401749439422872001e-01
8.118530545971182066e-01 1.367715276153134596e+02 1.161885273519942530e-01 1.129998217712113728e-01 2.636266175744310658e-01 2.304898853147108184e-01 3.801521491721757684e-01 3.289445630115324093e-01
8.210786574902672053e-01 1.317537080229693345e+02 1.125883267735048321e-01 1.094642559091028033e-01 2.549373041358080627e-01 2.227999528865325374e-01 3.677158564906335414e-01 3.182723741599318146e-01
8.303042603834164259e-01 1.270138166652201903e+02 1.092620682093610185e-01 1.062130102755105554e-01 2.466742156276495734e-01 2.154952738498394638e-01 3.559007399805551586e-01 3.081199222895918410e-01
8.395298632765655356e-01 1.225319673592152867e+02 1.060834007391378009e-01 1.031103789080276556e-01 2.388079057851655307e-01 2.085487133692964790e-01 3.446652022198577470e-01 2.984520452903751675e-01
8.487554661697145342e-01 1.182899896524013883e+02 1.030383142927178142e-01 1.001469952589388868e-01 2.313114524482529077e-01 2.019355112478820047e-01 3.339711122715272040e-01 2.892365341263882783e-01
8.579810690628635328e-01 1.142712562012973336e+02 1.001298963376626716e-01 9.728101050131954253e-02 2.241601960820389650e-01 1.955279759305170728e-01 3.236288396350204266e-01 2.804438333826482221e-01
8.672066719560127535e-01 1.104605299356295660e+02 9.736502002151325996e-02 9.434761099409172402e-02 2.173315095859322810e-01 1.893821745584318705e-01 3.135005446046790212e-01 2.720467768374561501e-01
8.764322748491618631e-01 1.068438284600766934e+02 9.466915073883797049e-02 9.142096914740704960e-02 2.108045951389811989e-01 1.835126374179623099e-01 3.041953196785129876e-01 2.640203534163845234e-01
8.856578777423108617e-01 1.034083035108927646e+02 9.193442629724302151e-02 8.858437889728065784e-02 2.045603044702772877e-01 1.779014217926970787e-01 2.954458325532698382e-01 2.563414995649253569e-01
8.948834806354598603e-01 1.001421335913969273e+02 8.937731040596474941e-02 8.603078564357247160e-02 1.985809794800843520e-01 1.725319957426449946e-01 2.870692500617622045e-01 2.489889146527843877e-01
9.041090835286089700e-01 9.703442816951648808e+01 8.702903906777237353e-02 8.364331955641546301e-02 1.928503105844185939e-01 1.673891009338746017e-01 2.790430127810026306e-01 2.419428964992675901e-01
9.133346864217581906e-01 9.407514204051757645e+01 8.477105492320902158e-02 8.135577793684944936e-02 1.873532105325494967e-01 1.627929374970165100e-01 2.713462453887700576e-01 2.351851945195164717e-01
9.225602893149071893e-01 9.125499864494197766e+01 8.257765051227750064e-02 7.901798828250150564e-02 1.820757017629546226e-01 1.586798621047194047e-01 2.639596035095905791e-01 2.286988783342422948e-01
9.317858922080561879e-01 8.856542129125082852e+01 8.043212683712397393e-02 7.671814015438371825e-02 1.770048156315624510e-01 1.542702693439537143e-01 2.568651365494076799e-01 2.224682199766903068e-01
9.410114951012052975e-01 8.599847136900839928e+01 7.836592470744108141e-02 7.435482349271183011e-02 1.721285020741305516e-01 1.500197687802966584e-01 2.500461646063030230e-01 2.164785880805197849e-01
9.502370979943544071e-01 8.354679275534364535e+01 7.637468278555559209e-02 7.201185014483257874e-02 1.674355484543781358e-01 1.459322083399285930e-01 2.434871677954077995e-01 2.107163526440416490e-01
9.594627008875034058e-01 8.120356171790173505e+01 7.445433280634006223e-02 6.975003908627286364e-02 1.629155065177201323e-01 1.419981876487383943e-01 2.371736865445370768e-01 2.051687991463779781e-01
9.686883037806525154e-01 7.896244170404766294e+01 7.259869094528426103e-02 6.757007503718170938e-02 1.585586265070162426e-01 1.382089430731099355e-01 2.310922315995753706e-01 1.998240509485356142e-01
9.779139066738016250e-01 7.681754248080679304e+01 7.074545418552702358e-02 6.585573531953059501e-02 1.543557976181944014e-01 1.345562924827703455e-01 2.252302026387695832e-01 1.946709990434669635e-01
9.871395095669507347e-01 7.476338315474528429e+01 6.896326790004536633e-02 6.422290694395371702e-02 1.502984940773615108e-01 1.310325852864906437e-01 2.195758145303301490e-01 1.896992383355069478e-01
9.963651124600997333e-01 7.279485865701752800e+01 6.740287802955435836e-02 6.263829604132808981e-02 1.463787262066631456e-01 1.276306571383543087e-01 2.141180303854639533e-01 1.848990097277294353e-01
1.005590715353248843e+00 7.090720932759060702e+01 6.584764149584998449e-02 6.106965581918188946e-02 1.425889959255783879e-01 1.243437887805782793e-01 2.088465006595185969e-01 1.802611473811026599e-01
1.014816318246397842e+00 6.909599327498456489e+01 6.425400308042128472e-02 5.963354308302371010e-02 1.390681989264095364e-01 1.211656685564292957e-01 2.037515076410159054e-01 1.757770305836743319e-01
1.024041921139547062e+00 6.735706122494087822e+01 6.265619199668037709e-02 5.806075317696013371e-02 1.359908382426908702e-01 1.180903581785202050e-01 1.988239147444090804e-01 1.714385397311843917e-01
1.033267524032696061e+00 6.568653360365931348e+01 6.107776765180972234e-02 5.655879586734613440e-02 1.330259012865866453e-01 1.151000819202323555e-01 1.940551200858493530e-01 1.672380159756698959e-01
1.042493126925845059e+00 6.408077962950885365e+01 5.984790006428397646e-02 5.522229489463370555e-02 1.301683277991116938e-01 1.124990514108219486e-01 1.894370138796972469e-01 1.631682241483005669e-01
1.051718729818994280e+00 6.253639821188846071e+01 5.867625271822873856e-02 5.395328437995061677e-02 1.274133847462479707e-01 1.101855315163362548e-01 1.849619392394998840e-01 1.592223186006620494e-01
1.060944332712143279e+00 6.105020047755858315e+01 5.754354467325839551e-02 5.288144194973654066e-02 1.247566445538978996e-01 1.079538368654553437e-01 1.806226560106836132e-01 1.553938116491906385e-01
1.070169935605292277e+00 5.961919376383887936e+01 5.619443999282225377e-02 5.180281851764334533e-02 1.221939654181767310e-01 1.058004666898071378e-01 1.764123072978946993e-01 1.516765443340020170e-01
1.079395538498441276e+00 5.824056693478219415e+01 5.488691958521485503e-02 5.066809093513313655e-02 1.197214735247698059e-01 1.037221311933436141e-01 1.723243883790388509e-01 1.480646592336256617e-01
1.088621141391590497e+00 5.691167689108260674e+01 5.383842938839222825e-02 4.968338532365379479e-02 1.173355470316082005e-01 1.017157381347857381e-01 1.683527177254831031e-01 1.445525750977907364e-01
1.097846744284739717e+00 5.563003615740498731e+01 5.278476917707308758e-02 4.868432882352635716e-02 1.150328016931965180e-01 9.977838058163968071e-02 1.644914098683045722e-01 1.411349630806242317e-01
1.107072347177888716e+00 5.439330144209992568e+01 5.159181985590066688e-02 4.787282061381148424e-02 1.128100780231875433e-01 9.768404226755222908e-02 1.607348498682199534e-01 1.378067243735685565e-01
1.116297950071037715e+00 5.319926307416248079e+01 5.048358704718225454e-02 4.698712682395012052e-02 1.106644489907466777e-01 9.520194241591184436e-02 1.570776691601452058e-01 1.345629690500089737e-01
1.125523552964186713e+00 5.204583523090418851e+01 4.954525653205621438e-02 4.607908323990272947e-02 1.085812981343110550e-01 9.277349761066489009e-02 1.535147225528774584e-01 1.316548946741917803e-01
1.134749155857335934e+00 5.093104687729656632e+01 4.858954359710310200e-02 4.525501181261404327e-02 1.060190172991966051e-01 9.105975091349449713e-02 1.500410661713615923e-01 1.290541584160038724e-01
1.143974758750484932e+00 4.985303334433657341e+01 4.752910440538471448e-02 4.448366759527289105e-02 1.035174004750061272e-01 8.943593679273220687e-02 1.466519361300910873e-01 1.265323606039885362e-01
1.153200361643633931e+00 4.881002847923979004e+01 4.646276761500445218e-02 4.371768700863754020e-02 1.010730079976625007e-01 8.785830805945948896e-02 1.433427277249847975e-01 1.240862785010747871e-01
1.162425964536783152e+00 4.780035730475395184e+01 4.546859932482050226e-02 4.314122241723339357e-02 9.868250691065583169e-02 8.633527062131918228e-02 1.401089749244235350e-01 1.217128584010325199e-01
1.171651567429932372e+00 4.682242912848037975e+01 4.439557673019578488e-02 4.260040125915764975e-02 9.634265691211396643e-02 8.463024782718520100e-02 1.370003585985415384e-01 1.194092050376767133e-01
1.180877170323081371e+00 4.587473104578527483e+01 4.337926724802798617e-02 4.179611090955859254e-02 9.455776274798921577e-02 8.261652318774537207e-02 1.344029971991602679e-01 1.171725718050069531e-01
1.190102773216230370e+00 4.495582178162513998e+01 4.237087599874911348e-02 4.093722617072614867e-02 9.314091924019152202e-02 8.063742324791434157e-02 1.318733411134260791e-01 1.150003517349773574e-01
1.199328376109379368e+00 4.406432581735361254e+01 4.137777482482363212e-02 4.002820583955468692e-02 9.178415013525409449e-02 7.905259615037607546e-02 1.294071500858677837e-01 1.128900691926446598e-01
1.208553979002528589e+00 4.319892774824644022e+01 4.066969769591821660e-02 3.945522622069574936e-02 9.048658618139171494e-02 7.759704730752758906e-02 1.270002650320734006e-01 1.108393722591642927e-01
1.217779581895677588e+00 4.235836681584762431e+01 3.997584096848072477e-02 3.875239382063710991e-02 8.924754534827883390e-02 7.616131727631625381e-02 1.246485895479878536e-01 1.088460257887007288e-01
1.227005184788826586e+00 4.154143155616259975e+01 3.926440030807754056e-02 3.831279232827711212e-02 8.806654066295749317e-02 7.476174925919565339e-02 1.223480708968125441e-01 1.069079051426697902e-01
1.236230787681975807e+00 4.074695449983021689e+01 3.819423344160810530e-02 3.730791022844925919e-02 8.693770249675480954e-02 7.332066984000107368e-02 1.200946802319364792e-01 1.050229906267361457e-01
1.245456390575124805e+00 3.997380685332122852e+01 3.712801953546573941e-02 3.672845851746586732e-02 8.584849344727984999e-02 7.131893289197677177e-02 1.178843917862266721e-01 1.031893626852209422e-01
1.254681993468273804e+00 3.922089308027934607e+01 3.617794299012189185e-02 3.602989223904273786e-02 8.440453150190307952e-02 6.932222879376581659e-02 1.153707913138504182e-01 1.014051979466188413e-01
1.263907596361422803e+00 3.848714528863597906e+01 3.592500186706359955e-02 3.530817278279130278e-02 8.317993922428001952e-02 6.732576724499494958e-02 1.128043961251776750e-01 9.966876626810972084e-02
1.273133199254572023e+00 3.777151731087717224e+01 3.494825180804639331e-02 3.451531033084620503e-02 8.223702557318546269e-02 6.531013348362080251e-02 1.102542245646844776e-01 9.797842899923381310e-02
1.282358802147721244e+00 3.707297834038780593e+01 3.378593325756895638e-02 3.404356367688876617e-02 8.035394316007682392e-02 6.327690049220535684e-02 1.077146150314405304e-01 9.633326177049639227e-02
1.291584405040870243e+00 3.639050595394526511e+01 3.293226006496752234e-02 3.342256435890789135e-02 7.830435060787266366e-02 6.194056320251917214e-02 1.051795951713216937e-01 9.473205729271683140e-02
1.300810007934019241e+00 3.572307830622010272e+01 3.234227710295556335e-02 3.298417644752760225e-02 7.624123591016029877e-02 6.068581749505597145e-02 1.026428176168181494e-01 9.317267830247999427e-02
1.310035610827168240e+00 3.506966522232069394e+01 3.133220616961551741e-02 3.240768730615428694e-02 7.416301360027688361e-02 5.959191202505564888e-02 1.000974854488063670e-01 9.165388728403911500e-02
1.319261213720317460e+00 3.442921783288042548e+01 3.124944424762077233e-02 3.193143083246496872e-02 7.206385321470776262e-02 5.824376553920984634e-02 9.753626517158409115e-02 9.017456832683734547e-02
1.328486816613466459e+00 3.380065628416079448e+01 3.037599104064980793e-02 3.127480713609287477e-02 6.993755638010412667e-02 5.718199827062875329e-02 9.494861477405436290e-02 8.873374836819891698e-02
1.337712419506615458e+00 3.318285490014879002e+01 2.974340179040524390e-02 3.083376855969532926e-02 6.777750742267585338e-02 5.581784252728994034e-02 9.325533124024332210e-02 8.733062903341703986e-02
1.346938022399764678e+00 3.257462395552893497e+01 2.918064821400179198e-02 3.050706933071012372e-02 6.624173214323292314e-02 5.461562037005052161e-02 9.138736006003256307e-02 8.596463380545316113e-02
1.356163625292913677e+00 3.197468690873472852e+01 2.865709772992985904e-02 2.977631439287975468e-02 6.519854553576109879e-02 5.340788791685113779e-02 8.825437308856365348e-02 8.378518929630374146e-02
1.365389228186062898e+00 3.138165149894905426e+01 2.803563788436136406e-02 2.894508218629709972e-02 6.422387773852022974e-02 5.295154040886629332e-02 8.703075401492554874e-02 8.189580327843160035e-02
1.374614831079211896e+00 3.079397246138475097e+01 2.829591927416075237e-02 2.842142879708831060e-02 6.328190161347180265e-02 5.280973536406818880e-02 8.678132760200440998e-02 8.179900215612079251e-02
1.383840433972360895e+00 3.020990265350037518e+01 2.786574114421114245e-02 2.771437568393153583e-02 6.236603472608237553e-02 5.140959705897785170e-02 8.665071423617121127e-02 8.087309706035483714e-02
1.393066036865510116e+00 2.962742793777235306e+01 2.736292013135255274e-02 2.765959279251717362e-02 6.214097558847697655e-02 5.061514357619145699e-02 8.469370943934606544e-02 7.969911204731161547e-02
1.402291639758658892e+00 2.904417895140708339e+01 2.731427203249126023e-02 2.718410162215434411e-02 6.115696322480346225e-02 5.033557436825830678e-02 8.245610574099515588e-02 7.857090249393650083e-02
1.411517242651808113e+00 2.845730943895915033e+01 2.673938195532343798e-02 2.745281957838940912e-02 6.152154217127048241e-02 4.944438025285791127e-02 8.014799472811162673e-02 7.749511201539149852e-02
1.420742845544957333e+00 2.786332533051329818e+01 2.606134740661403271e-02 2.740979432448398256e-02 6.025005638270286568e-02 5.099174004151763029e-02 7.972700956853628895e-02 7.648210417276501971e-02
1.429968448438106332e+00 2.725783982971796604e+01 2.612964436264064716e-02 2.737606573404605115e-02 5.964397600840598557e-02 5.058249756801203034e-02 8.071454582411874412e-02 7.555234865673909894e-02
1.439194051331255553e+00 2.663521498024204703e+01 2.647637432262328616e-02 2.737460479822928505e-02 5.751231857233918277e-02 5.197570946973328887e-02 8.200863724161422397e-02 7.472824114620379987e-02
1.448419654224404329e+00 2.598802508133367439e+01 2.742354234936428270e-02 2.821796241371998804e-02 5.718014904228141404e-02 5.247006551560673415e-02 8.417097554881536325e-02 7.403995382355432753e-02
1.457645257117553550e+00 2.530623380128990618e+01 2.768915899444834849e-02 2.852432474158561604e-02 6.025471898610135213e-02 5.387585757117108187e-02 8.458174347988034469e-02 7.355077269073717616e-02
1.466870860010702771e+00 2.457589981934831869e+01 2.848904256820716796e-02 2.932311334082982057e-02 6.050970826117207935e-02 5.714509813284607276e-02 8.669023180943113971e-02 7.472543100005069050e-02
1.476096462903851547e+00 2.377708742484810145e+01 3.000023322101696976e-02 3.089276177110988897e-02 6.199928590448422483e-02 5.992930645249572308e-02 9.074882206135015394e-02 7.892525111146397876e-02
1.485322065797000768e+00 2.288040899884920520e+01 3.240645282139453798e-02 3.303123072154789952e-02 6.458458273605316435e-02 6.397239746767979796e-02 9.709100227968647800e-02 8.780777297192443598e-02
1.494547668690149766e+00 2.184118854105735963e+01 3.642100867103792439e-02 3.589371018064468899e-02 7.391048417812839944e-02 7.026830134308426068e-02 1.036812804355093931e-01 9.731689832316803290e-02
1.503773271583298987e+00 2.058955178056680069e+01 4.139837772705234897e-02 4.046414279636323386e-02 8.370769915035936037e-02 8.038893698487825645e-02 1.161346876102520298e-01 1.090296138496746892e-01
1.512998874476448208e+00 1.901414791305021978e+01 4.786762231796259925e-02 4.765100573366254366e-02 9.856732572638904344e-02 9.505051577270506868e-02 1.363451722510298225e-01 1.258091317659371100e-01
1.522224477369596984e+00 1.693938840616650765e+01 5.791689865323235153e-02 5.804012891981358280e-02 1.214150193932397315e-01 1.126913615305049632e-01 1.642930193785510085e-01 1.542677951159276972e-01
1.531450080262746205e+00 1.411512215650750690e+01 6.993693751215168675e-02 6.934076299139846356e-02 1.454878867090432237e-01 1.359581805181395708e-01 2.095110984029329160e-01 1.837167516157496294e-01
1.540675683155895204e+00 1.032790070959248574e+01 8.240437681922507807e-02 8.310468576561369503e-02 1.685167718227127409e-01 1.581503789684113315e-01 2.376540201595869206e-01 2.102069624242819401e-01
1.549901286049044202e+00 5.977829836075132519e+00 8.814498628660150104e-02 9.141881160417675289e-02 1.818999120777080591e-01 1.654120277433541730e-01 2.451868735580351455e-01 2.209178916139746818e-01
1.559126888942193201e+00 3.134361585456828525e+00 8.126482134786527922e-02 8.558859810288899084e-02 1.682782839174232770e-01 1.600301017629046640e-01 2.265089483793931713e-01 2.109044619695175093e-01
1.568352491835342422e+00 4.289032245785121766e+00 9.167530736658502377e-02 8.936777584375477090e-02 1.713894980296171155e-01 1.986425926034618428e-01 2.450259811624864170e-01 3.416254178944075903e-01
1.577578094728491642e+00 8.887488009151120139e+00 9.596328505582185642e-02 1.024742899840322963e-01 1.886380932740454597e-01 1.918225156636754747e-01 2.867587279878769380e-01 3.534164996800370773e-01
1.586803697621640641e+00 1.562104132520315680e+01 1.428592535669590546e-01 1.396226640002335984e-01 2.689332700008968402e-01 2.484578797061978150e-01 3.775765978919096710e-01 3.641833354463663852e-01
1.596029300514789639e+00 2.464495128200655216e+01 2.035023191485443306e-01 1.966906801317982456e-01 3.608019767825751956e-01 3.717963030190141183e-01 5.141618811289312418e-01 4.727398068590531466e-01
1.605254903407938860e+00 3.340287012088281671e+01 1.521841228798734846e-01 1.707718484903111289e-01 4.277999501087705880e-01 2.865314388854258709e-01 7.844799663535653167e-01 4.267348001035813354e-01
1.614480506301087859e+00 3.695900669056696586e+01 1.019026628414394509e-01 1.255297120696496904e-01 4.342701207054204815e-01 2.184378486749167791e-01 8.748629598776318517e-01 2.734415607446649688e-01
1.623706109194236857e+00 3.611170701772218905e+01 9.332830550930992786e-02 1.225514878361764204e-01 4.160027209450305463e-01 2.183371113594105850e-01 8.166674188719298400e-01 2.773430262038232286e-01
1.632931712087385856e+00 3.398332944566211467e+01 9.488497291559383484e-02 1.194241576678223282e-01 3.310781057799161431e-01 2.193008821277047105e-01 6.709993510012850493e-01 2.912746049745109644e-01
1.642157314980535077e+00 3.193944977018340481e+01 9.335417757442243669e-02 1.130973275668480937e-01 2.999992257463226508e-01 1.943266956017168923e-01 5.683481453589216414e-01 2.705092133527777776e-01
1.651382917873684297e+00 3.025467288767135443e+01 8.551805379736876489e-02 1.014785419008923384e-01 2.672440168649963255e-01 1.797177647203689332e-01 4.858575950364958373e-01 2.519669238603832184e-01
1.660608520766833296e+00 2.890020989349640246e+01 7.924347354357763606e-02 9.309122950104153915e-02 2.365453656186744524e-01 1.651022107958972640e-01 4.239714093891144842e-01 2.313457691221643131e-01
1.669834123659982295e+00 2.779980107386370136e+01 7.202729040347222167e-02 8.256725959689248384e-02 2.117869890908181674e-01 1.498455649440089132e-01 3.802196534588411225e-01 2.119950629710665169e-01
1.679059726553131293e+00 2.688745142386426323e+01 6.702403755749841707e-02 7.693385689628584601e-02 1.925520699736225083e-01 1.375894474073398044e-01 3.451145192404609929e-01 1.949540190439549292e-01
1.688285329446280514e+00 2.611450171094558925e+01 6.288664718906034068e-02 7.016152496702332542e-02 1.763084190533845685e-01 1.279614605603747179e-01 3.182634450398822423e-01 1.805818687537410483e-01
1.697510932339429290e+00 2.544641331398853268e+01 5.914555730558390678e-02 6.523424488093709783e-02 1.626129791518273748e-01 1.189596187522674597e-01 2.977356571970446453e-01 1.688033040066869717e-01
1.706736535232578511e+00 2.485871276655988993e+01 5.489286316451824632e-02 6.061847346752458066e-02 1.510185926256539801e-01 1.116389207233225989e-01 2.781758900060609108e-01 1.586994099013203652e-01
1.715962138125727732e+00 2.433386064276447769e+01 5.151281945959951258e-02 5.686763215746992728e-02 1.421676322912830415e-01 1.045758747363940699e-01 2.603431511839353618e-01 1.499777388531313704e-01
1.725187741018876730e+00 2.385908310398575694e+01 4.890951662838460834e-02 5.409326493624533327e-02 1.356055650390892708e-01 9.902079776867367400e-02 2.453807649674537572e-01 1.423940396484084658e-01
1.734413343912025951e+00 2.342491365112521606e+01 4.651235923958196850e-02 5.178612783402769537e-02 1.300855998902363808e-01 9.508459115068745859e-02 2.326928167076047771e-01 1.357501462691352856e-01
1.743638946805174728e+00 2.302421463618519581e+01 4.429972772761203714e-02 4.916408199116517608e-02 1.235544094634022372e-01 9.017238044026143484e-02 2.218313246537739758e-01 1.298868923556177890e-01
1.752864549698323948e+00 2.265151489466540013e+01 4.205773666560475021e-02 4.675682183235707612e-02 1.167472940085794164e-01 8.721157489119946149e-02 2.124520387807109500e-01 1.237557167184633045e-01
1.762090152591473169e+00 2.230255532440237687e+01 4.012295617885897059e-02 4.506625140415465580e-02 1.106822724784812806e-01 8.307793681674979780e-02 2.042896818247257329e-01 1.180431088026168140e-01
1.771315755484621945e+00 2.197397237526969249e+01 3.866188399815584376e-02 4.326388161513605723e-02 1.052547904572520565e-01 7.936932190155943090e-02 1.972287031324810869e-01 1.151725896629720580e-01
1.780541358377771166e+00 2.166307415324314434e+01 3.713290443415928621e-02 4.168597643039717582e-02 1.003772310312420757e-01 7.662580016318898402e-02 1.910417719224142274e-01 1.120450905989684998e-01
1.789766961270920165e+00 2.136767961479239375e+01 3.570510601313614529e-02 4.028854243690460635e-02 9.690737973333796162e-02 7.413587441010704993e-02 1.855248117032779476e-01 1.086007359198966071e-01
1.798992564164069385e+00 2.108600137980493372e+01 3.447443775962710788e-02 3.914626101433427152e-02 9.378396944493516685e-02 7.196845412141783527e-02 1.805831881201527267e-01 1.054533799250734205e-01
1.808218167057218606e+00 2.081655914577534716e+01 3.356142118531479923e-02 3.777445818428759594e-02 9.095746545820304618e-02 7.023889441796526967e-02 1.761388888816597387e-01 1.025649317667145510e-01
1.817443769950367383e+00 2.055811487708651342e+01 3.233260852018204901e-02 3.667499936938156679e-02 8.841558161075724342e-02 6.863270482713801357e-02 1.721270969070296530e-01 9.990348793917291914e-02
1.826669372843516603e+00 2.030962369988304062e+01 3.149834318317701332e-02 3.570237677000065446e-02 8.612139658783135587e-02 6.714294564747191885e-02 1.684935625047643271e-01 9.744215282650969812e-02
1.835894975736665824e+00 2.007019627094016201e+01 3.057735994416788117e-02 3.485701476556002376e-02 8.399546627093101847e-02 6.554015502059939990e-02 1.651925691154829678e-01 9.515811161195841805e-02
