9.225602893149067790e-04 1.160010106666665953e-04 3.839488233166570962e-06 3.840625251894601820e-06 8.369450192359073181e-06 7.525974033663492511e-06 1.124201190003237664e-05 1.096100743377250244e-05
1.014816318246397446e-02 1.187743130043038026e-04 3.926900348641713468e-06 3.934256519566161161e-06 8.574125963159136363e-06 7.720727714287931899e-06 1.152144373558304101e-05 1.121212046973505880e-05
1.937376607561304073e-02 1.215149568325493115e-04 4.025773482783115637e-06 4.024133008351973135e-06 8.776399088304258920e-06 7.911685680469406740e-06 1.179775680076351882e-05 1.146215620675189917e-05
2.859936896876210874e-02 1.243745455850841218e-04 4.123350253176723311e-06 4.113701380597785482e-06 8.987344826393500264e-06 8.110313140681979158e-06 1.208594841395449850e-05 1.172372365185860639e-05
3.782497186191117328e-02 1.273890397736340894e-04 4.223668254635712773e-06 4.207565028929293339e-06 9.209601589260245401e-06 8.319265274955064526e-06 1.238959767006314562e-05 1.199990811952169733e-05
4.705057475506025516e-02 1.305827898800413834e-04 4.339107364983725134e-06 4.306956982524375683e-06 9.444957837604776906e-06 8.540287964067734853e-06 1.271113417483359120e-05 1.229286552140676665e-05
5.627617764820931623e-02 1.339735277318529136e-04 4.460671779840625706e-06 4.412811457612473296e-06 9.694741769228484504e-06 8.774679750567920822e-06 1.305236937159691738e-05 1.260415759884628934e-05
6.550178054135838424e-02 1.375969896586009210e-04 4.584630535867654415e-06 4.526276816693431933e-06 9.961452171189524125e-06 9.024793412688685013e-06 1.341675937951530536e-05 1.293713666866016881e-05
7.472738343450743836e-02 1.414581200848186756e-04 4.714100637276191167e-06 4.654797773582803732e-06 1.024531081964430868e-05 9.291164268819497238e-06 1.380497032052574306e-05 1.329212377067920587e-05
8.395298632765652025e-02 1.455966274581612274e-04 4.845620385869966757e-06 4.786400842299570052e-06 1.054944091705562999e-05 9.576408793652402924e-06 1.422085986652093159e-05 1.367285133076459234e-05
9.317858922080557438e-02 1.500361140203891434e-04 4.982725639203429467e-06 4.924807367215138735e-06 1.087561289018568536e-05 9.882217345223400428e-06 1.466684726192759355e-05 1.408144951037156858e-05
1.024041921139546424e-01 1.548118691248894679e-04 5.128815000427546780e-06 5.073775820265937408e-06 1.122641318602288934e-05 1.021100670919479199e-05 1.514645101312296020e-05 1.452117868601537107e-05
1.116297950071036965e-01 1.599676769432967823e-04 5.293632797433124246e-06 5.237421157478308088e-06 1.160504960874019268e-05 1.055835320049251075e-05 1.566401757076922563e-05 1.499609425658086958e-05
1.208553979002527506e-01 1.655468005662604771e-04 5.480567679798332634e-06 5.414775332385207826e-06 1.201470981062680368e-05 1.093173138593553318e-05 1.622388615647263419e-05 1.551017901083463074e-05
1.300810007934018186e-01 1.715919496580227020e-04 5.680999637940959334e-06 5.610532371237068969e-06 1.245858415867837424e-05 1.133616974670359229e-05 1.683040573021460265e-05 1.606731939906135150e-05
1.393066036865509005e-01 1.781795453666496973e-04 5.894892780963220192e-06 5.836647152907871190e-06 1.294223059770626652e-05 1.177619877645671065e-05 1.749109131828923314e-05 1.667464736716768115e-05
1.485322065796999824e-01 1.853773050943040930e-04 6.132404649835071324e-06 6.083859712447488213e-06 1.347065455390710647e-05 1.225672098370997570e-05 1.821273884039739947e-05 1.733839153839623047e-05
1.577578094728490643e-01 1.932319909948725415e-04 6.402631687518425428e-06 6.342632361163407081e-06 1.404747805322100157e-05 1.278104598429827678e-05 1.900031493103521716e-05 1.806266713478613920e-05
1.669834123659981462e-01 2.018850504503365989e-04 6.699715809260916276e-06 6.619157788605097318e-06 1.468294732667963171e-05 1.335152928698827624e-05 1.986762103409222581e-05 1.886073790888069274e-05
1.762090152591472003e-01 2.114240435704145972e-04 7.025683826287148310e-06 6.925370855704238073e-06 1.538364059999614290e-05 1.397580555298063112e-05 2.082362431960431545e-05 1.974053774052221977e-05
1.854346181522962822e-01 2.219928669095739778e-04 7.387321954004962129e-06 7.271420936988003039e-06 1.616017977591261605e-05 1.466720949609587278e-05 2.188267078389154467e-05 2.071534738988821183e-05
1.946602210454453641e-01 2.337490706177110884e-04 7.789111435466475200e-06 7.683092207678396705e-06 1.701607512146209827e-05 1.543571897333432261e-05 2.306057123625655206e-05 2.179963940543381824e-05
2.038858239385944460e-01 2.468804688983799165e-04 8.235197102178428569e-06 8.128886675362975061e-06 1.794558304167749715e-05 1.629367666164608232e-05 2.437620024090512722e-05 2.301063564009113828e-05
2.131114268317435001e-01 2.616295223398041529e-04 8.736294397847536516e-06 8.604390173460110813e-06 1.898960756641765836e-05 1.725692868060967966e-05 2.585379432124473636e-05 2.437065707658876246e-05
2.223370297248925820e-01 2.782759326050576070e-04 9.291890576104537038e-06 9.158987481395857149e-06 2.016788141477588153e-05 1.834359280006542074e-05 2.752147480253829253e-05 2.590531065642479600e-05
2.315626326180416361e-01 2.971774135368744261e-04 9.936713663468755859e-06 9.824113258893494519e-06 2.150584765357136264e-05 1.957690926249677429e-05 2.941506771985086081e-05 2.764745228899163389e-05
2.407882355111907180e-01 3.187730580186678379e-04 1.066392856507932278e-05 1.058549685319516405e-05 2.303460613419243581e-05 2.098532596890947434e-05 3.157865044922550206e-05 2.963729009748423005e-05
2.500138384043397721e-01 3.436173776925621759e-04 1.149107728606077287e-05 1.144454160103457662e-05 2.479357906294289140e-05 2.260479671412508190e-05 3.406785117579503273e-05 3.192561351870147612e-05
2.592394412974888818e-01 3.724132288502049405e-04 1.244910300595905702e-05 1.241783182714029012e-05 2.683272443530586825e-05 2.448084104584208375e-05 3.695323657547584014e-05 3.457669864775675568e-05
2.684650441906379359e-01 4.061024453629448016e-04 1.356272987895756899e-05 1.359333821729916863e-05 2.921914009409071243e-05 2.667445986183336875e-05 4.032913041598814837e-05 3.767675988611398968e-05
2.776906470837869900e-01 4.458513756191982724e-04 1.489320580481913112e-05 1.497964560092144388e-05 3.204827869837380229e-05 2.926108733447785543e-05 4.431282440573808485e-05 4.133213555890041194e-05
2.869162499769360997e-01 4.932587498054852781e-04 1.646935691312597424e-05 1.656406610362908026e-05 3.545208001111811811e-05 3.234410874831944579e-05 4.906476549088945645e-05 4.571799967997711373e-05
2.961418528700851538e-01 5.504881872599702445e-04 1.840264259587781268e-05 1.853576498274096904e-05 3.955862747838205518e-05 3.606337355291204267e-05 5.480210608207558651e-05 5.110631485468961066e-05
3.053674557632342079e-01 6.205062984150714602e-04 2.067183171973192412e-05 2.087106215499837623e-05 4.457920408846530614e-05 4.061043212997075564e-05 6.182281364479542442e-05 5.770848788324168394e-05
3.145930586563833176e-01 7.075272081249527143e-04 2.372088802322350112e-05 2.369396633572018809e-05 5.081326022170771020e-05 4.625725865131083327e-05 7.054998991118941517e-05 6.592777141593950292e-05
3.238186615495323717e-01 8.176411607109434956e-04 2.743901811828419572e-05 2.731578956541790785e-05 5.869230677782552759e-05 5.339664340854837887e-05 8.159520747265999047e-05 7.634872094523488875e-05
3.330442644426814813e-01 9.599524643605578458e-04 3.218424234446349598e-05 3.200217365003591580e-05 6.885965266956802118e-05 6.261527098861557634e-05 9.587262813262652575e-05 8.984777414133208844e-05
3.422698673358305355e-01 1.148428968007566631e-03 3.845185001166077747e-05 3.788049083431168154e-05 8.229742570813351407e-05 7.481262145415338433e-05 1.147850903280768931e-04 1.077755572869659815e-04
3.514954702289795896e-01 1.405592701286753924e-03 4.723271033617391229e-05 4.632334909388815224e-05 1.006588046547948322e-04 9.143827492281183904e-05 1.405932342209389226e-04 1.323184070258344534e-04
3.607210731221286992e-01 1.769306516530678259e-03 5.969561346598115624e-05 5.787688805271892604e-05 1.270003789985633784e-04 1.149154325119879690e-04 1.770953779897258343e-04 1.671715605437832947e-04
3.699466760152777534e-01 2.306371575269641153e-03 7.766765953292958588e-05 7.505176339441758243e-05 1.662193550840511402e-04 1.495223983233734399e-04 2.309880695500745804e-04 2.189010181823328877e-04
3.791722789084268630e-01 3.142302171375919995e-03 1.057619718241808136e-04 1.021535759332366580e-04 2.279270360379640099e-04 2.021125509073080050e-04 3.148312881359085873e-04 2.999453119151528069e-04
3.883978818015759171e-01 4.527096462076852026e-03 1.519585225875814960e-04 1.473987900107061322e-04 3.319076862811649181e-04 2.926316475000525011e-04 4.535580535797853127e-04 4.353297868795362804e-04
3.976234846947249713e-01 6.974370730632374615e-03 2.353412468986551889e-04 2.273566444404148332e-04 5.168479371346372184e-04 4.508470899264012746e-04 6.980237901735297790e-04 6.770154858344928570e-04
4.068490875878740809e-01 1.140711935694750136e-02 3.882354823180854397e-04 3.720580335673673994e-04 8.657370832160365959e-04 7.431673130714935155e-04 1.137837908283869173e-03 1.118346123074674681e-03
4.160746904810231350e-01 1.791960303677839553e-02 6.195543650946468139e-04 5.916082061304984985e-04 1.345822779679609060e-03 1.182736986210873587e-03 1.774105813682876065e-03 1.755339552482464149e-03
4.253002933741722447e-01 2.000381573451738906e-02 6.817782062160486489e-04 6.645608529408375542e-04 1.452307040276087924e-03 1.314472406255162013e-03 1.967227828037633464e-03 1.913107579172578648e-03
4.345258962673212988e-01 1.378748874565501048e-02 4.741708800743427155e-04 4.536684470915330197e-04 9.689224202418956350e-04 9.073724406232167722e-04 1.359159962456071846e-03 1.328859277692722926e-03
4.437514991604703529e-01 7.946093268497940454e-03 2.740521763506045816e-04 2.650714502893981861e-04 5.525777486668648902e-04 5.217948195603968817e-04 7.789383392196157913e-04 7.700858977663996296e-04
4.529771020536194626e-01 4.705398470781160108e-03 1.613500129387778620e-04 1.574864491223218824e-04 3.272806132838387491e-04 3.099038244941797887e-04 4.619620728121623388e-04 4.577782941548886458e-04
4.622027049467684612e-01 2.982960911526839030e-03 1.028375917450055806e-04 9.979189399955332163e-05 2.093074794109776524e-04 1.966076104751774724e-04 2.937304202139906333e-04 2.885284446976581728e-04
4.714283078399175708e-01 2.012782483166938169e-03 6.950518569311722045e-05 6.696510386044671193e-05 1.423570515297002854e-04 1.326862152101703461e-04 1.987834309265202812e-04 1.938205476680133002e-04
4.806539107330666249e-01 1.428040682970373393e-03 4.941805093282227064e-05 4.761065689284395275e-05 1.014844779549843937e-04 9.393353330671306428e-05 1.414092059802652887e-04 1.370592423562766796e-04
4.898795136262157346e-01 1.054179625995066037e-03 3.627871464348527905e-05 3.526463678104382188e-05 7.513586428834558191e-05 6.914652694943175353e-05 1.046361597895858250e-04 1.009324152460332798e-04
4.991051165193647332e-01 8.031076876872545334e-04 2.756096724936939885e-05 2.680273496979089769e-05 5.735057525115168364e-05 5.254809728139997558e-05 7.988645514634643442e-05 7.675833288083185307e-05
5.083307194125139539e-01 6.276390436835242856e-04 2.147338408594917820e-05 2.097680442661670544e-05 4.487673775694386944e-05 4.096893716078588241e-05 6.255626724771534697e-05 5.991259486261659491e-05
5.175563223056629525e-01 5.008948930278873078e-04 1.713581741990708937e-05 1.671956646923377114e-05 3.584354171699518418e-05 3.263254562668429148e-05 5.001728778853450474e-05 4.777330464703283871e-05
5.267819251988120621e-01 4.067909603215647007e-04 1.407882387136327176e-05 1.350299750776869393e-05 2.912378232440841937e-05 2.646146039544732768e-05 4.069354800905752379e-05 3.877769265192939534e-05
5.360075280919610607e-01 3.352806601854806394e-04 1.164787086007035505e-05 1.111055508959098506e-05 2.400977536234281907e-05 2.183172391512076165e-05 3.359887326096161562e-05 3.195286086825631410e-05
5.452331309851101704e-01 2.798509563350632767e-04 9.700666078378235909e-06 9.266434590490238345e-06 2.004115045080984408e-05 1.833774669754450505e-05 2.809286618289999742e-05 2.666985049000096053e-05
5.544587338782591690e-01 2.361658050048165631e-04 8.169901354075208852e-06 7.808140958987284204e-06 1.691042956637975347e-05 1.546454641843168732e-05 2.374867960237356658e-05 2.251099670319165955e-05
5.636843367714083897e-01 2.012196678064105790e-04 6.931832304550588925e-06 6.660253547157330171e-06 1.440404000573118322e-05 1.310435315155956547e-05 2.026993464427436116e-05 1.918733634876656504e-05
5.729099396645573883e-01 1.728943967618593578e-04 5.937961823349068892e-06 5.714164323332508429e-06 1.237030911174679727e-05 1.121228525434642999e-05 1.744371169031273664e-05 1.649559672678649748e-05
5.821355425577064979e-01 1.496998906729958242e-04 5.144308599431765289e-06 4.935779289356317934e-06 1.070200453675098674e-05 9.705100694109967561e-06 1.510347285391187670e-05 1.429307520378912590e-05
5.913611454508554965e-01 1.304814404903446390e-04 4.508954073004727394e-06 4.292822963093971718e-06 9.319140664790291455e-06 8.457672868331816453e-06 1.316332948669566758e-05 1.246919606278396064e-05
6.005867483440046062e-01 1.144371301902718141e-04 3.975195500159262366e-06 3.765540049157549505e-06 8.164291743623574779e-06 7.417403713456071062e-06 1.154256880929113716e-05 1.094740754821360335e-05
6.098123512371537158e-01 1.009176343624372502e-04 3.498616338588970412e-06 3.317425479351087943e-06 7.190931667288988837e-06 6.541749714847349849e-06 1.017605579986335202e-05 9.665664028612853758e-06
6.190379541303028255e-01 8.945390234604633846e-05 3.106980519378276678e-06 2.941639053897132433e-06 6.352333581384651947e-06 5.800051602230591320e-06 9.016503200622822214e-06 8.579285698085510267e-06
6.282635570234518241e-01 7.967143964518660622e-05 2.775245511541570573e-06 2.620188199237293730e-06 5.626493493782449488e-06 5.167818938889574940e-06 8.026371198338269229e-06 7.652592574602994037e-06
6.374891599166009337e-01 7.126249344031445666e-05 2.488008302321606112e-06 2.343166237228627843e-06 5.046914542760903605e-06 4.624957789471542246e-06 7.162982841849637339e-06 6.856246958751114067e-06
6.467147628097499323e-01 6.400414336344223084e-05 2.237372958133668059e-06 2.105244787469693875e-06 4.534854822673496438e-06 4.156916431283445130e-06 6.409923587484498970e-06 6.169076594711070979e-06
6.559403657028991530e-01 5.770529697770810848e-05 2.030135492525577854e-06 1.896948171952943338e-06 4.091671289354844622e-06 3.751219911119789614e-06 5.757045539869014533e-06 5.572901364982734307e-06
6.651659685960481516e-01 5.220857581828160492e-05 1.829001187974874727e-06 1.712582775980345988e-06 3.707589520498752456e-06 3.397622182986150148e-06 5.187940244419035455e-06 5.052750019286909747e-06
6.743915714891972613e-01 4.739958021713783584e-05 1.654200518196605402e-06 1.552509206491921691e-06 3.370671956772210392e-06 3.088675661659381563e-06 4.690519490982401093e-06 4.597793044355855498e-06
6.836171743823462599e-01 4.317331286199293990e-05 1.510762742281306157e-06 1.416864814653518519e-06 3.073825923316903213e-06 2.810846087696962684e-06 4.253838708723458521e-06 4.198045842330077237e-06
6.928427772754953695e-01 3.944693640757739576e-05 1.378841343767603258e-06 1.295601121238513544e-06 2.811392009827550355e-06 2.564660922377906820e-06 3.869226449465915411e-06 3.845658463947898553e-06
7.020683801686443681e-01 3.614831084349554946e-05 1.265742910965258019e-06 1.191958356565285125e-06 2.578339844561110684e-06 2.346825949946282472e-06 3.529170995840438742e-06 3.533777618319550661e-06
7.112939830617935888e-01 3.322248424120834457e-05 1.162951731828248351e-06 1.095715508852466112e-06 2.370837418211400177e-06 2.153547081229633818e-06 3.227888086033702832e-06 3.257203885935278039e-06
7.205195859549425874e-01 3.062167276593230928e-05 1.071964673984909723e-06 1.012469272525860466e-06 2.185859312970742433e-06 1.986216994653024453e-06 2.960368840736367357e-06 3.011419875380183829e-06
7.297451888480916971e-01 2.829011527863677664e-05 9.883026086902095217e-07 9.371463484811289925e-07 2.022970609321531537e-06 1.835562618217620950e-06 2.720983294887476694e-06 2.791073895626763841e-06
7.389707917412406957e-01 2.621531611489529961e-05 9.181025188188671670e-07 8.686015387991754828e-07 1.871835649778432229e-06 1.701545235923792356e-06 2.508126914474264523e-06 2.595087943605260027e-06
7.481963946343899163e-01 2.435242298134585479e-05 8.514824137460105737e-07 8.037416200502818043e-07 1.733703922521385684e-06 1.574673577101076981e-06 2.328140944444231588e-06 2.419147536652520211e-06
7.574219975275389150e-01 2.268015253257392951e-05 7.920200276725663016e-07 7.502463858352177381e-07 1.609929822023566581e-06 1.469103918257173673e-06 2.170634536846326461e-06 2.261257875710945704e-06
7.666476004206880246e-01 2.117350330219371657e-05 7.388829404140519197e-07 7.014731978934216040e-07 1.498566877572567543e-06 1.374176039203810863e-06 2.028353463852986097e-06 2.119042588308623514e-06
7.758732033138370232e-01 1.981764246086937606e-05 6.965803658319456577e-07 6.559506089932551093e-07 1.398469996280042897e-06 1.288863358248898004e-06 1.899962595912785962e-06 1.991106445892971635e-06
7.850988062069861328e-01 1.859439533870143395e-05 6.545369768524528188e-07 6.171266953240870312e-07 1.308290005820256425e-06 1.209899346809482294e-06 1.783784891753438463e-06 1.875731612656699138e-06
7.943244091001351315e-01 1.748770289481653976e-05 6.164617438307205474e-07 5.817508134836171297e-07 1.226836041927580306e-06 1.143100319597747873e-06 1.678345573019412009e-06 1.771398072404084149e-06
8.035500119932843521e-01 1.648708535251280083e-05 5.812847794075378315e-07 5.506662204628064606e-07 1.153306981653863116e-06 1.080931295212862574e-06 1.582693197066201444e-06 1.673208630960495226e-06
8.127756148864333507e-01 1.558083487814666764e-05 5.501908843250122685e-07 5.226437439791241872e-07 1.086830019921838729e-06 1.024704917275068503e-06 1.495758620567946991e-06 1.580560716830464946e-06
8.220012177795824604e-01 1.476185063264315691e-05 5.236784098565795253e-07 4.947870016899494952e-07 1.026966810213928507e-06 9.740761654989798661e-07 1.416894655616796398e-06 1.496712364075382504e-06
8.312268206727314590e-01 1.401786701295350864e-05 4.972517833445081966e-07 4.712667172244471210e-07 9.765263337252918754e-07 9.282667369876375628e-07 1.344965273380160627e-06 1.420455282199976419e-06
8.404524235658805686e-01 1.334156793413162323e-05 4.749314927559597439e-07 4.461703044668861704e-07 9.308283923267634153e-07 8.854006660438243278e-07 1.277154013675944332e-06 1.351053972741668799e-06
8.496780264590296783e-01 1.272861874126381063e-05 4.548441180996742027e-07 4.266118646767201567e-07 8.895655061444072005e-07 8.458267067854033724e-07 1.213647772454281329e-06 1.288058237386930174e-06
8.589036293521787879e-01 1.217214807297707855e-05 4.371823218023048992e-07 4.046847255700769785e-07 8.499097898905441238e-07 8.097877959714004084e-07 1.158029001418987630e-06 1.230787393906574749e-06
8.681292322453277865e-01 1.166800430997478181e-05 4.191021403250883546e-07 3.865437572613984328e-07 8.187978487343059136e-07 7.770276529678057334e-07 1.109896039472540078e-06 1.178809267247408471e-06
8.773548351384768962e-01 1.120891172758750907e-05 3.998803792309277072e-07 3.720951908048125093e-07 7.884917290544490913e-07 7.471018555849148616e-07 1.065822285615207945e-06 1.131395508881580977e-06
8.865804380316258948e-01 1.079373138523580499e-05 3.839172542995091073e-07 3.591524630172760022e-07 7.578630530243747447e-07 7.198874953750955590e-07 1.025735571274669650e-06 1.088437395893523883e-06
8.958060409247751155e-01 1.041851089437550177e-05 3.700317988659084374e-07 3.485587156406294308e-07 7.283474245996200827e-07 6.951204127640824341e-07 9.892745181508532802e-07 1.049538038338118602e-06
9.050316438179241141e-01 1.007700295709505559e-05 3.562850803907273678e-07 3.385566852685771284e-07 7.018645507073838436e-07 6.724940300382609707e-07 9.558394864346453248e-07 1.014083192827200700e-06
9.142572467110732237e-01 9.768653301680421637e-06 3.450638053044060449e-07 3.303904714791691823e-07 6.807987420391526133e-07 6.519712691700881648e-07 9.245119719517682678e-07 9.820029862399819149e-07
9.234828496042222223e-01 9.490781247720125486e-06 3.342636322654022327e-07 3.204853337789897229e-07 6.617176364136773120e-07 6.333857314162639210e-07 8.958493679986391376e-07 9.553121038357601576e-07
9.327084524973712210e-01 9.241144757649169401e-06 3.255299479400685020e-07 3.128166405460643590e-07 6.394693681367850528e-07 6.165978207855107033e-07 8.726072298679535857e-07 9.318769968922792363e-07
9.419340553905202196e-01 9.016557542729428912e-06 3.156699765076706124e-07 3.020743690574785150e-07 6.186607779777394701e-07 6.014113540210210001e-07 8.497442201262972640e-07 9.108014858041214276e-07
9.511596582836694402e-01 8.816991343277007801e-06 3.107237556660373936e-07 2.961308081842664705e-07 5.998150478331600429e-07 5.878221453541163951e-07 8.291491817530070261e-07 8.892665351924996180e-07
9.603852611768185499e-01 8.638048129183936298e-06 3.046660254895822059e-07 2.909806686807273621e-07 5.920300271728431941e-07 5.779006691639464015e-07 8.103846313140939501e-07 8.668102635453405294e-07
9.696108640699675485e-01 8.481287421214377700e-06 2.979774843489873192e-07 2.879914619063344444e-07 5.865443060476801325e-07 5.684067572778032825e-07 7.967934958442745338e-07 8.470350986872204343e-07
9.788364669631165471e-01 8.341767397606933529e-06 2.919294562373503111e-07 2.830867153860505892e-07 5.773654689224403324e-07 5.624126682228667646e-07 7.857052550394997458e-07 8.322413337814888606e-07
9.880620698562656568e-01 8.226455011176479626e-06 2.873038276549032141e-07 2.771500524592029712e-07 5.689736011793933512e-07 5.575998025029803268e-07 7.767192266250838264e-07 8.198969263990859747e-07
9.972876727494148774e-01 8.117475905749848563e-06 2.845540403271435342e-07 2.713179273596042060e-07 5.611810887127627957e-07 5.481497673319671378e-07 7.682974986435179763e-07 8.082695687613226284e-07
1.006513275642563876e+00 8.029505004307713406e-06 2.819533022041368665e-07 2.677695354753281313e-07 5.549335764882935384e-07 5.399992070553206747e-07 7.617055994003428494e-07 7.987708043420169255e-07
1.015738878535712875e+00 7.956644604039245361e-06 2.800680009276620568e-07 2.657428349076618776e-07 5.498393157723473082e-07 5.328089148867318420e-07 7.564284706640079869e-07 7.908319451591391301e-07
1.024964481428862095e+00 7.898198481945336129e-06 2.790443507857377715e-07 2.644008162643691015e-07 5.458456758982230809e-07 5.275065786564407579e-07 7.524131229384673430e-07 7.843784384127358469e-07
1.034190084322011094e+00 7.852675612890125167e-06 2.786531695886178376e-07 2.623645049957077779e-07 5.428498910134830130e-07 5.245313300024840892e-07 7.495297027604455798e-07 7.792626417098125536e-07
1.043415687215160093e+00 7.820659864540554856e-06 2.790722819987968324e-07 2.639046772566518823e-07 5.404743429004837398e-07 5.225314284251306534e-07 7.478271315555453145e-07 7.755412320837894426e-07
1.052641290108309091e+00 7.800584526287408755e-06 2.789293409717806890e-07 2.637418196054979938e-07 5.382439665771163905e-07 5.213490243068372084e-07 7.471718103850072200e-07 7.730581381819433493e-07
1.061866893001458312e+00 7.792598279356026525e-06 2.804850473345413519e-07 2.622904126291357999e-07 5.372574528205370715e-07 5.174402621833013748e-07 7.475765358075150009e-07 7.718263944981025872e-07
1.071092495894607532e+00 7.795938385739139569e-06 2.790120979739578086e-07 2.610042848647939546e-07 5.386804618675715721e-07 5.137042147991104576e-07 7.489744156328869150e-07 7.717729060805686504e-07
1.080318098787756531e+00 7.810809067223019325e-06 2.796100131715966407e-07 2.614588414298336895e-07 5.423519175954752278e-07 5.134812284801130154e-07 7.513853827886256157e-07 7.729129241611976982e-07
1.089543701680905530e+00 7.836304617359332510e-06 2.799813560777182294e-07 2.626416492848110442e-07 5.449814449915815523e-07 5.162652070749413797e-07 7.547272893658334722e-07 7.751622900084830444e-07
1.098769304574054528e+00 7.872544692242449977e-06 2.806346998827481887e-07 2.632583425279390763e-07 5.482703466874130921e-07 5.196463458577825901e-07 7.590134413243871558e-07 7.785295605215435065e-07
1.107994907467203749e+00 7.920185178741378520e-06 2.819021981123143807e-07 2.642362936770158475e-07 5.524797571025049097e-07 5.236653083697338022e-07 7.643001235964426481e-07 7.830789625243708750e-07
1.117220510360352748e+00 7.977874884923491478e-06 2.831701215224317398e-07 2.684811832154039552e-07 5.575453035045875534e-07 5.282481191829786394e-07 7.704700921848945929e-07 7.886784590167158384e-07
1.126446113253501746e+00 8.046092577365340131e-06 2.858244287116101367e-07 2.724885450032752543e-07 5.634421936941143131e-07 5.334244069596379999e-07 7.775644793015390482e-07 7.953759217732312239e-07
1.135671716146650967e+00 8.125239158803584922e-06 2.893412143811687756e-07 2.758494418913887364e-07 5.701751955019042654e-07 5.392170153355176434e-07 7.856170574492841503e-07 8.032124813100827252e-07
1.144897319039799966e+00 8.215420640025737579e-06 2.931035478445630520e-07 2.794372905112510702e-07 5.748569187958433490e-07 5.456022291581222588e-07 7.946377804167438307e-07 8.121991853385712867e-07
1.154122921932948964e+00 8.316747471996266885e-06 2.973873983268244094e-07 2.841454750242957208e-07 5.796263483484233997e-07 5.552824471890780453e-07 8.046320739470638078e-07 8.223465255131451020e-07
1.163348524826097963e+00 8.429478277223071431e-06 3.015534463475068110e-07 2.885496225251787229e-07 5.851529382052658208e-07 5.636339175648635017e-07 8.156258888087387644e-07 8.336864135980026212e-07
1.172574127719247183e+00 8.554105101260446275e-06 3.051991435134722408e-07 2.936325255561518445e-07 5.913677569797811090e-07 5.687391545580664903e-07 8.276590113679225250e-07 8.462647475826315830e-07
1.181799730612396404e+00 8.691332858831218508e-06 3.101200338030761072e-07 2.988524447226924058e-07 5.984233712565622897e-07 5.777797095261546118e-07 8.407919549187807616e-07 8.601553027628646586e-07
1.191025333505545403e+00 8.840773816534500671e-06 3.173353502966284249e-07 3.049342035134119922e-07 6.063064891018291925e-07 5.875876625107265874e-07 8.549790182009477487e-07 8.753290364988860881e-07
1.200250936398694401e+00 9.004806545885074128e-06 3.217378212688530267e-07 3.120154288103134296e-07 6.161103611421750247e-07 6.011762571957501763e-07 8.704457830375793759e-07 8.920064501706309671e-07
1.209476539291843622e+00 9.183307915722839959e-06 3.280962530713931710e-07 3.193140289159993413e-07 6.296964005886478209e-07 6.158842418635918179e-07 8.871600671582010212e-07 9.101970847275337454e-07
1.218702142184992621e+00 9.377426515469733913e-06 3.348478933692400225e-07 3.270383011788843852e-07 6.442728810243218164e-07 6.302100544091988248e-07 9.052256402691939263e-07 9.300094282533199108e-07
1.227927745078141619e+00 9.588277303855000666e-06 3.413438491674437468e-07 3.349218328367579734e-07 6.578490155062761502e-07 6.451165286319194018e-07 9.247332102657224878e-07 9.515626230130942470e-07
1.237153347971290618e+00 9.817011303955895540e-06 3.502865976754150054e-07 3.435016285355371648e-07 6.711854660304313866e-07 6.614248244170243683e-07 9.457794042197175386e-07 9.749730189811421291e-07
1.246378950864439838e+00 1.006662310806052545e-05 3.580977232233739264e-07 3.522025862687928308e-07 6.859512032155817379e-07 6.793496209423601558e-07 9.686264443591971625e-07 1.000536951662273769e-06
1.255604553757589059e+00 1.033585039989356022e-05 3.673609810165542932e-07 3.633911766524660427e-07 7.020516833222348188e-07 6.987904160663073797e-07 9.931295432462426253e-07 1.028156672238024849e-06
1.264830156650738058e+00 1.063040432221048272e-05 3.767379068648208490e-07 3.741058506535055992e-07 7.206921377742960043e-07 7.201012800289766601e-07 1.019809933953706046e-06 1.058382039457011190e-06
1.274055759543887056e+00 1.095017905083485158e-05 3.894251504193837961e-07 3.851034833406207034e-07 7.434387164124243584e-07 7.400343792314593690e-07 1.048620927496183222e-06 1.091228041508448678e-06
1.283281362437036055e+00 1.129971504320393931e-05 4.014233131420637881e-07 3.987458698500817800e-07 7.681266576535002454e-07 7.602564883494306031e-07 1.079960864340558227e-06 1.127143664352561129e-06
1.292506965330185276e+00 1.168189747533273759e-05 4.158690445299136095e-07 4.130583140814291876e-07 7.949326306598367565e-07 7.863881752300412180e-07 1.114058543145623724e-06 1.166429728536812863e-06
1.301732568223334052e+00 1.210158379311646223e-05 4.310739632967923880e-07 4.266186610044012936e-07 8.241398102365242814e-07 8.165851311153238549e-07 1.151318530317353153e-06 1.209580931183100357e-06
1.310958171116483273e+00 1.256211618017581715e-05 4.485453850371447416e-07 4.412834416125181974e-07 8.560184545802575532e-07 8.496369943363047219e-07 1.197934683682364370e-06 1.256945779811017877e-06
1.320183774009632494e+00 1.307039300963756995e-05 4.694090789704170701e-07 4.597088099969875302e-07 8.910206420637423462e-07 8.808197079058192750e-07 1.252648514468015448e-06 1.309220658537046283e-06
1.329409376902781492e+00 1.363325297862392773e-05 4.906388215924234355e-07 4.767194071859853695e-07 9.295456406460867902e-07 9.152592744692111663e-07 1.313082613496898861e-06 1.367108554216738274e-06
1.338634979795930713e+00 1.425829112081855264e-05 5.121325841050610670e-07 4.962612734609877656e-07 9.721297734669716799e-07 9.535040235528365309e-07 1.380090351331541369e-06 1.431386246845918936e-06
1.347860582689079489e+00 1.495679317272216579e-05 5.348379381454013859e-07 5.188979215249120316e-07 1.019544120163388525e-06 9.962328295473563562e-07 1.448440523907176637e-06 1.503193574616036948e-06
1.357086185582228710e+00 1.573964846659746939e-05 5.619348861752360743e-07 5.454569658144575066e-07 1.074364225122820168e-06 1.042883630393061316e-06 1.519864377101856878e-06 1.583651180162683810e-06
1.366311788475377931e+00 1.662265549208480665e-05 5.923438266530858852e-07 5.750350631783777576e-07 1.137352235232561324e-06 1.095364759738769736e-06 1.599992603577382009e-06 1.674362097404448547e-06
1.375537391368526707e+00 1.762411966059238108e-05 6.301394310324232603e-07 6.057529546109076933e-07 1.203913298188068616e-06 1.159428649846690239e-06 1.690357505537505356e-06 1.777189869610488934e-06
1.384762994261675928e+00 1.876759476072781152e-05 6.686619289301802549e-07 6.399223834181547459e-07 1.277864318608039665e-06 1.238278370370314081e-06 1.792927103945865573e-06 1.894526273701080003e-06
1.393988597154824927e+00 2.008228366011155551e-05 7.201935359988486253e-07 6.791026448504725846e-07 1.364305562746345572e-06 1.327867779740551305e-06 1.922917715851519508e-06 2.029338425351189326e-06
1.403214200047974147e+00 2.160600440433098807e-05 7.746267506382994766e-07 7.295061112989401617e-07 1.466268527974351016e-06 1.431134575851791900e-06 2.082240803869938456e-06 2.185463193254578583e-06
1.412439802941123368e+00 2.338754419313911735e-05 8.383835029564297588e-07 7.851963006300513115e-07 1.588125694588864417e-06 1.551233634786287452e-06 2.269259948861147483e-06 2.367846754586704566e-06
1.421665405834272145e+00 2.549017034328907033e-05 9.099520760057182983e-07 8.454968263616465614e-07 1.745933832820957456e-06 1.692193575070018879e-06 2.490920630972424981e-06 2.582903031721336604e-06
1.430891008727421365e+00 2.799967991305165552e-05 9.975368014599729439e-07 9.263256198556851773e-07 1.934968014123488421e-06 1.858959992904690522e-06 2.756665649375286014e-06 2.839313527364390729e-06
1.440116611620570364e+00 3.103040319841602636e-05 1.109861756838013665e-06 1.022120177702758411e-06 2.164288140780714015e-06 2.062791240824662339e-06 3.079195797120469252e-06 3.141766966344278190e-06
1.449342214513719362e+00 3.474124653306058622e-05 1.244940619545188308e-06 1.146298014408613918e-06 2.446433044672410330e-06 2.303271074651991259e-06 3.476241673404960244e-06 3.505544216644515022e-06
1.458567817406868583e+00 3.935445437107954874e-05 1.409549731710917184e-06 1.295389430049148562e-06 2.794017313427446146e-06 2.604771807326570099e-06 3.972809668018302076e-06 3.956961526317666962e-06
1.467793420300017582e+00 4.519052042067129855e-05 1.608919126836119023e-06 1.495199569525278291e-06 3.225754369664097186e-06 2.983277851099213078e-06 4.595276166318728347e-06 4.527103581868179548e-06
1.477019023193166802e+00 5.271974687662838203e-05 1.848304101254248904e-06 1.739147793362270109e-06 3.784760378955807024e-06 3.467214104379827302e-06 5.339674166435470206e-06 5.275516853938689297e-06
1.486244626086316023e+00 6.265171916495604169e-05 2.187987605208155687e-06 2.084974769072014532e-06 4.524626349398439668e-06 4.129651261135041350e-06 6.319440048286280634e-06 6.279969610129672796e-06
1.495470228979464800e+00 7.608450658943999192e-05 2.652304561119746664e-06 2.549758472219349186e-06 5.528666002289361089e-06 5.032185050507810282e-06 7.640245084165975882e-06 7.625117793086993371e-06
1.504695831872614020e+00 9.475369291418289219e-05 3.317124529341898402e-06 3.222511937105152001e-06 6.942851559648102375e-06 6.224355951766366666e-06 9.466412491975601754e-06 9.479216743748513784e-06
1.513921434765763019e+00 1.214328462808884646e-04 4.236403906879870917e-06 4.105596873049942872e-06 8.856518423755826400e-06 7.899412791879440897e-06 1.205373098513787278e-05 1.213667015256930898e-05
1.523147037658912017e+00 1.604399624258975626e-04 5.685597993761154880e-06 5.379426011515198603e-06 1.169626480126444352e-05 1.036302243063845106e-05 1.596701252537822751e-05 1.593809869439196921e-05
1.532372640552061016e+00 2.176497209711222294e-04 7.746107923213107864e-06 7.198889212793114275e-06 1.591688221832881448e-05 1.407533648422590235e-05 2.171916348333506434e-05 2.158825769512311794e-05
1.541598243445210237e+00 2.968790669880726424e-04 1.026627888710632003e-05 1.008206145767717981e-05 2.168079431757736607e-05 1.929188548935393535e-05 2.907496267694372177e-05 2.985833028424186202e-05
1.550823846338359457e+00 3.843108123194688636e-04 1.323150223633514418e-05 1.311535814875318005e-05 2.815197664468430984e-05 2.551865190165736623e-05 3.708245995865245941e-05 3.962687601306874195e-05
1.560049449231508456e+00 4.272044794759196186e-04 1.442062325255878902e-05 1.448010761808825233e-05 3.052146685304953349e-05 2.900889313522725171e-05 4.069492560812299885e-05 4.478040579411132760e-05
1.569275052124657455e+00 3.808854674752730333e-04 1.307264975205097704e-05 1.307847914395240518e-05 2.741564997230078833e-05 2.630792867584416921e-05 3.668710210469089579e-05 3.999989947104466486e-05
1.578500655017806453e+00 2.865291527523768761e-04 1.009919606068012798e-05 9.647181402242075050e-06 2.040929669721523168e-05 1.940193589839160800e-05 2.821321947428685750e-05 2.971374647935825803e-05
1.587726257910955674e+00 2.016296673082275729e-04 7.077256819237615765e-06 6.766523058932032630e-06 1.460323016873454481e-05 1.353134602829632435e-05 2.019200724192598433e-05 2.054352956597661067e-05
1.596951860804104451e+00 1.418909790508979284e-04 4.963433030752233393e-06 4.818762330090594270e-06 1.016772494055945882e-05 9.531813559580205398e-06 1.433840922719696685e-05 1.421435776153721561e-05
1.606177463697253671e+00 1.025156890395935335e-04 3.596795059147692890e-06 3.435097176329480009e-06 7.339854669614681235e-06 6.834077520410998291e-06 1.013680815751428360e-05 1.036562625511337321e-05
1.615403066590402892e+00 7.653137599468763110e-05 2.692093175692863148e-06 2.568342893270858366e-06 5.551170003033529827e-06 5.039885853675140368e-06 7.429917514908124785e-06 7.745742591451466267e-06
1.624628669483551890e+00 5.898414909343304395e-05 2.057321672266450763e-06 1.974738382704146556e-06 4.304413458789040981e-06 3.860296299753918125e-06 5.677831001807676612e-06 5.967026594504592260e-06
1.633854272376701111e+00 4.679033076394173272e-05 1.608301113188977745e-06 1.564953042978689784e-06 3.402842679218517745e-06 3.046769085060520266e-06 4.557871847003511017e-06 4.711253006733506917e-06
1.643079875269850110e+00 3.807653219979606615e-05 1.306303129676108805e-06 1.280445305832696038e-06 2.801106652949542726e-06 2.468941622582766912e-06 3.751286802492432096e-06 3.821851565961764566e-06
1.652305478162999108e+00 3.168823065441609787e-05 1.088176819645948062e-06 1.059548857713677210e-06 2.320468961910840378e-06 2.046033428167755834e-06 3.124565352628718047e-06 3.174885205591821384e-06
1.661531081056148329e+00 2.689953448107299788e-05 9.226427336384834528e-07 9.025877960999293835e-07 1.944345965994551296e-06 1.729050440862986703e-06 2.633993546118122757e-06 2.693217728705144594e-06
1.670756683949297106e+00 2.323759722158096048e-05 7.971138526263616135e-07 7.777951105063789932e-07 1.676542029400491423e-06 1.491606482760303388e-06 2.254193482630452786e-06 2.327178780401104014e-06
1.679982286842446326e+00 2.038955909310756232e-05 7.051304264553965423e-07 6.833126313629939153e-07 1.468526649610203384e-06 1.302721709594917098e-06 1.972541455487136579e-06 2.034813445356013821e-06
1.689207889735595547e+00 1.814132179844749591e-05 6.221354326191041474e-07 6.079540753688619900e-07 1.306915288694531136e-06 1.156799866027796047e-06 1.751880542578844577e-06 1.800518516785765144e-06
1.698433492628744546e+00 1.634323471203597962e-05 5.503388838073377685e-07 5.524493608198189514e-07 1.174013446993392586e-06 1.048342293164252165e-06 1.594847443918413055e-06 1.612460047799542178e-06
1.707659095521893766e+00 1.488884739698823424e-05 5.013952498121944829e-07 5.052983789772395905e-07 1.068889512750273953e-06 9.590727829509092608e-07 1.470163559712184002e-06 1.459808870541831066e-06
1.716884698415042543e+00 1.370088435823046643e-05 4.598358277109628980e-07 4.692111684380011134e-07 9.855079867291429959e-07 8.799803807693638619e-07 1.370317638811148462e-06 1.334672706095322542e-06
1.726110301308191763e+00 1.272203748403854036e-05 4.313091109367064358e-07 4.351368350512600759e-07 9.227282959697480239e-07 8.174451826569017880e-07 1.289778377792942841e-06 1.231185078007145187e-06
1.735335904201340984e+00 1.190948982341283380e-05 4.066285488113087596e-07 4.091845560035148939e-07 8.706266537656455647e-07 7.648516542153270390e-07 1.224455869255871492e-06 1.144947701411012537e-06
1.744561507094489761e+00 1.123053159185645896e-05 3.872437041445076406e-07 3.853061326825401532e-07 8.263540376115123304e-07 7.170411323044446027e-07 1.166653888865646288e-06 1.072594882680151759e-06
1.753787109987638981e+00 1.066018351551522435e-05 3.701223291296342231e-07 3.670469097410079855e-07 7.768058280660561680e-07 6.801493273500663884e-07 1.104816375286457009e-06 1.011547924705396507e-06
1.763012712880787980e+00 1.017860910349781644e-05 3.537102243787485861e-07 3.465393448744950069e-07 7.320101917222516066e-07 6.521982526013081488e-07 1.052174437141185337e-06 9.597378135021721095e-07
1.772238315773937201e+00 9.770496107405959440e-06 3.401531451062699300e-07 3.307628174700333855e-07 7.006582839519950406e-07 6.304354860219221751e-07 1.007155121442279534e-06 9.155915709140085695e-07
1.781463918667086421e+00 9.423410021980346712e-06 3.305277459850897967e-07 3.217681289095732420e-07 6.700752149215784427e-07 6.059048304962566360e-07 9.684903362627053761e-07 8.778332154364525548e-07
1.790689521560235198e+00 9.127574233197158449e-06 3.219395372846598191e-07 3.118579151620994960e-07 6.453603606751733359e-07 5.844610416563748287e-07 9.351677233365150472e-07 8.454435141628849327e-07
1.799915124453384419e+00 8.874911752893583974e-06 3.165278458366436190e-07 3.022814960143930532e-07 6.306546409699564291e-07 5.658323756766183533e-07 9.063694720861158541e-07 8.175865075062587671e-07
1.809140727346533417e+00 8.658844493050768128e-06 3.100533771826842228e-07 2.943317424412322027e-07 6.186116095762961953e-07 5.501713001749892909e-07 8.814089561196353841e-07 7.935760809113718336e-07
1.818366330239682416e+00 8.474098003132858343e-06 3.019242542183453134e-07 2.863292408511117215e-07 6.079090418369488189e-07 5.373889642542652325e-07 8.597423097342442164e-07 7.728606012937691940e-07
1.827591933132831414e+00 8.316162099185287550e-06 2.954917350895434013e-07 2.803456076674802183e-07 6.008567480373955028e-07 5.238278470016126165e-07 8.409056896874134623e-07 7.549709679007600392e-07
1.836817536025980635e+00 8.181304650622251212e-06 2.879952068712473016e-07 2.772246826576304845e-07 5.870312989443708830e-07 5.144698507442967567e-07 8.245168174229885820e-07 7.427376165382705651e-07
1.846043138919129634e+00 8.066527957145440067e-06 2.821435751502174901e-07 2.730693225590598224e-07 5.762290785565043615e-07 5.078623028244058207e-07 8.102557854622103288e-07 7.328950578449733544e-07
1.855268741812278410e+00 7.969103994266414255e-06 2.809030621779688458e-07 2.677312339317558315e-07 5.706757222076358515e-07 5.022794162112620021e-07 7.978459749484553170e-07 7.246108892214752104e-07
1.864494344705427187e+00 7.886843860515383860e-06 2.770436792607097558e-07 2.669091138907629928e-07 5.686009660546931883e-07 4.975937212442272289e-07 7.870567192643385129e-07 7.176870416550341125e-07
1.873719947598576185e+00 7.817821907038539030e-06 2.745822337332087804e-07 2.643028889812119113e-07 5.699251210175160112e-07 4.936107837362186632e-07 7.776905241072658363e-07 7.119507618146819270e-07
1.882945550491724962e+00 7.760559721825444377e-06 2.739114048139583288e-07 2.618307100140840311e-07 5.664497474271285683e-07 4.902618144366700085e-07 7.695880670387977358e-07 7.072678493640392351e-07
1.892171153384873961e+00 7.713523476374527433e-06 2.713251498860107702e-07 2.594576376377253618e-07 5.594624984606084869e-07 4.877420172551727613e-07 7.625934543504000443e-07 7.035008258574125366e-07
1.901396756278022737e+00 7.675650761602688136e-06 2.690997612894700959e-07 2.599496563216255747e-07 5.568240914997584878e-07 4.864114685973663902e-07 7.593463921972496425e-07 7.005539410626205224e-07
1.910622359171171736e+00 7.645695152848132087e-06 2.678427771572599881e-07 2.600262790650684173e-07 5.560361405092400941e-07 4.880327839311071549e-07 7.578587470052138507e-07 6.983156123144652563e-07
1.919847962064320512e+00 7.623144005488894054e-06 2.651755871777389343e-07 2.610865692057822197e-07 5.536736478775143827e-07 4.891366825030503055e-07 7.569442048769138912e-07 6.967396924273179824e-07
1.929073564957469289e+00 7.606856948507214410e-06 2.647308461562763749e-07 2.602272202327753696e-07 5.488306095527280780e-07 4.883988978250871458e-07 7.565000935333610803e-07 6.933053265343166861e-07
1.938299167850618288e+00 7.596282105038608824e-06 2.672504549586837680e-07 2.602342445922985726e-07 5.445195815453725627e-07 4.870387411782779738e-07 7.564893362344533661e-07 6.935442115303541992e-07
1.947524770743767064e+00 7.590879916675802717e-06 2.657954615364636685e-07 2.599333768741623435e-07 5.421647432819376482e-07 4.847311819388429768e-07 7.568790080480398839e-07 6.942501325097946295e-07
1.956750373636916063e+00 7.589981535729808461e-06 2.665023459667867239e-07 2.585902304197097772e-07 5.413645394932702979e-07 4.827038608677959225e-07 7.576027737432442614e-07 6.953552377153890797e-07
1.965975976530064839e+00 7.593281255072722096e-06 2.673134481176652014e-07 2.580687855698023133e-07 5.417340888452535697e-07 4.821060010542660852e-07 7.586472205349246073e-07 6.963341043829796476e-07
1.975201579423213616e+00 7.600305056957342491e-06 2.669072134908612583e-07 2.577192297034763905e-07 5.423402041735591916e-07 4.826852525981754333e-07 7.599733378462457129e-07 6.974156764083774460e-07
1.984427182316362615e+00 7.610216164167888895e-06 2.674727460583982704e-07 2.590892542241689302e-07 5.430086339881579611e-07 4.833914505818849615e-07 7.615669312740575570e-07 6.987597701616684714e-07
1.993652785209511391e+00 7.624119579004620103e-06 2.675226515143434830e-07 2.603581942296177645e-07 5.441750600350667074e-07 4.844169426684129858e-07 7.633653194232016412e-07 7.004512738673668873e-07
2.002878388102660168e+00 7.640246978891087213e-06 2.686702781341958920e-07 2.627256665396944264e-07 5.453675482756731378e-07 4.855182684251406987e-07 7.653766426073413474e-07 7.023464276923638793e-07
2.012103990995809166e+00 7.658971160548557440e-06 2.695952487706234279e-07 2.639051528926983746e-07 5.466662991413723721e-07 4.867502878052732930e-07 7.675850642348603140e-07 7.044734691539414537e-07
2.021329593888958165e+00 7.679827894929075187e-06 2.706287220051383185e-07 2.656727180220459206e-07 5.480827776968442484e-07 4.881066247408479743e-07 7.699510416610194299e-07 7.067910809997102041e-07
2.030555196782107164e+00 7.702794058583514657e-06 2.718579633858522765e-07 2.672736531613919639e-07 5.505043506794974169e-07 4.906135594721723392e-07 7.724770299780751002e-07 7.092985426018915906e-07
2.039780799675255718e+00 7.727660157095447835e-06 2.721582257091259148e-07 2.686563566369579118e-07 5.534065151292518158e-07 4.929035774189100225e-07 7.739887062816791410e-07 7.119761009758093128e-07
2.049006402568404717e+00 7.754207448775887404e-06 2.735864693658641880e-07 2.700239628107226078e-07 5.563574645010159112e-07 4.963817703073981731e-07 7.746272945721820581e-07 7.148028488592722321e-07
2.058232005461553715e+00 7.782310470894415210e-06 2.753179191122954208e-07 2.706524084670725537e-07 5.593528771526397276e-07 4.999328782674448445e-07 7.754393809554103247e-07 7.177702211320850559e-07
2.067457608354702270e+00 7.812025042273502612e-06 2.774663985014669758e-07 2.715902470921656100e-07 5.624264696916863541e-07 5.035161113076855910e-07 7.764268906111332320e-07 7.208822515131040184e-07
2.076683211247851268e+00 7.842581272675540037e-06 2.796264015027235742e-07 2.739417140305248972e-07 5.655256332496121888e-07 5.061245204294517592e-07 7.775097202666691283e-07 7.240704272405446102e-07
2.085908814141000267e+00 7.874622821189391957e-06 2.814564907369001417e-07 2.762705583286491383e-07 5.686965873883965397e-07 5.083189371508331126e-07 7.787595375000570520e-07 7.273917888172600350e-07
2.095134417034148822e+00 7.907694067047525623e-06 2.827704338475359451e-07 2.780438091917882904e-07 5.719126913546340187e-07 5.105761018737088217e-07 7.822766278448121670e-07 7.308051819516812273e-07
2.104360019927297820e+00 7.941813541635803916e-06 2.841254419359788412e-07 2.790433205444802054e-07 5.752213089339527338e-07 5.137120737375106488e-07 7.878946495219519452e-07 7.343136670191230690e-07
2.113585622820446819e+00 7.976796231456969192e-06 2.863131332635731582e-07 2.800052772478099151e-07 5.786272164540658813e-07 5.179025552511552240e-07 7.935504968940656242e-07 7.379003479892801116e-07
2.122811225713595817e+00 8.012748943485192057e-06 2.892236983459340916e-07 2.816088850218271096e-07 5.820741664716453040e-07 5.220853232838304305e-07 7.992586755002773879e-07 7.415755185377949241e-07
2.132036828606744372e+00 8.049375073252287982e-06 2.920932706012964805e-07 2.842184362889806732e-07 5.854820096253898434e-07 5.262640687028916981e-07 8.049907401932977839e-07 7.453104561673882237e-07
2.141262431499893371e+00 8.086664170345794693e-06 2.938281237747294723e-07 2.869129228524639418e-07 5.888810369068790169e-07 5.304471727989549870e-07 8.107498376543049681e-07 7.491053897975087490e-07
2.150488034393042369e+00 8.124733125769643036e-06 2.947417269379135128e-07 2.893373768371844748e-07 5.913616777925329065e-07 5.341764346328206089e-07 8.145178477674334917e-07 7.533735495856054779e-07
2.159713637286190924e+00 8.163315891819615750e-06 2.953242937983559577e-07 2.901414872975781561e-07 5.958729904412246982e-07 5.372575150119762716e-07 8.182046451500991842e-07 7.577196748065248341e-07
2.168939240179339922e+00 8.202394801667336292e-06 2.979740626291181360e-07 2.910352178169755644e-07 5.994609201332599328e-07 5.403920183940901238e-07 8.219234106568322539e-07 7.621151451980905813e-07
2.178164843072488921e+00 8.242004892156204300e-06 3.006413168580296386e-07 2.917242699217750769e-07 6.030031149384498844e-07 5.435155300138517121e-07 8.256828396955568749e-07 7.665606696674390344e-07
2.187390445965637920e+00 8.282035714234915511e-06 3.031025974536146297e-07 2.940939754999003446e-07 6.064983973287470855e-07 5.466679427279487539e-07 8.294732676120371767e-07 7.710450210954001066e-07
2.196616048858786474e+00 8.322684899158328583e-06 3.045686037863804598e-07 2.963237077676411277e-07 6.107715845906830691e-07 5.487096590977915702e-07 8.333050234546705972e-07 7.755910194979490332e-07
2.205841651751935473e+00 8.363526451893310565e-06 3.060303961401050218e-07 2.979632567136837644e-07 6.136285062363410419e-07 5.505728625549458034e-07 8.371487739228811458e-07 7.801540406025308505e-07
2.215067254645084471e+00 8.404737933257613674e-06 3.083954496856157750e-07 2.995358460134399381e-07 6.172361731140898599e-07 5.524661104931784689e-07 8.410222340796245384e-07 7.847513231483868490e-07
2.224292857538233026e+00 8.446461165430458744e-06 3.101995771623157185e-07 3.011105662628317455e-07 6.208575806809858212e-07 5.543918494263079901e-07 8.449292074395820597e-07 7.893996251228767709e-07
2.233518460431382024e+00 8.488338620739281485e-06 3.113993584283942151e-07 3.028736203263572558e-07 6.244392912392772991e-07 5.563330449338818660e-07 8.488450119300042072e-07 7.940623527305815473e-07
2.242744063324531023e+00 8.530534368782755056e-06 3.125351406666309874e-07 3.044832183937798046e-07 6.282398831740374428e-07 5.589473725396329994e-07 8.527840561794476220e-07 7.987550560921176910e-07
2.251969666217680022e+00 8.570301469452135237e-06 3.132570588350405580e-07 3.060723435006833617e-07 6.333885516987083930e-07 5.623414093768189855e-07 8.565713737352260846e-07 8.031876041579611873e-07
2.261195269110828576e+00 8.613396170019878870e-06 3.142410692159968956e-07 3.076348487772285578e-07 6.367339724352895635e-07 5.659144142342553664e-07 8.605686583098314023e-07 8.079719321615664213e-07
2.270420872003977575e+00 8.656741268271123222e-06 3.158287069284643200e-07 3.093201097946657091e-07 6.399735131578977054e-07 5.694607877227066833e-07 8.645826519363627473e-07 8.127796740228671746e-07
2.279646474897126573e+00 8.701520245968478938e-06 3.180556299726786947e-07 3.107428038841234533e-07 6.434733817085546673e-07 5.730875067300770311e-07 8.686844100280620196e-07 8.177396102993568261e-07
2.288872077790275128e+00 8.744007130696713269e-06 3.201723227437314493e-07 3.121326348326295249e-07 6.464877358354689921e-07 5.766016768475126390e-07 8.726481409578786946e-07 8.224522122034336365e-07
2.298097680683424127e+00 8.787886102241915945e-06 3.224530164451976723e-07 3.135287923083198748e-07 6.498884593527528794e-07 5.795254152660442537e-07 8.766964128147564556e-07 8.273128394345018454e-07
2.307323283576573125e+00 8.831916231592099108e-06 3.247728466200804380e-07 3.149039205181689905e-07 6.535783211930959875e-07 5.812823990964796416e-07 8.807540783194167249e-07 8.321883182604639307e-07
2.316548886469722124e+00 8.876134362381212631e-06 3.267085771956670113e-07 3.162551964567145981e-07 6.572179283421022668e-07 5.833356800440226650e-07 8.848244726028030944e-07 8.370814547087063878e-07
2.325774489362870678e+00 8.920425968022174831e-06 3.290910395571775856e-07 3.175979371455911655e-07 6.608520731597105973e-07 5.867563664754848508e-07 8.888978238637410060e-07 8.419830727589374438e-07
2.335000092256019677e+00 8.964851178908082060e-06 3.306990405586944368e-07 3.189378207174945070e-07 6.644871727772905853e-07 5.901772808567742906e-07 8.929800752939089981e-07 8.468976367091628709e-07
2.344225695149168676e+00 9.009572614872034046e-06 3.322956398124860076e-07 3.204814159187043947e-07 6.686406012770577473e-07 5.936383115166438037e-07 8.970685839259106870e-07 8.518477254301879705e-07
2.353451298042317230e+00 9.053954511254341017e-06 3.339019671780043251e-07 3.218914928052389569e-07 6.738324067492508669e-07 5.970152628441022664e-07 9.011579088780514383e-07 8.574050483577885524e-07
2.362676900935466229e+00 9.098674143455219785e-06 3.361131867446023381e-07 3.235792372703395926e-07 6.790413210804427705e-07 6.004340320694583945e-07 9.052574559220927458e-07 8.634881055788739824e-07
2.371902503828615227e+00 9.143439309163686328e-06 3.390438613150532964e-07 3.250528981596120229e-07 6.832350310652615557e-07 6.038495732462182737e-07 9.093577221587753530e-07 8.695633473741778936e-07
2.381128106721764226e+00 9.188276292265204058e-06 3.419466826884707048e-07 3.266652225650955213e-07 6.858675141030298798e-07 6.072633629287190767e-07 9.134621704627904386e-07 8.756329013618181187e-07
2.390353709614912781e+00 9.233159256523507412e-06 3.447802292184885798e-07 3.284933606665539011e-07 6.885069881872457338e-07 6.106752758017532383e-07 9.175690124278449637e-07 8.816950566464430776e-07
2.399579312508061779e+00 9.278104079035447718e-06 3.471663406374906702e-07 3.306606967348423823e-07 6.911552915337137337e-07 6.140835550162464446e-07 9.216785158004115044e-07 8.877515404522768087e-07
2.408804915401210778e+00 9.323090117926227332e-06 3.491883255331003859e-07 3.328279398212427375e-07 6.938104869797386112e-07 6.174882970149736587e-07 9.257896790246774915e-07 8.938005916457592275e-07
2.418030518294359332e+00 9.368108200946075905e-06 3.511208103289213266e-07 3.349363199326951839e-07 6.974504868737532942e-07 6.214343186395004188e-07 9.299016336475165366e-07 8.998425815503321637e-07
2.427256121187508331e+00 9.413151623028979847e-06 3.530526360736814718e-07 3.368893293196048496e-07 7.010577748521467804e-07 6.254415716312717406e-07 9.340146862109670968e-07 9.058772872876476919e-07
2.436481724080657330e+00 9.458237652228898082e-06 3.549834586971088734e-07 3.386143338094202714e-07 7.046639071259206023e-07 6.294444649713297355e-07 9.381292884083248401e-07 9.119058875638236434e-07
2.445707326973806328e+00 9.503342421222148542e-06 3.569130016459413614e-07 3.402602342536172346e-07 7.082659261044407708e-07 6.334443608874149517e-07 9.422439834686676123e-07 9.179271662050579990e-07
2.454932929866954883e+00 9.548464070176562786e-06 3.588411673341348047e-07 3.418751462837512820e-07 7.118635689612764057e-07 6.374412060829692095e-07 9.463588446264487866e-07 9.239405440106449426e-07
2.464158532760103881e+00 9.593583744669351948e-06 3.607677542227066928e-07 3.434893086488187061e-07 7.154558837576603008e-07 6.414348979739169704e-07 9.504716623925086694e-07 9.299464712319132758e-07
2.473384135653252880e+00 9.638708451273641606e-06 3.626923058162876339e-07 3.451071480003493766e-07 7.190436311870229702e-07 6.454244740007515781e-07 9.545840323946570323e-07 9.359431548402738970e-07
2.482609738546401434e+00 9.683838829054316482e-06 3.646155570377559329e-07 3.469627013376827427e-07 7.226268009555779880e-07 6.494117533247073764e-07 9.586956855974726287e-07 9.419330553509795191e-07
2.491835341439550433e+00 9.728976715811869081e-06 3.665373171350360640e-07 3.485255628445438412e-07 7.262058476283049648e-07 6.533962170749341489e-07 9.628070411608811400e-07 9.479156755058218859e-07
2.501060944332699432e+00 9.774089608897226997e-06 3.684564749639855652e-07 3.501344184341979409e-07 7.297783431858653779e-07 6.573763203638738323e-07 9.669152489469305829e-07 9.538881262138620602e-07
2.510286547225848430e+00 9.819229217823443443e-06 3.703745462787099183e-07 3.517557987050512979e-07 7.333502764949714130e-07 6.613562557400039368e-07 9.710243187532943676e-07 9.598560003548224878e-07
2.519512150118996985e+00 9.864322742848651902e-06 3.722897616039737067e-07 3.533766267381311868e-07 7.369128394957846637e-07 6.654214257536938536e-07 9.751290826922618456e-07 9.658122868150642544e-07
2.528737753012145983e+00 9.909435672693665942e-06 3.742035589774541488e-07 3.554860821900415204e-07 7.404745840329030656e-07 6.694850912380437090e-07 9.792344237469770925e-07 9.717632252362015563e-07
2.537963355905294982e+00 9.954482644104004085e-06 3.768376669807434328e-07 3.571214696531041115e-07 7.437205284411103022e-07 6.735509659073837265e-07 9.833335032508408197e-07 9.769823217850079599e-07
2.547188958798443537e+00 9.999562946361523821e-06 3.800646756562521642e-07 3.587493370497557576e-07 7.463338850350823554e-07 6.776161864365363600e-07 9.874345719090630821e-07 9.821215915097846188e-07
2.556414561691592535e+00 1.004459815787489474e-05 3.831886007516300738e-07 3.603760283984161803e-07 7.489418643780756642e-07 6.824536265163410649e-07 9.915312475141677487e-07 9.872585529652256508e-07
2.565640164584741534e+00 1.008955328849754534e-05 3.863134498902104391e-07 3.619134480897901016e-07 7.515416178052928653e-07 6.873325803552153264e-07 9.956198214653506402e-07 9.923898270643902425e-07
2.574865767477890532e+00 1.013459471251889726e-05 3.894444526735960972e-07 3.635140023054838775e-07 7.541462434096059064e-07 6.922155537975720489e-07 9.997171644693713868e-07 9.975313988104707189e-07
2.584091370371039087e+00 1.017956264463046984e-05 3.910078162618912820e-07 3.651374362246161598e-07 7.567449055752493406e-07 6.962407488759669638e-07 1.003806429554668464e-06 1.002666217622533965e-06
2.593316973264188086e+00 1.022447393957434733e-05 3.938892995228691901e-07 3.667333279755664920e-07 7.616676791400204903e-07 7.000453558000670451e-07 1.007890887169793468e-06 1.007799572923322287e-06
2.602542576157337084e+00 1.026937940873939215e-05 3.965098637448513668e-07 3.682738367250075744e-07 7.667291459182844649e-07 7.038475145726189698e-07 1.011974157724538398e-06 1.012932809272800491e-06
2.611768179050485639e+00 1.031426869585332738e-05 3.978697318842664300e-07 3.698161367224914940e-07 7.717965398251246594e-07 7.076500518230934537e-07 1.016056240427542395e-06 1.018066629067783399e-06
2.620993781943634637e+00 1.035909037560054125e-05 3.991408897048852626e-07 3.712528495709269978e-07 7.760434015940174908e-07 7.114397472435143014e-07 1.020131985190216565e-06 1.023196182794378545e-06
2.630219384836783636e+00 1.040390109550157891e-05 4.004121078615006837e-07 3.723318907390507252e-07 7.796138078752534614e-07 7.152059835385610675e-07 1.024206301921061257e-06 1.028325397029524686e-06
2.639444987729932635e+00 1.044865140692787687e-05 4.032593651178746917e-07 3.736721506115530240e-07 7.831757976400127507e-07 7.189736897285770571e-07 1.028276177421839609e-06 1.033452979954417388e-06
2.648670590623081189e+00 1.049337752474853443e-05 4.061516564195773394e-07 3.751064424936934570e-07 7.867353556547751568e-07 7.227370819670092593e-07 1.033769878114835174e-06 1.038578700916306606e-06
2.657896193516230188e+00 1.053806035651497711e-05 4.082484314784988569e-07 3.765395532779847008e-07 7.902894621311486244e-07 7.264991954728115597e-07 1.039718259758743983e-06 1.043702895413770382e-06
2.667121796409379186e+00 1.058270114360645943e-05 4.102492620014468189e-07 3.779716208850058472e-07 7.946529373282990103e-07 7.305087136943990773e-07 1.045666379586971081e-06 1.048825358412089044e-06
2.676347399302527741e+00 1.062729754985859430e-05 4.119313778485008841e-07 3.792481141921057479e-07 7.998144904788397904e-07 7.345589406081411225e-07 1.051614636415386188e-06 1.053946313316070295e-06
2.685573002195676739e+00 1.067186930348196977e-05 4.135040648785237946e-07 3.804550835323727121e-07 8.049767481915843023e-07 7.386051811177452660e-07 1.057561561279206252e-06 1.059065528660854309e-06
2.694798605088825738e+00 1.071639088672680062e-05 4.152461002375535700e-07 3.816639386355071505e-07 8.101427444513374047e-07 7.426500356359114847e-07 1.063507961664928104e-06 1.064182412305938194e-06
2.704024207981974737e+00 1.076087122612803346e-05 4.171979156203882758e-07 3.828761407005432826e-07 8.153124138387071208e-07 7.466940567621335848e-07 1.069454836366689619e-06 1.069298054779097525e-06
2.713249810875123291e+00 1.080528256046693789e-05 4.191485550214849812e-07 3.840900615527132475e-07 8.204840607205609850e-07 7.507353221510974252e-07 1.075399651573017378e-06 1.074409673430504577e-06
2.722475413768272290e+00 1.084968786319899788e-05 4.210991327066820298e-07 3.853055078571042825e-07 8.256484861917675168e-07 7.547743001661322867e-07 1.081345605354940974e-06 1.079521630120165498e-06
2.731701016661421288e+00 1.089402193875290214e-05 4.228589074797941053e-07 3.875009890401681916e-07 8.307839289367463227e-07 7.588099057614598319e-07 1.087289101061442829e-06 1.084629208088577442e-06
2.740926619554569843e+00 1.093831952880486305e-05 4.244994813575885570e-07 3.898060727532579956e-07 8.359238300942071700e-07 7.628452468870905564e-07 1.093234070885105487e-06 1.089736113017852011e-06
2.750152222447718842e+00 1.098257593943901438e-05 4.263751644494441164e-07 3.914655065680664587e-07 8.410622823234137574e-07 7.668442638676592141e-07 1.099176865264774700e-06 1.094839896756291970e-06
2.759377825340867840e+00 1.102674831493899823e-05 4.281169295343601334e-07 3.931077831432481563e-07 8.462073761802724496e-07 7.704117251240305434e-07 1.105120113778359988e-06 1.099940476093647242e-06
