2.306400723287267349e-02 5.572493953409607200e+16 -8.000000000000000000e+00 8.000000000000000000e+00 -8.000000000000000000e+00 8.000000000000000000e+00 -8.000000000000000000e+00 8.000000000000000000e+00
3.228961012602173802e-02 1.163078255396026719e+14 1.062500000000000000e+00 1.031250000000000000e+00 1.984375000000000000e+00 2.015625000000000000e+00 2.796875000000000000e+00 2.750000000000000000e+00
4.151521301917080603e-02 2.104248557363747559e+12 9.763183593750000000e-01 9.357910156250000000e-01 1.804931640625000000e+00 1.827148437500000000e+00 2.563720703125000000e+00 2.506591796875000000e+00
5.074081591231988098e-02 1.178572736979396820e+11 9.077148437500000000e-01 8.675842285156250000e-01 1.674957275390625000e+00 1.703018188476562500e+00 2.378723144531250000e+00 2.326354980468750000e+00
5.996641880546894204e-02 1.301894237637992859e+10 8.550567626953125000e-01 8.180446624755859375e-01 1.574720382690429688e+00 1.608308792114257812e+00 2.236085891723632812e+00 2.187593460083007812e+00
6.919202169861800311e-02 2.246726882399266720e+09 8.096270561218261719e-01 7.782149314880371094e-01 1.495316505432128906e+00 1.534192085266113281e+00 2.123115062713623047e+00 2.077715396881103516e+00
7.841762459176707112e-02 5.296187556991046071e+08 7.759452462196350098e-01 7.461704015731811523e-01 1.431168138980865479e+00 1.475175499916076660e+00 2.031892478466033936e+00 1.989006936550140381e+00
8.764322748491613913e-02 1.568588213534243703e+08 7.491017282009124756e-01 7.200474143028259277e-01 1.378591835498809814e+00 1.427689284086227417e+00 1.957242846488952637e+00 1.919186264276504517e+00
9.686883037806519325e-02 5.523747779676465690e+07 7.254608422517776489e-01 6.957061886787414551e-01 1.335152238607406616e+00 1.389314241707324982e+00 1.895637892186641693e+00 1.866979323327541351e+00
1.060944332712142474e-01 2.226401132644661888e+07 7.059385739266872406e-01 6.768435500562191010e-01 1.299191523343324661e+00 1.354752868413925171e+00 1.844599030911922455e+00 1.824630461633205414e+00
1.153200361643633154e-01 9.994981843786433339e+06 6.904956661164760590e-01 6.618971899151802063e-01 1.269389869645237923e+00 1.322151301428675652e+00 1.802348775789141655e+00 1.790511924773454666e+00
1.245456390575123834e-01 4.898250751747193746e+06 6.778330989181995392e-01 6.453674947842955589e-01 1.244739927351474762e+00 1.294950814917683601e+00 1.767581103369593620e+00 1.763438560068607330e+00
1.337712419506614514e-01 2.580954524167146999e+06 6.673940382897853851e-01 6.310909450985491276e-01 1.224619495216757059e+00 1.272417975589632988e+00 1.739328978583216667e+00 1.742541027721017599e+00
1.429968448438105333e-01 1.445113911638635676e+06 6.588265572208911180e-01 6.263253374490886927e-01 1.208517979132011533e+00 1.254000386688858271e+00 1.716873875586315989e+00 1.727183268871158361e+00
1.522224477369596152e-01 8.519132555026821792e+05 6.544269331498071551e-01 6.165478766197338700e-01 1.196283481083810329e+00 1.239281110349111259e+00 1.699685123632661998e+00 1.716906448593363166e+00
1.614480506301086971e-01 5.248719189174909843e+05 6.506350357085466385e-01 6.139879631809890270e-01 1.190446466323919594e+00 1.227947261766530573e+00 1.687378509668633342e+00 1.711390960146673024e+00
1.706736535232577512e-01 3.359500760684043053e+05 6.458375184447504580e-01 6.141967931762337685e-01 1.187750457786023617e+00 1.219767981092445552e+00 1.679687839408870786e+00 1.710430605045985430e+00
1.798992564164068331e-01 2.222910860943965963e+05 6.452298794174566865e-01 6.172104088764172047e-01 1.185697748471284285e+00 1.214578839309979230e+00 1.676445494056679308e+00 1.713915278436616063e+00
1.891248593095559150e-01 1.514319794024620787e+05 6.473750520963221788e-01 6.184832254948560148e-01 1.186743845726596192e+00 1.218018545216182247e+00 1.677569492982001975e+00 1.721819869242608547e+00
1.983504622027049968e-01 1.058440221083565702e+05 6.509945260186214000e-01 6.196544081903994083e-01 1.190753775357734412e+00 1.224651684184209444e+00 1.683055472778505646e+00 1.734197937243152410e+00
2.075760650958540787e-01 7.568279438890289748e+04 6.555083358252886683e-01 6.245030574791599065e-01 1.194088112912140787e+00 1.234539368379046209e+00 1.692972579548950307e+00 1.751179284838144667e+00
2.168016679890031329e-01 5.522270640035642282e+04 6.617909688502550125e-01 6.339245959316031076e-01 1.198605779842182528e+00 1.243371344055049121e+00 1.707462672173278406e+00 1.772970927988353651e+00
2.260272708821522147e-01 4.102783851809033513e+04 6.696729963223333471e-01 6.393610597951919772e-01 1.208306951644772198e+00 1.254769214712723624e+00 1.726742505692527629e+00 1.799861247505759820e+00
2.352528737753012689e-01 3.097741613018427597e+04 6.797644594444136601e-01 6.496698003029450774e-01 1.223794194705988048e+00 1.269354284810106037e+00 1.751108765354729258e+00 1.832227308379515307e+00
2.444784766684503230e-01 2.372866554518172052e+04 6.911949860186723527e-01 6.631223791482625529e-01 1.242821412055491237e+00 1.287293071833119029e+00 1.780945954364142381e+00 1.870538385726831621e+00
2.537040795615994049e-01 1.841151396084489534e+04 7.064075769994815346e-01 6.737104927633481566e-01 1.265599766964442097e+00 1.309173045767238364e+00 1.816737201315845596e+00 1.914616593337996164e+00
2.629296824547484590e-01 1.445015609599853269e+04 7.193942556132242316e-01 6.925515484381321585e-01 1.292435002778802300e+00 1.339308955462911399e+00 1.859078001165471505e+00 1.959978258964838460e+00
2.721552853478975686e-01 1.145608109854269242e+04 7.365898382122395560e-01 7.141747697241953574e-01 1.331724536805268144e+00 1.376745176332406118e+00 1.908692633129248861e+00 2.012578390909766313e+00
2.813808882410466228e-01 9.162428407010476803e+03 7.662893328724749153e-01 7.335868285681499401e-01 1.372159595261109644e+00 1.431451587048286456e+00 1.966452277561984374e+00 2.071124241954748868e+00
2.906064911341957324e-01 7.382831518157569008e+03 7.938956514417441213e-01 7.548486940931979916e-01 1.415979335419251584e+00 1.497936433312133886e+00 2.033392185751836223e+00 2.131223773548299505e+00
2.998320940273447865e-01 5.985096935158851011e+03 8.359924026362932636e-01 7.834273905964437290e-01 1.481375825347640784e+00 1.565024645460653119e+00 2.110721563988590788e+00 2.199188804515870288e+00
3.090576969204938407e-01 4.874055635878834437e+03 8.542676364422732149e-01 8.248772875458598719e-01 1.562710903871447954e+00 1.626298102786677191e+00 2.199811731454246910e+00 2.276555168281447550e+00
3.182832998136429503e-01 3.980192808649808740e+03 8.843932423728801950e-01 8.598680252857775486e-01 1.647550630167643249e+00 1.695676912125236413e+00 2.302130171504359168e+00 2.417036596306388674e+00
3.275089027067920044e-01 3.251980365054259892e+03 9.491968915713187016e-01 9.067528879963902000e-01 1.745442443518186337e+00 1.794140503981452639e+00 2.419047522356777336e+00 2.533647311302956950e+00
3.367345055999411141e-01 2.650620609923033044e+03 9.969534914748692245e-01 9.532616399719699984e-01 1.872220290129462228e+00 1.909224040970912029e+00 2.551349963415759703e+00 2.663310624084715528e+00
3.459601084930901682e-01 2.146388914996226504e+03 1.043973166784780915e+00 1.009485525008130935e+00 1.983445794549425045e+00 2.013535399279589910e+00 2.698060333420471579e+00 2.803418904979480430e+00
3.551857113862392223e-01 1.716076786095085936e+03 1.115003139752161587e+00 1.072197021881720502e+00 2.085411581209427823e+00 2.110934233845682684e+00 2.853590885499670549e+00 2.946102342835956733e+00
3.644113142793883320e-01 1.341294416246942319e+03 1.159709093953779302e+00 1.144541609642146796e+00 2.219169263799813052e+00 2.309250206572414754e+00 3.041959155071708665e+00 3.070208815622891052e+00
3.736369171725373861e-01 1.007767469756205969e+03 1.183653536948668261e+00 1.213801557418946686e+00 2.360301727665387261e+00 2.397701529703681445e+00 3.140696839889301373e+00 3.145902365940514755e+00
3.828625200656864958e-01 7.067762565992022701e+02 1.179392798566595957e+00 1.229698766181172687e+00 2.326297978806451283e+00 2.316300721154675557e+00 3.028921288174956317e+00 3.240723274448214397e+00
3.920881229588355499e-01 4.435126165140760008e+02 9.729218386172533428e-01 1.027844876456356360e+00 1.995390220362935452e+00 1.912804129303879108e+00 2.571541132622826353e+00 2.728616122896085017e+00
4.013137258519846040e-01 2.707046490908647911e+02 2.213905963363913543e-01 2.221189125127125408e-01 4.522258056279611083e-01 4.098190284917109238e-01 5.840752224081029453e-01 5.873358464928060130e-01
4.105393287451337136e-01 3.986026150455091397e+02 2.155149493260353211e+00 2.203283369786163348e+00 4.238164935919598975e+00 4.224693260158971952e+00 6.269278030595728524e+00 5.684820911502583840e+00
4.197649316382827678e-01 1.241845887349764780e+03 5.784427903346568201e+00 5.757682148170943037e+00 1.135175218999347635e+01 1.134950452158295775e+01 1.653851185873031682e+01 1.569422609268144697e+01
4.289905345314318219e-01 2.253417739833874748e+03 3.695982515656851319e+00 3.785259893118109176e+00 7.848787896373323747e+00 7.691264820869491814e+00 1.084005192025961151e+01 9.697360938863766933e+00
4.382161374245809315e-01 2.335897253095244650e+03 1.022749031644707429e-01 9.756212027150468202e-02 1.890655892188988219e-01 2.011232115441998758e-01 2.535819034574160469e-01 3.110918842930914252e-01
4.474417403177299857e-01 2.004230901425991760e+03 1.375954223557755540e+00 1.288198197320298277e+00 2.589564552899219052e+00 2.716681210251863376e+00 3.608851904360790286e+00 3.715816699026845527e+00
4.566673432108790953e-01 1.674759448378399838e+03 1.561743409164819241e+00 1.477819766155107573e+00 2.858934983418521369e+00 3.030692046698050035e+00 3.897811328698935540e+00 4.104050251381977432e+00
4.658929461040280939e-01 1.415258992196860390e+03 1.449477669941643398e+00 1.410851243877459638e+00 2.604313382606960658e+00 2.745610193871243609e+00 3.516517592784794033e+00 3.764822085746800440e+00
4.751185489971772036e-01 1.215662371384908056e+03 1.292417091871129742e+00 1.259323096050366075e+00 2.315603801754377855e+00 2.438517482768702394e+00 3.181965928270074073e+00 3.258973869618785102e+00
4.843441518903262577e-01 1.059653178965447296e+03 1.126665057117861579e+00 1.101549306229571812e+00 2.064870649689510174e+00 2.139908201520029252e+00 2.833873364777446113e+00 2.893521428439271403e+00
4.935697547834753673e-01 9.349411430659835105e+02 9.921288153794876052e-01 9.825471047907967659e-01 1.856833191533041827e+00 1.887724683921987889e+00 2.471268165303058595e+00 2.590762374315772831e+00
5.027953576766244215e-01 8.331308575556953429e+02 8.709227135760784222e-01 8.691145086410188014e-01 1.684391189123402910e+00 1.674941399764747985e+00 2.199881626757814956e+00 2.284168179713901736e+00
5.120209605697735311e-01 7.485094047258602359e+02 7.813952857794674856e-01 7.906123590718152627e-01 1.513472540115117226e+00 1.491817573536309283e+00 1.999315892884510504e+00 2.010680087847504183e+00
5.212465634629225297e-01 6.771106565892445133e+02 7.133212258769390246e-01 7.066975200942806623e-01 1.363211431668901241e+00 1.350290437154399115e+00 1.825961780529610223e+00 1.787072743080443615e+00
5.304721663560716394e-01 6.161093574551470056e+02 6.426126779442711268e-01 6.458949978272130465e-01 1.233257344919479692e+00 1.228436593549645295e+00 1.667472909168850492e+00 1.621048179261492805e+00
5.396977692492206380e-01 5.634405896099651727e+02 5.855290185153307903e-01 5.933039437096567781e-01 1.124473102723868578e+00 1.123164408267257386e+00 1.523774973695253721e+00 1.480767885226214275e+00
5.489233721423698587e-01 5.175589642012271270e+02 5.358770485532886596e-01 5.494701440433118478e-01 1.028206305960679856e+00 1.035019708681829798e+00 1.399367247849227169e+00 1.359687204659962845e+00
5.581489750355188573e-01 4.772831517800255483e+02 4.931088567923893606e-01 5.064207387379724423e-01 9.464627297989522958e-01 9.548628296522565506e-01 1.290933181760976822e+00 1.254420447722907284e+00
5.673745779286679669e-01 4.416930943424623024e+02 4.519807873435297552e-01 4.663485890268930234e-01 8.808252311313253813e-01 8.846373500551862890e-01 1.195804941526262155e+00 1.162270311429267622e+00
5.766001808218169655e-01 4.100603851297335041e+02 4.181650029856314177e-01 4.335095840172016324e-01 8.235189404083484987e-01 8.227235774618293362e-01 1.111834987612212444e+00 1.081081489412724750e+00
5.858257837149661862e-01 3.818000076808285712e+02 3.907172715437354782e-01 4.042849478247489969e-01 7.692093055233613086e-01 7.678167413859569024e-01 1.037287428104605169e+00 1.009121991310564681e+00
5.950513866081151848e-01 3.564361490954975693e+02 3.655160650739617267e-01 3.817187455600787871e-01 7.171237660158453764e-01 7.188589615956288981e-01 9.707509224447221641e-01 9.449903787450466552e-01
6.042769895012642944e-01 3.335774953935630833e+02 3.420005006193491681e-01 3.579145253747242350e-01 6.708813142358280857e-01 6.749216459959370695e-01 9.110704290641820080e-01 8.875442960812733872e-01
6.135025923944132931e-01 3.128990505906737667e+02 3.211285077667298538e-01 3.363956572114830124e-01 6.341879904028360215e-01 6.353533166693523526e-01 8.572941791993002880e-01 8.358456257460602501e-01
6.227281952875624027e-01 2.941285328406235635e+02 3.026646180713896683e-01 3.183490583567731846e-01 6.002861358837776606e-01 5.995863315942528970e-01 8.086325418387332320e-01 7.891183423552092790e-01
6.319537981807114013e-01 2.770360406518935861e+02 2.851338757039343363e-01 3.019434461240848577e-01 5.675899697968134205e-01 5.671269748308418457e-01 7.644260389853343440e-01 7.467159872081197136e-01
6.411794010738606220e-01 2.614260948499845654e+02 2.691962141569774758e-01 2.864699680208104837e-01 5.377073533989573662e-01 5.375610127154004658e-01 7.241203655381696080e-01 7.080964215232370407e-01
6.504050039670096206e-01 2.471314333677376567e+02 2.547249780562879096e-01 2.721715671146966997e-01 5.103451385787423078e-01 5.105387071679672317e-01 6.872467709613658826e-01 6.728021004687718687e-01
6.596306068601587302e-01 2.340081177498014995e+02 2.424914818180923248e-01 2.586623582784568498e-01 4.868956732862557146e-01 4.857630140618027781e-01 6.534065568978917327e-01 6.404445539277219268e-01
6.688562097533077289e-01 2.219316341533213972e+02 2.311890027067988740e-01 2.466846694332218703e-01 4.637580124554574468e-01 4.629802257693995671e-01 6.222587486207089569e-01 6.106920912691293779e-01
6.780818126464568385e-01 2.107937574377001795e+02 2.197605927562733541e-01 2.359929893474372875e-01 4.423326836167973397e-01 4.412263721386295856e-01 5.935102272040921889e-01 5.832599927935859796e-01
6.873074155396059481e-01 2.005000072764912034e+02 2.090086352745856857e-01 2.256892504031213775e-01 4.225111625463853215e-01 4.200628904247309947e-01 5.669077808601912238e-01 5.579026319751392293e-01
6.965330184327550578e-01 1.909675682616529002e+02 1.997041087518596214e-01 2.160690632505861686e-01 4.041312392657516739e-01 4.008076288434381240e-01 5.422316623289020754e-01 5.344071070157951908e-01
7.057586213259040564e-01 1.821235770767636382e+02 1.914809828249701695e-01 2.070005219335655511e-01 3.870486027390143136e-01 3.849262334292973264e-01 5.192903354859765841e-01 5.125880601382846180e-01
7.149842242190531660e-01 1.739037025795804823e+02 1.840127101792177200e-01 1.982830839816358548e-01 3.711370842907228962e-01 3.687715393303108158e-01 4.979161667903042598e-01 4.922834376891671582e-01
7.242098271122021647e-01 1.662509614887997031e+02 1.764611832428784055e-01 1.904333290175941329e-01 3.562859366983559539e-01 3.537091655262543100e-01 4.779618719531129045e-01 4.733510002079128753e-01
7.334354300053513853e-01 1.591147249847033152e+02 1.693967595956848982e-01 1.824807814905398118e-01 3.420143423125239224e-01 3.394205864040031884e-01 4.592975698201087198e-01 4.556654340140653403e-01
7.426610328985003839e-01 1.524498810721702853e+02 1.636878730425621598e-01 1.747743742956515689e-01 3.285120598061155306e-01 3.260115057073562639e-01 4.418083272432511421e-01 4.391159481036481793e-01
7.518866357916494936e-01 1.462161248363793788e+02 1.576413161791947459e-01 1.676009336645449821e-01 3.162797696654990887e-01 3.135856611445433373e-01 4.253921031499032779e-01 4.236042648326758808e-01
7.611122386847984922e-01 1.403773543302497160e+02 1.514845404573463838e-01 1.609241470972335719e-01 3.049866220879096090e-01 3.024297872963188638e-01 4.099580188922971047e-01 4.090429318650308232e-01
7.703378415779476018e-01 1.349011541890309331e+02 1.463997548285931316e-01 1.545572311820251343e-01 2.943492646319896267e-01 2.917913446539728284e-01 3.954248966328748338e-01 3.953538975926278454e-01
7.795634444710966005e-01 1.297583524778978870e+02 1.410380884034907467e-01 1.486124095792433764e-01 2.843153638002888783e-01 2.815758212194054977e-01 3.817200189955372025e-01 3.824673037142076737e-01
7.887890473642458211e-01 1.249226389677532580e+02 1.360318612551196793e-01 1.429763559963959096e-01 2.748378654533922827e-01 2.719447426294294701e-01 3.687780722212039564e-01 3.703204576580532148e-01
7.980146502573948197e-01 1.203702351703195887e+02 1.312620478490060805e-01 1.376507756686322637e-01 2.658743571111870097e-01 2.628521066039155585e-01 3.565402422002961202e-01 3.588569546313920000e-01
8.072402531505439294e-01 1.160796081705065177e+02 1.270831350617385169e-01 1.328182329801137485e-01 2.573865195114990456e-01 2.546427849769230534e-01 3.449534384078560834e-01 3.480259247034496184e-01
8.164658560436929280e-01 1.120312216669704668e+02 1.230767055834860457e-01 1.286059600853803886e-01 2.493469353112232056e-01 2.472559217764143114e-01 3.339696252903650020e-01 3.377813848116772988e-01
8.256914589368421487e-01 1.082073187420255493e+02 1.192648220764453981e-01 1.249260951720714274e-01 2.416275863319299333e-01 2.395045816482763712e-01 3.235452442813766538e-01 3.280816791725982284e-01
8.349170618299911473e-01 1.045917317861872249e+02 1.155425249278607680e-01 1.203877637702106540e-01 2.341943789206482052e-01 2.321190133010162526e-01 3.136407125506650573e-01 3.188889944737809401e-01
8.441426647231402569e-01 1.011697157341433382e+02 1.120994556587930902e-01 1.162836587065214644e-01 2.271971106797252560e-01 2.251021219717017630e-01 3.042199869163511039e-01 3.101689385160995016e-01
8.533682676162892555e-01 9.792780139261408578e+01 1.087722398700918802e-01 1.126346975758565350e-01 2.205338968168177871e-01 2.184558956662101536e-01 2.952501834013219195e-01 3.018901729968064274e-01
8.625938705094383652e-01 9.485366611563614470e+01 1.055101768989601396e-01 1.090926976932422576e-01 2.141822854523667274e-01 2.125567182838778990e-01 2.867012443050072079e-01 2.940240924923216426e-01
8.718194734025873638e-01 9.193601951921199600e+01 1.024552552133002337e-01 1.057075378741672012e-01 2.081217105253188038e-01 2.069081787471560574e-01 2.785456461130593198e-01 2.862968869835071928e-01
8.810450762957365844e-01 8.916450226105732213e+01 9.924692552176850313e-02 1.027536651429414860e-01 2.023332989829498274e-01 2.015067696823962251e-01 2.707581425482743498e-01 2.778858153455985303e-01
8.902706791888855831e-01 8.652959620271026608e+01 9.621955162816675511e-02 1.003030195882104181e-01 1.967997007617015015e-01 1.958262939442505512e-01 2.633155379729998913e-01 2.698295835321289360e-01
8.994962820820346927e-01 8.402254451245643452e+01 9.304750997269195523e-02 9.760697492342274018e-02 1.915049384804632382e-01 1.902996361642550482e-01 2.561964870735380373e-01 2.621055325606533870e-01
9.087218849751836913e-01 8.163528047103581287e+01 9.077263459406026413e-02 9.453132566390820557e-02 1.864342742329938574e-01 1.850028125139857593e-01 2.493813173731780353e-01 2.546927243803196461e-01
9.179474878683329120e-01 7.936036391376440235e+01 8.911522266188853791e-02 9.159011269902350705e-02 1.815740912486063507e-01 1.799214626180685173e-01 2.428518716217951123e-01 2.475717770570611265e-01
9.271730907614816886e-01 7.719092438822563906e+01 8.632862628954285356e-02 8.911848981912839918e-02 1.770753407793677070e-01 1.750422917942984213e-01 2.365913675416351225e-01 2.407247176828946067e-01
9.363986936546309092e-01 7.512061023026548412e+01 8.440800952085680819e-02 8.696979749005606664e-02 1.727686681783779932e-01 1.705525489143155937e-01 2.307829222049520013e-01 2.341348507783180821e-01
9.456242965477800189e-01 7.314354286639019165e+01 8.256857694851760243e-02 8.494848245960895383e-02 1.690946179753041179e-01 1.663090461562291011e-01 2.258834442446300272e-01 2.277866402611010699e-01
9.548498994409290175e-01 7.125427574059980884e+01 8.059006551678749020e-02 8.312712350638662429e-02 1.654448718463470414e-01 1.622358244876664912e-01 2.212031598269561528e-01 2.224583564566984251e-01
9.640755023340780161e-01 6.944775734095601649e+01 7.838291404769393012e-02 8.095418870188098026e-02 1.608054460553489662e-01 1.583234732722900162e-01 2.167312540470902604e-01 2.176955276539160877e-01
9.733011052272271257e-01 6.771929786730865430e+01 7.615062455346333081e-02 7.830980354891892148e-02 1.570113144410072437e-01 1.545632522357180960e-01 2.124577333632799991e-01 2.131257823904633142e-01
9.825267081203763464e-01 6.606453913873293970e+01 7.417588945145325852e-02 7.578731122883652915e-02 1.530185369917518301e-01 1.512632414144832183e-01 2.083733620599588221e-01 2.087396083247341494e-01
9.917523110135253450e-01 6.447942738854322897e+01 7.294312697189297978e-02 7.339716181100186532e-02 1.491407186811812835e-01 1.481800312719059320e-01 2.044696054085761716e-01 2.045281593024839140e-01
1.000977913906674344e+00 6.296018863723991643e+01 7.169250039815011633e-02 7.227576486893383390e-02 1.453851760875224386e-01 1.452153016354955639e-01 2.007385788310784847e-01 2.004832047543345652e-01
1.010203516799823564e+00 6.150330637085555452e+01 6.969911378985216288e-02 7.052740183239336602e-02 1.417608054875003631e-01 1.423633705737827881e-01 1.971730024652273983e-01 1.965970840993094271e-01
1.019429119692972563e+00 6.010550128418990568e+01 6.830781618715775494e-02 6.882859355178538863e-02 1.382461428329548880e-01 1.396189302779333730e-01 1.937661606115810287e-01 1.928626656517735682e-01
1.028654722586121562e+00 5.876371287643552677e+01 6.710885178594594436e-02 6.721053926754194663e-02 1.348346836059519660e-01 1.369770193536155034e-01 1.905118656112492204e-01 1.892733095915204444e-01
1.037880325479270560e+00 5.747508271106216426e+01 6.562819957186860620e-02 6.561537085444513195e-02 1.318358827661825217e-01 1.344264662241485553e-01 1.874044257689391202e-01 1.858228346148820265e-01
1.047105928372419781e+00 5.623693917319686619e+01 6.430971158597031945e-02 6.464928766041566632e-02 1.294669382565132310e-01 1.319511259132895020e-01 1.844386169893894589e-01 1.825054879333762869e-01
1.056331531265569001e+00 5.504678357636596786e+01 6.241516401507851697e-02 6.349569820367406692e-02 1.270558526630622964e-01 1.293852323183983799e-01 1.816096578459038824e-01 1.793159183308858928e-01
1.065557134158718000e+00 5.390227748684053921e+01 6.106902601173658240e-02 6.249305486851852720e-02 1.243290808787023138e-01 1.273263243065727579e-01 1.789131878456018399e-01 1.762491520288520519e-01
1.074782737051866999e+00 5.280123114820536756e+01 6.017038657361695186e-02 6.109368107214407928e-02 1.216801228513517685e-01 1.251530306934753867e-01 1.763452486954690812e-01 1.732997231614916700e-01
1.084008339945015997e+00 5.174159290138946687e+01 5.959716111611612632e-02 5.998182605055291106e-02 1.198419174946536714e-01 1.230386193877137657e-01 1.727956442451912267e-01 1.704573052813316281e-01
1.093233942838165218e+00 5.072143950648883504e+01 5.858862786394780642e-02 5.904666797743374218e-02 1.177199390309766613e-01 1.209998670970691137e-01 1.689107332914190351e-01 1.677247762328519798e-01
1.102459545731314217e+00 4.973896728248340082e+01 5.758823909499710680e-02 5.834487126185194938e-02 1.148992404336155460e-01 1.188052152497007796e-01 1.664402289185602513e-01 1.650984657189908944e-01
1.111685148624463215e+00 4.879248398951225596e+01 5.650571791646541442e-02 5.744377012820933714e-02 1.121126800448664085e-01 1.165632823037228150e-01 1.645744415473373579e-01 1.625749954318749246e-01
1.120910751517612436e+00 4.788040138590147876e+01 5.616640827705055017e-02 5.619819674658543818e-02 1.101942019641413140e-01 1.143769049505181101e-01 1.628238724862995923e-01 1.601512682406394106e-01
1.130136354410761435e+00 4.700122839867066205e+01 5.490669001701320440e-02 5.579872961896370498e-02 1.091381572764262842e-01 1.122426935181479735e-01 1.611848813694578553e-01 1.569282683233979014e-01
1.139361957303910433e+00 4.615356485197357017e+01 5.370947504130185735e-02 5.515443519054485932e-02 1.076346936552212696e-01 1.106919605196168277e-01 1.594078288900178109e-01 1.523229691423821919e-01
1.148587560197059654e+00 4.533609570275127254e+01 5.366326700895740487e-02 5.439094995619342399e-02 1.055397631173633499e-01 1.090620793258807453e-01 1.561861941343991589e-01 1.488324713378332831e-01
1.157813163090208652e+00 4.454758573701275992e+01 5.325374578644215262e-02 5.391567565366983672e-02 1.048769607037272067e-01 1.086931215021706976e-01 1.530239597785651995e-01 1.480080637564213930e-01
1.167038765983357873e+00 4.378687468345495404e+01 5.321936354954459603e-02 5.333495492242690261e-02 1.025357061724605501e-01 1.072198946800426711e-01 1.499206504495447234e-01 1.473016412350389714e-01
1.176264368876506872e+00 4.305287270365663943e+01 5.332572628631027101e-02 5.326028521231762625e-02 9.991258296678040551e-02 1.061199540065160818e-01 1.468720992274796799e-01 1.467149163536234369e-01
1.185489971769655870e+00 4.234455621980062290e+01 5.263479689440231368e-02 5.289240572444242616e-02 9.849960512153899117e-02 1.058133463492936244e-01 1.438730090344506607e-01 1.458224074513552182e-01
1.194715574662805091e+00 4.166096404157831756e+01 5.173035781636770025e-02 5.207731806524407148e-02 9.618238974177018008e-02 1.054152875437210923e-01 1.409059609402234514e-01 1.441289224070274599e-01
1.203941177555954090e+00 4.100119375357589036e+01 5.134996085130438814e-02 5.158959111788874452e-02 9.447638274214398280e-02 1.059520711892787403e-01 1.374993837839326716e-01 1.425194841388588429e-01
1.213166780449103088e+00 4.036439832277533668e+01 5.090314073228796588e-02 5.045779528060734265e-02 9.524551592345176232e-02 1.031075071717637570e-01 1.341225069525080471e-01 1.409936876245865278e-01
1.222392383342252087e+00 3.974978288236874846e+01 5.057881592347257538e-02 5.032906704025208455e-02 9.303841744374352629e-02 1.012643486380255808e-01 1.320614153795744983e-01 1.395514316072095085e-01
1.231617986235401307e+00 3.915660164262911991e+01 5.016604021275128389e-02 4.955701237973642037e-02 9.215789772923699275e-02 1.000634472103172357e-01 1.294343797353718628e-01 1.381876159024528761e-01
1.240843589128550528e+00 3.858415487121609999e+01 5.028227298319620786e-02 4.942256562398483766e-02 9.201251200305904376e-02 9.891220110888099271e-02 1.281109694758839623e-01 1.369053997650411247e-01
1.250069192021699527e+00 3.803178587321820459e+01 5.041878443940817078e-02 4.920410468547231631e-02 9.277280958331601823e-02 9.817494668465798213e-02 1.276490282088573736e-01 1.357081530700057215e-01
1.259294794914848525e+00 3.749887788408076261e+01 5.044230170643260180e-02 4.866869757019998133e-02 9.360030166470068025e-02 9.790609475887634972e-02 1.266433522057042182e-01 1.345971959384044681e-01
1.268520397807997524e+00 3.698485076444006125e+01 5.042980108866856881e-02 4.808679568463247733e-02 9.425263578021514377e-02 9.804643843635574285e-02 1.254286290718766850e-01 1.343587266696104621e-01
1.277746000701146745e+00 3.648915735217256895e+01 5.046841353478015435e-02 4.800492903623165830e-02 9.458861286534414603e-02 9.768557542540889926e-02 1.242650587963467501e-01 1.329626229582530073e-01
1.286971603594295521e+00 3.601127927980915899e+01 5.074786535864461712e-02 4.848965804047367101e-02 9.518049826702679184e-02 9.770031674068491157e-02 1.231503947890359996e-01 1.318176047483490265e-01
1.296197206487444742e+00 3.555072199942343047e+01 5.153199214574044618e-02 4.850401500183210146e-02 9.484861886253526109e-02 9.978024606397895013e-02 1.220820880197024394e-01 1.320643761126163440e-01
1.305422809380593963e+00 3.510700866414296684e+01 5.156552785113177606e-02 4.881381864861822351e-02 9.642869812486765113e-02 1.004937535579344399e-01 1.243820692410153583e-01 1.325473246869748323e-01
1.314648412273742961e+00 3.467967238393066509e+01 5.123290554408299613e-02 4.925796694742956561e-02 9.679366772436281963e-02 1.013280866067489683e-01 1.276939612117402589e-01 1.341506505366325541e-01
1.323874015166892182e+00 3.426824618582652704e+01 5.165402793571871598e-02 4.975207503041900736e-02 9.953585448005242142e-02 1.030464849230057212e-01 1.282580048223138647e-01 1.373719858421083018e-01
1.333099618060040958e+00 3.387224973963007812e+01 5.251208990571853974e-02 5.035266105210922660e-02 1.005722065659782061e-01 1.034492417836077038e-01 1.303873994186020013e-01 1.409055070756011219e-01
1.342325220953190179e+00 3.349117151975956119e+01 5.323799471998569288e-02 5.096426066951664779e-02 1.034694713329926685e-01 1.044613323427441287e-01 1.342138383005107016e-01 1.447844374433771009e-01
1.351550823846339400e+00 3.312444450286339759e+01 5.360617502347508889e-02 5.235704761005877117e-02 1.063469685480811222e-01 1.055924699944981171e-01 1.384011419402781939e-01 1.483829310325432971e-01
1.360776426739488176e+00 3.277141265576783269e+01 5.453444893214509648e-02 5.408301476541055308e-02 1.095157425882717916e-01 1.066998341939964234e-01 1.429842456948762219e-01 1.513282637412913800e-01
1.370002029632637397e+00 3.243128420372026000e+01 5.583195431646714724e-02 5.568148134588568610e-02 1.145531320368107231e-01 1.088961338057927719e-01 1.480086913255647119e-01 1.546644772745935370e-01
1.379227632525786396e+00 3.210306575253950712e+01 5.658276592222222234e-02 5.719777936718628553e-02 1.193120938333223080e-01 1.109452591779458430e-01 1.535401396769984217e-01 1.584371651887970245e-01
1.388453235418935616e+00 3.178546839528840096e+01 5.847231140570485763e-02 5.912340953371142405e-02 1.233295035642285598e-01 1.143912112794254199e-01 1.597936072893695325e-01 1.626895802130867708e-01
1.397678838312084837e+00 3.147677234930446133e+01 6.090898951366341407e-02 6.324581176740551314e-02 1.292669774251962167e-01 1.189547081052069188e-01 1.677565685323827438e-01 1.674960376744074608e-01
1.406904441205233613e+00 3.117462941727801251e+01 6.506113073032437910e-02 6.691203700273717914e-02 1.377033563417526807e-01 1.242993764022770620e-01 1.741322183422369108e-01 1.699392578504372864e-01
1.416130044098382834e+00 3.087577090764654741e+01 6.854764991679473951e-02 7.057868125086841360e-02 1.454186883147379206e-01 1.314118128209180725e-01 1.822821719026563869e-01 1.721823163491933428e-01
1.425355646991532055e+00 3.057556958608249431e+01 7.302421979420969933e-02 7.411784233433493796e-02 1.525227725131550471e-01 1.377255559289061182e-01 1.916098319793988480e-01 1.798289046212815379e-01
1.434581249884680831e+00 3.026737250240829269e+01 7.666741553822120636e-02 7.930727211738286542e-02 1.621270657835047757e-01 1.452307952644957822e-01 2.020692657442921814e-01 1.898648857413220981e-01
1.443806852777830052e+00 2.994146777969304196e+01 8.155798856876472769e-02 8.495861263184067980e-02 1.733537882211741987e-01 1.551112426785898890e-01 2.138519702504382280e-01 2.020429795531590855e-01
1.453032455670979051e+00 2.958345577593357589e+01 8.569519347509668705e-02 9.186615612123461005e-02 1.851219110497908105e-01 1.623276369884081305e-01 2.308073897703266653e-01 2.147832709814778696e-01
1.462258058564128271e+00 2.917163281781264317e+01 9.328470518676468259e-02 9.913741705343426247e-02 1.978718250960866953e-01 1.768798340205428588e-01 2.551025562661202173e-01 2.303573573737871527e-01
1.471483661457277492e+00 2.867270901803471617e+01 1.017318019334894075e-01 1.067355325749979045e-01 2.127148787454800072e-01 1.871084320753126917e-01 2.818855102057469253e-01 2.486028051437259023e-01
1.480709264350426269e+00 2.803467649524253602e+01 1.091981252790787948e-01 1.165476676658165900e-01 2.252909440431913879e-01 1.985407246364054856e-01 3.094738718528802224e-01 2.700647333607797407e-01
1.489934867243575489e+00 2.717478369542319427e+01 1.196451756287899570e-01 1.269448087971838390e-01 2.437021381192217007e-01 2.143711690331500108e-01 3.408066261583542200e-01 2.872839802673858856e-01
1.499160470136724488e+00 2.595927657214630813e+01 1.287772408030214422e-01 1.368111706174879316e-01 2.695838827101404434e-01 2.428653751927321025e-01 3.753344774508704518e-01 3.251753776139167940e-01
1.508386073029873486e+00 2.417049001008972908e+01 1.438107459532496080e-01 1.528107560138423082e-01 2.989857055687430432e-01 2.679868807822174404e-01 4.104955300545682917e-01 3.561279020401713069e-01
1.517611675923022485e+00 2.146078279999552407e+01 1.571605061140850523e-01 1.612712881820037580e-01 3.195922081454547481e-01 2.920635735974776992e-01 4.361634673748575608e-01 3.941473652595988142e-01
1.526837278816171706e+00 1.732562671422014589e+01 1.674250639998824397e-01 1.659779474829363721e-01 3.326247915073601291e-01 3.068463708087207920e-01 4.564153338656105063e-01 4.220835161255500623e-01
1.536062881709320926e+00 1.128677035779900351e+01 1.552920792027006058e-01 1.613659870303578714e-01 3.288648833459131282e-01 3.029875133488477701e-01 4.297778528360627348e-01 4.093639004598266240e-01
1.545288484602469925e+00 3.991745824007489230e+00 1.127683991600973989e-01 1.217183289867964646e-01 2.422058989761040060e-01 2.214471281417398352e-01 2.964040294483214488e-01 3.080156844796881899e-01
1.554514087495618924e+00 1.703552156437779797e-01 1.995984017852181491e-02 2.033349658686670058e-02 4.296498220633954146e-02 3.641237472175951062e-02 6.177182841146949821e-02 4.486647102258725650e-02
1.563739690388767922e+00 8.795161027338478377e+00 2.032012714809283693e-01 1.987563665214526765e-01 4.098328478403931996e-01 4.091604820308472057e-01 5.159904499988812177e-01 5.258919774241146428e-01
1.572965293281917143e+00 3.146610543053555631e+01 3.442131973393820488e-01 3.551728757216956467e-01 7.104378606422372400e-01 7.476030640756583523e-01 9.356242854758676231e-01 9.876420785870756447e-01
1.582190896175066142e+00 5.941157804543699683e+01 4.190203146287814207e-01 4.145319392458119978e-01 8.339625328799087356e-01 8.950849638618620929e-01 1.143570666602492736e+00 1.221812075944356479e+00
1.591416499068215140e+00 8.283790412984248519e+01 3.990835311251572648e-01 3.732044885832408454e-01 8.060667789149960072e-01 7.804505460300674713e-01 1.070487803631905877e+00 1.047754386232156776e+00
1.600642101961364361e+00 8.745426332157406080e+01 5.882539911473969596e-01 6.047841208602875440e-01 1.101691834024848049e+00 1.139933771644919602e+00 1.413445590505659766e+00 1.487171367906327646e+00
1.609867704854513359e+00 6.737815568264109345e+01 7.018545727939482504e-01 6.867689503725955547e-01 1.279029379271577227e+00 1.330474577770218048e+00 1.711389242002326228e+00 1.844797144286843604e+00
1.619093307747662580e+00 4.263058354653198023e+01 5.387728733305081619e-01 5.525287793928441715e-01 1.013185360432167670e+00 1.071532381847688953e+00 1.358145992741860653e+00 1.486335490388853486e+00
1.628318910640811579e+00 2.681188755332872731e+01 3.858793444035981679e-01 3.723890052795795214e-01 6.950982488692183381e-01 7.399760483057100657e-01 9.852810324868706005e-01 1.011835538286149472e+00
1.637544513533960577e+00 1.871904745098965606e+01 2.503820900663455973e-01 2.481009055023619680e-01 4.855654221300014228e-01 4.892371115321374475e-01 6.797164144817742226e-01 6.407154706387672150e-01
1.646770116427109798e+00 1.484281160309347314e+01 1.659174572371036049e-01 1.590574116558176598e-01 3.310834760181062819e-01 3.121998055422761098e-01 4.208578917490886084e-01 3.826539016955372574e-01
1.655995719320258575e+00 1.304307497334932897e+01 1.031849189687541468e-01 1.034128456560079456e-01 1.996880176773068172e-01 1.973285937046878047e-01 2.602526698864178201e-01 2.382823330395371642e-01
1.665221322213407795e+00 1.225506336548970054e+01 6.189772045362573749e-02 6.153068722246146649e-02 1.276372232271274498e-01 1.157119601524581043e-01 1.704041936940754454e-01 1.613890229064747217e-01
1.674446925106557016e+00 1.196389911190482103e+01 4.049586604178401217e-02 3.886460255152535126e-02 7.952119592306416962e-02 7.685706073941922511e-02 1.034381117219655977e-01 1.083233329297268455e-01
1.683672527999706015e+00 1.191647520693391904e+01 2.819246394693308844e-02 2.897048684240033367e-02 5.868169916088916693e-02 5.796169354016100783e-02 8.010131663123232215e-02 7.777890859587976990e-02
1.692898130892855235e+00 1.198521652540486215e+01 2.628496675674085736e-02 2.717262123124974948e-02 5.813848561882650756e-02 5.492576075558019966e-02 7.798922994427925914e-02 7.220432868039416974e-02
1.702123733786004012e+00 1.210447062411985897e+01 3.074424362745631356e-02 2.975505847527948333e-02 6.369930111985411259e-02 6.275867264699463988e-02 8.457195671204331688e-02 7.106116401013018447e-02
1.711349336679153232e+00 1.224009876643046368e+01 3.509958511860844510e-02 3.405783989603783368e-02 6.628057014756549847e-02 6.910066281868942895e-02 9.604068600765813812e-02 8.004872399184925769e-02
1.720574939572302453e+00 1.237445182311579295e+01 3.854484315024286900e-02 3.789365171181913183e-02 7.297424103441940701e-02 7.296139067745599505e-02 1.050991762375179661e-01 8.945244765550874888e-02
1.729800542465451230e+00 1.249869753670303218e+01 4.002543568907945826e-02 4.023242498302614933e-02 7.573411381332384451e-02 7.714452632772328400e-02 1.097519958119868022e-01 9.615750407879630757e-02
1.739026145358600450e+00 1.260878323870553075e+01 4.181100281276606268e-02 4.151941873610098810e-02 7.909523806949536606e-02 8.085298204791513399e-02 1.129754534052391790e-01 9.997634351267237207e-02
1.748251748251749449e+00 1.270325698653750024e+01 4.334813142071780590e-02 4.299120721746696461e-02 8.144348718428240375e-02 8.302706087641631427e-02 1.151394459135257620e-01 1.042155798507433673e-01
1.757477351144898670e+00 1.278206774286070768e+01 4.442129773318548303e-02 4.414338959263375273e-02 8.310799765884446799e-02 8.440537477290810386e-02 1.165129785906060533e-01 1.064521223794834270e-01
1.766702954038047890e+00 1.284589511671101825e+01 4.481293929513618934e-02 4.510053618452936064e-02 8.398677733517168065e-02 8.520823658080800556e-02 1.172935043344782713e-01 1.078857132140633723e-01
1.775928556931196667e+00 1.289577203846444675e+01 4.528581514777485495e-02 4.574614957581779606e-02 8.450786183156822062e-02 8.606867986816624239e-02 1.176272906105513272e-01 1.087150835130703541e-01
1.785154159824345887e+00 1.293287247225804393e+01 4.517704717901871447e-02 4.601513093103726249e-02 8.459797073410335599e-02 8.585125150067796085e-02 1.176236390131037979e-01 1.090877078597909389e-01
1.794379762717494886e+00 1.295839342361136737e+01 4.526561810281037879e-02 4.623838948787195591e-02 8.437821167207637529e-02 8.575026864917489888e-02 1.173648943299614444e-01 1.091140733555651110e-01
1.803605365610643885e+00 1.297349132792764870e+01 4.544046382598843081e-02 4.634966272228879802e-02 8.393485474048212325e-02 8.571220376143706687e-02 1.169135555572342611e-01 1.088776728799842886e-01
1.812830968503793105e+00 1.297924992110902132e+01 4.542998153902466640e-02 4.613135963224124225e-02 8.333746756496296371e-02 8.495066747791391037e-02 1.163173770743348712e-01 1.084420892034110295e-01
1.822056571396942104e+00 1.297666627842684051e+01 4.500963658018442004e-02 4.593196091066786835e-02 8.298726088332486484e-02 8.450259023357808985e-02 1.156130635521925853e-01 1.078560752495416608e-01
1.831282174290091325e+00 1.296664720370764634e+01 4.498649731847947919e-02 4.556988679064666314e-02 8.252668793766027022e-02 8.453453055528648008e-02 1.148289715930008725e-01 1.071572373786420229e-01
1.840507777183240323e+00 1.295001135048762997e+01 4.473838576921096433e-02 4.496491217276243901e-02 8.198188710478149233e-02 8.433550221912611278e-02 1.139871030769370464e-01 1.063747334333271510e-01
