2.306400723287267349e-02 1.943525371799456320e+17 3.200000000000000000e+01 -3.200000000000000000e+01 3.200000000000000000e+01 -3.200000000000000000e+01 3.200000000000000000e+01 -3.200000000000000000e+01
3.228961012602173802e-02 4.056481922928184375e+14 1.812500000000000000e+00 1.875000000000000000e+00 3.937500000000000000e+00 3.750000000000000000e+00 5.125000000000000000e+00 5.312500000000000000e+00
4.151521301917080603e-02 7.339012828399175781e+12 1.833984375000000000e+00 1.825195312500000000e+00 3.911132812500000000e+00 3.708984375000000000e+00 5.070312500000000000e+00 5.175781250000000000e+00
5.074081591231988098e-02 4.110522231387693481e+11 1.619018554687500000e+00 1.610717773437500000e+00 3.449218750000000000e+00 3.276916503906250000e+00 4.475830078125000000e+00 4.568603515625000000e+00
5.996641880546894204e-02 4.540632264703965759e+10 1.374092102050781250e+00 1.365570068359375000e+00 2.923011779785156250e+00 2.781250000000000000e+00 3.796234130859375000e+00 3.875305175781250000e+00
6.919202169861800311e-02 7.835937855352128983e+09 1.146595001220703125e+00 1.139800071716308594e+00 2.436166763305664062e+00 2.319480895996093750e+00 3.166900634765625000e+00 3.233079910278320312e+00
7.841762459176707112e-02 1.847159204206435919e+09 9.479794502258300781e-01 9.441788196563720703e-01 2.012155771255493164e+00 1.915778398513793945e+00 2.618475437164306641e+00 2.673279285430908203e+00
8.764322748491613913e-02 5.470798208592604399e+08 7.781774997711181641e-01 7.766736745834350586e-01 1.649927020072937012e+00 1.569463133811950684e+00 2.149776577949523926e+00 2.194710969924926758e+00
9.686883037806519325e-02 1.926537564793776870e+08 6.335651576519012451e-01 6.323608160018920898e-01 1.341651797294616699e+00 1.277319103479385376e+00 1.750921666622161865e+00 1.787161976099014282e+00
1.060944332712142474e-01 7.765172741785168648e+07 5.112571865320205688e-01 5.081684738397598267e-01 1.078546389937400818e+00 1.027897521853446960e+00 1.410482570528984070e+00 1.439083009958267212e+00
1.153200361643633154e-01 3.486082255156102777e+07 4.053305462002754211e-01 4.039764925837516785e-01 8.526487797498703003e-01 8.132186979055404663e-01 1.117855556309223175e+00 1.139976821839809418e+00
1.245456390575123834e-01 1.708483848586841300e+07 3.129036612808704376e-01 3.124465458095073700e-01 6.572164036333560944e-01 6.275774799287319183e-01 8.644472844898700714e-01 8.809618838131427765e-01
1.337712419506614514e-01 9.002731055023536086e+06 2.320864833891391754e-01 2.324854023754596710e-01 4.871714115142822266e-01 4.656954649835824966e-01 6.434782724827528000e-01 6.547229718416929245e-01
1.429968448438105333e-01 5.041207695720842108e+06 1.608095560222864151e-01 1.622980330139398575e-01 3.392297048121690750e-01 3.232667325064539909e-01 4.475104967132210732e-01 4.552841531112790108e-01
1.522224477369596152e-01 2.972262417940448038e+06 9.753070445731282234e-02 9.930658899247646332e-02 2.078006770461797714e-01 1.968602398410439491e-01 2.735260315239429474e-01 2.777574113570153713e-01
1.614480506301086971e-01 1.831609622864261502e+06 4.146960284560918808e-02 4.281328339129686356e-02 8.941948018036782742e-02 8.509058458730578423e-02 1.169667018111795187e-01 1.180026421789079905e-01
1.706736535232577512e-01 1.172682667434144998e+06 9.792851516976952553e-03 9.966417914256453514e-03 2.055597282014787197e-02 2.068324480205774307e-02 2.698746882379055023e-02 2.635643118992447853e-02
1.798992564164068331e-01 7.762552156444599386e+05 5.758744780905544758e-02 5.723804445005953312e-02 1.136518216226249933e-01 1.190563873387873173e-01 1.603860273025929928e-01 1.565429215552285314e-01
1.891248593095559150e-01 5.291054121688255109e+05 1.020607346436008811e-01 1.009711801307275891e-01 2.009999429574236274e-01 2.114240099908784032e-01 2.837663427926599979e-01 2.786241555586457253e-01
1.983504622027049968e-01 3.700978065181756392e+05 1.440581660135649145e-01 1.417430895380675793e-01 2.828328345203772187e-01 2.974743054946884513e-01 3.992793686338700354e-01 3.938283098395913839e-01
2.075760650958540787e-01 2.648977018008291489e+05 1.840399602078832686e-01 1.815012225997634232e-01 3.605731106945313513e-01 3.785955054336227477e-01 5.089280445245094597e-01 5.040518741006962955e-01
2.168016679890031329e-01 1.935357643182803877e+05 2.236783210828434676e-01 2.192417926853522658e-01 4.354452460247557610e-01 4.560287590429652482e-01 6.144249922363087535e-01 6.110591450706124306e-01
2.260272708821522147e-01 1.440284355001314543e+05 2.632663537515327334e-01 2.576699106430169195e-01 5.085960318101570010e-01 5.341731292137410492e-01 7.173785678460262716e-01 7.165486417070496827e-01
2.352528737753012689e-01 1.089790658103526657e+05 3.013415598252322525e-01 2.955375628516776487e-01 5.811424319545039907e-01 6.131187336432049051e-01 8.193497939064400271e-01 8.222181409219047055e-01
2.444784766684503230e-01 8.370451057102157210e+04 3.410755295190028846e-01 3.359845576633233577e-01 6.564408327685669065e-01 6.938998728001024574e-01 9.219084500946337357e-01 9.298331105965189636e-01
2.537040795615994049e-01 6.517033357254865405e+04 3.825065378769068047e-01 3.771035331155871972e-01 7.380707608681404963e-01 7.780033696108148433e-01 1.026692097751947585e+00 1.041304073085484561e+00
2.629296824547484590e-01 5.136848757089934952e+04 4.270544992323266342e-01 4.185438669155701064e-01 8.210259084444260225e-01 8.665105044492520392e-01 1.149619669718958903e+00 1.158779925812268630e+00
2.721552853478975686e-01 4.094423025670017523e+04 4.736144346607034095e-01 4.642011802643537521e-01 9.018644332390977070e-01 9.561686656670644879e-01 1.284593292817589827e+00 1.284766813543683384e+00
2.813808882410466228e-01 3.296718641960338573e+04 5.211787997541250661e-01 5.132223913751658984e-01 9.880597768569714390e-01 1.052741236344445497e+00 1.420862768136430532e+00 1.422286369845096488e+00
2.906064911341957324e-01 2.678781949737343166e+04 5.809251195787510369e-01 5.726660202453786042e-01 1.090292963850515662e+00 1.158972667210036889e+00 1.559586290357401595e+00 1.579313339894724777e+00
2.998320940273447865e-01 2.194564590237076482e+04 6.411095967159781139e-01 6.386787520350480918e-01 1.218949124329810729e+00 1.281260236351954518e+00 1.713183276238851249e+00 1.758352915192517685e+00
3.090576969204938407e-01 1.810944018376924942e+04 7.107371698366478086e-01 7.084907140088034794e-01 1.364268296576483408e+00 1.421803838064079173e+00 1.885957738482829882e+00 1.966145769460126758e+00
3.182832998136429503e-01 1.503758692460687598e+04 7.900726252282765927e-01 7.897325258727505570e-01 1.520764892105944455e+00 1.578812301839207066e+00 2.083357461895502638e+00 2.212160138076797011e+00
3.275089027067920044e-01 1.255132583712781161e+04 8.952362721556710312e-01 8.942552927364886273e-01 1.706472336243678001e+00 1.763144279326297692e+00 2.381587056675925851e+00 2.509626161248888820e+00
3.367345055999411141e-01 1.051634882491706412e+04 1.015241941422573291e+00 1.023313371315452969e+00 1.933874093569102115e+00 2.002556859260948841e+00 2.773206298134027747e+00 2.877522651211620541e+00
3.459601084930901682e-01 8.829825948706824420e+03 1.160259333486465039e+00 1.195837847988514113e+00 2.210216320543622714e+00 2.288441358774434775e+00 3.202855939589426271e+00 3.343798328596676583e+00
3.551857113862392223e-01 7.410889545014593750e+03 1.378442580059527245e+00 1.399959184890576580e+00 2.581584768404354691e+00 2.680404787095540087e+00 3.729406612763341400e+00 3.927012510542226664e+00
3.644113142793883320e-01 6.193114902274097403e+03 1.648969208496055217e+00 1.658569419169907633e+00 3.043781458813100471e+00 3.224270705814888061e+00 4.413410014161854633e+00 4.554610040099760226e+00
3.736369171725373861e-01 5.117699626940114285e+03 2.039538875953439856e+00 2.061073263286743895e+00 3.829207433097508329e+00 3.957513704500343010e+00 5.316007658576381800e+00 5.484949919968130416e+00
3.828625200656864958e-01 4.125966802194995580e+03 2.465906883831848972e+00 2.601996770406913129e+00 4.873029434155796480e+00 5.021881695337469864e+00 6.614075824712017493e+00 6.759674598952187807e+00
3.920881229588355499e-01 3.150506385540705196e+03 3.244203062784436042e+00 3.338582899512857693e+00 6.361827076408189896e+00 6.582493548742604617e+00 8.542417109490997973e+00 8.435983403281170467e+00
4.013137258519846040e-01 2.114479139301353825e+03 4.084905788536161708e+00 4.286677672942005302e+00 8.201136514010158862e+00 8.508782802835867187e+00 1.083820044585945652e+01 1.071268920317197626e+01
4.105393287451337136e-01 1.026013743544791623e+03 4.114865565745049025e+00 4.251534067761554070e+00 8.184692644089636815e+00 8.165083710598764810e+00 1.114336953128486130e+01 1.066560511334853345e+01
4.197649316382827678e-01 4.688461957186491986e+02 9.595993096182269255e-01 8.959970520704700903e-01 1.719446111404579369e+00 1.742284631945835827e+00 2.393476848842112759e+00 2.319153151295267890e+00
4.289905345314318219e-01 1.275113888707263186e+03 6.640478851128136739e+00 6.709984675768282614e+00 1.317933530164032163e+01 1.254086236311513858e+01 1.600705713384923001e+01 1.749391313439491569e+01
4.382161374245809315e-01 2.145786541664018387e+03 4.813664796143257263e+00 4.710616554095395259e+00 9.506862379223093740e+00 9.007896038279341155e+00 1.327066221463610418e+01 1.358810436877001848e+01
4.474417403177299857e-01 2.389914109356510835e+03 2.304465544069898897e+00 2.258991384307137196e+00 4.693992189072559995e+00 4.527731721492273209e+00 7.102881593694746698e+00 6.958199002248420584e+00
4.566673432108790953e-01 2.329827685938476407e+03 1.042863378532729257e+00 1.057280488721062284e+00 2.192563328061169159e+00 2.130888224739464931e+00 3.334187635093257995e+00 3.400768766062356008e+00
4.658929461040280939e-01 2.174216151993843596e+03 4.550365702484668873e-01 4.685761205123526452e-01 9.624452113957886468e-01 9.454743107567082916e-01 1.424967626441684843e+00 1.502631588349231606e+00
4.751185489971772036e-01 1.998668628426752548e+03 1.560383846360764437e-01 1.594796644480993564e-01 3.310688591593589081e-01 3.347820645776664605e-01 4.699614694293359207e-01 5.177694033993702760e-01
4.843441518903262577e-01 1.828448644631632988e+03 4.546622529460364603e-03 4.516544495572816231e-03 8.374272231094437302e-03 9.159795673667758820e-03 1.102752065708045848e-02 1.531423739538695372e-02
4.935697547834753673e-01 1.671442653801244433e+03 9.161870779416858568e-02 8.855680399733500963e-02 1.820472610377237288e-01 1.899910968943459011e-01 2.648404767426200124e-01 2.673968900646741531e-01
5.027953576766244215e-01 1.529386078109228947e+03 1.411674474165920401e-01 1.384007483841287467e-01 2.830346356299742183e-01 2.933113968217639922e-01 4.067650358472292282e-01 3.982421738674020162e-01
5.120209605697735311e-01 1.401809010666365339e+03 1.645908511638936034e-01 1.651047301020298619e-01 3.393465508556801069e-01 3.495005817294440931e-01 4.790807931051404012e-01 4.637856860695137584e-01
5.212465634629225297e-01 1.287499475756539596e+03 1.775195670898028766e-01 1.779893611294482980e-01 3.651367721763563168e-01 3.766086097425613843e-01 5.121388844270313712e-01 4.950645591090960806e-01
5.304721663560716394e-01 1.185066896632767794e+03 1.859008910412285331e-01 1.832241531933505030e-01 3.746547424145774130e-01 3.846675228751337272e-01 5.225472187028117332e-01 5.069628850817480270e-01
5.396977692492206380e-01 1.093159405963460358e+03 1.880347785843241581e-01 1.823647349169732479e-01 3.798313601621430280e-01 3.831983444626985147e-01 5.197419384303429979e-01 5.060544107934674685e-01
5.489233721423698587e-01 1.010541857040075115e+03 1.856211633828479535e-01 1.788461142841697438e-01 3.787247079579856290e-01 3.764525729529850651e-01 5.123344351584364631e-01 4.975103678817731634e-01
5.581489750355188573e-01 9.361164643494256552e+02 1.808190655634689392e-01 1.737880765763293311e-01 3.694380637223275698e-01 3.719888203546588556e-01 5.022457480845332611e-01 4.871078938626851595e-01
5.673745779286679669e-01 8.689200518026659665e+02 1.762903161786653072e-01 1.700570318815834980e-01 3.613775148793365588e-01 3.620218764395986000e-01 4.889660735569805183e-01 4.749791464023473964e-01
5.766001808218169655e-01 8.081124454076845041e+02 1.706161310062270786e-01 1.640054646874204991e-01 3.516715101289946688e-01 3.502318498995009577e-01 4.738534892920824859e-01 4.609145548936339765e-01
5.858257837149661862e-01 7.529623039867204852e+02 1.643101115892022790e-01 1.583058063482667421e-01 3.410533979549654759e-01 3.376820941963387668e-01 4.577954974780595876e-01 4.457933545443211187e-01
5.950513866081151848e-01 7.028330667731921721e+02 1.586419290869116594e-01 1.516641254994510746e-01 3.293661604981252822e-01 3.247658846883041406e-01 4.413745572004472706e-01 4.302000119146214274e-01
6.042769895012642944e-01 6.571700780771470818e+02 1.527053864299432462e-01 1.466614514612274434e-01 3.168019489713742587e-01 3.131346192683395202e-01 4.249723685729804856e-01 4.145231062361744989e-01
6.135025923944132931e-01 6.154892211776666500e+02 1.474551257898610857e-01 1.411555112773612564e-01 3.043868154047686403e-01 3.016075530873649768e-01 4.088368547680829579e-01 3.990194291602620069e-01
6.227281952875624027e-01 5.773670728846743714e+02 1.413135033462822321e-01 1.355856746446306715e-01 2.922797694869814222e-01 2.903147981377287579e-01 3.931259244649254470e-01 3.838562286798605783e-01
6.319537981807114013e-01 5.424324583890058875e+02 1.358073625459610412e-01 1.298463875765492048e-01 2.805570921524349615e-01 2.793396667352681106e-01 3.779364940496634517e-01 3.691394579403777243e-01
6.411794010738606220e-01 5.103592417595920665e+02 1.312859989718617726e-01 1.253468547588454385e-01 2.692629481638846300e-01 2.687060557747145140e-01 3.633239857539365403e-01 3.549329082533176916e-01
6.504050039670096206e-01 4.808601828686257136e+02 1.262138687990841390e-01 1.205990117203441514e-01 2.591833410021990858e-01 2.582268401929468382e-01 3.488163431189832409e-01 3.412713123003641158e-01
6.596306068601587302e-01 4.536817037999768445e+02 1.214815934832813582e-01 1.157491423438727907e-01 2.488314405760547743e-01 2.472008420069187196e-01 3.346428432981838341e-01 3.281694030187622957e-01
6.688562097533077289e-01 4.285994260750942431e+02 1.169372173919214219e-01 1.114011657487594675e-01 2.389672287168309595e-01 2.367518911663637482e-01 3.211880500833785845e-01 3.156282257999123431e-01
6.780818126464568385e-01 4.054143592799587736e+02 1.124386960771062149e-01 1.072760365848921538e-01 2.295758986816167635e-01 2.285743484184763474e-01 3.084227110433062080e-01 3.036395642989759835e-01
6.873074155396059481e-01 3.839496396960017819e+02 1.080085590078283531e-01 1.033304409552897596e-01 2.206172604120411052e-01 2.211154681002653888e-01 2.963144316363468533e-01 2.921890577337649120e-01
6.965330184327550578e-01 3.640477335027544541e+02 1.041884383759565935e-01 9.957550463849429434e-02 2.120843011621786900e-01 2.122696060321800360e-01 2.848294436150240472e-01 2.812584025120372644e-01
7.057586213259040564e-01 3.455680328567841570e+02 1.005487927664034942e-01 9.597617645067657577e-02 2.039669260705636589e-01 2.038010765234616883e-01 2.739337839723816614e-01 2.708269081607568296e-01
7.149842242190531660e-01 3.283847847782417944e+02 9.691841439951076609e-02 9.255207250276953346e-02 1.963913767770009144e-01 1.957602127133668546e-01 2.635940685327113897e-01 2.608725949469317129e-01
7.242098271122021647e-01 3.123853025265762540e+02 9.383429805131981993e-02 8.930135649728754288e-02 1.893451791675602180e-01 1.881215603960981753e-01 2.537779860861633097e-01 2.513729644288105192e-01
7.334354300053513853e-01 2.974684172813786631e+02 9.052756443389853303e-02 8.621433933723210430e-02 1.826143840611962332e-01 1.806519400616934945e-01 2.444545998005196452e-01 2.423055356028385177e-01
7.426610328985003839e-01 2.835431347144063352e+02 8.707097429078203277e-02 8.334799852002561238e-02 1.759636731350155969e-01 1.734947532123101155e-01 2.355945160317673981e-01 2.336482125519978581e-01
7.518866357916494936e-01 2.705274666688721368e+02 8.395299622765151071e-02 8.090926391531638728e-02 1.691988878180268330e-01 1.666776051089868815e-01 2.271699624126881645e-01 2.257552815727308371e-01
7.611122386847984922e-01 2.583474128457073675e+02 8.118849441586917237e-02 7.810697393477994410e-02 1.628366580820284071e-01 1.607369643792821989e-01 2.191548044954743091e-01 2.184812367985955461e-01
7.703378415779476018e-01 2.469360712968681923e+02 7.855638275137266646e-02 7.567833778247745613e-02 1.570594624581644894e-01 1.551552391457278191e-01 2.115245214630192550e-01 2.115189973465021467e-01
7.795634444710966005e-01 2.362328597790244089e+02 7.606486920857946643e-02 7.333167005918994619e-02 1.514936782595270870e-01 1.495093806604472775e-01 2.042561552933079838e-01 2.048538273795941222e-01
7.887890473642458211e-01 2.261828327393742200e+02 7.363163873520761626e-02 7.089026052761937535e-02 1.460393340692576203e-01 1.440909976488455868e-01 1.973282434460656987e-01 1.984337152316300035e-01
7.980146502573948197e-01 2.167360809817951974e+02 7.142554233880105130e-02 6.876121781874644512e-02 1.412647324261513404e-01 1.395649744449656282e-01 1.907207420984775581e-01 1.917867841435452192e-01
8.072402531505439294e-01 2.078472029718279828e+02 6.908620713554114445e-02 6.674513105153323522e-02 1.364681587894267523e-01 1.351124106362533439e-01 1.844149447996130675e-01 1.854422828845940785e-01
8.164658560436929280e-01 1.994748383459623540e+02 6.696594643409525816e-02 6.458389274880005360e-02 1.318781676327205332e-01 1.306155034703806450e-01 1.783933998820828037e-01 1.793827160897762951e-01
8.256914589368421487e-01 1.915812555453390758e+02 6.493990566718821356e-02 6.252295898752890935e-02 1.274831648602514633e-01 1.262984554280706107e-01 1.726398288821826554e-01 1.735917595133287250e-01
8.349170618299911473e-01 1.841319866393570521e+02 6.297973483839314213e-02 6.069939648989475245e-02 1.232614219053971283e-01 1.221517848494784175e-01 1.671390474479039767e-01 1.680541810923159574e-01
8.441426647231402569e-01 1.770955033708735016e+02 6.109505569523321356e-02 5.886801877434777452e-02 1.192067561774479145e-01 1.181665434078809085e-01 1.618768896639437571e-01 1.627557654062172787e-01
8.533682676162892555e-01 1.704429292868022401e+02 5.933889115510737611e-02 5.701944363795519166e-02 1.153170060479169479e-01 1.143342904403539251e-01 1.568401363476255028e-01 1.576832420819584968e-01
8.625938705094383652e-01 1.641477835051855436e+02 5.733538341686994499e-02 5.555873725197102431e-02 1.115890582633767281e-01 1.109348041693749565e-01 1.520164475835770190e-01 1.528242184123200786e-01
8.718194734025873638e-01 1.581857522782957517e+02 5.588006522054911329e-02 5.434167088316144145e-02 1.080123817494040850e-01 1.079804486285240728e-01 1.473942995932588929e-01 1.481671162813711362e-01
8.810450762957365844e-01 1.525344850158005841e+02 5.416630431022895209e-02 5.274466506807584665e-02 1.045833952232726460e-01 1.042918982188609789e-01 1.429629258990132712e-01 1.437011133590146983e-01
8.902706791888855831e-01 1.471734118707518348e+02 5.236591070237750500e-02 5.076256052421967979e-02 1.012862461563770466e-01 1.003132130607582440e-01 1.387122626623238375e-01 1.394160884418056412e-01
8.994962820820346927e-01 1.420835803658920327e+02 5.077676104377815136e-02 4.945971983300978536e-02 9.811404501510878617e-02 9.756709164255994438e-02 1.346328980196744851e-01 1.353025707670951761e-01
9.087218849751836913e-01 1.372475088602908784e+02 4.898343175000263727e-02 4.773105235756247566e-02 9.518929621629013127e-02 9.495981350025317624e-02 1.307160252088692687e-01 1.313516930927960402e-01
9.179474878683329120e-01 1.326490549340944938e+02 4.747354221544242137e-02 4.602995693250022669e-02 9.277430395192709511e-02 9.245103767631235314e-02 1.269533992614810813e-01 1.275551483174410805e-01
9.271730907614816886e-01 1.282732970090025333e+02 4.604690486280560435e-02 4.514505490766396179e-02 9.045594816944912964e-02 9.004623947839718312e-02 1.233372970305595118e-01 1.239051494131899744e-01
9.363986936546309092e-01 1.241064277294596252e+02 4.489989111807801692e-02 4.409608324154135062e-02 8.823000020925064746e-02 8.774044541466707869e-02 1.198604803248031203e-01 1.203943924397492538e-01
9.456242965477800189e-01 1.201356578092424314e+02 4.350705221145290125e-02 4.299771041937106020e-02 8.608783710020873059e-02 8.552900128421470072e-02 1.165161619271657401e-01 1.170160224186389542e-01
9.548498994409290175e-01 1.163491292040405369e+02 4.262526517858589159e-02 4.200407685402751667e-02 8.377514333055557927e-02 8.292503250771687817e-02 1.132979742832560532e-01 1.137636018526251291e-01
9.640755023340780161e-01 1.127358366062725281e+02 4.140217292697911944e-02 4.084976675727602924e-02 8.095175852467662025e-02 8.036443153903860548e-02 1.101999406598395126e-01 1.106310816883535608e-01
9.733011052272271257e-01 1.092855563764038891e+02 4.024719030620360627e-02 3.936496075793627369e-02 7.890662481553079033e-02 7.790806484638324036e-02 1.072164485831024194e-01 1.076127745314749973e-01
9.825267081203763464e-01 1.059887821280694453e+02 3.922565800583299733e-02 3.825420123808953576e-02 7.660351822457300841e-02 7.589941113592146849e-02 1.043422253805914579e-01 1.051149201244356846e-01
9.917523110135253450e-01 1.028366662743253670e+02 3.807838443103150894e-02 3.746958134638589399e-02 7.437354849894006747e-02 7.397210459792802340e-02 1.015723156659760207e-01 1.027697887854941428e-01
1.000977913906674344e+00 9.982096692105307056e+01 3.703486854497839431e-02 3.668475925240954894e-02 7.221327001620636565e-02 7.211084357322761207e-02 9.890206061369610779e-02 1.005181152563778824e-01
1.010203516799823564e+00 9.693399956262931028e+01 3.574799359650171482e-02 3.567942565118187304e-02 7.049843720611193021e-02 7.004880704084825993e-02 9.632707888876268498e-02 9.835758103594116619e-02
1.019429119692972563e+00 9.416859309551743706e+01 3.451110891774078482e-02 3.458776734666457742e-02 6.944010933494837445e-02 6.836220913007196032e-02 9.384324910391228514e-02 9.628493184145270334e-02
1.028654722586121562e+00 9.151804971869971439e+01 3.361525998633396739e-02 3.404219101209093878e-02 6.720754743275847432e-02 6.641059778281999115e-02 9.144669369102587098e-02 9.429713527889305169e-02
1.037880325479270560e+00 8.897610833672935371e+01 3.288486743865348672e-02 3.338738936326990370e-02 6.501425306784369695e-02 6.481579738147047465e-02 8.913100471953327997e-02 9.168318914838380351e-02
1.047105928372419781e+00 8.653691112250389494e+01 3.214263482962564922e-02 3.258656639653167986e-02 6.343010801845139213e-02 6.309802268413022830e-02 8.689532607039041068e-02 8.876874600255746373e-02
1.056331531265569001e+00 8.419497293329855836e+01 3.146431615046196839e-02 3.211675246070910816e-02 6.228862348285701955e-02 6.214589479746734924e-02 8.473660448943576284e-02 8.592994989977853493e-02
1.065557134158718000e+00 8.194515330581110391e+01 3.083128429688031247e-02 3.141086780296120651e-02 6.148403561908821757e-02 6.082638577818499925e-02 8.265179638387110117e-02 8.316342245689156698e-02
1.074782737051866999e+00 7.978263078446357781e+01 3.017423333260182972e-02 3.065729884019674500e-02 6.037525417514189030e-02 5.937243986838325327e-02 8.063803915844403036e-02 8.060396728816954237e-02
1.084008339945015997e+00 7.770287936244172045e+01 2.947123518616479032e-02 2.999886144719710046e-02 5.947802468122631581e-02 5.832057328467499246e-02 7.847095976229923053e-02 7.861365420640709090e-02
1.093233942838165218e+00 7.570164683731665889e+01 2.875960548689704410e-02 2.923728859926200130e-02 5.826979307698820776e-02 5.696245591721549317e-02 7.704938805952110670e-02 7.668746688958094637e-02
1.102459545731314217e+00 7.377493490295829304e+01 2.836093327458399926e-02 2.849627338186166980e-02 5.738467137406644270e-02 5.604691231759773018e-02 7.605019957703973432e-02 7.482287441015955665e-02
1.111685148624463215e+00 7.191898081708241364e+01 2.774461365083880082e-02 2.788086673785983294e-02 5.654043192303959131e-02 5.498885148439569548e-02 7.507273773234146574e-02 7.301748175603961499e-02
1.120910751517612436e+00 7.013024049947105709e+01 2.743486492657609688e-02 2.753679045804346970e-02 5.575533647579788976e-02 5.395939900654411758e-02 7.416054163360286111e-02 7.126902213104813200e-02
1.130136354410761435e+00 6.840537292985609952e+01 2.695237571271036359e-02 2.693049049422313601e-02 5.457115236811205250e-02 5.300075361475364843e-02 7.331338170585866010e-02 6.957534979827073585e-02
1.139361957303910433e+00 6.674122572692175481e+01 2.648866414919837098e-02 2.638332805534560066e-02 5.303575039376084987e-02 5.212875621742796284e-02 7.253122742285711411e-02 6.751272049778833662e-02
1.148587560197059654e+00 6.513482180096492868e+01 2.589455001314888705e-02 2.590228508863390289e-02 5.283078391056506007e-02 5.130481810583376046e-02 7.181425586310297149e-02 6.559249086512863869e-02
1.157813163090208652e+00 6.358334698270073915e+01 2.580704930463184610e-02 2.606933668344169064e-02 5.268572751049305225e-02 5.052119881763417197e-02 7.116210075864159990e-02 6.446980769133148215e-02
1.167038765983357873e+00 6.208413853957716100e+01 2.525647099518124605e-02 2.610379346641877873e-02 5.257679973539097773e-02 4.980260470360065028e-02 6.987510556569276332e-02 6.331501842206677111e-02
1.176264368876506872e+00 6.063467449895716754e+01 2.465353989042995408e-02 2.555319141657008686e-02 5.218216221767590923e-02 4.912012127315534826e-02 6.856011724018884479e-02 6.207267000346661234e-02
1.185489971769655870e+00 5.923256370475509414e+01 2.449699720119724589e-02 2.541584592017187560e-02 5.169207079887883083e-02 4.810970300256656174e-02 6.739632761055247556e-02 6.225706710734613125e-02
1.194715574662805091e+00 5.787553654067414755e+01 2.456181599377771363e-02 2.529050802331767045e-02 5.129911049304780590e-02 4.777951333375796139e-02 6.700014648745877821e-02 6.273950191524590991e-02
1.203941177555954090e+00 5.656143625924532614e+01 2.451249981069025807e-02 2.474163609209512060e-02 5.058535451267687222e-02 4.738386714726772198e-02 6.666924944472896186e-02 6.330340822870539341e-02
1.213166780449103088e+00 5.528821086155866737e+01 2.480676567577688729e-02 2.460281880362202855e-02 5.066224285923226489e-02 4.709905503396072390e-02 6.695812639783582654e-02 6.395311179440454907e-02
1.222392383342252087e+00 5.405390547801508916e+01 2.533362108393077960e-02 2.451128682608327836e-02 5.056617241049110589e-02 4.650718534804809678e-02 6.779154003022114239e-02 6.469349097439192064e-02
1.231617986235401307e+00 5.285665520589258648e+01 2.585924142348972055e-02 2.470560923089237804e-02 5.073313812663116096e-02 4.662020666061295060e-02 6.844346737518236523e-02 6.553004493945735476e-02
1.240843589128550528e+00 5.169467836519142168e+01 2.542296194769022577e-02 2.476899228743434378e-02 5.068381859308601634e-02 4.668633203629468653e-02 6.844585586480889106e-02 6.658570090092297278e-02
1.250069192021699527e+00 5.056627014048647339e+01 2.515579246321664186e-02 2.466468687080691780e-02 5.111075849304569374e-02 4.706768675170991401e-02 6.924810168252548692e-02 6.745788438355759808e-02
1.259294794914848525e+00 4.946979658381521716e+01 2.530279433742066431e-02 2.502800689619277819e-02 5.107082302418319841e-02 4.752278508010476799e-02 6.946007240667029237e-02 6.713901440587477509e-02
1.268520397807997524e+00 4.840368896261320231e+01 2.570048921438683465e-02 2.540025618993269063e-02 5.135890320860170277e-02 4.827566746232747619e-02 6.976426995848328261e-02 6.688863553930701755e-02
1.277746000701146745e+00 4.736643844831500161e+01 2.540883805380644844e-02 2.588957703942895705e-02 5.232963330877282715e-02 4.867746921119220360e-02 7.025745338370370519e-02 6.670877565155564071e-02
1.286971603594295521e+00 4.635659115677628250e+01 2.573807451830134596e-02 2.642731587230429113e-02 5.239481195589235085e-02 4.950849153735248365e-02 7.178216573975504389e-02 6.755877788136643858e-02
1.296197206487444742e+00 4.537274357312111306e+01 2.605311386643904825e-02 2.716986200535131957e-02 5.240032345800216262e-02 5.065218219312583869e-02 7.342732987856237514e-02 6.990333467426523839e-02
1.305422809380593963e+00 4.441353842380849670e+01 2.645368460385100207e-02 2.768739457602009679e-02 5.463104923315853512e-02 5.203422144122527015e-02 7.519795729410816421e-02 7.242646227291515970e-02
1.314648412273742961e+00 4.347766110195632905e+01 2.691075007643206618e-02 2.847221146988943019e-02 5.533972082647409252e-02 5.248968473626547393e-02 7.673179032306620684e-02 7.514652578637281977e-02
1.323874015166892182e+00 4.256383681464434687e+01 2.759105427074359795e-02 2.920009698289760536e-02 5.550783767451150652e-02 5.433910559852961342e-02 7.635505070600601130e-02 7.808456207180825004e-02
1.333099618060040958e+00 4.167082871282277523e+01 2.816898169850645672e-02 3.067577456760517407e-02 5.798750845553968247e-02 5.599961313752999104e-02 7.743529358452150291e-02 8.126476747492006325e-02
1.342325220953190179e+00 4.079743740052022360e+01 2.911365975647584037e-02 3.207116352717065411e-02 6.031851476755889507e-02 5.774530618912621094e-02 7.954626451618906913e-02 8.471509452763115178e-02
1.351550823846339400e+00 3.994250242349821889e+01 3.022691139707234242e-02 3.298369932315381448e-02 6.269443033402666288e-02 6.055437443829703170e-02 8.188489226954231981e-02 8.846798632983876587e-02
1.360776426739488176e+00 3.910490664477502065e+01 3.134357201629711653e-02 3.445918847576479038e-02 6.484649428961120066e-02 6.275385302803471177e-02 8.447754418071440341e-02 9.256128604430102769e-02
1.370002029632637397e+00 3.828358488348460753e+01 3.273906412494653750e-02 3.611261156161305053e-02 6.845940425718310962e-02 6.514359493532140277e-02 8.735510181826811049e-02 9.673804736390678727e-02
1.379227632525786396e+00 3.747753891771944268e+01 3.440292330222405326e-02 3.715105125837681044e-02 7.097071447204683636e-02 6.759867821300247215e-02 9.062943767957420960e-02 1.009468048899719861e-01
1.388453235418935616e+00 3.668586208400154902e+01 3.624183147697834784e-02 3.918607491898740136e-02 7.364959876264975946e-02 7.055187933528372923e-02 9.584794958683318100e-02 1.054747730780505321e-01
1.397678838312084837e+00 3.590777849930847765e+01 3.841719017687239557e-02 4.117055685509285468e-02 7.697661788521514836e-02 7.373544492156014485e-02 1.016145785595554685e-01 1.103734088492771548e-01
1.406904441205233613e+00 3.514270481390287415e+01 4.093760628941112145e-02 4.339834993584190670e-02 8.303031395895033029e-02 7.815286151161160433e-02 1.080163578048995987e-01 1.158234072481505450e-01
1.416130044098382834e+00 3.439034710885741930e+01 4.325523945388454194e-02 4.613949917794002431e-02 8.703837611030706967e-02 8.233023705333408770e-02 1.129122645204603259e-01 1.219083128268536598e-01
1.425355646991532055e+00 3.365085336416665029e+01 4.608321015081884298e-02 4.865984457344296743e-02 9.072853817036019564e-02 8.690236184094857208e-02 1.182705621049677802e-01 1.291701796534496793e-01
1.434581249884680831e+00 3.292505512436398618e+01 4.955346801097704201e-02 5.162246700595574112e-02 9.524900368361244318e-02 9.406784365682341331e-02 1.241771416137495976e-01 1.380272130330979508e-01
1.443806852777830052e+00 3.221485471193143013e+01 5.242621073108466589e-02 5.563780368753867833e-02 1.013236125836627366e-01 1.015584996247014260e-01 1.320081782161466322e-01 1.480518097556853263e-01
1.453032455670979051e+00 3.152385418839353903e+01 5.622314161240637986e-02 5.989226391480073630e-02 1.085363812477595502e-01 1.091424793414255134e-01 1.423400546020801016e-01 1.592262299920967905e-01
1.462258058564128271e+00 3.085839338823009825e+01 6.028374008602099821e-02 6.351580231361353412e-02 1.163209107111278229e-01 1.171463774932881563e-01 1.543689872222913095e-01 1.715904495653859385e-01
1.471483661457277492e+00 3.022929311647817840e+01 6.471609597502947508e-02 6.826395652687011761e-02 1.247152635639530160e-01 1.277923824204094672e-01 1.681402260586288833e-01 1.857844141719908748e-01
1.480709264350426269e+00 2.965483405550850549e+01 7.006394626321466035e-02 7.485164650644904327e-02 1.346339658816297913e-01 1.410959361987913496e-01 1.792090059617912345e-01 2.020983359692998249e-01
1.489934867243575489e+00 2.916592247743344402e+01 7.744265095149316380e-02 8.240028095982054879e-02 1.487337656489629012e-01 1.566282587555676287e-01 1.979418185764885152e-01 2.208022618792497838e-01
1.499160470136724488e+00 2.881509680449446620e+01 8.581625591839525669e-02 9.001435323520823317e-02 1.665083719728741585e-01 1.732062246369494574e-01 2.240808966922926970e-01 2.420372681573752516e-01
1.508386073029873486e+00 2.869191879716351679e+01 9.723962012646225617e-02 1.003541790508286624e-01 1.881185883105445100e-01 1.979023602609863985e-01 2.552105279340963762e-01 2.655649490503719790e-01
1.517611675923022485e+00 2.894686503549434420e+01 1.109517726359392498e-01 1.124667284884175444e-01 2.064335785006718993e-01 2.268770180015167170e-01 2.933755887071747281e-01 2.902691552582972179e-01
1.526837278816171706e+00 2.981529016466419790e+01 1.264837755409509157e-01 1.255911954720083656e-01 2.288168032584856348e-01 2.623189466393611724e-01 3.401076282715749244e-01 3.325734532038708835e-01
1.536062881709320926e+00 3.157328767484603205e+01 1.458974516749727002e-01 1.422682959288330551e-01 2.636608460253917485e-01 2.908181207705986537e-01 3.624723608087805360e-01 3.935901192241466617e-01
1.545288484602469925e+00 3.414103849942996050e+01 1.568673083685325764e-01 1.578717290137703344e-01 2.986097364842805746e-01 3.097277648013729845e-01 3.876465436220613014e-01 4.217600687577842677e-01
1.554514087495618924e+00 3.586316457675957992e+01 1.710565812920350481e-01 1.731469729836163651e-01 3.150631258995133521e-01 3.329511335601438304e-01 4.306118527150957220e-01 4.445096193174649102e-01
1.563739690388767922e+00 3.314764502001230539e+01 1.902975799729134110e-01 1.916390622588934889e-01 3.514605901210430261e-01 3.597249356217631089e-01 5.058761276067329504e-01 4.664252467679688152e-01
1.572965293281917143e+00 2.514619038113731975e+01 2.085911703995826372e-01 2.022145257865410883e-01 3.791208861865271729e-01 4.107886640719335958e-01 5.022871994457744904e-01 4.672092320077325667e-01
1.582190896175066142e+00 1.588283589818495223e+01 1.492767569860280474e-01 1.468130853744273878e-01 2.842705177662185889e-01 2.859080184574427363e-01 3.790584501578546650e-01 3.915102660387965727e-01
1.591416499068215140e+00 1.049606365362674509e+01 8.912045538776958153e-02 9.283424171287890658e-02 1.708013992630377231e-01 1.719969591456589342e-01 2.264721916285843406e-01 2.516675031364190573e-01
1.600642101961364361e+00 1.431354511174277988e+01 2.563549997832801353e-01 2.520623819990071013e-01 4.929062268563217941e-01 4.614387480003294684e-01 7.218254787925637572e-01 6.794135325208703335e-01
1.609867704854513359e+00 2.551222343452943875e+01 2.409162079808986334e-01 2.514358107228744643e-01 4.968314273191261066e-01 4.797796715641915455e-01 7.306946372410969559e-01 6.475721953560586996e-01
1.619093307747662580e+00 3.428860845059534768e+01 1.598226645211155983e-01 1.673980629322358027e-01 3.297877397988813186e-01 3.109163795055636115e-01 4.897198943484895040e-01 4.412673549127106298e-01
1.628318910640811579e+00 3.778553681004548537e+01 9.144180585394678928e-02 9.713521414212777927e-02 1.849976397810166873e-01 1.802768185701850712e-01 2.671764075932756555e-01 2.539653311549869841e-01
1.637544513533960577e+00 3.826766988153943316e+01 6.075318537514817763e-02 6.022464176119513013e-02 1.150998105902871771e-01 1.145352938614365712e-01 1.592710239054326848e-01 1.491939973634472949e-01
1.646770116427109798e+00 3.754862682375063088e+01 5.125462466573793563e-02 5.157835898376816886e-02 1.016435180066039834e-01 1.049323715138044122e-01 1.453469040676793611e-01 1.408604618662039343e-01
1.655995719320258575e+00 3.644570611431419849e+01 5.436909266826006615e-02 5.195962406337173434e-02 1.026817391806247315e-01 1.113148158228085549e-01 1.464362023267824497e-01 1.622992814626798008e-01
1.665221322213407795e+00 3.527655636840314202e+01 5.868757084078879416e-02 5.444496351658756339e-02 1.125072386616139397e-01 1.126286629200379252e-01 1.534263463137577332e-01 1.675664962303713423e-01
1.674446925106557016e+00 3.415548664390001932e+01 5.824079559157979702e-02 5.550458698974836125e-02 1.140694420456469516e-01 1.167915109845978350e-01 1.457475786774296012e-01 1.776132756238695265e-01
1.683672527999706015e+00 3.311773070801384478e+01 5.754715080689720708e-02 5.533244138242565668e-02 1.134652737587629190e-01 1.134090249757946367e-01 1.480258081327150421e-01 1.798374561162887630e-01
1.692898130892855235e+00 3.216839201175227458e+01 5.694251027595242931e-02 5.355816046045447365e-02 1.110256414685082405e-01 1.117585098877569294e-01 1.427783845708603394e-01 1.779145655224461109e-01
1.702123733786004012e+00 3.130171154618054530e+01 5.657968360471699043e-02 5.243098070338803041e-02 1.094743133472988461e-01 1.090397568640639747e-01 1.409782058819608608e-01 1.738437100655438883e-01
1.711349336679153232e+00 3.050869081479432410e+01 5.476396838665920086e-02 5.192285752952230382e-02 1.060230002881716871e-01 1.059804451179147122e-01 1.380886039233502061e-01 1.687284582145025524e-01
1.720574939572302453e+00 2.978005786840237690e+01 5.271734840867026151e-02 5.013130707773783001e-02 1.014894300509361358e-01 1.018051867539995214e-01 1.346326514433364707e-01 1.631844334193068846e-01
1.729800542465451230e+00 2.910733907481440852e+01 4.974371842311242631e-02 4.875698756373836318e-02 9.754264082220132082e-02 9.770614562717128138e-02 1.309140939395661007e-01 1.575557016034956348e-01
1.739026145358600450e+00 2.848315918550089876e+01 4.872517382551322385e-02 4.735347882771279160e-02 9.492257528576431014e-02 9.427064469752011178e-02 1.271167626450981913e-01 1.520323081938919074e-01
1.748251748251749449e+00 2.790123630857226900e+01 4.728333613292790005e-02 4.578190558128980570e-02 9.142194093535138677e-02 9.160482491754962098e-02 1.233510251077873932e-01 1.467156367443962495e-01
1.757477351144898670e+00 2.735626786924408194e+01 4.577258931134409181e-02 4.437840568578721445e-02 8.841562166393757138e-02 8.898936740227370024e-02 1.196817855995817581e-01 1.416555517825699440e-01
1.766702954038047890e+00 2.684378920793199441e+01 4.490574660355761694e-02 4.310648122211091504e-02 8.580872509563164385e-02 8.645026345513073807e-02 1.161456000236640307e-01 1.367433260713113441e-01
1.775928556931196667e+00 2.636003728534784329e+01 4.339874210696947898e-02 4.178301573163878402e-02 8.330858643783400908e-02 8.399583457893200489e-02 1.124602294208791875e-01 1.320930264430231205e-01
1.785154159824345887e+00 2.590183078475443423e+01 4.194785458367533693e-02 4.031760368514269999e-02 8.085636521514771857e-02 8.164288243224149255e-02 1.083223111129321126e-01 1.277116915114255846e-01
1.794379762717494886e+00 2.546646896495017387e+01 4.062137063985460372e-02 3.909270528474095840e-02 7.848832436536312684e-02 7.918834207944769332e-02 1.044723630370647527e-01 1.235856867759324018e-01
1.803605365610643885e+00 2.505164807814653827e+01 3.977706933348912344e-02 3.776867398331518189e-02 7.606337174552990632e-02 7.646083023219674146e-02 1.008873988995624416e-01 1.196995733414958352e-01
1.812830968503793105e+00 2.465539299104843707e+01 3.910366838432111081e-02 3.692713059219343563e-02 7.344760758065049799e-02 7.387488359546168226e-02 9.754534619107602111e-02 1.160373812117505565e-01
1.822056571396942104e+00 2.427600147450306523e+01 3.810598845833723658e-02 3.603137467181838360e-02 7.136738025155153764e-02 7.144207151448256354e-02 9.442553036995704474e-02 1.125833593378544606e-01
1.831282174290091325e+00 2.391199884601318004e+01 3.713582319058872372e-02 3.502648696148114027e-02 6.961701266811459732e-02 6.906106058809413639e-02 9.224395665313167569e-02 1.093224013666187489e-01
1.840507777183240323e+00 2.356210098983058998e+01 3.616377167485040900e-02 3.411665928584994845e-02 6.784874785909167372e-02 6.703134138594890601e-02 9.019228155034753058e-02 1.062402703404714543e-01
