4.612801446574533726e-01 1.748625272617007113e+03 1.202574116188543485e+00 1.197826896730248336e+00 2.349081059736363386e+00 2.353963322016852544e+00 3.107476850728062345e+00 3.372700469485835129e+00
4.705057475506024267e-01 1.529342866323708677e+03 1.189500083077746240e+00 1.175250001470658390e+00 2.313546615916720839e+00 2.336971297672334913e+00 3.050337592750565818e+00 3.503229714038297971e+00
4.797313504437515363e-01 1.348435707163270536e+03 1.104365355706704577e+00 1.075565215080132475e+00 2.119085361812267365e+00 2.127804197875093450e+00 2.869338570318404891e+00 3.401117403830767216e+00
4.889569533369005905e-01 1.198908283518597045e+03 9.941021330005241907e-01 9.694290377894958510e-01 1.913388150931496057e+00 1.927802848201054076e+00 2.600445813970054587e+00 3.026640942618996633e+00
4.981825562300497001e-01 1.073985331346387738e+03 9.049136340993300109e-01 8.630380722279369365e-01 1.729378807026705545e+00 1.759126391933250488e+00 2.294917150897617830e+00 2.687173335333682189e+00
5.074081591231986987e-01 9.683631068285562833e+02 8.148592075972374005e-01 7.832244153272540643e-01 1.573441328872036138e+00 1.611342812357747789e+00 2.033855117474445251e+00 2.393891656549953950e+00
5.166337620163478084e-01 8.780645319326082472e+02 7.471269844032804031e-01 7.069386375044359738e-01 1.412739283177188554e+00 1.485294417864565730e+00 1.813491814601320584e+00 2.170907443700798467e+00
5.258593649094969180e-01 8.001104374192823343e+02 6.892347783890500068e-01 6.374910755655491812e-01 1.290507954959707604e+00 1.364180606895274650e+00 1.627502073169466712e+00 1.983688848279825834e+00
5.350849678026460277e-01 7.322423132957251255e+02 6.374009117038212935e-01 5.829657403060082288e-01 1.185247180072565243e+00 1.258451440756743978e+00 1.469770720697169963e+00 1.819447423120550411e+00
5.443105706957950263e-01 6.727209420137635334e+02 5.841845815315309665e-01 5.356552177888715960e-01 1.089222420841224448e+00 1.164646108078045472e+00 1.336780542338146915e+00 1.675197999249803615e+00
5.535361735889441359e-01 6.201854478918753557e+02 5.369034103415515347e-01 4.938472523725749852e-01 1.006091504028404415e+00 1.081074451696849792e+00 1.220950236831868096e+00 1.548108309262147486e+00
5.627617764820932456e-01 5.735549199425071265e+02 4.981870506860559544e-01 4.560598951071597185e-01 9.260979320032447504e-01 1.004615918717945533e+00 1.121786026189170116e+00 1.435682090936552413e+00
5.719873793752422442e-01 5.319590712751373758e+02 4.594999688547432015e-01 4.211480937365195132e-01 8.562846049668451087e-01 9.336483079606523461e-01 1.044051851105450623e+00 1.335788072515015301e+00
5.812129822683913538e-01 4.946886411365126150e+02 4.273974770728159456e-01 3.911752258597971377e-01 7.967904439264543726e-01 8.722470080195989794e-01 9.708646207573679021e-01 1.246631834230583991e+00
5.904385851615404635e-01 4.611593375468171416e+02 3.988172914581582518e-01 3.667121086577935785e-01 7.437377739831845247e-01 8.173964412596887996e-01 9.044649715343666685e-01 1.166710465019207277e+00
5.996641880546894621e-01 4.308851940952402515e+02 3.737587311518950628e-01 3.446112539279511111e-01 6.986843662803039479e-01 7.639289454575077798e-01 8.497341488588858738e-01 1.094766005811891318e+00
6.088897909478385717e-01 4.034585740486218128e+02 3.507031722037936561e-01 3.245153260291431252e-01 6.586287515902427003e-01 7.169225237939826911e-01 8.037846038300813234e-01 1.029743529762299659e+00
6.181153938409876814e-01 3.785349431577151336e+02 3.290377431517299556e-01 3.062242413777767069e-01 6.221521567642867012e-01 6.753418165031916942e-01 7.595355884401442381e-01 9.707554510868021680e-01
6.273409967341367910e-01 3.558211169415395148e+02 3.107231865309358909e-01 2.895218508365928756e-01 5.888307684383562446e-01 6.375294822778982962e-01 7.176222351039314162e-01 9.170519429449086601e-01
6.365665996272857896e-01 3.350660771956887629e+02 2.936189070068166984e-01 2.737402820476972920e-01 5.583011997873086329e-01 6.030258716855882994e-01 6.793230786849449032e-01 8.679967374861234930e-01
6.457922025204348992e-01 3.160537149132866830e+02 2.774644803488968137e-01 2.593226664853318653e-01 5.302508610513427811e-01 5.714401892262799265e-01 6.442188709014544656e-01 8.230474423295959241e-01
6.550178054135840089e-01 2.985970364499518155e+02 2.630426026570944487e-01 2.458543528442760362e-01 5.044099099863501579e-01 5.424385483804030628e-01 6.119501950410040081e-01 7.817395556903079523e-01
6.642434083067330075e-01 2.825334945240144862e+02 2.505302222410819013e-01 2.326169372282151926e-01 4.805445556486915848e-01 5.157343185026093124e-01 5.822075627204412740e-01 7.436734733184380275e-01
6.734690111998820061e-01 2.677211935268601906e+02 2.385082326364909022e-01 2.203438711615604007e-01 4.584514973532236581e-01 4.910802980074890911e-01 5.547233256282879665e-01 7.085039017667895678e-01
6.826946140930312268e-01 2.540357813771090036e+02 2.268901395831619539e-01 2.090648438517348495e-01 4.379533049676354040e-01 4.682623428528813747e-01 5.292650500038007522e-01 6.759312035997595558e-01
6.919202169861803364e-01 2.413678855593009587e+02 2.169964470686238656e-01 1.993384530100854590e-01 4.187848316543920646e-01 4.470941568419561918e-01 5.056300698263385129e-01 6.456942945693242564e-01
7.011458198793293350e-01 2.296209842495183864e+02 2.069912768553479054e-01 1.906424103563040262e-01 4.008635600651473396e-01 4.274130122465464865e-01 4.836409912885812901e-01 6.175647900919614131e-01
7.103714227724783337e-01 2.187096280813859721e+02 1.982686734875187540e-01 1.831050277989447750e-01 3.843842069979359621e-01 4.090762181523643903e-01 4.631419670118930298e-01 5.913421603945323568e-01
7.195970256656274433e-01 2.085579465785242519e+02 1.901279471208567884e-01 1.760070917812299740e-01 3.689666895697030213e-01 3.919581922661734552e-01 4.439955951460206052e-01 5.668497029598995596e-01
7.288226285587766640e-01 1.990983872646967257e+02 1.823328175248093430e-01 1.684593844358346360e-01 3.541693339109883709e-01 3.759480218886324110e-01 4.260803276176261534e-01 5.439311798096468920e-01
7.380482314519256626e-01 1.902706461545250534e+02 1.750395115024900861e-01 1.612950354938220698e-01 3.400900156511852401e-01 3.609474231896854235e-01 4.092882948633018714e-01 5.224479978288627535e-01
7.472738343450746612e-01 1.820207565755150085e+02 1.682150748995070444e-01 1.549490404223945461e-01 3.268782648140131641e-01 3.468666219987142085e-01 3.935234726185967702e-01 5.022768345180566030e-01
7.564994372382237708e-01 1.743003096889898984e+02 1.620866394657127785e-01 1.490681384050844827e-01 3.144601629504393259e-01 3.336277058026837494e-01 3.787001307910600190e-01 4.833076306449015647e-01
7.657250401313729915e-01 1.670657851098058302e+02 1.562385372356800417e-01 1.434572582468547353e-01 3.027709256035393537e-01 3.211640541648250746e-01 3.647415159057061373e-01 4.654418863837292974e-01
7.749506430245219901e-01 1.602779740003061875e+02 1.509758974805208709e-01 1.381475386485533363e-01 2.917516978334049327e-01 3.094131205450594280e-01 3.515787277357560470e-01 4.485912095224477980e-01
7.841762459176709887e-01 1.539014801772824512e+02 1.454740513499928056e-01 1.331506521024721224e-01 2.813495734328341769e-01 2.983186758814895256e-01 3.391497580124678279e-01 4.326760738793211658e-01
7.934018488108200984e-01 1.479042873033054661e+02 1.401394855577393628e-01 1.284416160904413573e-01 2.715168737141766542e-01 2.878300431636091616e-01 3.273986649398068494e-01 4.176247537082815597e-01
8.026274517039692080e-01 1.422573822747883412e+02 1.353473848299415749e-01 1.239979677600615560e-01 2.627104793721457554e-01 2.779014391492182767e-01 3.162748619260185023e-01 4.033724060107317655e-01
8.118530545971182066e-01 1.369344265726831509e+02 1.308112393268174856e-01 1.197994596999478745e-01 2.544058774909103704e-01 2.684914063048893240e-01 3.057325027306205811e-01 3.898602776122288560e-01
8.210786574902672053e-01 1.319114686891151962e+02 1.264332411934105949e-01 1.158277982801791950e-01 2.465024942504214778e-01 2.595623210063422448e-01 2.957299482855546557e-01 3.770350178599528590e-01
8.303042603834164259e-01 1.271666918470613581e+02 1.222509872831523126e-01 1.120623885007461240e-01 2.389776861029559996e-01 2.510799664302396650e-01 2.862293029455145188e-01 3.648480810530259077e-01
8.395298632765655356e-01 1.226801921342119641e+02 1.185341026325943403e-01 1.084667015438611770e-01 2.318067285761884477e-01 2.430131604899798958e-01 2.771960099328225624e-01 3.532552053323598784e-01
8.487554661697145342e-01 1.184337829316714590e+02 1.148726602797154328e-01 1.050981057332904811e-01 2.248638180728619318e-01 2.353334308125596408e-01 2.685984974654758162e-01 3.422159569975491422e-01
8.579810690628635328e-01 1.144108221284773919e+02 1.111726228005522898e-01 1.019002947242029222e-01 2.178994741919524358e-01 2.280147299817656403e-01 2.604078683454389420e-01 3.316933309023255561e-01
8.672066719560127535e-01 1.105960591414866343e+02 1.076555914029739824e-01 9.884261024156160147e-02 2.112624549538395513e-01 2.210331854025753273e-01 2.525976269801049057e-01 3.216533991201941944e-01
8.764322748491618631e-01 1.069754991901136520e+02 1.043989218469931757e-01 9.587922244450908238e-02 2.049314432828168719e-01 2.143668789983053102e-01 2.451434387118496261e-01 3.120650012549930352e-01
8.856578777423108617e-01 1.035362826408531589e+02 1.013605034355720136e-01 9.302696104887786532e-02 1.988868536796388753e-01 2.079956526956721063e-01 2.380229171197072446e-01 3.028994707855758861e-01
8.948834806354598603e-01 1.002665775435892499e+02 9.845761017318466202e-02 9.029742098896065272e-02 1.931106617047078089e-01 2.019009362582693257e-01 2.312154356004754163e-01 2.941303926733382923e-01
9.041090835286089700e-01 9.715548374118719721e+01 9.568187016913043408e-02 8.768304599487919404e-02 1.875824231923388652e-01 1.960655945402294265e-01 2.247019600803810135e-01 2.857333881625834238e-01
9.133346864217581906e-01 9.419294715405715124e+01 9.312364942931594669e-02 8.517684440471384733e-02 1.822816354155349927e-01 1.904737916581495938e-01 2.184649001626581821e-01 2.776859232928785559e-01
9.225602893149071893e-01 9.136968302846976542e+01 9.068547420422135019e-02 8.277233698085240121e-02 1.772037093949023756e-01 1.851108699363237520e-01 2.124879763990605852e-01 2.699671381359820543e-01
9.317858922080561879e-01 8.867710709706108219e+01 8.834807024162216749e-02 8.054586216923098618e-02 1.723354499059581713e-01 1.799632417820902219e-01 2.067561016950207886e-01 2.625576941899083749e-01
9.410114951012052975e-01 8.610727373644294858e+01 8.610587766506228036e-02 7.845067199045274720e-02 1.676646215797887862e-01 1.750182929036441237e-01 2.012552751335192625e-01 2.554396377121292971e-01
9.502370979943544071e-01 8.365282032386396338e+01 8.395372703196812836e-02 7.643750866580489856e-02 1.631798629821048507e-01 1.703512390880348448e-01 1.959724867331971154e-01 2.485962770764018614e-01
9.594627008875034058e-01 8.130691709544851165e+01 8.187542157787675023e-02 7.450187395451735028e-02 1.588706094982796913e-01 1.658905665387067074e-01 1.908956318538486130e-01 2.420120724907093290e-01
9.686883037806525154e-01 7.906322189517862853e+01 7.986189057402270919e-02 7.263957217638505881e-02 1.547270239821898485e-01 1.615942663430871562e-01 1.860134341316523887e-01 2.356725366313554559e-01
9.779139066738016250e-01 7.691583927858533798e+01 7.778124215933246433e-02 7.084668501698843102e-02 1.507399342627309125e-01 1.574532987324062105e-01 1.813153759701151557e-01 2.295641449332634920e-01
9.871395095669507347e-01 7.485928349989970343e+01 7.573343577853108854e-02 6.911954870078318436e-02 1.469007767166345957e-01 1.534592067840634400e-01 1.767916357367340652e-01 2.236742544362755325e-01
9.963651124600997333e-01 7.288844496749335633e+01 7.389090842228540623e-02 6.745473326965623073e-02 1.431433448835406352e-01 1.496040678928238776e-01 1.724330309207573464e-01 2.179910302227483498e-01
1.005590715353248843e+00 7.099855980127126998e+01 7.198457674179792321e-02 6.584902373710121992e-02 1.393651949771168574e-01 1.458804496167971365e-01 1.682309666008734439e-01 2.125033785988676982e-01
1.014816318246397842e+00 6.918518216804848464e+01 7.008812316811940946e-02 6.429940291386060380e-02 1.357115307337579679e-01 1.422813694115632188e-01 1.641773886487953860e-01 2.072008862734691093e-01
1.024041921139547062e+00 6.744415910805294345e+01 6.824697881619101736e-02 6.290110339013210705e-02 1.321753959506821730e-01 1.388002578240872253e-01 1.602647411644682052e-01 2.020737648752799487e-01
1.033267524032696061e+00 6.577160759795523859e+01 6.655013716181201744e-02 6.160354006519241921e-02 1.287502300618399431e-01 1.354309247622040857e-01 1.564859276980996583e-01 1.971128002235218446e-01
1.042493126925845059e+00 6.416389362411693753e+01 6.491574441146497065e-02 6.039569215130313751e-02 1.254298342350068651e-01 1.321675284999770383e-01 1.528342758648193467e-01 1.923093058322464799e-01
1.051718729818994280e+00 6.261761306454383202e+01 6.310648618681824473e-02 5.893177533503290988e-02 1.222083401227109789e-01 1.290949677803467921e-01 1.493035050042479384e-01 1.876550801857348461e-01
1.060944332712143279e+00 6.112957419969364281e+01 6.175677436427662315e-02 5.761942108788531414e-02 1.190801809544979051e-01 1.263402083176785595e-01 1.458876965757767152e-01 1.831423673673313601e-01
1.070169935605292277e+00 5.969678169137959145e+01 6.053906212031279210e-02 5.616887430398520564e-02 1.160400646862740359e-01 1.237685938406301034e-01 1.425812670148118855e-01 1.787638206696442467e-01
1.079395538498441276e+00 5.831642188573970742e+01 5.927969618982587008e-02 5.473998411006419929e-02 1.131255323025328607e-01 1.212887636260049362e-01 1.393789428058695989e-01 1.745124688454993134e-01
1.088621141391590497e+00 5.698584931090124428e+01 5.800629418245506486e-02 5.334708647340846710e-02 1.104415589337648385e-01 1.188969575870828521e-01 1.362757375550884831e-01 1.703816846925292339e-01
1.097846744284739717e+00 5.570257425290844111e+01 5.676303402798765774e-02 5.210871150013218767e-02 1.078525037177655577e-01 1.165896576336038493e-01 1.332669308679257369e-01 1.663651556867478121e-01
1.107072347177888716e+00 5.446425130476607990e+01 5.555793903840822168e-02 5.099256320211509319e-02 1.053353978183722006e-01 1.143635733458623349e-01 1.303480488592683173e-01 1.624568564039279295e-01
1.116297950071037715e+00 5.326866879335123173e+01 5.438932217339953468e-02 4.988773315857031321e-02 1.028866458615240731e-01 1.122156290612892349e-01 1.275148461417217050e-01 1.586510224831982896e-01
1.125523552964186713e+00 5.211373899755950845e+01 5.319695310635808028e-02 4.886613682695895022e-02 1.005028203199032077e-01 1.101429522802277461e-01 1.247632891546857081e-01 1.549421259001562134e-01
1.134749155857335934e+00 5.099748907854339564e+01 5.199290407627188415e-02 4.748166209573412289e-02 9.823337988352420780e-02 1.081428633106824577e-01 1.220895407129916066e-01 1.513248513283045327e-01
1.143974758750484932e+00 4.991805264929031694e+01 5.090122668897834046e-02 4.627084471395903620e-02 9.627715727433638904e-02 1.062128660890309106e-01 1.194899456671407734e-01 1.477940733703988485e-01
1.153200361643633931e+00 4.887366191624122536e+01 4.988186964776986088e-02 4.542005834131401798e-02 9.436769518497101217e-02 1.043506401262064287e-01 1.169610175823336817e-01 1.443448344462794353e-01
1.162425964536783152e+00 4.786264033013085140e+01 4.889191203821496856e-02 4.447351859219850212e-02 9.250990864613584108e-02 1.025487341529185414e-01 1.144994263551311064e-01 1.409723231201027716e-01
1.171651567429932372e+00 4.688339568681640657e+01 4.762831234609166131e-02 4.344887209628467417e-02 9.043861110007611614e-02 1.008045133570902863e-01 1.121019867019441563e-01 1.376718526443028168e-01
1.180877170323081371e+00 4.593441362154329255e+01 4.637487036823983999e-02 4.268527328541438237e-02 8.803017464271789549e-02 9.877116642788053014e-02 1.097656474658208481e-01 1.344388394866555814e-01
1.190102773216230370e+00 4.501425144182078952e+01 4.539206274512963546e-02 4.186364086272931218e-02 8.657126661325520445e-02 9.624183296809007970e-02 1.074874817050073261e-01 1.312687815916575573e-01
1.199328376109379368e+00 4.412153224480030644e+01 4.473685799940341212e-02 4.113798364341647584e-02 8.516144042244633283e-02 9.489345855110542516e-02 1.052646775433387916e-01 1.281572361027727425e-01
1.208553979002528589e+00 4.325493926468836037e+01 4.401162920812140555e-02 4.039261294332874286e-02 8.379920919058747586e-02 9.304768939446006470e-02 1.030945297843501862e-01 1.250997962450668410e-01
1.217779581895677588e+00 4.241321039405274718e+01 4.313115522105448463e-02 3.970748175955662873e-02 8.215837168650352851e-02 9.096454322153846306e-02 1.011847611407077352e-01 1.220920670268625940e-01
1.227005184788826586e+00 4.159513281975319643e+01 4.239020644973834351e-02 3.874634655345943202e-02 8.034162617277473828e-02 8.987737554454611200e-02 9.936645400888011181e-02 1.191296393712306667e-01
1.236230787681975807e+00 4.079953770926821477e+01 4.143689157518792854e-02 3.821827642556741012e-02 7.853704452856646867e-02 8.800992139308760898e-02 9.759603611146161484e-02 1.162062777614778497e-01
1.245456390575124805e+00 4.002529487602205904e+01 4.018871444945659732e-02 3.771128711839821790e-02 7.632949246242048957e-02 8.609563512198548096e-02 9.587137782209254055e-02 1.136546861052067925e-01
1.254681993468273804e+00 3.927130734227629461e+01 3.938010672301572868e-02 3.697590885898449642e-02 7.404577068339079915e-02 8.421172045227365288e-02 9.419039063529766054e-02 1.112468380483804253e-01
1.263907596361422803e+00 3.853650570452482782e+01 3.851091236139581042e-02 3.624596031720273004e-02 7.281821146906963804e-02 8.235538195408054207e-02 9.255101447277525040e-02 1.088753106307080998e-01
1.273133199254572023e+00 3.781984218789839503e+01 3.772372080440788977e-02 3.541340510112434004e-02 7.162010410467445354e-02 8.051923233730207130e-02 9.095120380695220774e-02 1.065364024707946555e-01
1.282358802147721244e+00 3.712028425139322252e+01 3.695566113783854689e-02 3.460572072397383181e-02 7.009329398584185356e-02 7.847305879865018596e-02 8.945949127047470029e-02 1.042262838942278336e-01
1.291584405040870243e+00 3.643680757257714475e+01 3.615659248891489597e-02 3.381354789297574825e-02 6.860069349998809685e-02 7.633293669547214222e-02 8.801993245935335608e-02 1.019409575836363047e-01
1.300810007934019241e+00 3.576838819580377304e+01 3.486366171015475857e-02 3.302372653141816272e-02 6.712289142502214645e-02 7.419006050123044815e-02 8.661401010547109536e-02 9.967621277260718671e-02
1.310035610827168240e+00 3.511399356760676227e+01 3.369833621326279172e-02 3.220276227515483924e-02 6.582886809446364396e-02 7.153296926217223017e-02 8.523926426274641699e-02 9.742757137303215131e-02
1.319261213720317460e+00 3.447257210069280120e+01 3.315289088184414368e-02 3.123854981175355761e-02 6.490897317661392663e-02 6.882633250166492189e-02 8.389306790027717398e-02 9.535902823803610318e-02
1.328486816613466459e+00 3.384304079497263018e+01 3.227825537600637062e-02 3.066355052251878988e-02 6.402011946197916359e-02 6.634374146170074482e-02 8.257257493003322679e-02 9.347442215288737088e-02
1.337712419506615458e+00 3.322427028729570253e+01 3.167818937131272605e-02 2.988799708592182469e-02 6.316203509100404290e-02 6.470320140746821380e-02 8.127465692296453881e-02 9.160108578750936204e-02
1.346938022399764678e+00 3.261506648173582334e+01 3.132970579416394230e-02 2.942368817677021298e-02 6.231556100710378132e-02 6.229331235655877208e-02 7.999582558056061998e-02 8.973434341019270732e-02
1.356163625292913677e+00 3.201414760027844153e+01 3.082810703909899530e-02 2.875001421130107815e-02 6.047640756244732074e-02 6.033137582916481279e-02 7.873213728254313537e-02 8.787020227775244052e-02
1.365389228186062898e+00 3.142011504529024535e+01 3.025584405029491109e-02 2.847847794961921863e-02 5.941786692080697208e-02 5.905426498543775438e-02 7.747907513103058363e-02 8.599695460339518149e-02
1.374614831079211896e+00 3.083141581138638543e+01 2.958585676741165571e-02 2.757009230535700794e-02 5.847796601981514186e-02 5.779214883487071575e-02 7.623140286164797885e-02 8.410603553150863831e-02
1.383840433972360895e+00 3.024629321696748363e+01 2.898659693542882110e-02 2.706745254375420018e-02 5.802542767027674131e-02 5.482811548650801114e-02 7.498298386796875548e-02 8.264844971463602974e-02
1.393066036865510116e+00 2.966272127117028035e+01 2.838405818594225138e-02 2.673385524601457064e-02 5.711979191238469866e-02 5.263414703592772526e-02 7.372655757476920257e-02 8.309130708017420375e-02
1.402291639758658892e+00 2.907831576709455135e+01 2.797613056177183921e-02 2.614546103137271871e-02 5.545843574616782234e-02 5.192395166471897028e-02 7.245120694212658918e-02 8.351304764081390886e-02
1.411517242651808113e+00 2.849021172602015994e+01 2.697481342609364674e-02 2.589735054814568116e-02 5.381322482109851535e-02 5.163278605726162596e-02 7.114805252827238746e-02 8.409620697799979894e-02
1.420742845544957333e+00 2.789489131147346157e+01 2.632388559822018692e-02 2.595540816691865871e-02 5.225204822679430094e-02 5.109276070367485545e-02 6.980509641139676091e-02 8.337638814110448493e-02
1.429968448438106332e+00 2.728793740484222141e+01 2.567466939765594702e-02 2.563614348900600248e-02 5.344944829642628292e-02 5.094692153147306612e-02 6.920640473029848749e-02 8.000849191062542332e-02
1.439194051331255553e+00 2.666367324653569781e+01 2.547203181669033256e-02 2.526224666978649225e-02 5.395369675429506628e-02 5.010197524882187281e-02 6.699351513510265477e-02 7.638821202980139446e-02
1.448419654224404329e+00 2.601462350801010359e+01 2.519162528705720661e-02 2.572534460604458673e-02 5.237920091110481735e-02 5.004413820798347956e-02 6.788356533323991471e-02 7.246074087665377306e-02
1.457645257117553550e+00 2.533068883662203419e+01 2.590193943656515785e-02 2.574143532446981908e-02 5.255294631313844889e-02 5.096107584856568451e-02 6.884018042767081624e-02 6.813252653042667362e-02
1.466870860010702771e+00 2.459784945913919074e+01 2.708948334183247653e-02 2.681682223761683304e-02 5.496356739567076488e-02 5.233247259748452507e-02 7.107131617853923444e-02 7.185128376277205575e-02
1.476096462903851547e+00 2.379607652897398751e+01 2.775976473746410988e-02 2.791349276839838467e-02 5.599724042656717415e-02 5.392914787675451294e-02 7.381633996381253837e-02 7.852962733580426402e-02
1.485322065797000768e+00 2.289588432831938647e+01 2.999125041551309323e-02 3.054055673394628911e-02 6.080924912712504238e-02 5.806654844009173644e-02 7.788205847775486745e-02 8.657239559964935438e-02
1.494547668690149766e+00 2.185252891712682555e+01 3.254274061341888569e-02 3.288058899808277147e-02 6.749970992107279244e-02 6.393867678555409384e-02 8.405150998877530810e-02 9.643361269178640782e-02
1.503773271583298987e+00 2.059620170798777750e+01 3.697843167722325575e-02 3.757987892678471553e-02 7.693439736146245878e-02 7.346222048248662873e-02 9.368056651013390024e-02 1.094324014437262349e-01
1.512998874476448208e+00 1.901603198642093773e+01 4.426743180848902171e-02 4.326924927018893641e-02 8.748190679392919833e-02 8.900646145059809555e-02 1.090608620255864025e-01 1.309195111621193064e-01
1.522224477369596984e+00 1.693803343012873697e+01 5.370284412580161870e-02 5.134614390051339683e-02 1.033780510128785579e-01 1.074645355762946508e-01 1.338202115494091515e-01 1.619443364344448355e-01
1.531450080262746205e+00 1.411627901366578541e+01 6.669718342305941405e-02 6.139436340803783310e-02 1.312420807202627770e-01 1.325141723640665958e-01 1.654132884876595710e-01 1.979177765573840730e-01
1.540675683155895204e+00 1.034559302029680694e+01 7.718250318419173084e-02 7.324813005450181436e-02 1.518947375101031838e-01 1.478909542441915193e-01 1.884112660937411476e-01 2.255895194341910326e-01
1.549901286049044202e+00 6.031017493276543462e+00 7.902944110874532413e-02 7.637153304282850996e-02 1.594201722439434477e-01 1.510613142461929570e-01 2.057093642054930172e-01 2.212165124776603875e-01
1.559126888942193201e+00 3.214853558524970900e+00 7.165968849200377022e-02 7.667080109866342141e-02 1.471826174354027295e-01 1.481600358347012758e-01 2.212938348266972888e-01 2.306149891656943396e-01
1.568352491835342422e+00 4.343088110397851587e+00 8.356777445062490983e-02 8.189225142464007234e-02 1.616448735381679214e-01 1.722050787090800839e-01 2.470372132182880875e-01 2.782530959792568481e-01
1.577578094728491642e+00 8.860151404739777803e+00 9.687808180624202237e-02 9.445312733035038377e-02 1.865687336062435975e-01 1.876062476186444172e-01 2.521315763978027036e-01 2.720965389070215679e-01
1.586803697621640641e+00 1.545141369647642371e+01 1.295008805892354786e-01 1.334952704864491579e-01 2.616220258700501233e-01 2.432609844171516045e-01 3.376482797609146047e-01 3.486122426989961554e-01
1.596029300514789639e+00 2.430730088672825673e+01 1.819211041389259265e-01 1.915824433687092210e-01 3.520265734870555718e-01 3.360638640734450178e-01 4.467040427012918258e-01 4.589471884618099295e-01
1.605254903407938860e+00 3.303442927162369358e+01 1.499188835929601282e-01 1.496575155461101758e-01 2.572006495586904862e-01 2.695259728314312042e-01 4.051150991799445933e-01 3.595960566922329349e-01
1.614480506301087859e+00 3.668583208478674607e+01 8.562213892655279324e-02 8.080978748100164921e-02 1.592231441989611085e-01 1.536567178882890516e-01 2.097482100877172684e-01 2.488073247717323966e-01
1.623706109194236857e+00 3.591508611443315857e+01 8.829704325655995945e-02 8.346853481846494560e-02 1.806191744763978591e-01 1.830438065902981748e-01 2.345740317042199763e-01 2.340393075256699262e-01
1.632931712087385856e+00 3.383087006764488081e+01 9.655931023715424999e-02 9.184419250307485072e-02 1.848982677199799696e-01 1.979215480285603235e-01 2.466397053784916693e-01 2.731832288046973645e-01
1.642157314980535077e+00 3.181589435993310389e+01 9.369648323826496039e-02 9.418096337850911937e-02 1.780398916145173871e-01 1.896814925375700511e-01 2.287485743437258634e-01 2.684275310823736049e-01
1.651382917873684297e+00 3.015219309747179821e+01 8.878822443431744205e-02 8.600914490792277434e-02 1.621079230163431362e-01 1.718283426898423727e-01 2.145609276436459822e-01 2.423665303595683440e-01
1.660608520766833296e+00 2.881380286525619283e+01 7.871038346068104374e-02 7.769824980482553656e-02 1.439633663560435650e-01 1.590676850197958458e-01 1.911719461011713861e-01 2.238915167673667383e-01
1.669834123659982295e+00 2.772590747767630859e+01 7.162249683776522602e-02 7.167157509920230041e-02 1.317903040151726657e-01 1.457969537644743241e-01 1.791693571929364737e-01 2.023139360657566499e-01
1.679059726553131293e+00 2.682343754320839224e+01 6.622687153720363540e-02 6.569450077184058046e-02 1.221981561244724901e-01 1.372791270187967427e-01 1.709833928780071233e-01 1.837900199067981077e-01
1.688285329446280514e+00 2.605838255419915228e+01 6.026237661641431487e-02 5.994818999825213268e-02 1.120214717605918509e-01 1.288202023722888612e-01 1.625831198709910552e-01 1.681616790473370315e-01
1.697510932339429290e+00 2.539667240521316316e+01 5.610049674697137334e-02 5.621426273322072120e-02 1.038880256642720212e-01 1.209531586049230611e-01 1.519161014887586703e-01 1.572876495918329454e-01
1.706736535232578511e+00 2.481417684753876784e+01 5.277368470772003661e-02 5.353874314358719744e-02 9.753531948241089822e-02 1.137228488993251574e-01 1.416960965397251471e-01 1.466498225635781694e-01
1.715962138125727732e+00 2.429361075715196350e+01 4.984237338426211750e-02 5.094698549514120600e-02 9.474145229361852216e-02 1.087146596502179818e-01 1.349680581526015999e-01 1.363538341070622550e-01
1.725187741018876730e+00 2.382239086935714667e+01 4.666616992475880465e-02 4.827467885458247565e-02 9.204824458745264337e-02 1.030674027795051018e-01 1.290222565666034882e-01 1.274709676979135509e-01
1.734413343912025951e+00 2.339119517160274597e+01 4.404501027087803777e-02 4.605883000813904005e-02 8.923190049765139520e-02 9.701168546741811838e-02 1.237392721831334086e-01 1.221470006001368347e-01
1.743638946805174728e+00 2.299299684281546874e+01 4.232895978353212740e-02 4.374015458640201359e-02 8.465170376262776131e-02 9.181519764028323038e-02 1.190172868052421506e-01 1.183820084469253686e-01
1.752864549698323948e+00 2.262241069983073416e+01 4.047696744547124581e-02 4.173772704963951696e-02 8.044744526263158946e-02 8.726500890762522999e-02 1.147717357932265259e-01 1.142193695644273532e-01
1.762090152591473169e+00 2.227524507956522726e+01 3.900896614691617970e-02 3.976857081248397208e-02 7.690642310658191150e-02 8.370469319550011278e-02 1.109329330563291194e-01 1.086231018392282976e-01
1.771315755484621945e+00 2.194818987976395519e+01 3.750274245127727113e-02 3.862448585537237022e-02 7.359619840701370208e-02 8.010362279174643163e-02 1.074434099230785478e-01 1.036330071111173368e-01
1.780541358377771166e+00 2.163859598272768281e+01 3.585950493059186783e-02 3.771076965387010205e-02 7.059196564932079809e-02 7.767804467277983349e-02 1.042556153151750209e-01 9.915743309421287677e-02
1.789766961270920165e+00 2.134431689666881127e+01 3.520979477043439942e-02 3.686513283481929193e-02 6.785801338879338118e-02 7.597519209726044664e-02 1.010386566359429139e-01 9.600763099703968351e-02
1.798992564164069385e+00 2.106359339124735541e+01 3.444752813057760932e-02 3.598177642251698671e-02 6.599669469925473209e-02 7.334657986866943702e-02 9.794077008192303424e-02 9.374905924070020546e-02
1.808218167057218606e+00 2.079496828325392599e+01 3.387046760840206616e-02 3.478219310587604696e-02 6.414934003577599242e-02 7.093319029441147450e-02 9.508139480073651839e-02 9.163067167693483839e-02
1.817443769950367383e+00 2.053722266815383790e+01 3.312858589153933053e-02 3.413922833665949952e-02 6.210668301312693984e-02 6.871073124797888454e-02 9.243217538947945400e-02 8.963836271547975798e-02
1.826669372843516603e+00 2.028932761455260803e+01 3.247009138846479459e-02 3.335314188662508172e-02 6.026843885965860181e-02 6.665823355264777206e-02 8.996904167987906931e-02 8.776929661077659262e-02
1.835894975736665824e+00 2.005040715204735591e+01 3.152660035468102251e-02 3.265152211870159249e-02 5.879314062391571838e-02 6.518092149060450424e-02 8.767145109048968266e-02 8.604762137940014100e-02
