9.225602893149067790e-04 1.103809169509500758e-04 2.958384009444097081e-06 2.995429967013024100e-06 5.487017294661278191e-06 6.101953012893347435e-06 6.899523797141920794e-06 7.488338206782885285e-06
1.014816318246397446e-02 1.124767406893542772e-04 3.022555635252840794e-06 3.048113598217084457e-06 5.599475801798363406e-06 6.225293562713365720e-06 7.029764889104707696e-06 7.638780041587959818e-06
1.937376607561304073e-02 1.147085517044940336e-04 3.094202163060876540e-06 3.112934609862016066e-06 5.718745288894294784e-06 6.356153145561354982e-06 7.167959915202319100e-06 7.798410157363607582e-06
2.859936896876210874e-02 1.170918622432786695e-04 3.170319734475181847e-06 3.178548035383149434e-06 5.845564095863155663e-06 6.495353818409044569e-06 7.314991900119675698e-06 7.968232035327342294e-06
3.782497186191117328e-02 1.196384117421211605e-04 3.251275106276111369e-06 3.245861871167344051e-06 5.980531086692642624e-06 6.643553950838322316e-06 7.471546449453378403e-06 8.149050719435209020e-06
4.705057475506025516e-02 1.223615206068472670e-04 3.337482485283102670e-06 3.317662071456085491e-06 6.123738224299556674e-06 6.807287042102426011e-06 7.638400746246595385e-06 8.341777789233837119e-06
5.627617764820931623e-02 1.252723972588784648e-04 3.429337400263541245e-06 3.394236786317117991e-06 6.268686131390637612e-06 6.982320407556167827e-06 7.816228799970893499e-06 8.547223545259165244e-06
6.550178054135838424e-02 1.284008376816821347e-04 3.527611968156104056e-06 3.476327542543061018e-06 6.423909923168255598e-06 7.170009154877743742e-06 8.006702750320193653e-06 8.767274307765730466e-06
7.472738343450743836e-02 1.317492783338560869e-04 3.632580799399590414e-06 3.567327667103602521e-06 6.589526832741427528e-06 7.370704593161544896e-06 8.210045540221690315e-06 9.002285574802201774e-06
8.395298632765652025e-02 1.353524584857016759e-04 3.745083270045602162e-06 3.669346593197726812e-06 6.766978169905950519e-06 7.586328254042184679e-06 8.428214009903895474e-06 9.254477575470994094e-06
9.317858922080557438e-02 1.392307275876970211e-04 3.855056955890697043e-06 3.780795478204460394e-06 6.957473508231140809e-06 7.818143427678193695e-06 8.662411808614762024e-06 9.525285069469685735e-06
1.024041921139546424e-01 1.434154062112937228e-04 3.965247292607568036e-06 3.901630596146997984e-06 7.162477981852188088e-06 8.067811077992748364e-06 8.914439552603356867e-06 9.816804309218513363e-06
1.116297950071036965e-01 1.479454210967155151e-04 4.084595367300798826e-06 4.032784389749311362e-06 7.383820486709979968e-06 8.337772713604905657e-06 9.186533563804443218e-06 1.013161310063127353e-05
1.208553979002527506e-01 1.528594716993845028e-04 4.213623622102913779e-06 4.171227728660552476e-06 7.623319739622559958e-06 8.627655448724196822e-06 9.480922708125099924e-06 1.047232431626116079e-05
1.300810007934018186e-01 1.581957791597114131e-04 4.372059662043634512e-06 4.317877809483053634e-06 7.882810516920415404e-06 8.930329761923209726e-06 9.799836209044965720e-06 1.084158476672073663e-05
1.393066036865509005e-01 1.640229945726648624e-04 4.545427426470280202e-06 4.484719727911945855e-06 8.164791750803304963e-06 9.260569871967516166e-06 1.014716460045954707e-05 1.124385151341129613e-05
1.485322065796999824e-01 1.704020140359312977e-04 4.727859567479555805e-06 4.669361001418271661e-06 8.468939670840163131e-06 9.622088660921144631e-06 1.052640304994678470e-05 1.168322068608563342e-05
1.577578094728490643e-01 1.773748820524496885e-04 4.936226783621214514e-06 4.855636898948382510e-06 8.800801754979434245e-06 1.003295493219252626e-05 1.094006900630772124e-05 1.216281018962496658e-05
1.669834123659981462e-01 1.850690224968430924e-04 5.156961134052503093e-06 5.060057199095268667e-06 9.171027003851151818e-06 1.048560454641384357e-05 1.139531098725513492e-05 1.269130004995699858e-05
1.762090152591472003e-01 1.935627835782308798e-04 5.395610077812458419e-06 5.285062617263995436e-06 9.591438505332966534e-06 1.098492027330156217e-05 1.189665409057563011e-05 1.328682212343293748e-05
1.854346181522962822e-01 2.029863963896049481e-04 5.633353980396269608e-06 5.533914701929762165e-06 1.004496677982485704e-05 1.153840324835239055e-05 1.245148099744596763e-05 1.394661704537091267e-05
1.946602210454453641e-01 2.134814118186985658e-04 5.924991162052422808e-06 5.810200087896528337e-06 1.054898739155413386e-05 1.215436539355732246e-05 1.313005456199533454e-05 1.468050749404750644e-05
2.038858239385944460e-01 2.252169462359245825e-04 6.284183102157089688e-06 6.116436558219011648e-06 1.111142641296413835e-05 1.284276384775118770e-05 1.389238497495897014e-05 1.550022287021116151e-05
2.131114268317435001e-01 2.384113618950715863e-04 6.661592405092303052e-06 6.460680537038169689e-06 1.174198210042415964e-05 1.361116697440933128e-05 1.475067878158980690e-05 1.642075268646437996e-05
2.223370297248925820e-01 2.533166492688874180e-04 7.079466587669221850e-06 6.871360394690364127e-06 1.245182867302995541e-05 1.446335891514848363e-05 1.572181261694775194e-05 1.745952510432536133e-05
2.315626326180416361e-01 2.702548673431979056e-04 7.557552838793348514e-06 7.337733176430267460e-06 1.325663101502317547e-05 1.542831715760784993e-05 1.682728011094471350e-05 1.863874779226519637e-05
2.407882355111907180e-01 2.896216122819193360e-04 8.087737302759582386e-06 7.870473965159590930e-06 1.417468744097858920e-05 1.653065581787510965e-05 1.809363006076978361e-05 1.998568038541064266e-05
2.500138384043397721e-01 3.119161487291785225e-04 8.713138207115710479e-06 8.455971150048494089e-06 1.522893959614974278e-05 1.779850652356090943e-05 1.955443059597892662e-05 2.153476643259260399e-05
2.592394412974888818e-01 3.377716060166805249e-04 9.463194529848691691e-06 9.140869816453168345e-06 1.644845376171403736e-05 1.926756380021962204e-05 2.125241591399506342e-05 2.332966868972180573e-05
2.684650441906379359e-01 3.680362751556878103e-04 1.033218012346670154e-05 9.946313836880571815e-06 1.788566520867534331e-05 2.098545667827169921e-05 2.324475902977252975e-05 2.542842794941399835e-05
2.776906470837869900e-01 4.037604162477003941e-04 1.130258249487279230e-05 1.093954063196992191e-05 1.966839475035569648e-05 2.301138351760718525e-05 2.557709493409025467e-05 2.790371134828276188e-05
2.869162499769360997e-01 4.463838619056151964e-04 1.244673024218307007e-05 1.212360065215134074e-05 2.179702063886149134e-05 2.542620894646445678e-05 2.818102907796974808e-05 3.085446785978322292e-05
2.961418528700851538e-01 4.978549430562845875e-04 1.386877445205044607e-05 1.357232154161678965e-05 2.436972473059031540e-05 2.833920210375988954e-05 3.131275605681993479e-05 3.441457428110837125e-05
3.053674557632342079e-01 5.608450440810499281e-04 1.559680852945269022e-05 1.533694732808535150e-05 2.752162239138850486e-05 3.190013986603104559e-05 3.512815906624340567e-05 3.876770925496529543e-05
3.145930586563833176e-01 6.391487011306777946e-04 1.775052776420936711e-05 1.743638437775587528e-05 3.134553083639361921e-05 3.632129194391844201e-05 4.003670117613301882e-05 4.417441871840317204e-05
3.238186615495323717e-01 7.382485190573674508e-04 2.044814316264932912e-05 2.009615483814354651e-05 3.605565555305336248e-05 4.195879290708561839e-05 4.639965166831482458e-05 5.101126803233266022e-05
3.330442644426814813e-01 8.663396801365317711e-04 2.377759252951416880e-05 2.349851551535604103e-05 4.220769474905792292e-05 4.933447984397840679e-05 5.463771985681452337e-05 5.984062879666374093e-05
3.422698673358305355e-01 1.035993108555167052e-03 2.825956963159329330e-05 2.798035867829207733e-05 5.046084260613525711e-05 5.900438770259364141e-05 6.556785751886222424e-05 7.152625984974234248e-05
3.514954702289795896e-01 1.267471857811357586e-03 3.452953324367875367e-05 3.406414270443625797e-05 6.167608656051600836e-05 7.195030397731672078e-05 8.050717199027668247e-05 8.773327302163936268e-05
3.607210731221286992e-01 1.594827923972822782e-03 4.340155356129574669e-05 4.318067481674748784e-05 7.746471735793408406e-05 9.020066540871914292e-05 1.016693438172949250e-04 1.105533363207386165e-04
3.699466760152777534e-01 2.078108568219089788e-03 5.633704437900399764e-05 5.636408328105841845e-05 1.005143109944419029e-04 1.170088875137656470e-04 1.329564249284804697e-04 1.433751816569065873e-04
3.791722789084268630e-01 2.830049298967592716e-03 7.667479514614997799e-05 7.622318848981863432e-05 1.352638406978065588e-04 1.588397796594971483e-04 1.816750718813637741e-04 1.950108879597302856e-04
3.883978818015759171e-01 4.074926504710869868e-03 1.096534152266502929e-04 1.079964105467111704e-04 1.918975278713229426e-04 2.286441235110582212e-04 2.622637260409439383e-04 2.809955670786453558e-04
3.976234846947249713e-01 6.272616470241622506e-03 1.646924977454560998e-04 1.654452966486389884e-04 2.912327261688453170e-04 3.521821584324793045e-04 4.038116159390562829e-04 4.340207230171932301e-04
4.068490875878740809e-01 1.024664295597947812e-02 2.644468817660054760e-04 2.658464089748836107e-04 4.629782463013119853e-04 5.689567513056659198e-04 6.555367471594523293e-04 7.127400024846911736e-04
4.160746904810231350e-01 1.607537347196277833e-02 4.046396953607707403e-04 4.051478832515428841e-04 6.976640984184649674e-04 8.885219060656892459e-04 1.007501075919788741e-03 1.106335407730345971e-03
4.253002933741722447e-01 1.795841913786965297e-02 4.638049758987385085e-04 4.638940623660180174e-04 8.037278294410893364e-04 9.827640788438937736e-04 1.129243080196844218e-03 1.248077812104328443e-03
4.345258962673212988e-01 1.241244541375816079e-02 3.238897862077715767e-04 3.366264056103365765e-04 5.795007788117652325e-04 6.749146052649548921e-04 7.629532648077887863e-04 8.832103641822405121e-04
4.437514991604703529e-01 7.168272162398935284e-03 1.932797436643880762e-04 1.947523716355897827e-04 3.460304961041878874e-04 3.973919175117223909e-04 4.506136364766100133e-04 5.164578772247421790e-04
4.529771020536194626e-01 4.249743031762088889e-03 1.154446030644015048e-04 1.163983694529623428e-04 2.074280677401337675e-04 2.385297633331045358e-04 2.690522331459709385e-04 3.031119820027091891e-04
4.622027049467684612e-01 2.696229939393329257e-03 7.301034879135829755e-05 7.415409661027218616e-05 1.313128761753173772e-04 1.521116789391951420e-04 1.707014068150856240e-04 1.904917267382213487e-04
4.714283078399175708e-01 1.820528967741084176e-03 4.882809176420203207e-05 4.986662072036505446e-05 8.845916435293440724e-05 1.031345784764290362e-04 1.148314805203731921e-04 1.279957415152997886e-04
4.806539107330666249e-01 1.292487441019258805e-03 3.462217967582304282e-05 3.516167725190247860e-05 6.274956293370157097e-05 7.340820686205034272e-05 8.174046696661171375e-05 9.108158753044662097e-05
4.898795136262157346e-01 9.547679785931072931e-04 2.556130791113431482e-05 2.571892080521472404e-05 4.623361206769081768e-05 5.430696386238146114e-05 6.089956657729961743e-05 6.741954533405123112e-05
4.991051165193647332e-01 7.279076911370636720e-04 1.937774398997900004e-05 1.939648757439879894e-05 3.511641617165884178e-05 4.143587836038977856e-05 4.684097013587802238e-05 5.149236977729210706e-05
5.083307194125139539e-01 5.693216852052594137e-04 1.502051195168300698e-05 1.505744205559423916e-05 2.738740436856437668e-05 3.235561183926791411e-05 3.692797066475719727e-05 4.033662415788474755e-05
5.175563223056629525e-01 4.547451254705556006e-04 1.193179349250175813e-05 1.197481208633848718e-05 2.190277495452667847e-05 2.579685983018255302e-05 2.971122708261088102e-05 3.226156659047002507e-05
5.267819251988120621e-01 3.696545699400865213e-04 9.662422322322583492e-06 9.706556858315269418e-06 1.769300126362553793e-05 2.090757009519335135e-05 2.431515312363092185e-05 2.625384851365268569e-05
5.360075280919610607e-01 3.049771505536564599e-04 7.995219498644419616e-06 8.005007458163971353e-06 1.447971588165985471e-05 1.715746745556336484e-05 2.018827430828537290e-05 2.158742014116181917e-05
5.452331309851101704e-01 2.548303035430866058e-04 6.692946922737794992e-06 6.695959759327218316e-06 1.206534080605586217e-05 1.425925280086707278e-05 1.697041666345964345e-05 1.797102277284093981e-05
5.544587338782591690e-01 2.152970726103328215e-04 5.640247121323709685e-06 5.653934618019581908e-06 1.020515989076585766e-05 1.198192300960222723e-05 1.442018683370295561e-05 1.512470597643750594e-05
5.636843367714083897e-01 1.836623600274396822e-04 4.783721237906947291e-06 4.813859550528514462e-06 8.681924414107917596e-06 1.016530681249955509e-05 1.236933053056835899e-05 1.285064679456255732e-05
5.729099396645573883e-01 1.580125187280670288e-04 4.084527980037819901e-06 4.138538569438822250e-06 7.479786671917752977e-06 8.711296884069931945e-06 1.069864207674383564e-05 1.100963923093240351e-05
5.821355425577064979e-01 1.370010681104940633e-04 3.520273451355004565e-06 3.589518426393254347e-06 6.496398233526192974e-06 7.543759083241703819e-06 9.323775028619154864e-06 9.503435914759184597e-06
5.913611454508554965e-01 1.195847205418762042e-04 3.054145557052781262e-06 3.133238548495801833e-06 5.669732269498390970e-06 6.575754956981814817e-06 8.179228364484105959e-06 8.256849768612867712e-06
6.005867483440046062e-01 1.050387118972025033e-04 2.675600317958480925e-06 2.728682458594253245e-06 4.974732683986842581e-06 5.766713216043094356e-06 7.219185244017133464e-06 7.216952065660175541e-06
6.098123512371537158e-01 9.277625431443755840e-05 2.375767040597464067e-06 2.397455794793818809e-06 4.377449958927243545e-06 5.084370433463601224e-06 6.406507938435648721e-06 6.341547529518278404e-06
6.190379541303028255e-01 8.237336536820364741e-05 2.093199061670354168e-06 2.117983244801069213e-06 3.857601851708173930e-06 4.505201039648915897e-06 5.714209418699863017e-06 5.613098930597534971e-06
6.282635570234518241e-01 7.349153452016768883e-05 1.852443827405866102e-06 1.870913196834524139e-06 3.414807491463754847e-06 4.010473008710525433e-06 5.120695800596655896e-06 4.979703832679076769e-06
6.374891599166009337e-01 6.585259799521495658e-05 1.661544926683661272e-06 1.670472340733301377e-06 3.040380374955503032e-06 3.584870085891449644e-06 4.608191686053037710e-06 4.435757704980851281e-06
6.467147628097499323e-01 5.925494149168751443e-05 1.479403459617234312e-06 1.495396982997803509e-06 2.708638099792631435e-06 3.217147973845456974e-06 4.163736521002715872e-06 3.966579746455170378e-06
6.559403657028991530e-01 5.352585661918991551e-05 1.323401125522894253e-06 1.341857608190002386e-06 2.425887621404597806e-06 2.897750065388315520e-06 3.776218500981955270e-06 3.559750822957332631e-06
6.651659685960481516e-01 4.852299073966053221e-05 1.186756222942981478e-06 1.211970369649378637e-06 2.176155593771767903e-06 2.603439883895905342e-06 3.436460987769460911e-06 3.205075564690789997e-06
6.743915714891972613e-01 4.414290001182698600e-05 1.071719668654392275e-06 1.100015974598305302e-06 1.957981778041332989e-06 2.343364901957907791e-06 3.137751708955824586e-06 2.894986818540853045e-06
6.836171743823462599e-01 4.029064001346339849e-05 9.747214837823800493e-07 1.002913989058301268e-06 1.766611373803907766e-06 2.115549056310043260e-06 2.873936793303931176e-06 2.622699666285686166e-06
6.928427772754953695e-01 3.689124099569403238e-05 8.838298894986857919e-07 9.133251599252061492e-07 1.612311212069092708e-06 1.915196302340076346e-06 2.640143064004343452e-06 2.382798991143888578e-06
7.020683801686443681e-01 3.387946106242323123e-05 8.086843172605076850e-07 8.353640452469520252e-07 1.466412909115945447e-06 1.738444881960070148e-06 2.432119027749624649e-06 2.170627426638518194e-06
7.112939830617935888e-01 3.120555687371821661e-05 7.412331207272087707e-07 7.629364755745536705e-07 1.337361946589186719e-06 1.595120535034496093e-06 2.246610780841144740e-06 1.982572055764848134e-06
7.205195859549425874e-01 2.882632678733625716e-05 6.757656496075874946e-07 6.962145813021371351e-07 1.221527225097981435e-06 1.468875440534473856e-06 2.080786303843312377e-06 1.815505012593628424e-06
7.297451888480916971e-01 2.669128480141910425e-05 6.186250379184695595e-07 6.402063794905851583e-07 1.116675871440452972e-06 1.355921784490784701e-06 1.931348614618237484e-06 1.666004582607009764e-06
7.389707917412406957e-01 2.478905212566025990e-05 5.712225224799973640e-07 5.899781149317280700e-07 1.023502927968429448e-06 1.255534625270188914e-06 1.797523215297710251e-06 1.532943054785536530e-06
7.481963946343899163e-01 2.307912056956601643e-05 5.282823333955972706e-07 5.455849746408154009e-07 9.406359374815595812e-07 1.165580184393112667e-06 1.676637433201077061e-06 1.413617560193726247e-06
7.574219975275389150e-01 2.154218253686983713e-05 4.913460159724315291e-07 5.064594075845060600e-07 8.709868713520498929e-07 1.081507233050424741e-06 1.556759844801723132e-06 1.306585629777769133e-06
7.666476004206880246e-01 2.015565705904821838e-05 4.575486280552977687e-07 4.698193202231016252e-07 8.182602746425887978e-07 1.001886826976368904e-06 1.442236113702419394e-06 1.210266994115764415e-06
7.758732033138370232e-01 1.890584745621998853e-05 4.242081465401493199e-07 4.367270510986712552e-07 7.577318867298673351e-07 9.301047205990809592e-07 1.339875783003286071e-06 1.123638874685077614e-06
7.850988062069861328e-01 1.777651555526688120e-05 3.960928541588381842e-07 4.052423351222690943e-07 7.030887025929865718e-07 8.652310521072387954e-07 1.248224188051182219e-06 1.045549287945725993e-06
7.943244091001351315e-01 1.675316486575488496e-05 3.708871747071094309e-07 3.760552796461808628e-07 6.548987426247936941e-07 8.094937935224612237e-07 1.180690885424315491e-06 9.749796114802463244e-07
8.035500119932843521e-01 1.582617421565001768e-05 3.502182616295560868e-07 3.495653615141041390e-07 6.124259648050650151e-07 7.597937232121107167e-07 1.120574584899126360e-06 9.112252957469990113e-07
8.127756148864333507e-01 1.498484482700063799e-05 3.294142165015829246e-07 3.274584935451630390e-07 5.739354385045052488e-07 7.147868329977268909e-07 1.065927499395524731e-06 8.535357662769872900e-07
8.220012177795824604e-01 1.422291378618649087e-05 3.098475829564196311e-07 3.069687964791882189e-07 5.343056870232968964e-07 6.741884508394220050e-07 1.016365699239049112e-06 8.066293942002273021e-07
8.312268206727314590e-01 1.352908830952636876e-05 2.887754838469437922e-07 2.892205658192084210e-07 5.030773178168795114e-07 6.372692818459356961e-07 9.685163026413972487e-07 7.667780607321528777e-07
8.404524235658805686e-01 1.289679260973069350e-05 2.734608414531504986e-07 2.733278152762540664e-07 4.762177944712397428e-07 6.036810682371355287e-07 9.163099852488880610e-07 7.307197864767338985e-07
8.496780264590296783e-01 1.232218527251826419e-05 2.579689059846640203e-07 2.595284990006547067e-07 4.523741786944630785e-07 5.732532778100335989e-07 8.689293171390360081e-07 6.982058926310718693e-07
8.589036293521787879e-01 1.179886353085072375e-05 2.435646424311075259e-07 2.474165847606410635e-07 4.324862168481777801e-07 5.455882089691411259e-07 8.258626604948905128e-07 6.688517932794238902e-07
8.681292322453277865e-01 1.132314787119463522e-05 2.338058992503411172e-07 2.347157483716005616e-07 4.131561817594292979e-07 5.204208611014553802e-07 7.867845996584897281e-07 6.424448663750033996e-07
8.773548351384768962e-01 1.088836397455985213e-05 2.242764297943276560e-07 2.247309723855463756e-07 3.950167544952322424e-07 4.973944111848393665e-07 7.511958388318490810e-07 6.185804106844155147e-07
8.865804380316258948e-01 1.049350688179901662e-05 2.124255589094893820e-07 2.157609154230593983e-07 3.796132274950648724e-07 4.765148624293596557e-07 7.189525464327142323e-07 5.971717924425096343e-07
8.958060409247751155e-01 1.013498894765871400e-05 2.061115882878409867e-07 2.076547055949543052e-07 3.655175693749338693e-07 4.563987418224926785e-07 6.897587376470817953e-07 5.717798165162265819e-07
9.050316438179241141e-01 9.807052025569314158e-06 1.990237668877440448e-07 1.978958935934250059e-07 3.528176376158697778e-07 4.404402712448299192e-07 6.631987287969482077e-07 5.462928158361054256e-07
9.142572467110732237e-01 9.509257626667127361e-06 1.933475831057417284e-07 1.885287621962549039e-07 3.418830390487417176e-07 4.248767523985513426e-07 6.391806873114994243e-07 5.251732499052795024e-07
9.234828496042222223e-01 9.239111656384610679e-06 1.860610669241305367e-07 1.818081858465069847e-07 3.325445482930590191e-07 4.108074916069623313e-07 6.175040197840771022e-07 5.117913620119183058e-07
9.327084524973712210e-01 8.994577490625366660e-06 1.778143888021346006e-07 1.751343222314187336e-07 3.241885172072773931e-07 3.981210700813033420e-07 5.979933893369807107e-07 4.999567442418754255e-07
9.419340553905202196e-01 8.772729084164284508e-06 1.708510738768394006e-07 1.708686668620914716e-07 3.168445047451685036e-07 3.855766865397443078e-07 5.848245831226434028e-07 4.895097628695942827e-07
9.511596582836694402e-01 8.573575580189844112e-06 1.669899306626617731e-07 1.668108040289207234e-07 3.104147740915431301e-07 3.764421076186024232e-07 5.743905685057985704e-07 4.804362927945342971e-07
9.603852611768185499e-01 8.393027984367358845e-06 1.645153248109781148e-07 1.609967047407308754e-07 3.041796204324507250e-07 3.672412452367102009e-07 5.655970964110623196e-07 4.725255644235259089e-07
9.696108640699675485e-01 8.232563472521110991e-06 1.637841745982843600e-07 1.591093618992629689e-07 2.995299781959724633e-07 3.591556181242534145e-07 5.584794313140885612e-07 4.658364811398133106e-07
9.788364669631165471e-01 8.087560435529219432e-06 1.608060064781248856e-07 1.564801661332318792e-07 2.956456410715607784e-07 3.519631187350471624e-07 5.508054280249422404e-07 4.601386701616807316e-07
9.880620698562656568e-01 7.964599436973081629e-06 1.581042583148017076e-07 1.542928177985987978e-07 2.926729492748822984e-07 3.463667959931746300e-07 5.389450016421857745e-07 4.557302200047125431e-07
9.972876727494148774e-01 7.846890083512448070e-06 1.541645583297504714e-07 1.531444129237190987e-07 2.901862624337864563e-07 3.413769277598661367e-07 5.274127125901166048e-07 4.518247561458286590e-07
1.006513275642563876e+00 7.748246528517336383e-06 1.505604495441990615e-07 1.523034641539135889e-07 2.885458923472435924e-07 3.374256344403300404e-07 5.172380115769512272e-07 4.490569841366987203e-07
1.015738878535712875e+00 7.663072434216108714e-06 1.470275879388680961e-07 1.480657574718851146e-07 2.881113807683165147e-07 3.342775729193651999e-07 5.080279419278420865e-07 4.471561982369755335e-07
1.024964481428862095e+00 7.590784118017930427e-06 1.454586782957364207e-07 1.466444437818986200e-07 2.880698724699175972e-07 3.318255366687793441e-07 4.997193380523907991e-07 4.460976287802284406e-07
1.034190084322011094e+00 7.529933784200475173e-06 1.447624519499543633e-07 1.464034607716963995e-07 2.882493113867026142e-07 3.288366180979413467e-07 4.922064614918971904e-07 4.458123284107896653e-07
1.043415687215160093e+00 7.481079423350010785e-06 1.452320440568000050e-07 1.457508525975939850e-07 2.886814778427689032e-07 3.260219260370196301e-07 4.859194399144201119e-07 4.463220714219015895e-07
1.052641290108309091e+00 7.442724685452694626e-06 1.458244185666800801e-07 1.457503171796739291e-07 2.897278052343519071e-07 3.239484706741105831e-07 4.842046648087236976e-07 4.475618100148924473e-07
1.061866893001458312e+00 7.415019980659609333e-06 1.458884124504686929e-07 1.469218118598136682e-07 2.917205291353384288e-07 3.225741795867292683e-07 4.834266821026209164e-07 4.495391884119086877e-07
1.071092495894607532e+00 7.397196900937201578e-06 1.472848481991928632e-07 1.491837266010950580e-07 2.945616866010408548e-07 3.227138160635939975e-07 4.835373054395235089e-07 4.522224343928322259e-07
1.080318098787756531e+00 7.389459188494762865e-06 1.479120598301665197e-07 1.504918809482523885e-07 2.981530416335283134e-07 3.241747729899678210e-07 4.845371078846998777e-07 4.556268437561729874e-07
1.089543701680905530e+00 7.390874174304452818e-06 1.495793274725379634e-07 1.519539485025808668e-07 3.009643574178035992e-07 3.261319663604729304e-07 4.863740758385653629e-07 4.597136341519883417e-07
1.098769304574054528e+00 7.401564600665827945e-06 1.523312633097639892e-07 1.533208553625942943e-07 3.019085726352914290e-07 3.281840777948203910e-07 4.890499295863264323e-07 4.644991427302948877e-07
1.107994907467203749e+00 7.422154003052329664e-06 1.547528268599150084e-07 1.552394465721605463e-07 3.045122561808421657e-07 3.294892548639077111e-07 4.925904595761996315e-07 4.700172576424465105e-07
1.117220510360352748e+00 7.451252242151184689e-06 1.568319296348766231e-07 1.570586300159435009e-07 3.064749663625830200e-07 3.312877352577874761e-07 4.969309804899429132e-07 4.762229327247776713e-07
1.126446113253501746e+00 7.489309483089071666e-06 1.579946657850949686e-07 1.591200421719794040e-07 3.114740750960488588e-07 3.355591022285674932e-07 5.020954641764016914e-07 4.831488608051034159e-07
1.135671716146650967e+00 7.536664208198464010e-06 1.603382405117999515e-07 1.611139303905316939e-07 3.174722989333346142e-07 3.417222546505984787e-07 5.081012955712258802e-07 4.908217451953791880e-07
1.144897319039799966e+00 7.593362258349417290e-06 1.620022119664501616e-07 1.637596356895545187e-07 3.252080221546643614e-07 3.483792702802598020e-07 5.149581772490322969e-07 4.992641238275139325e-07
1.154122921932948964e+00 7.659446663053759763e-06 1.658049224355189600e-07 1.671430554713235070e-07 3.314460730501804178e-07 3.543364024757672426e-07 5.226766341864597299e-07 5.084966902392672639e-07
1.163348524826097963e+00 7.735083003015105275e-06 1.698382444522095826e-07 1.697541452550564923e-07 3.376560498110224882e-07 3.591593858790374921e-07 5.312764070889443551e-07 5.185529852051509793e-07
1.172574127719247183e+00 7.820712897917539146e-06 1.746562224760918189e-07 1.735683384595920748e-07 3.448990801555304122e-07 3.650907966133172585e-07 5.407945689147529807e-07 5.294802430907284338e-07
1.181799730612396404e+00 7.916945015036466342e-06 1.788673859484370349e-07 1.766443367716529752e-07 3.508657384577767486e-07 3.745142959999345165e-07 5.512739624505498591e-07 5.413329965211828197e-07
1.191025333505545403e+00 8.023265610564950953e-06 1.837121374739580449e-07 1.818412947185047779e-07 3.618715755555449744e-07 3.827084992278554347e-07 5.627036215405222522e-07 5.541107038079329394e-07
1.200250936398694401e+00 8.141863311588319786e-06 1.860022267875100622e-07 1.869751458920468340e-07 3.726180493373784913e-07 3.912159781281483560e-07 5.752387479849918129e-07 5.679873248293618016e-07
1.209476539291843622e+00 8.272606001197068421e-06 1.920529708794163962e-07 1.927235323911565283e-07 3.795614929912532283e-07 3.998857556491815848e-07 5.888653496344411982e-07 5.829569030306907721e-07
1.218702142184992621e+00 8.416367469441452450e-06 1.996432142673244635e-07 1.993699498504247764e-07 3.892652392100095691e-07 4.105816734667979995e-07 6.036792707889487370e-07 5.991331651219098905e-07
1.227927745078141619e+00 8.574185806642374935e-06 2.056447099249714822e-07 2.063954700352248450e-07 4.019095776623245268e-07 4.224113609089748706e-07 6.197568190548628938e-07 6.166081266464100094e-07
1.237153347971290618e+00 8.746997245162976259e-06 2.122817165497453701e-07 2.122855670292339824e-07 4.163558884792012833e-07 4.345304936843316846e-07 6.371991394036526660e-07 6.355005108236824095e-07
1.246378950864439838e+00 8.937520166125620990e-06 2.186016541422974884e-07 2.186665986802821033e-07 4.331349921418399198e-07 4.477109989076146998e-07 6.561835231366173202e-07 6.560089562331382292e-07
1.255604553757589059e+00 9.144418760964073773e-06 2.279430171528348668e-07 2.272333259453088812e-07 4.511140048221769640e-07 4.619428478866087321e-07 6.766758083031837261e-07 6.781189663204349939e-07
1.264830156650738058e+00 9.372989548159290976e-06 2.374334454518104765e-07 2.369793458846136301e-07 4.626581999519256097e-07 4.774555289094378009e-07 6.990289061829142589e-07 7.022123570503159405e-07
1.274055759543887056e+00 9.622940442723121950e-06 2.474130275771541538e-07 2.440170529682392697e-07 4.794443422588949170e-07 4.942833911562081968e-07 7.232735793069980954e-07 7.283478339236213036e-07
1.283281362437036055e+00 9.898419288524372311e-06 2.577098526381934159e-07 2.526875837713171902e-07 4.985036818685887537e-07 5.136387923825409878e-07 7.497178998658586991e-07 7.568670584959352981e-07
1.292506965330185276e+00 1.020194907553532221e-05 2.695047911800815734e-07 2.648552620167859918e-07 5.202092858105887438e-07 5.362069840293894757e-07 7.785775257698811062e-07 7.880252374224744940e-07
1.301732568223334052e+00 1.053802098641044617e-05 2.831199821632348403e-07 2.773112365385312360e-07 5.451435703969843870e-07 5.611307618885592706e-07 8.101546729094416917e-07 8.221770242237454721e-07
1.310958171116483273e+00 1.090960766558385714e-05 2.963782715685182298e-07 2.917022647561783456e-07 5.727392088999568010e-07 5.887366780923581792e-07 8.447629029182754531e-07 8.596822037365403878e-07
1.320183774009632494e+00 1.132294429781789386e-05 3.115898840131017491e-07 3.054824040066517416e-07 6.034077586225950455e-07 6.207892783230044905e-07 8.828502071746005466e-07 9.010578034328864259e-07
1.329409376902781492e+00 1.178442012834778024e-05 3.276438810160473410e-07 3.223883648535595594e-07 6.376124489984314999e-07 6.540418287695155749e-07 9.248710570602907121e-07 9.468453770201540342e-07
1.338634979795930713e+00 1.230100960357705967e-05 3.456666226842664339e-07 3.389498553898049373e-07 6.758532810751013265e-07 6.924730064625276926e-07 9.714005469187611780e-07 9.977109266269422645e-07
1.347860582689079489e+00 1.288312944519354568e-05 3.670694449720964740e-07 3.605175947622130356e-07 7.141320759401541208e-07 7.357572995982602322e-07 1.023203606734643913e-06 1.054535526059682089e-06
1.357086185582228710e+00 1.354102990834820095e-05 3.891348753183867609e-07 3.784728726593174388e-07 7.604513444180703314e-07 7.824136744066382464e-07 1.081060999528087976e-06 1.118249327328678898e-06
1.366311788475377931e+00 1.428954057212237376e-05 4.134941471577264160e-07 4.064206280242877275e-07 8.123911542267692898e-07 8.307501231909798507e-07 1.146040851276690698e-06 1.190105288292294514e-06
1.375537391368526707e+00 1.514596853649370556e-05 4.417345284134006103e-07 4.363761281320435200e-07 8.709607837265191573e-07 8.861767976035716301e-07 1.219414364453297027e-06 1.271603778673517161e-06
1.384762994261675928e+00 1.613269110579251871e-05 4.717873611784322290e-07 4.676603092663517364e-07 9.353104219744891388e-07 9.595068482725643448e-07 1.302781363273828696e-06 1.364638002399223596e-06
1.393988597154824927e+00 1.727766243408793099e-05 5.096760458264549122e-07 5.058839790512057973e-07 1.008512504096244330e-06 1.040591214678088347e-06 1.398139955590142671e-06 1.471581323696540320e-06
1.403214200047974147e+00 1.861727646430939043e-05 5.481601483084622552e-07 5.546771439249046569e-07 1.092489170111053237e-06 1.130198993336468428e-06 1.508024232391585475e-06 1.595461658668688307e-06
1.412439802941123368e+00 2.019874164343071860e-05 5.977466724557589021e-07 6.061125268671583677e-07 1.189617955581143827e-06 1.235248741662928787e-06 1.635710063704632353e-06 1.740197891747297310e-06
1.421665405834272145e+00 2.208389542601490920e-05 6.560136541943304572e-07 6.661280436410112855e-07 1.303918953051306433e-06 1.359700419976617782e-06 1.785384959289493050e-06 1.910849697140973123e-06
1.430891008727421365e+00 2.435667816444370135e-05 7.370677785465216535e-07 7.380161068468594609e-07 1.455646563878461801e-06 1.509437778808038868e-06 1.962671047793754123e-06 2.114213326088609253e-06
1.440116611620570364e+00 2.713019953791220726e-05 8.254118244011457808e-07 8.188109389224461690e-07 1.626909465545155030e-06 1.689750140282240992e-06 2.175034932984404339e-06 2.359374916165952259e-06
1.449342214513719362e+00 3.056232346893084307e-05 9.376307219711868882e-07 9.274679301770446442e-07 1.820798197678938964e-06 1.911885011163267517e-06 2.432575744376503930e-06 2.658785338302680265e-06
1.458567817406868583e+00 3.487570646676456501e-05 1.073313134157988539e-06 1.051202527908059710e-06 2.052500822434494927e-06 2.188765766805001291e-06 2.749395438266689234e-06 3.029810833032261792e-06
1.467793420300017582e+00 4.039351696103070285e-05 1.256240287480542186e-06 1.211362027105382291e-06 2.346120459985378062e-06 2.539784938171966338e-06 3.164506857419004050e-06 3.497236724382904601e-06
1.477019023193166802e+00 4.759373468782562150e-05 1.471152237443557964e-06 1.442427363740178255e-06 2.751782287358753472e-06 3.014483044998303299e-06 3.782649007893826017e-06 4.114261663696483105e-06
1.486244626086316023e+00 5.720381139100188693e-05 1.767937070423967571e-06 1.737243083222245958e-06 3.269871493032380858e-06 3.616837652352531340e-06 4.607826042356944320e-06 4.967242691881837977e-06
1.495470228979464800e+00 7.035956142653382490e-05 2.140148236338788737e-06 2.149235216877560389e-06 3.982376708161467329e-06 4.422025713658923624e-06 5.734575871105341617e-06 6.038095433534053109e-06
1.504695831872614020e+00 8.887527391433386076e-05 2.718715780384301363e-06 2.661806424303562297e-06 4.963442325218512369e-06 5.526917353716116516e-06 7.315128432960576305e-06 7.512214883351067771e-06
1.513921434765763019e+00 1.156878093529541010e-04 3.523543275735935027e-06 3.465874058835070144e-06 6.328969902818809990e-06 7.133473769620012452e-06 9.593012247862894859e-06 9.748210878552821955e-06
1.523147037658912017e+00 1.554601137350471022e-04 4.613266248927491665e-06 4.538875238532585552e-06 8.381494046799550747e-06 9.477724886200223102e-06 1.294609715787154542e-05 1.303432107633477419e-05
1.532372640552061016e+00 2.147688073249642328e-04 6.318581113278295578e-06 6.136859554810205741e-06 1.132392337592442793e-05 1.293879363034632687e-05 1.764326485069258612e-05 1.775415602464736433e-05
1.541598243445210237e+00 2.987338103166278444e-04 9.009957037425255465e-06 8.659842975848575618e-06 1.551036926461822401e-05 1.777908207010558787e-05 2.422096616770360363e-05 2.397251738288781438e-05
1.550823846338359457e+00 3.950948666977779130e-04 1.177496429040982310e-05 1.121320299674733031e-05 1.980472169292948632e-05 2.362519414690817700e-05 3.129878461200619579e-05 3.069859416863633976e-05
1.560049449231508456e+00 4.500250997780650439e-04 1.329852339016580941e-05 1.248328816224773471e-05 2.258365622004169550e-05 2.689371568482840525e-05 3.444957992679683256e-05 3.562542775774237957e-05
1.569275052124657455e+00 4.123157565135750495e-04 1.210126687915217148e-05 1.171884289333230541e-05 2.077357577641528738e-05 2.478624401473382335e-05 3.061092170654716553e-05 3.388495451815009716e-05
1.578500655017806453e+00 3.190483182475061462e-04 9.310993668422125422e-06 9.120518304500495332e-06 1.633291569007485049e-05 1.980891337618887523e-05 2.327801357792107142e-05 2.667313532752935449e-05
1.587726257910955674e+00 2.308604661039868368e-04 6.691573687892730764e-06 6.478749381014789824e-06 1.173170841123430961e-05 1.394073296183910961e-05 1.667353423672233255e-05 1.917476478495195062e-05
1.596951860804104451e+00 1.669638248252140506e-04 4.722924806776216452e-06 4.640970886828082878e-06 8.422917429420554271e-06 9.701736676469643623e-06 1.193644831369976441e-05 1.358613335616004657e-05
1.606177463697253671e+00 1.239114674405598243e-04 3.433062639199659961e-06 3.375237204807934074e-06 6.202214914931736441e-06 7.052664220737913563e-06 8.742326341288877067e-06 9.812926646303275898e-06
1.615403066590402892e+00 9.496924111117801171e-05 2.630519234840596079e-06 2.553369561567153776e-06 4.719612265315697238e-06 5.292575675884718194e-06 6.588269547122047975e-06 7.297523003500867226e-06
1.624628669483551890e+00 7.509051378740028040e-05 2.042548272919217215e-06 1.979091293346975930e-06 3.712301698227985728e-06 4.082282094600085914e-06 5.020411306162715420e-06 5.591481062637771631e-06
1.633854272376701111e+00 6.105404766777684572e-05 1.657301771863209545e-06 1.574967144763914865e-06 2.966026923051107850e-06 3.245567041778847726e-06 4.055382060114923626e-06 4.403688609854642213e-06
1.643079875269850110e+00 5.086637830184737822e-05 1.353412031670310272e-06 1.279436826740306321e-06 2.413564610633967965e-06 2.646619663589627324e-06 3.292898219858444867e-06 3.589328530408846321e-06
1.652305478162999108e+00 4.328346851412417652e-05 1.119187106444183061e-06 1.085272467227268024e-06 2.003158279330229032e-06 2.220111879889727358e-06 2.724808175174090949e-06 3.009028550288670443e-06
1.661531081056148329e+00 3.751071781321577316e-05 9.584545383402889819e-07 9.276828814663734568e-07 1.679885904285933237e-06 1.876017359250213839e-06 2.297223679288350163e-06 2.536463264873047789e-06
1.670756683949297106e+00 3.302895185610494558e-05 8.382949178343699834e-07 8.061576118179641297e-07 1.469306130094990149e-06 1.616690293566800101e-06 1.970607830386490180e-06 2.172862620268210777e-06
1.679982286842446326e+00 2.948866678730565708e-05 7.363283147139717492e-07 7.099852426218649271e-07 1.300637720464497112e-06 1.429014946900595927e-06 1.713088621385253318e-06 1.888031268059850388e-06
1.689207889735595547e+00 2.664925158344568775e-05 6.476243405215115602e-07 6.256778127723485491e-07 1.158221310569227096e-06 1.270132068453185274e-06 1.516744045154549443e-06 1.674864623825137084e-06
1.698433492628744546e+00 2.434182443001221710e-05 5.878543089362218868e-07 5.699164032246032123e-07 1.065381758349610413e-06 1.128044187546867687e-06 1.348994790878918731e-06 1.517650737412589974e-06
1.707659095521893766e+00 2.244430581494592797e-05 5.310043094790453503e-07 5.187725629765377290e-07 9.761539657360909534e-07 1.023528265461214482e-06 1.247552943490138797e-06 1.387839822617317938e-06
1.716884698415042543e+00 2.086786464686768319e-05 4.896347899605915102e-07 4.826432433238127522e-07 8.898908461747426669e-07 9.372399427791275285e-07 1.162640629910471896e-06 1.279603943520589844e-06
1.726110301308191763e+00 1.954602834445071728e-05 4.615364929482359895e-07 4.483993309096546455e-07 8.201119789959193478e-07 8.806615115587788749e-07 1.090932184119047804e-06 1.188570309789817265e-06
1.735335904201340984e+00 1.842874164736944383e-05 4.334417450393218891e-07 4.212781049877673413e-07 7.542967395884133015e-07 8.274072023394954476e-07 1.029900917873895666e-06 1.111413969953578914e-06
1.744561507094489761e+00 1.747758954875829095e-05 4.017328830789501019e-07 3.968948825118605577e-07 6.996510966190649353e-07 7.901576959506420497e-07 9.776022639214236381e-07 1.045587017519511154e-06
1.753787109987638981e+00 1.666260582602909399e-05 3.779942818872851474e-07 3.727178751471334206e-07 6.552262925761723189e-07 7.590197302146551455e-07 9.324914796122473512e-07 9.890537066823985174e-07
1.763012712880787980e+00 1.596006027823861765e-05 3.561022093394566445e-07 3.521201735538365140e-07 6.232935764512119296e-07 7.314465919685114715e-07 8.933529390595458433e-07 9.402292532100531985e-07
1.772238315773937201e+00 1.535170746397338949e-05 3.397073880799069876e-07 3.390629697903466339e-07 5.910675981161084508e-07 7.019846660303503304e-07 8.592483371665212484e-07 8.978868720760509962e-07
1.781463918667086421e+00 1.482218261136326942e-05 3.240965455012728913e-07 3.313799066363712706e-07 5.723434144756341444e-07 6.682376006717384559e-07 8.293717942130076276e-07 8.609731768192477184e-07
1.790689521560235198e+00 1.435985996950675132e-05 3.144478646182034966e-07 3.234435272597292852e-07 5.483627133242673627e-07 6.381003816356595632e-07 8.031292343904897522e-07 8.287210357199860199e-07
1.799915124453384419e+00 1.395426003128248032e-05 3.052647445425350569e-07 3.115950140993226894e-07 5.259929597043190135e-07 6.120352431886150424e-07 7.799475736339216050e-07 8.003702873761269870e-07
1.809140727346533417e+00 1.359762339370042054e-05 2.954432663580821124e-07 3.031386963220193556e-07 5.052249410830511540e-07 5.895950382635342229e-07 7.594380319190090233e-07 7.754314711229651940e-07
1.818366330239682416e+00 1.328327420176893593e-05 2.856491223509108855e-07 2.942030314018859627e-07 4.906408091967269237e-07 5.726200890208028713e-07 7.412432318602021983e-07 7.567353527572553024e-07
1.827591933132831414e+00 1.300549403396734560e-05 2.786719441733591141e-07 2.842366763282542998e-07 4.802775888653871937e-07 5.622407486591054506e-07 7.250580807981350378e-07 7.427322481777597996e-07
1.836817536025980635e+00 1.275944052807395934e-05 2.712458422278545114e-07 2.766885955866419533e-07 4.721133940204407978e-07 5.525922545758761784e-07 7.106181126771749689e-07 7.266728478765220145e-07
1.846043138919129634e+00 1.254142657673620859e-05 2.611640951217796431e-07 2.697947274695192338e-07 4.628729711411586154e-07 5.401723688338684267e-07 6.977355020995191072e-07 7.108420740500748778e-07
1.855268741812278410e+00 1.234784477434745521e-05 2.561592249017814277e-07 2.655574003273901938e-07 4.528209860045890434e-07 5.291723475419381483e-07 6.862105395459242735e-07 6.968132813890261863e-07
1.864494344705427187e+00 1.217588500147382418e-05 2.512827083222113204e-07 2.621124671377572147e-07 4.450667286346993536e-07 5.194338553717417381e-07 6.758950104373053907e-07 6.843848674516803365e-07
1.873719947598576185e+00 1.202297433365669012e-05 2.479746805727743190e-07 2.585908117952506123e-07 4.401331552778525562e-07 5.112628629557884233e-07 6.666456714933745336e-07 6.733590721039613939e-07
1.882945550491724962e+00 1.188722566995463168e-05 2.429476296274393548e-07 2.566801528817041383e-07 4.348842663365754804e-07 5.037073658272812763e-07 6.554115843031702368e-07 6.636005341739605740e-07
1.892171153384873961e+00 1.176650595406236547e-05 2.408215482484941738e-07 2.541531394853333492e-07 4.342859157597242433e-07 4.969411511826018221e-07 6.449653468244595620e-07 6.549449716679194065e-07
1.901396756278022737e+00 1.165946674436021218e-05 2.396730829008542524e-07 2.515303667681236563e-07 4.340021625295544135e-07 4.909608781381025866e-07 6.353382966503380098e-07 6.473023835227595071e-07
1.910622359171171736e+00 1.156435666085231557e-05 2.376766325965790755e-07 2.483200786378581687e-07 4.338410076465658440e-07 4.856708725164932361e-07 6.264418561207215171e-07 6.405406580362690459e-07
1.919847962064320512e+00 1.148048873560988144e-05 2.355585290820560361e-07 2.461562260359248874e-07 4.337847550767181572e-07 4.810203228939746186e-07 6.182304465954743008e-07 6.345953446551264921e-07
1.929073564957469289e+00 1.140642526049912296e-05 2.359480742548826363e-07 2.444417608615777890e-07 4.280368529342750404e-07 4.769482706100437334e-07 6.106172281838611547e-07 6.293853481135194209e-07
1.938299167850618288e+00 1.134130405219730111e-05 2.353521711798697098e-07 2.430053030987118550e-07 4.219006990513736406e-07 4.733958688873705987e-07 6.035550760452753054e-07 6.248381110172627486e-07
1.947524770743767064e+00 1.128428608059983317e-05 2.343524788294201874e-07 2.418402309706205476e-07 4.214090360096731791e-07 4.702957471907944891e-07 5.970057361709033109e-07 6.234611133937067502e-07
1.956750373636916063e+00 1.123454235547249126e-05 2.334002978820838895e-07 2.408992053409206709e-07 4.189771745439892578e-07 4.676319345676141292e-07 5.909046152548315986e-07 6.224798277305796355e-07
1.965975976530064839e+00 1.119164995890093292e-05 2.355667310111956956e-07 2.402552659426653871e-07 4.160206168231400008e-07 4.653581852012542473e-07 5.852333539961354094e-07 6.217606509296194064e-07
1.975201579423213616e+00 1.115486497500662403e-05 2.350229573868090592e-07 2.391230457140822532e-07 4.134491988730335654e-07 4.634377227834706630e-07 5.799480339344495136e-07 6.212783614528416532e-07
1.984427182316362615e+00 1.112242060622041493e-05 2.345948348153521654e-07 2.387417615073144105e-07 4.122754479008507053e-07 4.616226897392280867e-07 5.750552933587761977e-07 6.208480859517134006e-07
1.993652785209511391e+00 1.109762877697822019e-05 2.332007781931546539e-07 2.375126126576112466e-07 4.141250321573805690e-07 4.605337923649922670e-07 5.704196277656930272e-07 6.209498725275786242e-07
2.002878388102660168e+00 1.107624752827692342e-05 2.324378973054648864e-07 2.372085689322560932e-07 4.158518379809685511e-07 4.595033143646988857e-07 5.661178151395490003e-07 6.210742733305105927e-07
2.012103990995809166e+00 1.105933914925099255e-05 2.327447161838589959e-07 2.369199972635507238e-07 4.184030427160129493e-07 4.587306065450993779e-07 5.620999980069408826e-07 6.213803641956197377e-07
2.021329593888958165e+00 1.104622964276437435e-05 2.342521535836624498e-07 2.376618026964961316e-07 4.221858621114938037e-07 4.581777174597259351e-07 5.583336135150062768e-07 6.218372414370999297e-07
2.030555196782107164e+00 1.103689663617438653e-05 2.343406778981959476e-07 2.384178866588315384e-07 4.260725416621259285e-07 4.578390734801514799e-07 5.548117707146589474e-07 6.224474415223658539e-07
2.039780799675255718e+00 1.103101101190778740e-05 2.342395829937484017e-07 2.390146616772565098e-07 4.296380468606009662e-07 4.576990563071331333e-07 5.515137086378572054e-07 6.232002718530282984e-07
2.049006402568404717e+00 1.102821547569698620e-05 2.348257047234228082e-07 2.391711805136173096e-07 4.282253555288663573e-07 4.577463654150446903e-07 5.503640480238904380e-07 6.240865268362190063e-07
2.058232005461553715e+00 1.102833875747736132e-05 2.340303276105771424e-07 2.400514992263576638e-07 4.283944850430421945e-07 4.579559460168718018e-07 5.523383571423946066e-07 6.250909127568555107e-07
2.067457608354702270e+00 1.103143236640555328e-05 2.350145686490862031e-07 2.407908647864838409e-07 4.307808299163930736e-07 4.585500386176017573e-07 5.544437651503995732e-07 6.262207939427573812e-07
2.076683211247851268e+00 1.103645613903414257e-05 2.349871200483276206e-07 2.412667138645525303e-07 4.332109982848324242e-07 4.598581452608570681e-07 5.566444524694381431e-07 6.274375920190278661e-07
2.085908814141000267e+00 1.104415461683383848e-05 2.365527614131467197e-07 2.417339315777451860e-07 4.356541508786186266e-07 4.613031736486219417e-07 5.589488905586435959e-07 6.287631619905079458e-07
2.095134417034148822e+00 1.105397751815821256e-05 2.381093182769260073e-07 2.430658170060717824e-07 4.347627218382833422e-07 4.628661341211253078e-07 5.613611902171752980e-07 6.301877974740275988e-07
2.104360019927297820e+00 1.106592996105141316e-05 2.395025328232875105e-07 2.432359868533487927e-07 4.335402591577799930e-07 4.645431216127465936e-07 5.638741307078313201e-07 6.317091509837624585e-07
2.113585622820446819e+00 1.107970219237212306e-05 2.398121962644559680e-07 2.433736556010121337e-07 4.359389037153308804e-07 4.663130936210471456e-07 5.664620134408998673e-07 6.333096377167868660e-07
2.122811225713595817e+00 1.109544705465999739e-05 2.397141375496281840e-07 2.439379923845759018e-07 4.383828166638868842e-07 4.681811741831604171e-07 5.691336182839474238e-07 6.349972635000829377e-07
2.132036828606744372e+00 1.111268250847907590e-05 2.398976923523128886e-07 2.451241063595447131e-07 4.408721946153787744e-07 4.700808766492723924e-07 5.718753675237133626e-07 6.367556699516453326e-07
2.141262431499893371e+00 1.113142087694382655e-05 2.409031100499539255e-07 2.460651339836548149e-07 4.434098157570259444e-07 4.720869466675000524e-07 5.746903239604145806e-07 6.385853325342235313e-07
2.150488034393042369e+00 1.115182235814822283e-05 2.426963921241138955e-07 2.468923052442170219e-07 4.459871546747212843e-07 4.742073260732278483e-07 5.775667414703393297e-07 6.404865562064973025e-07
2.159713637286190924e+00 1.117339936404299482e-05 2.443934177136268337e-07 2.482913307432361690e-07 4.485987744577182146e-07 4.763893309105505163e-07 5.804962608025757636e-07 6.424453150467885492e-07
2.168939240179339922e+00 1.119625428170379578e-05 2.460977393216010631e-07 2.499480473346849994e-07 4.525365562386366586e-07 4.786355003782048545e-07 5.834884643299033245e-07 6.444676933658139909e-07
2.178164843072488921e+00 1.122035952602275904e-05 2.472474144999114174e-07 2.516148463219353235e-07 4.538895639599038458e-07 4.809386085645781612e-07 5.865275201114594794e-07 6.465470286617821779e-07
2.187390445965637920e+00 1.124548733961434545e-05 2.485420671770998270e-07 2.532669430136065444e-07 4.553581339800505509e-07 4.832745635007314091e-07 5.896019841470726957e-07 6.486733138043012981e-07
2.196616048858786474e+00 1.127201250969656452e-05 2.493474888464575863e-07 2.548368214559130817e-07 4.558151855561121411e-07 4.856858013468378813e-07 5.927677870314611324e-07 6.508798112193151653e-07
2.205841651751935473e+00 1.129921475393664883e-05 2.512586277180319308e-07 2.560289912895382975e-07 4.592229704457331742e-07 4.881299564311629213e-07 5.959440273545555224e-07 6.531145990063051644e-07
2.215067254645084471e+00 1.132737133535455704e-05 2.521678653253594355e-07 2.570831901930572855e-07 4.621532148822080066e-07 4.906135987798340112e-07 5.991499031821834268e-07 6.553927109154271830e-07
2.224292857538233026e+00 1.135670818998371780e-05 2.536777429899042649e-07 2.583506032360049760e-07 4.623504500558614510e-07 4.931618536803370769e-07 6.024354053371478536e-07 6.577416018392852391e-07
2.233518460431382024e+00 1.138667733624486592e-05 2.551390963853905115e-07 2.596080619297994356e-07 4.625845815451244626e-07 4.955856131140311493e-07 6.057359830696139948e-07 6.601201555162473022e-07
2.242744063324531023e+00 1.141746870267168667e-05 2.565575500170047909e-07 2.607071982139748791e-07 4.628823311952349649e-07 4.970927826792062262e-07 6.090721237380363362e-07 6.625422004983710933e-07
2.251969666217680022e+00 1.144490147718737688e-05 2.573919275102749940e-07 2.616087847203429250e-07 4.630397510508181048e-07 4.983244712334519125e-07 6.118855662743535130e-07 6.646678222615046101e-07
2.261195269110828576e+00 1.147785743051889470e-05 2.580037423303573838e-07 2.627967340731087457e-07 4.634839243170245387e-07 5.007637377634837305e-07 6.153765866533102114e-07 6.672250583197712357e-07
2.270420872003977575e+00 1.151147086486424720e-05 2.584694235616708121e-07 2.635805075410567157e-07 4.658601645436350396e-07 5.032513918113257174e-07 6.189006107544348876e-07 6.698211829574181732e-07
2.279646474897126573e+00 1.154765275617414545e-05 2.589920620242096646e-07 2.643580694969362334e-07 4.694088418352866090e-07 5.059890552249640162e-07 6.211108514490032163e-07 6.726131729620795605e-07
2.288872077790275128e+00 1.158063050467413344e-05 2.594812420980891122e-07 2.650371931902001149e-07 4.725993568062967273e-07 5.083555307234232241e-07 6.227108933582691078e-07 6.751218120919018389e-07
2.298097680683424127e+00 1.161609087472286573e-05 2.611555469390000063e-07 2.657833734971115614e-07 4.751864101171732001e-07 5.109678321561454938e-07 6.244882891829479888e-07 6.778229809805156263e-07
2.307323283576573125e+00 1.165208677959023226e-05 2.622345508654245480e-07 2.666221414961036755e-07 4.764630410494985799e-07 5.136180504377818682e-07 6.263014802807394471e-07 6.805562938107804138e-07
2.316548886469722124e+00 1.168861157357652423e-05 2.642876414153804164e-07 2.688789011253419172e-07 4.785549676372963387e-07 5.163082436164815654e-07 6.281508024587295597e-07 6.833229943470802884e-07
2.325774489362870678e+00 1.172561684821878876e-05 2.650749246040542392e-07 2.708340138744662757e-07 4.808426286487871759e-07 5.190308552589195895e-07 6.300316619100736665e-07 6.861181807363337558e-07
2.335000092256019677e+00 1.176310221284019067e-05 2.672228175620620873e-07 2.727648134099541039e-07 4.823911908693228798e-07 5.217877667724251322e-07 6.319446363685283271e-07 6.889432696860039638e-07
2.344225695149168676e+00 1.180140441370792644e-05 2.688561931367457344e-07 2.745953081024361515e-07 4.839471499126470544e-07 5.246392664555012342e-07 6.339230869308698057e-07 6.918393648828056390e-07
2.353451298042317230e+00 1.183937258463376886e-05 2.711672966723307050e-07 2.763770089389623228e-07 4.855255380978957744e-07 5.273947886316074455e-07 6.358580327736887205e-07 6.946758911547836190e-07
2.362676900935466229e+00 1.187813509276333303e-05 2.734279656231455266e-07 2.780254461494038068e-07 4.871060359001757304e-07 5.302462081730898417e-07 6.378552045783396856e-07 6.975842004472242565e-07
2.371902503828615227e+00 1.191725080207311277e-05 2.754044798713171563e-07 2.792735350817160715e-07 4.886716803278049804e-07 5.331265980412608319e-07 6.398739173178352892e-07 7.005175668620608871e-07
2.381128106721764226e+00 1.195673611286590223e-05 2.764096989823141025e-07 2.804825164526889258e-07 4.902483323841603288e-07 5.360341750274637930e-07 6.419178245330056610e-07 7.034758876860014020e-07
2.390353709614912781e+00 1.199660600225307990e-05 2.769707907206304107e-07 2.816995821408570862e-07 4.918654022185624193e-07 5.389358815529956978e-07 6.439867692953068839e-07 7.064589079439225513e-07
2.399579312508061779e+00 1.203676230399383715e-05 2.777542551692328273e-07 2.835757230513186015e-07 4.961594225473645340e-07 5.418629233941127025e-07 6.460776792690672919e-07 7.094650217681485610e-07
2.408804915401210778e+00 1.207722465515332602e-05 2.799366282006679826e-07 2.860412761601515986e-07 5.004563045757778547e-07 5.448149523929397321e-07 6.481903659921496857e-07 7.124938771592558305e-07
2.418030518294359332e+00 1.211798345395212080e-05 2.821273085636730844e-07 2.870265039381051525e-07 5.032868341080723039e-07 5.477291665505883438e-07 6.505063686299767046e-07 7.155451361477458490e-07
2.427256121187508331e+00 1.215907263376631612e-05 2.843252929029428661e-07 2.892110653679556972e-07 5.030911094712621723e-07 5.501780736743600052e-07 6.555667680917716411e-07 7.186188871034699429e-07
2.436481724080657330e+00 1.220040394646624741e-05 2.865324415475593395e-07 2.913321421966937459e-07 5.028987597085694589e-07 5.535489565906928270e-07 6.606388257756007441e-07 7.217140713917706508e-07
2.445707326973806328e+00 1.224198481075900210e-05 2.886383143555055987e-07 2.930644287826558232e-07 5.027198055038956901e-07 5.569173347532682038e-07 6.657205328584380133e-07 7.248293497646690321e-07
2.454932929866954883e+00 1.228381912970007640e-05 2.900813076220703574e-07 2.945088791429249694e-07 5.031816729047981724e-07 5.600644822660450612e-07 6.708132228301578250e-07 7.279653339781688785e-07
2.464158532760103881e+00 1.232588054309317558e-05 2.915226657446766769e-07 2.956436892418886351e-07 5.048311296106255957e-07 5.631917322725413596e-07 6.741028421021733166e-07 7.311210160188393671e-07
2.473384135653252880e+00 1.236815478811841130e-05 2.929621493810261355e-07 2.971197196684073995e-07 5.067462098631976916e-07 5.663375441987052595e-07 6.760200480040622144e-07 7.342951567279110066e-07
2.482609738546401434e+00 1.241065615671592433e-05 2.934599359210702553e-07 2.995075257278938805e-07 5.107459472530247879e-07 5.695030367844048258e-07 6.779574396830054321e-07 7.374887722426737356e-07
2.491835341439550433e+00 1.245336998522750789e-05 2.948655440875856172e-07 3.016440900499184639e-07 5.147610632460990996e-07 5.726875143559747645e-07 6.799140852842356698e-07 7.407014055078033158e-07
2.501060944332699432e+00 1.249626409055391643e-05 2.968856183616930142e-07 3.035226507496245141e-07 5.187897554093975065e-07 5.758887238479881129e-07 6.818882142638041827e-07 7.439309986707456831e-07
2.510286547225848430e+00 1.253932918095772991e-05 2.987071404840448732e-07 3.053667627722856721e-07 5.228351825731120556e-07 5.791100683903870934e-07 6.838782565490512364e-07 7.471793746242219396e-07
2.519512150118996985e+00 1.258259005395474488e-05 3.001399819333836914e-07 3.070069893999312951e-07 5.268930026755001058e-07 5.823461538964915630e-07 6.858868393485217425e-07 7.504444056991313396e-07
2.528737753012145983e+00 1.262600184143457122e-05 3.015715568679313142e-07 3.084850181399198489e-07 5.301837980054560699e-07 5.856008368283635118e-07 6.879100084110215726e-07 7.537270492753503495e-07
2.537963355905294982e+00 1.266958653812007187e-05 3.030587479467101661e-07 3.095313681230540140e-07 5.321229765522077497e-07 5.888693571667317670e-07 6.917705877822036048e-07 7.570255323576676972e-07
2.547188958798443537e+00 1.271333628263906773e-05 3.046915110480649235e-07 3.105884937208891114e-07 5.340777217211491011e-07 5.921573547519942758e-07 6.968903263256730576e-07 7.603426280573663602e-07
2.556414561691592535e+00 1.275720538009460940e-05 3.070927120991187597e-07 3.116551724392733336e-07 5.360467809923095847e-07 5.956236647671112982e-07 7.020109656131553756e-07 7.636742080192467324e-07
2.565640164584741534e+00 1.280115074035617986e-05 3.084739792906045534e-07 3.127306355492812215e-07 5.380288991356519930e-07 5.994126219439509571e-07 7.071311705520187457e-07 7.677978248246020599e-07
2.574865767477890532e+00 1.284536659908290456e-05 3.102778551446122915e-07 3.138179790443044434e-07 5.400294923924724605e-07 6.032152059851878271e-07 7.122621917182734642e-07 7.723713424634710422e-07
2.584091370371039087e+00 1.288960877142924407e-05 3.120462202756093715e-07 3.148999033554221314e-07 5.420419331645899623e-07 6.070234635396077992e-07 7.173939553524236157e-07 7.769566533683802657e-07
2.593316973264188086e+00 1.293400392443047951e-05 3.138675220474222000e-07 3.167484028591369431e-07 5.440696423339090690e-07 6.104570505131141044e-07 7.225279038884574792e-07 7.815546612102564745e-07
2.602542576157337084e+00 1.297850008978722662e-05 3.163530845366653723e-07 3.189172432287221934e-07 5.461114750060731880e-07 6.137773352330666229e-07 7.276674834001338433e-07 7.861687157881043378e-07
2.611768179050485639e+00 1.302312876799124173e-05 3.183053873492004942e-07 3.210862955403029730e-07 5.481680981129478204e-07 6.170801200883348187e-07 7.328115206360695088e-07 7.907972108119784403e-07
2.620993781943634637e+00 1.306782881539171005e-05 3.203356433691707794e-07 3.232541310573641311e-07 5.502379108751281016e-07 6.203709888743449155e-07 7.379569153444316058e-07 7.954369416080240743e-07
2.630219384836783636e+00 1.311261669373032697e-05 3.229846253972827445e-07 3.254226435901621232e-07 5.523214634109348828e-07 6.236574333262259712e-07 7.431077810695692370e-07 8.000917288647560872e-07
2.639444987729932635e+00 1.315753343311903467e-05 3.257597331309994266e-07 3.273639273067222163e-07 5.551679034481663276e-07 6.269378293796526479e-07 7.482580116553997262e-07 8.047576950000964204e-07
2.648670590623081189e+00 1.320251012518474593e-05 3.283397059800605594e-07 3.288144961175861673e-07 5.590348340509448060e-07 6.302128239536023443e-07 7.534121381004395203e-07 8.094378377871563630e-07
2.657896193516230188e+00 1.324758070606838956e-05 3.309185859060013199e-07 3.302659456767730381e-07 5.619653128303873040e-07 6.334816855827869405e-07 7.585690870627846423e-07 8.141296651021393628e-07
2.667121796409379186e+00 1.329273912624923146e-05 3.330421646968507082e-07 3.317189732478899512e-07 5.643653803656677631e-07 6.367455832386863132e-07 7.637309887663921889e-07 8.188351149670285080e-07
2.676347399302527741e+00 1.333798018195559634e-05 3.335930152037353951e-07 3.338634886298350648e-07 5.667413047232347642e-07 6.399235228426503920e-07 7.688950684315377292e-07 8.235512173833124851e-07
2.685573002195676739e+00 1.338327439740842110e-05 3.361005950629004414e-07 3.362604011878290202e-07 5.696588464209785806e-07 6.430592271859222935e-07 7.740649246396862223e-07 8.282814279405706278e-07
2.694798605088825738e+00 1.342864246206983081e-05 3.386118839988496674e-07 3.386570592237522385e-07 5.729420622697549626e-07 6.461996397530003425e-07 7.792386845045633643e-07 8.330237001896247421e-07
2.704024207981974737e+00 1.347408723669101557e-05 3.410746248969658185e-07 3.410529673221691563e-07 5.757775586273453908e-07 6.493360736906627891e-07 7.844154194787012900e-07 8.377768432641707408e-07
2.713249810875123291e+00 1.351957087815963409e-05 3.434393842781221026e-07 3.434475686756228476e-07 5.781164877182871220e-07 6.524702058422509379e-07 7.895937687633768781e-07 8.425393955653460542e-07
2.722475413768272290e+00 1.356512731741061514e-05 3.458107717191177789e-07 3.457171998546597959e-07 5.814963104551699037e-07 6.556055398216439781e-07 7.947798698949158538e-07 8.473173455450860804e-07
2.731701016661421288e+00 1.361071946247822427e-05 3.474918391449919209e-07 3.478921367307335696e-07 5.858419902397446580e-07 6.586017249978715570e-07 7.999682649299913922e-07 8.521050282070189699e-07
2.740926619554569843e+00 1.365639232124277469e-05 3.490197996366933814e-07 3.498440532803781224e-07 5.897030704757842950e-07 6.609880877150658366e-07 8.051614419253052808e-07 8.569047338007878271e-07
2.750152222447718842e+00 1.370206956051593727e-05 3.505496282939173617e-07 3.508994347462764297e-07 5.931097158890373842e-07 6.633791338550466002e-07 8.103575703654141804e-07 8.617147005316979410e-07
2.759377825340867840e+00 1.374784105285100485e-05 3.520820147669389546e-07 3.519127240990985807e-07 5.967286681018692208e-07 6.657769436438114774e-07 8.155575686046931128e-07 8.665352712369479648e-07
