9.225602893149067790e-04 1.210318559890506240e-04 4.012704660243555108e-06 3.994712511617106083e-06 8.194032577804789439e-06 7.267192098183385585e-06 1.130415260588597533e-05 1.039083745666747639e-05
1.014816318246397446e-02 1.233157667215111853e-04 4.094336169030578882e-06 4.067998702564495374e-06 8.342573349708716024e-06 7.402327856509391727e-06 1.151540738847440962e-05 1.060058048931284108e-05
1.937376607561304073e-02 1.257486742303132253e-04 4.181163595303176873e-06 4.144218914946357578e-06 8.500881167608785637e-06 7.562105488032134300e-06 1.174019121578752703e-05 1.082378364233745050e-05
2.859936896876210874e-02 1.283476400078183990e-04 4.273766130611728270e-06 4.226776718211798425e-06 8.670088576869942930e-06 7.735958162151623753e-06 1.198004320621600684e-05 1.106195343280260584e-05
3.782497186191117328e-02 1.311255036812048467e-04 4.372602537315903965e-06 4.313616044593576813e-06 8.851029307613289283e-06 7.921230149680706656e-06 1.223612775709916663e-05 1.131627017337273990e-05
4.705057475506025516e-02 1.340968367717998791e-04 4.477252155411776255e-06 4.406672967707315255e-06 9.044650473650193718e-06 8.118882179599138738e-06 1.250976626232508772e-05 1.158807151752997409e-05
5.627617764820931623e-02 1.372738261870715679e-04 4.585389237879189698e-06 4.495598543788564914e-06 9.251725381104815597e-06 8.329781651393846492e-06 1.280206855085633364e-05 1.187852123941352607e-05
6.550178054135838424e-02 1.406893146659476436e-04 4.686312073380241973e-06 4.600435817263628675e-06 9.474451358085765086e-06 8.555869513300542063e-06 1.311599254021962200e-05 1.219048079044120886e-05
7.472738343450743836e-02 1.443456525065917148e-04 4.785239299107211380e-06 4.716007535015133249e-06 9.712900668552832241e-06 8.797583579436704876e-06 1.345177344424337493e-05 1.252436227566525412e-05
8.395298632765652025e-02 1.482810943641765735e-04 4.917567056285019039e-06 4.835885073566672772e-06 9.969622842120298874e-06 9.057218879401777219e-06 1.381285805619506218e-05 1.288352308303892494e-05
9.317858922080557438e-02 1.525178223117978817e-04 5.062981519326521926e-06 4.973294333866952596e-06 1.024603865374673086e-05 9.309093302031318197e-06 1.420125991879854239e-05 1.327005039014516794e-05
1.024041921139546424e-01 1.570901677726587234e-04 5.223222843803875968e-06 5.122053086659426923e-06 1.054439508736803991e-05 9.576047801281966634e-06 1.462008237027587546e-05 1.368705909837608799e-05
1.116297950071036965e-01 1.620408275956961703e-04 5.398835002610883130e-06 5.282816745627003140e-06 1.086749466377103413e-05 9.865293672763286942e-06 1.507317783825334271e-05 1.413839750497372649e-05
1.208553979002527506e-01 1.674121804548056689e-04 5.596208294905973425e-06 5.456928133493790236e-06 1.121809910109371851e-05 1.017930722124291035e-05 1.556437759508649365e-05 1.462794138943365827e-05
1.300810007934018186e-01 1.732459650914400446e-04 5.810437441011473978e-06 5.645732977975709624e-06 1.159889908248438583e-05 1.053681540342258022e-05 1.609746187515096448e-05 1.515958044360092073e-05
1.393066036865509005e-01 1.796176261237838947e-04 6.038840011785809488e-06 5.850914734072863938e-06 1.201487876996076777e-05 1.094567650758139716e-05 1.667922171343195017e-05 1.574003934769354187e-05
1.485322065796999824e-01 1.865938528550292275e-04 6.287390032704676763e-06 6.070370122749914029e-06 1.247038229930437655e-05 1.139371076819124221e-05 1.731567602543051957e-05 1.637542104422265834e-05
1.577578094728490643e-01 1.942202114738245567e-04 6.556132911561838921e-06 6.321870792786723689e-06 1.296825577854439685e-05 1.188406521655709981e-05 1.801097397444381969e-05 1.707020753694831763e-05
1.669834123659981462e-01 2.026369487147164491e-04 6.848812633767595607e-06 6.592849259980760679e-06 1.351781166253039905e-05 1.242568725356353750e-05 1.877770309184693650e-05 1.783677755046121551e-05
1.762090152591472003e-01 2.119295699141869930e-04 7.180114875636884860e-06 6.891819573073360234e-06 1.412453727249460343e-05 1.302432251389250739e-05 1.963355487569087929e-05 1.868318235897714554e-05
1.854346181522962822e-01 2.222409105647320542e-04 7.548438307525002621e-06 7.226797617242939351e-06 1.480681527757726702e-05 1.368929018620121028e-05 2.058661373340750175e-05 1.962238051626434077e-05
1.946602210454453641e-01 2.337260442524705215e-04 7.960444031705987775e-06 7.597181088651264874e-06 1.559442018133770820e-05 1.443080742697161922e-05 2.164796336114261288e-05 2.066858401554938040e-05
2.038858239385944460e-01 2.465702158017527078e-04 8.421313597066655814e-06 8.008964277572797356e-06 1.647528188102899676e-05 1.526032227411479704e-05 2.283470545513848404e-05 2.183879397632060640e-05
2.131114268317435001e-01 2.610128677902848085e-04 8.937548718434065731e-06 8.471976313231344494e-06 1.746580499052560959e-05 1.619421009201515646e-05 2.416890976256739392e-05 2.315485266809360460e-05
2.223370297248925820e-01 2.773300541227010610e-04 9.502395788289828664e-06 8.995194639719900510e-06 1.858502093950219290e-05 1.725075026496632321e-05 2.567606642109478273e-05 2.464211463892867918e-05
2.315626326180416361e-01 2.958748808556311725e-04 1.013815488401195080e-05 9.590018769537866222e-06 1.985717222267852468e-05 1.845328323064584011e-05 2.738872934445293113e-05 2.633289742818960017e-05
2.407882355111907180e-01 3.170809384015390578e-04 1.086492881148353167e-05 1.027034107265286300e-05 2.129065353569618976e-05 1.983053451824030259e-05 2.934691186439987920e-05 2.826697906170301099e-05
2.500138384043397721e-01 3.414955768209226600e-04 1.164639990780953456e-05 1.107210839744498295e-05 2.296999784823894981e-05 2.141437813475157402e-05 3.160110201748226894e-05 3.048161978693066229e-05
2.592394412974888818e-01 3.698128879108597620e-04 1.254915160209181969e-05 1.198364317661344651e-05 2.492057512333594382e-05 2.320082097877895896e-05 3.421534313212068208e-05 3.301612265291432478e-05
2.684650441906379359e-01 4.029633526154012850e-04 1.366527934384341144e-05 1.305088490500345890e-05 2.720757002152727946e-05 2.529274071543365175e-05 3.727544737678543637e-05 3.598494818555164013e-05
2.776906470837869900e-01 4.420983478397232601e-04 1.498435745924899974e-05 1.430864840815592939e-05 2.990141682068786630e-05 2.776304036343279569e-05 4.088768910059947543e-05 3.949182060018438002e-05
2.869162499769360997e-01 4.887970974430542927e-04 1.653190738879124246e-05 1.581121754459509192e-05 3.311130828706249259e-05 3.071172135450119488e-05 4.519778255365031975e-05 4.367923093980219341e-05
2.961418528700851538e-01 5.451968817216257951e-04 1.836235629722963308e-05 1.762612729665788500e-05 3.698879950958500716e-05 3.427399014358705007e-05 5.040294047802961093e-05 4.874025034986857307e-05
3.053674557632342079e-01 6.142282860870965869e-04 2.059572842826940583e-05 1.989835105950597382e-05 4.173564210775823277e-05 3.863349608333982010e-05 5.677366285610256028e-05 5.493981654071150751e-05
3.145930586563833176e-01 7.000551162287978451e-04 2.336296544962093540e-05 2.267422044665797810e-05 4.763823147729861259e-05 4.405548303432378632e-05 6.469427807854176166e-05 6.265496794896131295e-05
3.238186615495323717e-01 8.086946640967012344e-04 2.691786317828026315e-05 2.611900691465126375e-05 5.511029365969479302e-05 5.091887398235095744e-05 7.472028638434659222e-05 7.243148313527774090e-05
3.330442644426814813e-01 9.491436680751732559e-04 3.138828884748871145e-05 3.063454914018913684e-05 6.476989300814627384e-05 5.979495115181535352e-05 8.768240796492503090e-05 8.508691528567565235e-05
3.422698673358305355e-01 1.135206060475231959e-03 3.726717675356307387e-05 3.662348233084708818e-05 7.756472816332587832e-05 7.155784011496422840e-05 1.048555290444077269e-04 1.018787269471367260e-04
3.514954702289795896e-01 1.389141960832837109e-03 4.553249426420078599e-05 4.468867515752881873e-05 9.502040184435414649e-05 8.761711726821500706e-05 1.282957215288263279e-04 1.248410927990441580e-04
3.607210731221286992e-01 1.748378108419307471e-03 5.724662169360864895e-05 5.632745513254179374e-05 1.197917723935002388e-04 1.103421927297907126e-04 1.614602499782522797e-04 1.574079890902157965e-04
3.699466760152777534e-01 2.278953795213494674e-03 7.458312091775977370e-05 7.372671698297091070e-05 1.572186675695922548e-04 1.439109819766476971e-04 2.104493067427637074e-04 2.056716237183149956e-04
3.791722789084268630e-01 3.104968540481249650e-03 1.009683162811578390e-04 1.010490854239948916e-04 2.157350511053802294e-04 1.961619899779601037e-04 2.867203521417730633e-04 2.811685516731989194e-04
3.883978818015759171e-01 4.473641766872803530e-03 1.441413673766763631e-04 1.454494961878284240e-04 3.113404263368479974e-04 2.826541775406039847e-04 4.130607887426933703e-04 4.071444754037119654e-04
3.976234846947249713e-01 6.893001576181084777e-03 2.215741362128331032e-04 2.255980239882935875e-04 4.765491776086636100e-04 4.350812649508957811e-04 6.360683762511466083e-04 6.322458835951927023e-04
4.068490875878740809e-01 1.127647453940002799e-02 3.573075574064034365e-04 3.736813133780186869e-04 7.744444660069196851e-04 7.089066249516828844e-04 1.038041609442033261e-03 1.040387690675638466e-03
4.160746904810231350e-01 1.771990718185557923e-02 5.597679552679264703e-04 5.851984676051164014e-04 1.230537366259266269e-03 1.136528270915617561e-03 1.645955608944166954e-03 1.631858081628329016e-03
4.253002933741722447e-01 1.978956250742264569e-02 6.182655575825840577e-04 6.539070398935628581e-04 1.356996165180045927e-03 1.256910210025038999e-03 1.867858846283605712e-03 1.812826426349067183e-03
4.345258962673212988e-01 1.364673106958510553e-02 4.372142880893995637e-04 4.604789589480653283e-04 9.477092239700297266e-04 8.566842478992565957e-04 1.285191868303933727e-03 1.248539271732318837e-03
4.437514991604703529e-01 7.869224851609219959e-03 2.516522763079415831e-04 2.652492998632613452e-04 5.470444234375333031e-04 4.952352460694028208e-04 7.348840423630400437e-04 7.121289423666962021e-04
4.529771020536194626e-01 4.662686257344880736e-03 1.488856762945790085e-04 1.570408086905778280e-04 3.233233303781193196e-04 2.950871328340209931e-04 4.329321086435581473e-04 4.192560853685011260e-04
4.622027049467684612e-01 2.957891748522190230e-03 9.506067472693502385e-05 9.908988491863068154e-05 2.048812693971006210e-04 1.878210363206720725e-04 2.737901595506369093e-04 2.653205693164029273e-04
4.714283078399175708e-01 1.997386523276744284e-03 6.435613719015355685e-05 6.661499215883923998e-05 1.384744466124141274e-04 1.268464259735369460e-04 1.846129367342281766e-04 1.790435584777983358e-04
4.806539107330666249e-01 1.418315515781555774e-03 4.580470601465882856e-05 4.750828963771846526e-05 9.834688030869944038e-05 9.011687264477426067e-05 1.310270787524168371e-04 1.271550824969922000e-04
4.898795136262157346e-01 1.047974745418743352e-03 3.379368678840203449e-05 3.526026514706214095e-05 7.265846671900152119e-05 6.663220202363768184e-05 9.682480849800283347e-05 9.400691484370100534e-05
4.991051165193647332e-01 7.991926344669597658e-04 2.555743101722977341e-05 2.686642126547504183e-05 5.538135939727785190e-05 5.085492609680744742e-05 7.387615832584121592e-05 7.174852173485470573e-05
5.083307194125139539e-01 6.252694132992234243e-04 1.998387217615779470e-05 2.084168642799177126e-05 4.329439264452868922e-05 3.982301612194202606e-05 5.784290699561035060e-05 5.618861458156932265e-05
5.175563223056629525e-01 4.995996045769206294e-04 1.602107233305183516e-05 1.662759880111200914e-05 3.455881731853540501e-05 3.184986377509992127e-05 4.626088521320743073e-05 4.494394549743661697e-05
5.267819251988120621e-01 4.062600028710074444e-04 1.304785349591117919e-05 1.348408770696307929e-05 2.812732949812054390e-05 2.592628481261263079e-05 3.765837026950069957e-05 3.658976066663494368e-05
5.360075280919610607e-01 3.353036200771133653e-04 1.074458793788720876e-05 1.112901636877365423e-05 2.323769756473357748e-05 2.142088048291549470e-05 3.111740442098259035e-05 3.023665515801833136e-05
5.452331309851101704e-01 2.802810215548530177e-04 8.938708078463485779e-06 9.279402312863799501e-06 1.944509180252005460e-05 1.792399095522552183e-05 2.604341789427252552e-05 2.530809488726176682e-05
5.544587338782591690e-01 2.368980815754831654e-04 7.531695213305726090e-06 7.785616891424371145e-06 1.645228641474101583e-05 1.516633847642917315e-05 2.204077640907502449e-05 2.142041537803578166e-05
5.636843367714083897e-01 2.021777810092109434e-04 6.436362755947395769e-06 6.625481218054809574e-06 1.405538292345359305e-05 1.295888790973047508e-05 1.883545762684037160e-05 1.830752493511115272e-05
5.729099396645573883e-01 1.740217929395018802e-04 5.557434914846840412e-06 5.726933643778532894e-06 1.213958812887078621e-05 1.109766566800520675e-05 1.623441634695645748e-05 1.578188556322415444e-05
5.821355425577064979e-01 1.509540922573067391e-04 4.825262581919446524e-06 4.964740740660096227e-06 1.057051269374970721e-05 9.595052392182977681e-06 1.410168794198341478e-05 1.371165972846626535e-05
5.913611454508554965e-01 1.318300561256172728e-04 4.223681985906851347e-06 4.322275816826670744e-06 9.267353116056609077e-06 8.387114690495869451e-06 1.233221157897706577e-05 1.199439709289921942e-05
6.005867483440046062e-01 1.158553167282790693e-04 3.715869705713263551e-06 3.786742245806518862e-06 8.176911973412624192e-06 7.377534421928240872e-06 1.085276682642483809e-05 1.055918294253326548e-05
6.098123512371537158e-01 1.023860036422960648e-04 3.283583492735752340e-06 3.347067591330285638e-06 7.255772643587291167e-06 6.525845316271254581e-06 9.604214755887049049e-06 9.348338606081967798e-06
6.190379541303028255e-01 9.095734529854987481e-05 2.928240112301999437e-06 2.970783900551655660e-06 6.471434804674198451e-06 5.802194012886183650e-06 8.543749334885295606e-06 8.320370005835284947e-06
6.282635570234518241e-01 8.119805500497619111e-05 2.625843772629128095e-06 2.647978611898687044e-06 5.766550785685044321e-06 5.183923935505652981e-06 7.637205875174582536e-06 7.442058357585014210e-06
6.374891599166009337e-01 7.280280314064891474e-05 2.355384505873199855e-06 2.365835223840415764e-06 5.159258804774034747e-06 4.651809810301302207e-06 6.856548686051295595e-06 6.686027534030011387e-06
6.467147628097499323e-01 6.555059504486862457e-05 2.118045781386666132e-06 2.119349600264412042e-06 4.651303303650444710e-06 4.191261000900851712e-06 6.181392466918597282e-06 6.032544301842881563e-06
6.559403657028991530e-01 5.925189544736850195e-05 1.910243942446043623e-06 1.927973632413716373e-06 4.193680481402019624e-06 3.793206006377201911e-06 5.594296466774911108e-06 5.464618063257190689e-06
6.651659685960481516e-01 5.375042630923696087e-05 1.726698558050722854e-06 1.749916837465437778e-06 3.790338924563499791e-06 3.444830245019635023e-06 5.080900735222274728e-06 4.968232281872979924e-06
6.743915714891972613e-01 4.893284490547780778e-05 1.574728280123811257e-06 1.601627979307952384e-06 3.437464446693711201e-06 3.139604324637029330e-06 4.630728751777396870e-06 4.533279297788407299e-06
6.836171743823462599e-01 4.469488638294066775e-05 1.434160851724030359e-06 1.469844853941515092e-06 3.134519650541700586e-06 2.870972344552765831e-06 4.234175836356319719e-06 4.150384486291355563e-06
6.928427772754953695e-01 4.095431348311822896e-05 1.315422601080787747e-06 1.346162207082344034e-06 2.862891605835048365e-06 2.633752166857451034e-06 3.883676302599294006e-06 3.812199346766921061e-06
7.020683801686443681e-01 3.763946985123900750e-05 1.210066298170414559e-06 1.243968277991764075e-06 2.625622987533193222e-06 2.423276821912533833e-06 3.572624845320232371e-06 3.512279609991487918e-06
7.112939830617935888e-01 3.469581027754992325e-05 1.112030250765101084e-06 1.149081730682692613e-06 2.417114549143791738e-06 2.236248294178108935e-06 3.295976254269551210e-06 3.245745421217990305e-06
7.205195859549425874e-01 3.207595158321475276e-05 1.032082343311266652e-06 1.058940501014140787e-06 2.229446148779611135e-06 2.069553471835437004e-06 3.049359051849623791e-06 3.008339795588760003e-06
7.297451888480916971e-01 2.972417329957816750e-05 9.630709317236946232e-07 9.863437748390640168e-07 2.056644244923449627e-06 1.919727003358988901e-06 2.827666659910128767e-06 2.794989859918072840e-06
7.389707917412406957e-01 2.762844131164712816e-05 8.857684249441171874e-07 9.194907472635380425e-07 1.907203800352262737e-06 1.786166567329874758e-06 2.629728393021216876e-06 2.604760020512071497e-06
7.481963946343899163e-01 2.574398313492195337e-05 8.217108268740916225e-07 8.536764034535963407e-07 1.774355321388428487e-06 1.666041190626278728e-06 2.451445358920292344e-06 2.433540316356152579e-06
7.574219975275389150e-01 2.404968441486414460e-05 7.655602007906328003e-07 7.989674497265665163e-07 1.655599034281248362e-06 1.558013021557181515e-06 2.290852577174634245e-06 2.279459309061819468e-06
7.666476004206880246e-01 2.252069316720117678e-05 7.145254009164044386e-07 7.507316143191636868e-07 1.549059945404243074e-06 1.460505816007490057e-06 2.145687374366444871e-06 2.140269510542375746e-06
7.758732033138370232e-01 2.114203508731590103e-05 6.803498074872777412e-07 7.073186340182641791e-07 1.450065923027278744e-06 1.372576215217870434e-06 2.017263585722138449e-06 2.012534610227977835e-06
7.850988062069861328e-01 1.989585713678383656e-05 6.414687595159341052e-07 6.657535131715680858e-07 1.360436062741736038e-06 1.290507320537758400e-06 1.901021321585675677e-06 1.890143145060472259e-06
7.943244091001351315e-01 1.876620857090971885e-05 6.002962055759202464e-07 6.249622504944605801e-07 1.281771827542531940e-06 1.209876598727943582e-06 1.795484852664289512e-06 1.778834428508449072e-06
8.035500119932843521e-01 1.774254837740510410e-05 5.657006019776050873e-07 5.895414986463179071e-07 1.210383620494410344e-06 1.136916642870772833e-06 1.699707901835120885e-06 1.677620894329861335e-06
8.127756148864333507e-01 1.681310467983375035e-05 5.400642301424465614e-07 5.564881741412268314e-07 1.145475503957782561e-06 1.070772853415604840e-06 1.612606805169643378e-06 1.585398800255476132e-06
8.220012177795824604e-01 1.597106954566766972e-05 5.171562177125891202e-07 5.280217774406116896e-07 1.088989062368502105e-06 1.010921500471464882e-06 1.533564951340738103e-06 1.501499077932416282e-06
8.312268206727314590e-01 1.520393124761350573e-05 4.953642312955788227e-07 5.058139977018347129e-07 1.037906372284455345e-06 9.564890858542905109e-07 1.461423115210213450e-06 1.424767084984357240e-06
8.404524235658805686e-01 1.450446762569684933e-05 4.726730282057694317e-07 4.854052252855553935e-07 9.910566726733184339e-07 9.153228491781900347e-07 1.395517715764716182e-06 1.354519312637833677e-06
8.496780264590296783e-01 1.386851854376312279e-05 4.515864346608785748e-07 4.625849354742839344e-07 9.483011978335590775e-07 8.726194319443474924e-07 1.335475231995753937e-06 1.290332248657376595e-06
8.589036293521787879e-01 1.328901188857321947e-05 4.331889153268895604e-07 4.435117715896794540e-07 9.108286212537924432e-07 8.324851270011485936e-07 1.280645292402099713e-06 1.231557159656067161e-06
8.681292322453277865e-01 1.276193596402498680e-05 4.151278975545892439e-07 4.274184021795302994e-07 8.748226129588674947e-07 7.956957075968732569e-07 1.230663059209439764e-06 1.177803486706451860e-06
8.773548351384768962e-01 1.227987611311519395e-05 3.981707426361960866e-07 4.115563546493755556e-07 8.407317534248274072e-07 7.622872784415549976e-07 1.184833611288249678e-06 1.128379395622415029e-06
8.865804380316258948e-01 1.184181018158518483e-05 3.829138762030423839e-07 3.978895124182514240e-07 8.074487123547829069e-07 7.337464897618737751e-07 1.143079962614682556e-06 1.083172395962588553e-06
8.958060409247751155e-01 1.144378893607629068e-05 3.697823650162330913e-07 3.859662093728985461e-07 7.784626842131067058e-07 7.113449822238117099e-07 1.105036397558200860e-06 1.041807577644380931e-06
9.050316438179241141e-01 1.107938568595418751e-05 3.568786518170230797e-07 3.729919964396472047e-07 7.502625883994493698e-07 6.869940619893547055e-07 1.070097153475377207e-06 1.003687212186303210e-06
9.142572467110732237e-01 1.074819268876983311e-05 3.449186110464848884e-07 3.654284617450117857e-07 7.266655053964265413e-07 6.658596742122654938e-07 1.038232714072820638e-06 9.687538264015452309e-07
9.234828496042222223e-01 1.044746180770874929e-05 3.342122704899466756e-07 3.562219150050551533e-07 7.063894032751716952e-07 6.482887462061727370e-07 1.009195371841117958e-06 9.367539591368199964e-07
9.327084524973712210e-01 1.017495699066718163e-05 3.250739879072072751e-07 3.467036773423335522e-07 6.879641125755074979e-07 6.322952048060465421e-07 9.827783543358623025e-07 9.074696848930733479e-07
9.419340553905202196e-01 9.927423244562530734e-06 3.157978497805185615e-07 3.350292133953671934e-07 6.711838192062020069e-07 6.175966814687191831e-07 9.586736662491020185e-07 8.805940217914217408e-07
9.511596582836694402e-01 9.704933157613389848e-06 3.092257071822955870e-07 3.259325144792865207e-07 6.560592636630689184e-07 6.043313797661615090e-07 9.369026497487687138e-07 8.561241091307059142e-07
9.603852611768185499e-01 9.502891581282506617e-06 3.022426026304605995e-07 3.199388504469363016e-07 6.422815257072449604e-07 5.922211447093617831e-07 9.170195240110630533e-07 8.336296042967107449e-07
9.696108640699675485e-01 9.323035263374380990e-06 2.957168211352435399e-07 3.164140764632184709e-07 6.299713246483923466e-07 5.813873783242863634e-07 8.992121077980826848e-07 8.132673289829169086e-07
9.788364669631165471e-01 9.160144129495358489e-06 2.884927489931226523e-07 3.123539007573167264e-07 6.187760407523332023e-07 5.699983763927671466e-07 8.829627032240789378e-07 7.945444327184321729e-07
9.880620698562656568e-01 9.021788611106554249e-06 2.846482776520894737e-07 3.074172784747509639e-07 6.092148573474139814e-07 5.598620425170531384e-07 8.690393886581960657e-07 7.781591310172927058e-07
9.972876727494148774e-01 8.888790356491548978e-06 2.816474301271230013e-07 3.017605749910147190e-07 5.996540576917100266e-07 5.521758143309867212e-07 8.555433011670128280e-07 7.623266292419018350e-07
1.006513275642563876e+00 8.777001298169897274e-06 2.795965560233489293e-07 2.969249626149156264e-07 5.906818521429892604e-07 5.476316332436078753e-07 8.440523091054748743e-07 7.485063739148708058e-07
1.015738878535712875e+00 8.680066810539971439e-06 2.765135143084668679e-07 2.920139956529776645e-07 5.826557609880884730e-07 5.420399932052273774e-07 8.339489913203344330e-07 7.361230549998017093e-07
1.024964481428862095e+00 8.597332364167972480e-06 2.750439835563413005e-07 2.895254974356408997e-07 5.755157512989500084e-07 5.368294117814291380e-07 8.251675942627844848e-07 7.250933511216654527e-07
1.034190084322011094e+00 8.527165764669324770e-06 2.746984199822121797e-07 2.891714477738145683e-07 5.702043764047240443e-07 5.323256482256612688e-07 8.175485603875042088e-07 7.152639206330226013e-07
1.043415687215160093e+00 8.470240258057815027e-06 2.725229907258031579e-07 2.876877049289927948e-07 5.673284080000162862e-07 5.288275358794696071e-07 8.111689083121988077e-07 7.100347938606196553e-07
1.052641290108309091e+00 8.424850664696158781e-06 2.732500861637416159e-07 2.878839719802100445e-07 5.648227176279650350e-07 5.276167634406245998e-07 8.058566231919716232e-07 7.075121210954477273e-07
1.061866893001458312e+00 8.391190678657306544e-06 2.751020948124285751e-07 2.881934301041259091e-07 5.585140468570848484e-07 5.228640595039285588e-07 8.016349770912620964e-07 7.058253404536946675e-07
1.071092495894607532e+00 8.368395056712805394e-06 2.731103317218426139e-07 2.865602989164673238e-07 5.550732836735162935e-07 5.209371171042547497e-07 7.984235717142748351e-07 7.049005604333362710e-07
1.080318098787756531e+00 8.356701988350789356e-06 2.713107848002703731e-07 2.869839297978487132e-07 5.522588662698565037e-07 5.196809199380705700e-07 7.962424163666981562e-07 7.047643968380734868e-07
1.089543701680905530e+00 8.355062599426131494e-06 2.708033439228093285e-07 2.880711714178663113e-07 5.500114188629829433e-07 5.190961222388268132e-07 7.949947711089409266e-07 7.053198362232501506e-07
1.098769304574054528e+00 8.363612812035490842e-06 2.703218760721442615e-07 2.888994898894405505e-07 5.483483772261611309e-07 5.190910244749121898e-07 7.946898710374163962e-07 7.065834050649970549e-07
1.107994907467203749e+00 8.383081486586601880e-06 2.712698646942335003e-07 2.907066642031659967e-07 5.473254376605659325e-07 5.196747048873525738e-07 7.954049626409270032e-07 7.086135698472911533e-07
1.117220510360352748e+00 8.411855329221552415e-06 2.744648841191179976e-07 2.912961970558429134e-07 5.480479726170648150e-07 5.207174657947101167e-07 7.969712190859256132e-07 7.112736014397715939e-07
1.126446113253501746e+00 8.450448330965646570e-06 2.765023219445163509e-07 2.933218478900854732e-07 5.509095162863423390e-07 5.223191111770083254e-07 7.994422053871135604e-07 7.146034400485575314e-07
1.135671716146650967e+00 8.499258967789069641e-06 2.804931490959736308e-07 2.953419402444380841e-07 5.545507307032579458e-07 5.245083991109794136e-07 8.028593391230658024e-07 7.186277713330527570e-07
1.144897319039799966e+00 8.558322022372831211e-06 2.824289528843498625e-07 2.977568174914047700e-07 5.589767839175325816e-07 5.272841026164038202e-07 8.072219970459283922e-07 7.233460942554389262e-07
1.154122921932948964e+00 8.627669042891777181e-06 2.844276101646074851e-07 3.008001694998178611e-07 5.641935099454112665e-07 5.306446076814602160e-07 8.125283626381347415e-07 7.287558466562640163e-07
1.163348524826097963e+00 8.707483568206790138e-06 2.867844241885992825e-07 3.032321406735360655e-07 5.682036045389144059e-07 5.346025896637433860e-07 8.187981883045018772e-07 7.348578280195879145e-07
1.172574127719247183e+00 8.798231980963604440e-06 2.895205608382928189e-07 3.060003358855925982e-07 5.753519625983487826e-07 5.392336221645768621e-07 8.260660805837693956e-07 7.416892691894642913e-07
1.181799730612396404e+00 8.900602538279798337e-06 2.918119308132416037e-07 3.098274328876807524e-07 5.837575875023233760e-07 5.445332531614680520e-07 8.344000325161820013e-07 7.509974192663928638e-07
1.191025333505545403e+00 9.014008625863461849e-06 2.970362423214259663e-07 3.141500944470613566e-07 5.928521507061308514e-07 5.504620689368100797e-07 8.437472473067377757e-07 7.632048028671643863e-07
1.200250936398694401e+00 9.140809640952702884e-06 3.016596330228093348e-07 3.191238904693876396e-07 6.028215776329879305e-07 5.596354949121790058e-07 8.542975809283647625e-07 7.766147125713223568e-07
1.209476539291843622e+00 9.280951058483060217e-06 3.064330707606762881e-07 3.247396131159902108e-07 6.136102587352289223e-07 5.718054913164014134e-07 8.660810501776555596e-07 7.912181076007596819e-07
1.218702142184992621e+00 9.435305821761986547e-06 3.120142590892077005e-07 3.294412594847142119e-07 6.233285380623513667e-07 5.849124171345543012e-07 8.791497021425224637e-07 8.071100745559282467e-07
1.227927745078141619e+00 9.605042826164623891e-06 3.176888551460126613e-07 3.353118875584678991e-07 6.337385400244250488e-07 5.982896232868790493e-07 8.936185796768944794e-07 8.243925816464116893e-07
1.237153347971290618e+00 9.791127229264433244e-06 3.238255793969280156e-07 3.422970129880053305e-07 6.465836196138979901e-07 6.116059343661722666e-07 9.095579907448663885e-07 8.431657500058499147e-07
1.246378950864439838e+00 9.996593537615683568e-06 3.312920424571871381e-07 3.515444807853676073e-07 6.577696439789422039e-07 6.263449132244739120e-07 9.272503268946751751e-07 8.636823164562006154e-07
1.255604553757589059e+00 1.021993297695175963e-05 3.395807988043832604e-07 3.600572682455740672e-07 6.715595600204748029e-07 6.393661259376087340e-07 9.477602997926785623e-07 8.858406286394595279e-07
1.264830156650738058e+00 1.046697424729865723e-05 3.481499778464624970e-07 3.722485365619118084e-07 6.867874317758184099e-07 6.517236087215053385e-07 9.772638671048011126e-07 9.101287623594595211e-07
1.274055759543887056e+00 1.073737697853978193e-05 3.532037583476762535e-07 3.838711539623587156e-07 7.063379294308655057e-07 6.666608722194334691e-07 1.009259164889572964e-06 9.365397454093057179e-07
1.283281362437036055e+00 1.103567076594774157e-05 3.656943202844966501e-07 3.942640754198123952e-07 7.306877618620860111e-07 6.875136020690795439e-07 1.044243128996484132e-06 9.654643200637990161e-07
1.292506965330185276e+00 1.136460450052196565e-05 3.757612466938047843e-07 4.053370952919897789e-07 7.573992706860999081e-07 7.103328093347581219e-07 1.082520135163869636e-06 9.971508984544703733e-07
1.301732568223334052e+00 1.172920076310678268e-05 3.838431089763796688e-07 4.162790756460160930e-07 7.868180448190660890e-07 7.355069037127529615e-07 1.124552184820054501e-06 1.032018548605174944e-06
1.310958171116483273e+00 1.213255099291666730e-05 3.961317404813313953e-07 4.314281886742924203e-07 8.156401852774412473e-07 7.632650865780336467e-07 1.170787994090738556e-06 1.070368290351215342e-06
1.320183774009632494e+00 1.258154166287849629e-05 4.065662239761271517e-07 4.492617915167723387e-07 8.479814506395535166e-07 7.892135148533625062e-07 1.221921427150368691e-06 1.112783037335344521e-06
1.329409376902781492e+00 1.308326342376545832e-05 4.209157319906474485e-07 4.654437366218806485e-07 8.888379776461987659e-07 8.173654588773777513e-07 1.278642020510308011e-06 1.159861030921504073e-06
1.338634979795930713e+00 1.364526331178700037e-05 4.347261248961250158e-07 4.823653848641900580e-07 9.344894218933984351e-07 8.483859418466788166e-07 1.341820192088184589e-06 1.212265573070636377e-06
1.347860582689079489e+00 1.427897237834580413e-05 4.534137649002775743e-07 5.013948510203381474e-07 9.857616738603662397e-07 8.842858976494253801e-07 1.412656857301384202e-06 1.270962855266185001e-06
1.357086185582228710e+00 1.499562178672651380e-05 4.793482460272284078e-07 5.250109381990338188e-07 1.043551520567295187e-06 9.327721337738114114e-07 1.492345455597914969e-06 1.336911691293685823e-06
1.366311788475377931e+00 1.581151818957602810e-05 5.041837588301337192e-07 5.523451710278117432e-07 1.109060698089186267e-06 9.892999063903681314e-07 1.582576611092385740e-06 1.411477491146833732e-06
1.375537391368526707e+00 1.674563198074598423e-05 5.357699474395630419e-07 5.843142906754956664e-07 1.183719574047671283e-06 1.054208763459942835e-06 1.685359447304554036e-06 1.496252707060576455e-06
1.384762994261675928e+00 1.782254541726722782e-05 5.704347732612566281e-07 6.192563695822662884e-07 1.257327525876854031e-06 1.118948914871204490e-06 1.803258753110317510e-06 1.587638367679006810e-06
1.393988597154824927e+00 1.907293118154123403e-05 6.098207321142324504e-07 6.591278395765389538e-07 1.337355402091336306e-06 1.203904146386230962e-06 1.939500414337090144e-06 1.690086515145314034e-06
1.403214200047974147e+00 2.053680937847089649e-05 6.589011728144376044e-07 7.073858409034932857e-07 1.436137521190477965e-06 1.297378342848493294e-06 2.098233486889550833e-06 1.810101851917807507e-06
1.412439802941123368e+00 2.226603536106999519e-05 7.151631428247558436e-07 7.621556926157216762e-07 1.549247387380849283e-06 1.403195999732326856e-06 2.284872937331391805e-06 1.951961459933734567e-06
1.421665405834272145e+00 2.432866432338930986e-05 7.829007630681320126e-07 8.247892204903088252e-07 1.688458375149294111e-06 1.544193761665567252e-06 2.506438050888554512e-06 2.121317696784826159e-06
1.430891008727421365e+00 2.681704338432254326e-05 8.645209732125549746e-07 8.990010442960712266e-07 1.871538229099845143e-06 1.714004434351460029e-06 2.772476053560988634e-06 2.325844173923058254e-06
1.440116611620570364e+00 2.985564200231144530e-05 9.655200085276812588e-07 1.003857986746842175e-06 2.092085914327226816e-06 1.919741678129776680e-06 3.095833539881441836e-06 2.575894135724941390e-06
1.449342214513719362e+00 3.361845196254991422e-05 1.087149429279075106e-06 1.128332765410523005e-06 2.366978266406918115e-06 2.154394485448369559e-06 3.494284104733144799e-06 2.886054650592630643e-06
1.458567817406868583e+00 3.835092805757527121e-05 1.238757654304147319e-06 1.272663923179119733e-06 2.702519415873873493e-06 2.446199404762209727e-06 3.992856605903917510e-06 3.293950394338359571e-06
1.467793420300017582e+00 4.440965050138335113e-05 1.436623649458008143e-06 1.469324735699440105e-06 3.129396817350886626e-06 2.814499362658202117e-06 4.627663706319492382e-06 3.832746627256148275e-06
1.477019023193166802e+00 5.232261333737705318e-05 1.687507771786876524e-06 1.728009613092312455e-06 3.693761184638635648e-06 3.288164361722182747e-06 5.423771525795947120e-06 4.529302328758663654e-06
1.486244626086316023e+00 6.289421417561005204e-05 2.036080303307561149e-06 2.073627200317837600e-06 4.447484311271174772e-06 3.923353374471404381e-06 6.476379693933029952e-06 5.463856803035630025e-06
1.495470228979464800e+00 7.738224380653119629e-05 2.504730178494980557e-06 2.554639862315302972e-06 5.477381122896143265e-06 4.910932299808919241e-06 7.906075266898293110e-06 6.742870707657339069e-06
1.504695831872614020e+00 9.779952749313846011e-05 3.182576154441482392e-06 3.218853595006346095e-06 6.925776466691811414e-06 6.149746615259917113e-06 9.899831222243631696e-06 8.539988921522627288e-06
1.513921434765763019e+00 1.274119009721057499e-04 4.150023963541999306e-06 4.167944928040425356e-06 9.000283419698654934e-06 7.995064047536975301e-06 1.275549810172158047e-05 1.113129701939616486e-05
1.523147037658912017e+00 1.714209786164866021e-04 5.505890046557040821e-06 5.602204627989498245e-06 1.201420667342674204e-05 1.067091264769814193e-05 1.693620286887873440e-05 1.494213565168654593e-05
1.532372640552061016e+00 2.371979724019102130e-04 7.544752864028830743e-06 7.854833828263823713e-06 1.631908735683508093e-05 1.456059950540844711e-05 2.307700106739897289e-05 2.054137142695541406e-05
1.541598243445210237e+00 3.305478735568041955e-04 1.041421373928081697e-05 1.116968941640742678e-05 2.236198464060211053e-05 1.979689575562536621e-05 3.164951225713712093e-05 2.848075252180230299e-05
1.550823846338359457e+00 4.378238427939543619e-04 1.381318443219238957e-05 1.466917075560136797e-05 3.062644508934815081e-05 2.587770973355713175e-05 4.147419350977721558e-05 3.725502994117674358e-05
1.560049449231508456e+00 4.986554550693909991e-04 1.596848755746563958e-05 1.709450123717329078e-05 3.500996408119043911e-05 2.974871283097048000e-05 4.741666484632317199e-05 4.271146023756254313e-05
1.569275052124657455e+00 4.560499259756664071e-04 1.468498654426131931e-05 1.588563736627535963e-05 3.229465881864263845e-05 2.833120528079017967e-05 4.277498316420356734e-05 4.051320517596546100e-05
1.578500655017806453e+00 3.522291274389081862e-04 1.138128011850535496e-05 1.255288868849701624e-05 2.449560913974187714e-05 2.229139716135574443e-05 3.223323536408840900e-05 3.076822332706666578e-05
1.587726257910955674e+00 2.546422340448632076e-04 8.243960201781105109e-06 9.025174219348761767e-06 1.796682598590972546e-05 1.596361113395092278e-05 2.354334550642772292e-05 2.237264357912398922e-05
1.596951860804104451e+00 1.841634022044798095e-04 6.052481094034282277e-06 6.431812533849007828e-06 1.317739324351678283e-05 1.146470867913150222e-05 1.718418035233810212e-05 1.589587544790520474e-05
1.606177463697253671e+00 1.367515310185895118e-04 4.551857263122160860e-06 4.734247698047808596e-06 9.703208867677641384e-06 8.577682828290501826e-06 1.280649959406324808e-05 1.161618816433352568e-05
1.615403066590402892e+00 1.049000726440482223e-04 3.482720719025304270e-06 3.603780531033075698e-06 7.419971623142637999e-06 6.535609746128985477e-06 9.832419980711202038e-06 9.022608717844355459e-06
1.624628669483551890e+00 8.302717999835865562e-05 2.692407531774582987e-06 2.800466619155017882e-06 5.758369475709069194e-06 5.204591778434143915e-06 7.778900681620613843e-06 7.209360178517400892e-06
1.633854272376701111e+00 6.758126089259991151e-05 2.191166908237061764e-06 2.239586181047322324e-06 4.691702958559376582e-06 4.248426881802263287e-06 6.324991005803937485e-06 5.910166083233973867e-06
1.643079875269850110e+00 5.636791724582211334e-05 1.844929794117327812e-06 1.846201323540997438e-06 3.869412809514436087e-06 3.596816940756617322e-06 5.271307508436395991e-06 4.955599970394555711e-06
1.652305478162999108e+00 4.801875023776795384e-05 1.581324315403556788e-06 1.578474769929415862e-06 3.269652889689596525e-06 3.038816233383441164e-06 4.508551199592741822e-06 4.237629175286652407e-06
1.661531081056148329e+00 4.166023653168623661e-05 1.380483722716128862e-06 1.382367260872722527e-06 2.830730263906215184e-06 2.605150425024371796e-06 3.921054950327374725e-06 3.686025068155638739e-06
1.670756683949297106e+00 3.672153515056740417e-05 1.191727884264441031e-06 1.229030583497754767e-06 2.467701013579563947e-06 2.298850779912880006e-06 3.460428912774170956e-06 3.254280437836052427e-06
1.679982286842446326e+00 3.281852789795938508e-05 1.066648930358125023e-06 1.098673773787998780e-06 2.179904834874189291e-06 2.062188514125643760e-06 3.088696264051969459e-06 2.910697455326464832e-06
1.689207889735595547e+00 2.968672342501563161e-05 9.607292184519165053e-07 9.836078298351403043e-07 1.963099675431267336e-06 1.872561534544447460e-06 2.787011708760404633e-06 2.633241988511135148e-06
1.698433492628744546e+00 2.714040184745272115e-05 8.838319719492477450e-07 9.042226876946800817e-07 1.817952970245267360e-06 1.718571147991554974e-06 2.539066296059998409e-06 2.406321929822840389e-06
1.707659095521893766e+00 2.504534530463099016e-05 8.164845006740034205e-07 8.429320509125475740e-07 1.697741467449630958e-06 1.592020001709799410e-06 2.335863243233850250e-06 2.218576331122953645e-06
1.716884698415042543e+00 2.330386800172985616e-05 7.647052486793323256e-07 7.913950054755193651e-07 1.572011667538813346e-06 1.484759253441430432e-06 2.167632976660691189e-06 2.061682715372729408e-06
1.726110301308191763e+00 2.184282913883241987e-05 7.142635192394193664e-07 7.433903192539071064e-07 1.466598058533197089e-06 1.391388108190310925e-06 2.027062206343913114e-06 1.929381004357961019e-06
1.735335904201340984e+00 2.060716131036312925e-05 6.727501337817199225e-07 6.983045096229062269e-07 1.371234382036878218e-06 1.311989361203898773e-06 1.916715477393433176e-06 1.816928331738687996e-06
1.744561507094489761e+00 1.955456485683503508e-05 6.397791555916983403e-07 6.611998784576598412e-07 1.300358372612409535e-06 1.243935506301163316e-06 1.821199349479491478e-06 1.720670790543970933e-06
1.753787109987638981e+00 1.865210361697215336e-05 6.086095889376960015e-07 6.306927927389573217e-07 1.238082393411274338e-06 1.189426218864613139e-06 1.732553962823573323e-06 1.637736717123851148e-06
1.763012712880787980e+00 1.787363380652542415e-05 5.836906065947797945e-07 6.063291672421701603e-07 1.182770415253493951e-06 1.143329284215382325e-06 1.655721668811125865e-06 1.565851347880281027e-06
1.772238315773937201e+00 1.719904924808532155e-05 5.615233743415871308e-07 5.795984443039715330e-07 1.139100473596697599e-06 1.096464044598619377e-06 1.588811939749408314e-06 1.506293744819198226e-06
1.781463918667086421e+00 1.661145185063471539e-05 5.447098298503956948e-07 5.560804655554014422e-07 1.103834932426076633e-06 1.055337490882163771e-06 1.530240795376402855e-06 1.459644672971666877e-06
1.790689521560235198e+00 1.609798763130228360e-05 5.320224007521153810e-07 5.386501833157398406e-07 1.070093475003628135e-06 1.022122203355627730e-06 1.482274708974728593e-06 1.415571179756735216e-06
1.799915124453384419e+00 1.564719435275873456e-05 5.192097405790302520e-07 5.235261441299324372e-07 1.038247760918690343e-06 9.922252203339325849e-07 1.440389709304231840e-06 1.374449612053272335e-06
1.809140727346533417e+00 1.525044493492709225e-05 5.077134847539715784e-07 5.115447365528310491e-07 1.010542402876050787e-06 9.652184021402535519e-07 1.403702696832592983e-06 1.338186921420168624e-06
1.818366330239682416e+00 1.490039545939519363e-05 4.955996449763172237e-07 4.997605672006431149e-07 9.875128422729640624e-07 9.407492636826473870e-07 1.371496512198269626e-06 1.306125594914059050e-06
1.827591933132831414e+00 1.459074402309909443e-05 4.832900074579186712e-07 4.896601383180835062e-07 9.688256290289097111e-07 9.214550875012425589e-07 1.343155969085407133e-06 1.277703509641273805e-06
1.836817536025980635e+00 1.431617315644668353e-05 4.754121719797756434e-07 4.792021772952335045e-07 9.503212630083896276e-07 9.043545386105924009e-07 1.318164703692629753e-06 1.252441112768359807e-06
1.846043138919129634e+00 1.407257865308910884e-05 4.698660438878575040e-07 4.698617902867156050e-07 9.330529388746256516e-07 8.889518000611997656e-07 1.296119171659193596e-06 1.229978788171123317e-06
1.855268741812278410e+00 1.385600235405323755e-05 4.629956319730693160e-07 4.627517467895008997e-07 9.190014637501306015e-07 8.735675711677698933e-07 1.276636044360974603e-06 1.209958293714177171e-06
1.864494344705427187e+00 1.366332905885855881e-05 4.578827797552668705e-07 4.564183010086522144e-07 9.065038897665205034e-07 8.598426399617127309e-07 1.259416442913864159e-06 1.192103277283536566e-06
1.873719947598576185e+00 1.349173411836640636e-05 4.498935984168304084e-07 4.510328965454200851e-07 8.953775326906132344e-07 8.475866543479274853e-07 1.244188255069199358e-06 1.178780423097864781e-06
1.882945550491724962e+00 1.333911983495925937e-05 4.450765037140608243e-07 4.464008256481517308e-07 8.854849715842003625e-07 8.366491057868668206e-07 1.230748804238507890e-06 1.169912946096584379e-06
1.892171153384873961e+00 1.320315048187639059e-05 4.392257079082303772e-07 4.422253680140898530e-07 8.752270082475193676e-07 8.267658728397689436e-07 1.218873491252543686e-06 1.162133925742974514e-06
1.901396756278022737e+00 1.308231293044413684e-05 4.341476204229990975e-07 4.380995584574710303e-07 8.658417505299583112e-07 8.177744267186238224e-07 1.208413711965077597e-06 1.155357652696329795e-06
1.910622359171171736e+00 1.297468773016680769e-05 4.295528044917868913e-07 4.339465307657628925e-07 8.580472952517392691e-07 8.096666500213071081e-07 1.199188621294796695e-06 1.149452444757158130e-06
1.919847962064320512e+00 1.287952434228259019e-05 4.255485569229422915e-07 4.301574678513694433e-07 8.513550400998715127e-07 8.031412549575333979e-07 1.191128465016267840e-06 1.144384304248058075e-06
1.929073564957469289e+00 1.279520114955775992e-05 4.232767798168721998e-07 4.266235415887565329e-07 8.453526775492921369e-07 7.972699069250801195e-07 1.184075221545368120e-06 1.135146543692106707e-06
1.938299167850618288e+00 1.272077868045269336e-05 4.219297998472992654e-07 4.251513537657700917e-07 8.399866534628884458e-07 7.917998224599898967e-07 1.177940421732598972e-06 1.125121007463408449e-06
1.947524770743767064e+00 1.265536219322856799e-05 4.212384030137608534e-07 4.220480476432349740e-07 8.352026337919137439e-07 7.869568052183432342e-07 1.172641051460853207e-06 1.116049040587741766e-06
1.956750373636916063e+00 1.259798021322144621e-05 4.187950605670415395e-07 4.193725170810050438e-07 8.309339700478397242e-07 7.826699295049017422e-07 1.168080971151778553e-06 1.107832273169600005e-06
1.965975976530064839e+00 1.254819871589456852e-05 4.163515985118907222e-07 4.169850032285289687e-07 8.271554806156893681e-07 7.789093863556947845e-07 1.164222114373957606e-06 1.100420096956119495e-06
1.975201579423213616e+00 1.250518659336284446e-05 4.141510044331327611e-07 4.147412863266672291e-07 8.238135187636829658e-07 7.756188840453706129e-07 1.160984696533419791e-06 1.093731513290511625e-06
1.984427182316362615e+00 1.246726686528454931e-05 4.120557347661035899e-07 4.137818989006682841e-07 8.208276565164361924e-07 7.727194220304920954e-07 1.158224566848928340e-06 1.087634849581973540e-06
1.993652785209511391e+00 1.243728331230539852e-05 4.104024966439865209e-07 4.125724205363916458e-07 8.182998807426639332e-07 7.702971516166073722e-07 1.156168970070061409e-06 1.082297668511763127e-06
2.002878388102660168e+00 1.241135185206313923e-05 4.085788356802116933e-07 4.116097403388569874e-07 8.171162904755681198e-07 7.681936763837584866e-07 1.154491741489534353e-06 1.077445811189440932e-06
2.012103990995809166e+00 1.239037940199069833e-05 4.087845002262995725e-07 4.093717877563081908e-07 8.168429476485523726e-07 7.664121764036790652e-07 1.153266191384488904e-06 1.073125228134258510e-06
2.021329593888958165e+00 1.237362502403452054e-05 4.102534399129764659e-07 4.073143656832919668e-07 8.168173459325283058e-07 7.643154129141654278e-07 1.152421418959870177e-06 1.069269254390037218e-06
2.030555196782107164e+00 1.236106538924869378e-05 4.116080498622493462e-07 4.074039327376047389e-07 8.183752810875146843e-07 7.611211356169740507e-07 1.151957004612549277e-06 1.067829800731345891e-06
2.039780799675255718e+00 1.235233116419442144e-05 4.110304342112915560e-07 4.078680562893584202e-07 8.205746505421616244e-07 7.581710861067906724e-07 1.151837748657660792e-06 1.066758646954332345e-06
2.049006402568404717e+00 1.234701230941283304e-05 4.109836904505553368e-07 4.072387935323903843e-07 8.220183645299521385e-07 7.554667867674053013e-07 1.152023921103360887e-06 1.066006613368572620e-06
2.058232005461553715e+00 1.234494464336398320e-05 4.124024771852605572e-07 4.059768169496829417e-07 8.219684593173976080e-07 7.532227761139211427e-07 1.152502418766282398e-06 1.065550758414224422e-06
2.067457608354702270e+00 1.234618044437051196e-05 4.140369603536650587e-07 4.048506033721343888e-07 8.220756989618828578e-07 7.524341832161397282e-07 1.153279387959150795e-06 1.065396142416625628e-06
2.076683211247851268e+00 1.234953692636371806e-05 4.154436271828780607e-07 4.046110806092926844e-07 8.223189924100706897e-07 7.518004203525990473e-07 1.154237566196887729e-06 1.065448069262722288e-06
2.085908814141000267e+00 1.235588651054723678e-05 4.156857400607522112e-07 4.043674849032489284e-07 8.226283727504902219e-07 7.513745083754494502e-07 1.155467250348133704e-06 1.065769806430664563e-06
2.095134417034148822e+00 1.236457692392442084e-05 4.159910859917346294e-07 4.042295820815779877e-07 8.233882790916895899e-07 7.511109878246048258e-07 1.156902520400711514e-06 1.066313378880360619e-06
2.104360019927297820e+00 1.237562522810083183e-05 4.165514309638851197e-07 4.041945047616383161e-07 8.241749129288090334e-07 7.500546057073675889e-07 1.158546725120672535e-06 1.067076888120272257e-06
2.113585622820446819e+00 1.238869830174760160e-05 4.179596597873911859e-07 4.040941738747902276e-07 8.250933381811677715e-07 7.490779113383652844e-07 1.160368841275116180e-06 1.068028777750836553e-06
2.122811225713595817e+00 1.240396830848777067e-05 4.194461240694717191e-07 4.041159873667345045e-07 8.261551339408515948e-07 7.482453515640728731e-07 1.162386852667404613e-06 1.069182269317111157e-06
2.132036828606744372e+00 1.242088372499293669e-05 4.199718947683394666e-07 4.051381553688864130e-07 8.273231360326147585e-07 7.475198605240792769e-07 1.164546164141425482e-06 1.070493059272491007e-06
2.141262431499893371e+00 1.243945742489250147e-05 4.199901654705259622e-07 4.061900917011071423e-07 8.285981905755152591e-07 7.469004199959467747e-07 1.166848966622488276e-06 1.071961510170370933e-06
2.150488034393042369e+00 1.245989413493911731e-05 4.206781139349191433e-07 4.072587567784378856e-07 8.299958080081795139e-07 7.475232898738382899e-07 1.169317838145710509e-06 1.073598831293300272e-06
2.159713637286190924e+00 1.248162899847137681e-05 4.219764324720002142e-07 4.083085105342581199e-07 8.314774487371379781e-07 7.489090100755655126e-07 1.171896419288817468e-06 1.075361104563364416e-06
2.168939240179339922e+00 1.250477330934497086e-05 4.225099731430573507e-07 4.093824466498537448e-07 8.330502000053196805e-07 7.504003399481442313e-07 1.174596125946961628e-06 1.077257663434859190e-06
2.178164843072488921e+00 1.252931431576697477e-05 4.227699492109778483e-07 4.104832459478296818e-07 8.347147202432711021e-07 7.519913536861704158e-07 1.177417596843344786e-06 1.079283120932313656e-06
2.187390445965637920e+00 1.255499776370281765e-05 4.245987569455135150e-07 4.116032566150191471e-07 8.364543520700936307e-07 7.536662640598273120e-07 1.180336318477415064e-06 1.081415610539653176e-06
2.196616048858786474e+00 1.258220050430897615e-05 4.264905814020167584e-07 4.127521000478937653e-07 8.382909614335095727e-07 7.554559030032445902e-07 1.183387396326515095e-06 1.083694481780420675e-06
2.205841651751935473e+00 1.261016950203400720e-05 4.280425877589724118e-07 4.139102858786868929e-07 8.401787331330051961e-07 7.573035216363723583e-07 1.186500411234979962e-06 1.086045851606114594e-06
2.215067254645084471e+00 1.263921022242528176e-05 4.285072335242427581e-07 4.150889847453961010e-07 8.421375750353750475e-07 7.592270675627563068e-07 1.189705647037275871e-06 1.088495742957637502e-06
2.224292857538233026e+00 1.266953023980324356e-05 4.289690570168851018e-07 4.162912645014488086e-07 8.441780213997513766e-07 7.609420568509096881e-07 1.193021308240508287e-06 1.091069915085755149e-06
2.233518460431382024e+00 1.270056057389808364e-05 4.292773015821826785e-07 4.175030019336293673e-07 8.462657173646424906e-07 7.623433345211753025e-07 1.196394500634406554e-06 1.093711732186349790e-06
2.242744063324531023e+00 1.273250151672415860e-05 4.299910098138182526e-07 4.187305931587655513e-07 8.484131266111060766e-07 7.638135071441448621e-07 1.199844590025140047e-06 1.096439949203791220e-06
2.251969666217680022e+00 1.276108548356283524e-05 4.310985867120562833e-07 4.198710669674851246e-07 8.503682074633074525e-07 7.651877636959456387e-07 1.202975686325720019e-06 1.098818016137737395e-06
2.261195269110828576e+00 1.279536408525922044e-05 4.329543239455449244e-07 4.211434139242941217e-07 8.526644677134883211e-07 7.668102128902030371e-07 1.206628052743328295e-06 1.101773808250908147e-06
2.270420872003977575e+00 1.283036328632683531e-05 4.348094768078539864e-07 4.224263554569670397e-07 8.550076912110657009e-07 7.684883207386511791e-07 1.210339416610801304e-06 1.104800127329456989e-06
2.279646474897126573e+00 1.286802852257812137e-05 4.367281058243004642e-07 4.237671848917550605e-07 8.575124074768927346e-07 7.702955788204012873e-07 1.214290547831588230e-06 1.108096370028465168e-06
2.288872077790275128e+00 1.290249768811466095e-05 4.374804325843313987e-07 4.250277706806560875e-07 8.598347405276033029e-07 7.720107241822204194e-07 1.217939462828892909e-06 1.111057162863216861e-06
2.298097680683424127e+00 1.293953653522305556e-05 4.377067547783019386e-07 4.263439229826788458e-07 8.623123004809261720e-07 7.738486749063323128e-07 1.221819292804818510e-06 1.114279307844830738e-06
2.307323283576573125e+00 1.297716489853333468e-05 4.379678921610089725e-07 4.276689222765459584e-07 8.648287494236678384e-07 7.757104918130017940e-07 1.225746931425978863e-06 1.117558775462962123e-06
2.316548886469722124e+00 1.301537115541221918e-05 4.380461731508942304e-07 4.288920126182024079e-07 8.673830442460904471e-07 7.776142522674544698e-07 1.229721347065362031e-06 1.120895111868198062e-06
2.325774489362870678e+00 1.305410898313446326e-05 4.381275752034698715e-07 4.298671954981083255e-07 8.699727326498401945e-07 7.795622335193529850e-07 1.233738710540957341e-06 1.124282706483990525e-06
2.335000092256019677e+00 1.309337445670332571e-05 4.391262804359121597e-07 4.308532398025856017e-07 8.726641084138060412e-07 7.815531860292087370e-07 1.237798740661621156e-06 1.127721642529154786e-06
2.344225695149168676e+00 1.313347295808714113e-05 4.404613390246460132e-07 4.318518876576411532e-07 8.760602920066029641e-07 7.835910660892738777e-07 1.241927728337606707e-06 1.131250756857106880e-06
2.353451298042317230e+00 1.317333500678080924e-05 4.417836910255261564e-07 4.328541165785774119e-07 8.793932952616276489e-07 7.856549657337126000e-07 1.246032858928863092e-06 1.134739147148069126e-06
2.362676900935466229e+00 1.321400051933962284e-05 4.431359510062939967e-07 4.338677988266072369e-07 8.828090948425237650e-07 7.877627099813042273e-07 1.250204292360148473e-06 1.138315655612450884e-06
2.371902503828615227e+00 1.325505011115723422e-05 4.444488577113933484e-07 4.348881289713849913e-07 8.862542153595510090e-07 7.899039302545278035e-07 1.254405094349076954e-06 1.141931016670045296e-06
2.381128106721764226e+00 1.329650522224296396e-05 4.450150248273244486e-07 4.359163402154444313e-07 8.897288744088615914e-07 7.920800718358891987e-07 1.258637804367023215e-06 1.145586229288440562e-06
2.390353709614912781e+00 1.333838500982540925e-05 4.455970874174743106e-07 4.369536037982622184e-07 8.932334405522345086e-07 7.942921932771670888e-07 1.262904745358809052e-06 1.149282224143564514e-06
2.399579312508061779e+00 1.338057201898242373e-05 4.461903789985549606e-07 4.379950758024297867e-07 8.967628255507947892e-07 7.965323784332423672e-07 1.267193996628626504e-06 1.153010524546585564e-06
2.408804915401210778e+00 1.342309203448108843e-05 4.473763562937327516e-07 4.390422724458624491e-07 9.003173371740383568e-07 7.988023227039322746e-07 1.271508530223852858e-06 1.156772392809415681e-06
2.418030518294359332e+00 1.346593415206872519e-05 4.487385474787343432e-07 4.400949441119486453e-07 9.038962642067699946e-07 8.010956287703828872e-07 1.275847464307026512e-06 1.160566788827427275e-06
2.427256121187508331e+00 1.350914017828903625e-05 4.501163973974297807e-07 4.411551603753381727e-07 9.075009425268854322e-07 8.034201165809844788e-07 1.280215439403793983e-06 1.164396273644491015e-06
2.436481724080657330e+00 1.355260357450103449e-05 4.516748309679187548e-07 4.422183938269861052e-07 9.111270837859658289e-07 8.057684558153822927e-07 1.285023095688246462e-06 1.168253354820287339e-06
2.445707326973806328e+00 1.359633751928948960e-05 4.535743432778140837e-07 4.432858114788090298e-07 9.147737762295678101e-07 8.081420313017517200e-07 1.290449505234684741e-06 1.172138051090991916e-06
2.454932929866954883e+00 1.364034518464321150e-05 4.554845851462440586e-07 4.443575117501078809e-07 9.184416265453075091e-07 8.105406354374724312e-07 1.295895134128970171e-06 1.176050730736660584e-06
2.464158532760103881e+00 1.368459667023367120e-05 4.574045277385323314e-07 4.461780309023528706e-07 9.221287665095542519e-07 8.126764186457555503e-07 1.301357271597697418e-06 1.179988851696559272e-06
2.473384135653252880e+00 1.372907782874502394e-05 4.588583753126740091e-07 4.480242641009482421e-07 9.258335670467036975e-07 8.146341396161665624e-07 1.306834473306176929e-06 1.183950760223131469e-06
2.482609738546401434e+00 1.377380351273114379e-05 4.601378307539400619e-07 4.498695329459144492e-07 9.295573871620476378e-07 8.166060851137360810e-07 1.312328758826494563e-06 1.187937793767804314e-06
2.491835341439550433e+00 1.381875722410965560e-05 4.620191020763405671e-07 4.517133424961255800e-07 9.332991203028449936e-07 8.185912766352969414e-07 1.317838613221026999e-06 1.191948497997529979e-06
2.501060944332699432e+00 1.386390417918293578e-05 4.639050349314941641e-07 4.535547664623832277e-07 9.370560098254546535e-07 8.205879340709592201e-07 1.323360681374533294e-06 1.195979606606979568e-06
2.510286547225848430e+00 1.390922817188838126e-05 4.649094429945138104e-07 4.553928499693704602e-07 9.408290170102805139e-07 8.225936217173217252e-07 1.328894284337126008e-06 1.200030803105326410e-06
2.519512150118996985e+00 1.395476605508851325e-05 4.660246452264811534e-07 4.572300211171954741e-07 9.446172938521813970e-07 8.246128319861201737e-07 1.334442159097321148e-06 1.204103306953248302e-06
2.528737753012145983e+00 1.400045915335987253e-05 4.671839713249895321e-07 4.590635260738244419e-07 9.484199601586760375e-07 8.286845167863467985e-07 1.339999765082870080e-06 1.208193752557230709e-06
2.537963355905294982e+00 1.404634010639684266e-05 4.683566163138034720e-07 4.608954611058973860e-07 9.522362884878878973e-07 8.329143292380864481e-07 1.345569500939596056e-06 1.212303253834251290e-06
2.547188958798443537e+00 1.409239112914400605e-05 4.698523551791250301e-07 4.627246742507829154e-07 9.560682409471310978e-07 8.358341982440304789e-07 1.351151056533937586e-06 1.216431917880211611e-06
2.556414561691592535e+00 1.413856734075853425e-05 4.723351178358113769e-07 4.645499675846018645e-07 9.599106279175073810e-07 8.384382606678987901e-07 1.356739085953134280e-06 1.220574771211865677e-06
2.565640164584741534e+00 1.418481969956685785e-05 4.748256927639590402e-07 4.663554798074725512e-07 9.637375250227557993e-07 8.409818787457716278e-07 1.362328979894464939e-06 1.224727816397912786e-06
2.574865767477890532e+00 1.423136516563487700e-05 4.773300156753442408e-07 4.680378705588782184e-07 9.675815926668817355e-07 8.435019720985586453e-07 1.367943082184205382e-06 1.228909015698780567e-06
2.584091370371039087e+00 1.427792630393464785e-05 4.798423430811491608e-07 4.697119191805489521e-07 9.713973486374539589e-07 8.456917697549328405e-07 1.373553918376202681e-06 1.233096096541738050e-06
2.593316973264188086e+00 1.432465291894092733e-05 4.823635067083238893e-07 4.708725915468048811e-07 9.735502586200552906e-07 8.487518430583861285e-07 1.379175745126157791e-06 1.237299898924279224e-06
2.602542576157337084e+00 1.437147837370579927e-05 4.848711757193295492e-07 4.716927270323673023e-07 9.757064915200034489e-07 8.513831769748730601e-07 1.384803118417088705e-06 1.241516418681750501e-06
2.611768179050485639e+00 1.441844250638364549e-05 4.873549350016867483e-07 4.725237643804231901e-07 9.778706387165941009e-07 8.540334721796388268e-07 1.390439659163378503e-06 1.245748007588365144e-06
2.620993781943634637e+00 1.446547686969424650e-05 4.898460119647206492e-07 4.743735604556443029e-07 9.800376145450515205e-07 8.567006251399626976e-07 1.396078528179064564e-06 1.249988942341972412e-06
2.630219384836783636e+00 1.451259577681257618e-05 4.920800204133790406e-07 4.762552631886401928e-07 9.822068375289634128e-07 8.593859904193346523e-07 1.401721949196995680e-06 1.254241106366881761e-06
2.639444987729932635e+00 1.455985359682637799e-05 4.940071371878632306e-07 4.781757278504732465e-07 9.843854066658670526e-07 8.620899994419551189e-07 1.407374384387784921e-06 1.258507361021775331e-06
2.648670590623081189e+00 1.460716393999261445e-05 4.959178831311176892e-07 4.801542379354733369e-07 9.865634148931060976e-07 8.648104730204549405e-07 1.413028487954709852e-06 1.262782241591846761e-06
2.657896193516230188e+00 1.465457082623526943e-05 4.977762434122645190e-07 4.821825340564307917e-07 9.887745229047585318e-07 8.675478301328035688e-07 1.418688035305535345e-06 1.267068175061387416e-06
2.667121796409379186e+00 1.470206428155490118e-05 4.996395096711824603e-07 4.841671059961725337e-07 9.909968284997886683e-07 8.703021825283728313e-07 1.424352608971923194e-06 1.271364916273698807e-06
2.676347399302527741e+00 1.474964232975635205e-05 5.014705861504669440e-07 4.860371045764813131e-07 9.932232445181411821e-07 8.730722993297699875e-07 1.430021564147152227e-06 1.275671492623820972e-06
2.685573002195676739e+00 1.479726497633076275e-05 5.031697348312961468e-07 4.879000532940992643e-07 9.954481979013066439e-07 8.758576695080215864e-07 1.435691988342096092e-06 1.279985852514062129e-06
2.694798605088825738e+00 1.484495972655398832e-05 5.048718285459312708e-07 4.897559233788154151e-07 9.976751998377326569e-07 8.786585486459885471e-07 1.441366121363019375e-06 1.284309452210578864e-06
2.704024207981974737e+00 1.489273174533079263e-05 5.065770767765960249e-07 4.914664677040130107e-07 1.001111393595798495e-06 8.814744236698141943e-07 1.447044357471227876e-06 1.288642254240111818e-06
2.713249810875123291e+00 1.494053793260639374e-05 5.082840947212375140e-07 4.930224694341707318e-07 1.004988633801406954e-06 8.843032497063352466e-07 1.452722525845447251e-06 1.292980796373054860e-06
2.722475413768272290e+00 1.498841037052660680e-05 5.095502084182546720e-07 4.945760652023529867e-07 1.008878318561120475e-06 8.871478376391627390e-07 1.458404825012745638e-06 1.297328806888840740e-06
2.731701016661421288e+00 1.503631278994805777e-05 5.107694035759751170e-07 4.961262695199965982e-07 1.012776582002935640e-06 8.900049677416602161e-07 1.464086955900738537e-06 1.301682234700141656e-06
2.740926619554569843e+00 1.508429566363708374e-05 5.119884547612202222e-07 4.976749577733563447e-07 1.016686449757928698e-06 8.928769572195845150e-07 1.469774116027738225e-06 1.306045220019952705e-06
2.750152222447718842e+00 1.513227045822129766e-05 5.132033444065714440e-07 4.991683355530805765e-07 1.020603378269333811e-06 8.957601451110160741e-07 1.475457792584538167e-06 1.310410948435993789e-06
2.759377825340867840e+00 1.518034387024572792e-05 5.144197010356769191e-07 5.006186412456989387e-07 1.024531986930072544e-06 8.988696477566245595e-07 1.481148216256486326e-06 1.314787087282666704e-06
