2.306400723287267349e-02 1.943525371799456320e+17 3.200000000000000000e+01 -3.200000000000000000e+01 3.200000000000000000e+01 -3.200000000000000000e+01 3.200000000000000000e+01 -3.200000000000000000e+01
3.228961012602173802e-02 4.056481922928184375e+14 1.750000000000000000e+00 1.875000000000000000e+00 3.937500000000000000e+00 3.437500000000000000e+00 5.437500000000000000e+00 4.875000000000000000e+00
4.151521301917080603e-02 7.339012828399170898e+12 1.761718750000000000e+00 1.832031250000000000e+00 3.954101562500000000e+00 3.372070312500000000e+00 5.455078125000000000e+00 4.807617187500000000e+00
5.074081591231988098e-02 4.110522231387640991e+11 1.553649902343750000e+00 1.616088867187500000e+00 3.491455078125000000e+00 2.972045898437500000e+00 4.810302734375000000e+00 4.243041992187500000e+00
5.996641880546894204e-02 4.540632264703507996e+10 1.313796997070312500e+00 1.370643615722656250e+00 2.962715148925781250e+00 2.517608642578125000e+00 4.074958801269531250e+00 3.599815368652343750e+00
6.919202169861800311e-02 7.835937855348196983e+09 1.097408294677734375e+00 1.143319129943847656e+00 2.472759246826171875e+00 2.097400665283203125e+00 3.394984245300292969e+00 3.003906250000000000e+00
7.841762459176707112e-02 1.847159204203089952e+09 9.104459285736083984e-01 9.450614452362060547e-01 2.045545339584350586e+00 1.731569528579711914e+00 2.803040027618408203e+00 2.484433889389038086e+00
8.764322748491613913e-02 5.470798208564261198e+08 7.490388154983520508e-01 7.737578153610229492e-01 1.680229902267456055e+00 1.419171690940856934e+00 2.297618985176086426e+00 2.040325045585632324e+00
9.686883037806519325e-02 1.926537564769888222e+08 6.101025640964508057e-01 6.279093921184539795e-01 1.369049251079559326e+00 1.153465539216995239e+00 1.867763668298721313e+00 1.662118583917617798e+00
1.060944332712142474e-01 7.765172741585186124e+07 4.906307607889175415e-01 5.037962347269058228e-01 1.103206738829612732e+00 9.268423318862915039e-01 1.501163557171821594e+00 1.339104712009429932e+00
1.153200361643633154e-01 3.486082254990367591e+07 3.884897977113723755e-01 3.975995406508445740e-01 8.747008442878723145e-01 7.324056103825569153e-01 1.186659485101699829e+00 1.061545655131340027e+00
1.245456390575123834e-01 1.708483848451565951e+07 3.005904778838157654e-01 3.071859516203403473e-01 6.767583042383193970e-01 5.643314532935619354e-01 9.148270450532436371e-01 8.212009556591510773e-01
1.337712419506614514e-01 9.002731053944915533e+06 2.240668907761573792e-01 2.282171193510293961e-01 5.037982258945703506e-01 4.178311955183744431e-01 6.779173072427511215e-01 6.112828832119703293e-01
1.429968448438105333e-01 5.041207694892134517e+06 1.564985057339072227e-01 1.589075187221169472e-01 3.512595538049936295e-01 2.891613645479083061e-01 4.696121187880635262e-01 4.262461522594094276e-01
1.522224477369596152e-01 2.972262417342757341e+06 9.587496379390358925e-02 9.741921816021203995e-02 2.154097300954163074e-01 1.786358552053570747e-01 2.847560215741395950e-01 2.615550244227051735e-01
1.614480506301086971e-01 1.831609622483286075e+06 4.077243828214704990e-02 4.222989291884005070e-02 9.315447648987174034e-02 7.732426119036972523e-02 1.205955487675964832e-01 1.134708810131996870e-01
1.706736535232577512e-01 1.172682667259654962e+06 9.784079622477293015e-03 9.276062948629260063e-03 1.841664337553083897e-02 1.949663157574832439e-02 2.358614699915051460e-02 2.715141652151942253e-02
1.798992564164068331e-01 7.762552156699361512e+05 5.550167220644652843e-02 5.351482331752777100e-02 1.066425751196220517e-01 1.207832318032160401e-01 1.448083143914118409e-01 1.679778527468442917e-01
1.891248593095559150e-01 5.291054123912617797e+05 9.939576417673379183e-02 9.661836025770753622e-02 1.875992476707324386e-01 2.155063071986660361e-01 2.598894747206941247e-01 2.948858038289472461e-01
1.983504622027049968e-01 3.700978069380248198e+05 1.403597446042113006e-01 1.354752607294358313e-01 2.629498760215938091e-01 3.053849176503717899e-01 3.683268235763534904e-01 4.137142268591560423e-01
2.075760650958540787e-01 2.648977024220996536e+05 1.795588677050545812e-01 1.736725728260353208e-01 3.355544458609074354e-01 3.913507609395310283e-01 4.718997827148996294e-01 5.263939058058895171e-01
2.168016679890031329e-01 1.935357651487945986e+05 2.177701241453178227e-01 2.106031780422199517e-01 4.054149342991877347e-01 4.747783184866420925e-01 5.722566486510913819e-01 6.346808064554352313e-01
2.260272708821522147e-01 1.440284365519713901e+05 2.556182707485277206e-01 2.474480942182708532e-01 4.729385292739607394e-01 5.569896439556032419e-01 6.709760199300944805e-01 7.408365271694492549e-01
2.352528737753012689e-01 1.089790671005370386e+05 2.931101498979842290e-01 2.831520840700250119e-01 5.416808753798250109e-01 6.379853340622503310e-01 7.696262887475313619e-01 8.492560654703993350e-01
2.444784766684503230e-01 8.370451212248229422e+04 3.325095325999427587e-01 3.203661268635187298e-01 6.168960030627204105e-01 7.188084939989494160e-01 8.698274658527225256e-01 9.594133745704311877e-01
2.537040795615994049e-01 6.517033541550976224e+04 3.736045719997491688e-01 3.572218824410811067e-01 6.946070262783905491e-01 8.014839942698017694e-01 9.733201849376200698e-01 1.073227497181505896e+00
2.629296824547484590e-01 5.136848974481509504e+04 4.166109146754024550e-01 3.963800658893887885e-01 7.794422207734896801e-01 8.874283011755323969e-01 1.082047925330698490e+00 1.192842625074263196e+00
2.721552853478975686e-01 4.094423281299138034e+04 4.625952795104240067e-01 4.390749145240988582e-01 8.690683815511874855e-01 9.779270805884152651e-01 1.198260569937701803e+00 1.320742714015068486e+00
2.813808882410466228e-01 3.296718942556211550e+04 5.079305351537186652e-01 4.891290992381982505e-01 9.535262577046523802e-01 1.076544077775906771e+00 1.320058815748780034e+00 1.459902585207601078e+00
2.906064911341957324e-01 2.678782304182059306e+04 5.661459094080782961e-01 5.484855056020023767e-01 1.046172473514161538e+00 1.181311966167413630e+00 1.451841396348754643e+00 1.613994402428943431e+00
2.998320940273447865e-01 2.194565010401182008e+04 6.271291137709340546e-01 6.089151372107153293e-01 1.161420359694602666e+00 1.305323659322311869e+00 1.598429721540014725e+00 1.784506485251768027e+00
3.090576969204938407e-01 1.810944520381616167e+04 6.933767577029357199e-01 6.732439872903341893e-01 1.313470325472735567e+00 1.432150702494254801e+00 1.764965244507038733e+00 1.969089845872076694e+00
3.182832998136429503e-01 1.503759298634661536e+04 7.759750519617227837e-01 7.620064101538446266e-01 1.497671681592692039e+00 1.588522275123978034e+00 1.993621528894436779e+00 2.181184029448559158e+00
3.275089027067920044e-01 1.255133325716861873e+04 8.829560802350897575e-01 8.676731182913499651e-01 1.677849046878691297e+00 1.799637572587016621e+00 2.266276476129860384e+00 2.428909470798316761e+00
3.367345055999411141e-01 1.051635806476128164e+04 1.012607716074853670e+00 9.882296684427274158e-01 1.907786984218546422e+00 2.020903421565890312e+00 2.572632373648957582e+00 2.722943899738311302e+00
3.459601084930901682e-01 8.829837703050499840e+03 1.154970308531119372e+00 1.151050396121718222e+00 2.190772578815085581e+00 2.254086981620275765e+00 2.953178943107559462e+00 3.126834422677347902e+00
3.551857113862392223e-01 7.410904898994763244e+03 1.368340733987679414e+00 1.348716689246430178e+00 2.636224990703340154e+00 2.652025631160540797e+00 3.436325494287302718e+00 3.701260864384494198e+00
3.644113142793883320e-01 6.193135622664406583e+03 1.629477852412492211e+00 1.607009895018563839e+00 3.102857133176257776e+00 3.154677610635189922e+00 4.062663846109899168e+00 4.472704535497541656e+00
3.736369171725373861e-01 5.117728717521037652e+03 1.967007121374990675e+00 2.012123831755161518e+00 3.777509956630638044e+00 3.712429062401497504e+00 5.179903970641134947e+00 5.395939981020092091e+00
3.828625200656864958e-01 4.126009549830700053e+03 2.517103988521739666e+00 2.481503368422636413e+00 4.894508705398948223e+00 4.857133699642872671e+00 6.769792156488620094e+00 6.589050228715677804e+00
3.920881229588355499e-01 3.150571957492468300e+03 3.277502920240294770e+00 3.249421784593778284e+00 6.610503584042362490e+00 6.112430523654438730e+00 9.347246736893794150e+00 8.016757487591803510e+00
4.013137258519846040e-01 2.114579458948917818e+03 4.229117221830620110e+00 4.102686198583342048e+00 8.386817705698376813e+00 8.074454865931784298e+00 1.231092408466429333e+01 1.118586104361156686e+01
4.105393287451337136e-01 1.026131363916969804e+03 4.110536996782684582e+00 3.897801102564130815e+00 8.704692458422414347e+00 8.405749783398164254e+00 1.216294082240642638e+01 1.123773514337403867e+01
4.197649316382827678e-01 4.688183262352317797e+02 8.328762903253164041e-01 8.882563726194234732e-01 1.962189995789515251e+00 1.840228950946936948e+00 2.551989413018645791e+00 2.493008561278202251e+00
4.289905345314318219e-01 1.274912206655501450e+03 5.988307183311917470e+00 6.727509542751249683e+00 1.366596868063948023e+01 1.407645588995774233e+01 1.765347003792658143e+01 1.819351020681460795e+01
4.382161374245809315e-01 2.145660535743968012e+03 4.743894870205167535e+00 4.832497733659693040e+00 9.628020516681772278e+00 9.595457385867575795e+00 1.192843427068100937e+01 1.398787317965434340e+01
4.474417403177299857e-01 2.389863158955281961e+03 2.304687798553914035e+00 2.491728584957400017e+00 4.702052361296409799e+00 4.876449592555673007e+00 5.858076611136766587e+00 6.871459875575510523e+00
4.566673432108790953e-01 2.329808406577772530e+03 1.066946934911356948e+00 1.091410569188610680e+00 2.128274522462106688e+00 2.291734123736205220e+00 2.594161097600590438e+00 3.388824160477270198e+00
4.658929461040280939e-01 2.174209174155706478e+03 4.606672348559186503e-01 4.704894103265360172e-01 9.066888942643345217e-01 1.023009913188161590e+00 1.117478638434022287e+00 1.513228046886524680e+00
4.751185489971772036e-01 1.998666588343508920e+03 1.581942718887603405e-01 1.603501575978043547e-01 3.096506959122962144e-01 3.643313143993509584e-01 3.782254013246983959e-01 5.181744924122995144e-01
4.843441518903262577e-01 1.828448647194916020e+03 4.569164094391453546e-03 4.480352067730564158e-03 8.278648211899053422e-03 9.651108338630365324e-03 1.070700851118999708e-02 1.438483884248853428e-02
4.935697547834753673e-01 1.671443491724893192e+03 8.966086806162820722e-02 8.795776879060213105e-02 1.914543152065562026e-01 1.806367886574662407e-01 2.723565579738078668e-01 2.331631480724354333e-01
5.027953576766244215e-01 1.529387222972836526e+03 1.356384014577542985e-01 1.344255303995396389e-01 3.022431257916196046e-01 2.687912344181313529e-01 4.256871723252970696e-01 3.527319140614508797e-01
5.120209605697735311e-01 1.401810224802612311e+03 1.614890957666830218e-01 1.603678454569035239e-01 3.633575725912123744e-01 3.165747840171206917e-01 5.085073896505036828e-01 4.173125796653494035e-01
5.212465634629225297e-01 1.287500652603283015e+03 1.727098064900474128e-01 1.727503108718337899e-01 3.914651901400247880e-01 3.404939153126633755e-01 5.500414507871482783e-01 4.508583422418723785e-01
5.304721663560716394e-01 1.185067990980073546e+03 1.764807622903390438e-01 1.771028811019732530e-01 4.061231104651596979e-01 3.479147941745850403e-01 5.668574863566391286e-01 4.677315953595098108e-01
5.396977692492206380e-01 1.093160401912425641e+03 1.770781607820026693e-01 1.796721523912765406e-01 4.104281110446663661e-01 3.486334309338872117e-01 5.650515155068660533e-01 4.721491391567269602e-01
5.489233721423698587e-01 1.010542752695127660e+03 1.739671064608501183e-01 1.781918096824028908e-01 4.043458532352133261e-01 3.443199780708710023e-01 5.539564045369615997e-01 4.687253782433344895e-01
5.581489750355188573e-01 9.361172642952896013e+02 1.704340952941265641e-01 1.750085591385186490e-01 3.943734872551658555e-01 3.374813404958558749e-01 5.380859576559942070e-01 4.603890997495909687e-01
5.673745779286679669e-01 8.689207633460098350e+02 1.636050551028347400e-01 1.698440583012370553e-01 3.812941728808709740e-01 3.283130705343637601e-01 5.196411350581229271e-01 4.490315138394862515e-01
5.766001808218169655e-01 8.081130766958992808e+02 1.586688713119883687e-01 1.642812379141105339e-01 3.659550320738844675e-01 3.182322000939166173e-01 4.999842641241230012e-01 4.358902137090581164e-01
5.858257837149661862e-01 7.529628630838653862e+02 1.533343529878266054e-01 1.588060955548371567e-01 3.526195179370006372e-01 3.075459301438741022e-01 4.799625747439222323e-01 4.217826493885468153e-01
5.950513866081151848e-01 7.028335612307065503e+02 1.471478782633539595e-01 1.530236614297564302e-01 3.393394521696109223e-01 2.966041943531081415e-01 4.634087530630495166e-01 4.072543662483667504e-01
6.042769895012642944e-01 6.571705147611114626e+02 1.412339037917718088e-01 1.474479264193178096e-01 3.262567811869985235e-01 2.856627606507800010e-01 4.477666772746715651e-01 3.929047857941441180e-01
6.135025923944132931e-01 6.154896062276091016e+02 1.367498422091557586e-01 1.421774649166991367e-01 3.141618740664853249e-01 2.747837690781125275e-01 4.323627535227387853e-01 3.786541557036571248e-01
6.227281952875624027e-01 5.773674117375504693e+02 1.316498747809191627e-01 1.374580030236529637e-01 3.023321492757986562e-01 2.633438320212917461e-01 4.171097239955088298e-01 3.646698890597690479e-01
6.319537981807114013e-01 5.424327558329708836e+02 1.264220328941974003e-01 1.321036331742106995e-01 2.906499446968382472e-01 2.532026194808167929e-01 4.021557010867127246e-01 3.510602458879930055e-01
6.411794010738606220e-01 5.103595019988296713e+02 1.212820555811049417e-01 1.273924173547129612e-01 2.795072348512803728e-01 2.434673547381862591e-01 3.875980318098299904e-01 3.378924977607198343e-01
6.504050039670096206e-01 4.808604095895236696e+02 1.163925062709267877e-01 1.224271471049291904e-01 2.691461702332276218e-01 2.341521247390119242e-01 3.734981795286103079e-01 3.252054350764410628e-01
6.596306068601587302e-01 4.536819002338632458e+02 1.122977925833197332e-01 1.184183601833410648e-01 2.589453336453857446e-01 2.252590349477827658e-01 3.593986464227327815e-01 3.130180611858577322e-01
6.688562097533077289e-01 4.285995950554203091e+02 1.085574628537528952e-01 1.139228811435373245e-01 2.491801352271636461e-01 2.167822302719173422e-01 3.452900332078456813e-01 3.013356845177668220e-01
6.780818126464568385e-01 4.054145032932447066e+02 1.046866480673998012e-01 1.102082417661449654e-01 2.398448958710446277e-01 2.087106750519751586e-01 3.318654910143550296e-01 2.901542153689433690e-01
6.873074155396059481e-01 3.839497609266055065e+02 1.002899546675735110e-01 1.056753205020299902e-01 2.309289847758577707e-01 2.010300812502805456e-01 3.190982357471057185e-01 2.794632115873696421e-01
6.965330184327550578e-01 3.640478338718817213e+02 9.661334087292061668e-02 1.015979152001023067e-01 2.224185730532326488e-01 1.937242469323336991e-01 3.069588111773668970e-01 2.692480446684157869e-01
7.057586213259040564e-01 3.455681140563100371e+02 9.331469362297184489e-02 9.760145066206860065e-02 2.142978748869950323e-01 1.867699848162374110e-01 2.954165421878087727e-01 2.595111798895572974e-01
7.149842242190531660e-01 3.283848482999504199e+02 8.989623221810916220e-02 9.420110430340855601e-02 2.065500246957867603e-01 1.799049115383581920e-01 2.844405233547036005e-01 2.503412728477201199e-01
7.242098271122021647e-01 3.123853496874052666e+02 8.701514398057952349e-02 9.095359523388424350e-02 1.991576943199220295e-01 1.727603038485199249e-01 2.740002821674352163e-01 2.415997776600988800e-01
7.334354300053513853e-01 2.974684492452078075e+02 8.406652856479013280e-02 8.763111280666180392e-02 1.921035237153319031e-01 1.659497014757675970e-01 2.640662138555853744e-01 2.332656145036935413e-01
7.426610328985003839e-01 2.835431525108695610e+02 8.113516606255188890e-02 8.462560745266500817e-02 1.853704174446875186e-01 1.594588811235553294e-01 2.546098557976961274e-01 2.253180980096658459e-01
7.518866357916494936e-01 2.705274712096152143e+02 7.852083472465665182e-02 8.166077102254121201e-02 1.789417444232412890e-01 1.539753784088588873e-01 2.456040494278681763e-01 2.177371621634165422e-01
7.611122386847984922e-01 2.583474049384541331e+02 7.599597571390859230e-02 7.876331063067709692e-02 1.728014678947715765e-01 1.490246971819146893e-01 2.370230235877670566e-01 2.105035046014904765e-01
7.703378415779476018e-01 2.469360516576092834e+02 7.345106736602247111e-02 7.577103783330585429e-02 1.669342251740886240e-01 1.442937248907298908e-01 2.288424234516526212e-01 2.035986730614922635e-01
7.795634444710966005e-01 2.362328290425950001e+02 7.093898926893871248e-02 7.325245933409973986e-02 1.611554808671655792e-01 1.395646348564127948e-01 2.210391651126428769e-01 1.970051104984520407e-01
7.887890473642458211e-01 2.261827914686504641e+02 6.898357552179845698e-02 7.083901675179049562e-02 1.557725434390135888e-01 1.348505081081441404e-01 2.135897436667164584e-01 1.907061708862443083e-01
7.980146502573948197e-01 2.167360296757024400e+02 6.655274925591925239e-02 6.855992681522593557e-02 1.508440567511399877e-01 1.303323570890313476e-01 2.064761381882647129e-01 1.846861144670128851e-01
8.072402531505439294e-01 2.078471420723268750e+02 6.423896523406824599e-02 6.645748168398313283e-02 1.459419053691419776e-01 1.258251514666426374e-01 1.996793514638568467e-01 1.789300888492846298e-01
8.164658560436929280e-01 1.994747682441534096e+02 6.209680397924444151e-02 6.439204771609752243e-02 1.412472686052979043e-01 1.212690750366789416e-01 1.931815889456913737e-01 1.734241006210766045e-01
8.256914589368421487e-01 1.915811765868060377e+02 5.974219524557611294e-02 6.240641469238994432e-02 1.367490325975211363e-01 1.168985150923163019e-01 1.869661910641866598e-01 1.681549808826616754e-01
8.349170618299911473e-01 1.841318991288507050e+02 5.772419891357571942e-02 6.046690250101960373e-02 1.324367352941919762e-01 1.132073713754095934e-01 1.810175652668419843e-01 1.631103471659116622e-01
8.441426647231402569e-01 1.770954075764234972e+02 5.586071912449597221e-02 5.857703056935292807e-02 1.283005333312701168e-01 1.101646352060754452e-01 1.753211192515777839e-01 1.582651580103515698e-01
8.533682676162892555e-01 1.704428254433315715e+02 5.411882617678998031e-02 5.655839918870242400e-02 1.243293311099193943e-01 1.071557777446798809e-01 1.696934603732245250e-01 1.534341710202795639e-01
8.625938705094383652e-01 1.641476718176917586e+02 5.266817817553715031e-02 5.467723945719171752e-02 1.205055510199315449e-01 1.038617131431749385e-01 1.638381011165392920e-01 1.488044320770427476e-01
8.718194734025873638e-01 1.581856329246529356e+02 5.091192571526903521e-02 5.307273177220395155e-02 1.168318256459315307e-01 1.007031269072058421e-01 1.582069299175259403e-01 1.443653662230985901e-01
8.810450762957365844e-01 1.525343581492296039e+02 4.933058014503899358e-02 5.150298439795619743e-02 1.133004371408503630e-01 9.767279589681265861e-02 1.527874276384295626e-01 1.401070734908103077e-01
8.902706791888855831e-01 1.471732776219991479e+02 4.820891257602966107e-02 5.002539540248562844e-02 1.099041242088389936e-01 9.475176646017757776e-02 1.475678479689008782e-01 1.360202830499588345e-01
8.994962820820346927e-01 1.420834388451517611e+02 4.706461968393682582e-02 4.862992441888991380e-02 1.066360530890335667e-01 9.194079723508252755e-02 1.433829193414055680e-01 1.320963103514998238e-01
9.087218849751836913e-01 1.372473601589000793e+02 4.553814728404859125e-02 4.711661437363545701e-02 1.034897900575799667e-01 8.923942319017896807e-02 1.393860991268809357e-01 1.283270171888943878e-01
9.179474878683329120e-01 1.326488991260275441e+02 4.431906705545429759e-02 4.593127847783762263e-02 1.008533623828782311e-01 8.673172459648981203e-02 1.355463564798924381e-01 1.247047745655152085e-01
9.271730907614816886e-01 1.282731341521868274e+02 4.298897694823722304e-02 4.460744159970886358e-02 9.753879934802967000e-02 8.435390453166746738e-02 1.318562515556607195e-01 1.212224282346312521e-01
9.363986936546309092e-01 1.241062578669319549e+02 4.192338716309507163e-02 4.337531934493199515e-02 9.472297842157217929e-02 8.186124875166456150e-02 1.283088035470285604e-01 1.182402072096522261e-01
9.456242965477800189e-01 1.201354809701627175e+02 4.101374180430639171e-02 4.239692206185452505e-02 9.201296190660457341e-02 7.941845405049718920e-02 1.248974613328641681e-01 1.155931555070139893e-01
9.548498994409290175e-01 1.163489454045772220e+02 4.014327633730374600e-02 4.127487257008510824e-02 8.941127992208919295e-02 7.719176971318120195e-02 1.216160762831606235e-01 1.130637454096330430e-01
9.640755023340780161e-01 1.127356458503718954e+02 3.905935774319857501e-02 3.997811463705147617e-02 8.688303214849213418e-02 7.504146762398988812e-02 1.184588771005508079e-01 1.106473256729429977e-01
9.733011052272271257e-01 1.092853586564542780e+02 3.838104337876302452e-02 3.892480966426603572e-02 8.443232954893176156e-02 7.307887653553279961e-02 1.154204465818082781e-01 1.079241325920889949e-01
9.825267081203763464e-01 1.059885774254691881e+02 3.733189318369056764e-02 3.736611576161408266e-02 8.206355941673848520e-02 7.105615089008665564e-02 1.124957001851072391e-01 1.052841627209915032e-01
9.917523110135253450e-01 1.028364545599624904e+02 3.629941125821289916e-02 3.615707562414627319e-02 7.966049085126769569e-02 6.958334848145852902e-02 1.095907234832793620e-01 1.027432429468149166e-01
1.000977913906674344e+00 9.982074815570310022e+01 3.528995292568026798e-02 3.528677449313022407e-02 7.713305863732955459e-02 6.814129909371047233e-02 1.066558484313731014e-01 1.002973662778572361e-01
1.010203516799823564e+00 9.693377369727716086e+01 3.438557377674555937e-02 3.444416010441386788e-02 7.467906798409273961e-02 6.671274021469741911e-02 1.038224088068346873e-01 9.794277086184877135e-02
1.019429119692972563e+00 9.416836007160739541e+01 3.354579544435409844e-02 3.365168777396831956e-02 7.245700110361497082e-02 6.527602261074605394e-02 1.010855138235768891e-01 9.567592666186897077e-02
1.028654722586121562e+00 9.151780946831758001e+01 3.299734744919646801e-02 3.268768862717763568e-02 7.066242616367901519e-02 6.400623241107439299e-02 9.816783194401068613e-02 9.349352324576898354e-02
1.037880325479270560e+00 8.897586078271957888e+01 3.239395891989715892e-02 3.202188546651996148e-02 6.949347081069845444e-02 6.272966712582217497e-02 9.528835461165385823e-02 9.139245863038070183e-02
1.047105928372419781e+00 8.653665617852365699e+01 3.171876037642107349e-02 3.166711240746167277e-02 6.841072354876587269e-02 6.107381775417763947e-02 9.248616812790544373e-02 8.936982913034796638e-02
1.056331531265569001e+00 8.419471050381022792e+01 3.067803742868591144e-02 3.117861261057441880e-02 6.692014868366413793e-02 5.998396622236157327e-02 8.975729729587555994e-02 8.742292016410146971e-02
1.065557134158718000e+00 8.194488328601386229e+01 3.021800619829662082e-02 3.039755635755625462e-02 6.456828199387132372e-02 5.895055081204247927e-02 8.709790764044100797e-02 8.554789455781985907e-02
1.074782737051866999e+00 7.978235306016387085e+01 2.971239357282229321e-02 2.980524064690825981e-02 6.227347351817513754e-02 5.810211666236853034e-02 8.496992534274738773e-02 8.374283527057002630e-02
1.084008339945015997e+00 7.770259380986212250e+01 2.937586661548152733e-02 2.912226965085551456e-02 6.059752593807843368e-02 5.751253283497703706e-02 8.312942176810622641e-02 8.200640243580892275e-02
1.093233942838165218e+00 7.570135332284137064e+01 2.902873215892043390e-02 2.897524017575392463e-02 5.997673937670811029e-02 5.690617408011178213e-02 8.135847515204375213e-02 8.033656039671654980e-02
1.102459545731314217e+00 7.377463328281332622e+01 2.831876216477269281e-02 2.885383562342269670e-02 5.979748756310243607e-02 5.606643516448173159e-02 7.965480772048749714e-02 7.873142976383462610e-02
1.111685148624463215e+00 7.191867093694705204e+01 2.742719588337649839e-02 2.843522015925259439e-02 5.838815605321201474e-02 5.493181102666255811e-02 7.829564553978229924e-02 7.718928335270902608e-02
1.120910751517612436e+00 7.012992219401711225e+01 2.707735565817870338e-02 2.813500131209423216e-02 5.684861926840767410e-02 5.416296006607979052e-02 7.644365379687201312e-02 7.570854294411333285e-02
1.130136354410761435e+00 6.840504602220978825e+01 2.669093450096227116e-02 2.771112736365921592e-02 5.475293245989121260e-02 5.386239131725290008e-02 7.516025065650921988e-02 7.428777687655951922e-02
1.139361957303910433e+00 6.674089002804242909e+01 2.649479691778822144e-02 2.699768470237984275e-02 5.384760107149588748e-02 5.324310465438486517e-02 7.458888104200411817e-02 7.292569849029462148e-02
1.148587560197059654e+00 6.513447710893332498e+01 2.621394039303481804e-02 2.659253695834706832e-02 5.283797510541887732e-02 5.270713026793316658e-02 7.378050558115489821e-02 7.162116545188723649e-02
1.157813163090208652e+00 6.358299308190856181e+01 2.593848560749023591e-02 2.651779420360611539e-02 5.121666805215596696e-02 5.242052770910987647e-02 7.192620153674766925e-02 7.074738649146183889e-02
1.167038765983357873e+00 6.208377519980778914e+01 2.601277391201506362e-02 2.628660055870568613e-02 5.040664573122199954e-02 5.217287030851736063e-02 7.012344942864956465e-02 7.010089886570369799e-02
1.176264368876506872e+00 6.063430147434547735e+01 2.612757514174290918e-02 2.590080257846238965e-02 4.937349826316506096e-02 5.197137977664567643e-02 6.852203440081439112e-02 6.952198825003819138e-02
1.185489971769655870e+00 5.923218073261262617e+01 2.587952609139421156e-02 2.583359266728280090e-02 4.803555134598980203e-02 5.153982588547023624e-02 6.774013547397572665e-02 6.889664788807436935e-02
1.194715574662805091e+00 5.787514334016301376e+01 2.594782636106174323e-02 2.574075872151837530e-02 4.840324576755250519e-02 5.078528929488612675e-02 6.791709585812810701e-02 6.770885348839073004e-02
1.203941177555954090e+00 5.656103252988133789e+01 2.572575451514325096e-02 2.549938889599445702e-02 4.745057836314003907e-02 5.090961160455265144e-02 6.762427190167130675e-02 6.658048795939919273e-02
1.213166780449103088e+00 5.528779628152074821e+01 2.579395077592749885e-02 2.589751265207951292e-02 4.766487308289413249e-02 5.047143770056550238e-02 6.659652614065691978e-02 6.732518513429397444e-02
1.222392383342252087e+00 5.405347970223368748e+01 2.593615630019030505e-02 2.596510132681117966e-02 4.795158736516924591e-02 4.979423347545974821e-02 6.562848136330501347e-02 6.770043767110678345e-02
1.231617986235401307e+00 5.285621786388465893e+01 2.552362744678049467e-02 2.623930570415211605e-02 4.824341639216100930e-02 4.983400326990050644e-02 6.479066153335821809e-02 6.756674110088312091e-02
1.240843589128550528e+00 5.169422905860329820e+01 2.606455360312054381e-02 2.613722224136694194e-02 4.866237239861703756e-02 5.066129670193930679e-02 6.520963349217367977e-02 6.791058490308898854e-02
1.250069192021699527e+00 5.056580844029834054e+01 2.618253479369769821e-02 2.600695786841100698e-02 4.912084171085240314e-02 5.126390881279974110e-02 6.618292768533962089e-02 6.925788933770604672e-02
1.259294794914848525e+00 4.946932202715143490e+01 2.639082266725267800e-02 2.628920728989214695e-02 4.965522926015353278e-02 5.248354502106877817e-02 6.725726469927195694e-02 7.071940502654427974e-02
1.268520397807997524e+00 4.840320104909095988e+01 2.634146752163957217e-02 2.680496106381013988e-02 5.026386015572370525e-02 5.285603547437034422e-02 6.843939261914755434e-02 7.230076751778113930e-02
1.277746000701146745e+00 4.736593663584919511e+01 2.680444851957730634e-02 2.716229626032173883e-02 5.199490325598077334e-02 5.357264878822576293e-02 6.865534089475744395e-02 7.364436044676381243e-02
1.286971603594295521e+00 4.635607485674023565e+01 2.706472970019291324e-02 2.757472887009981832e-02 5.245328392479819968e-02 5.376207306508007377e-02 6.881678721803297094e-02 7.294350823061535039e-02
1.296197206487444742e+00 4.537221214473910180e+01 2.739779317622037524e-02 2.787411380344906320e-02 5.333658555804277057e-02 5.428787256050782162e-02 6.907135173009493201e-02 7.542939310221186133e-02
1.305422809380593963e+00 4.441299116762645127e+01 2.768716970187767856e-02 2.858428427325065968e-02 5.413591472110823588e-02 5.490157636767634131e-02 7.020552214908803990e-02 7.861189358776954350e-02
1.314648412273742961e+00 4.347709725219848309e+01 2.815324630147841845e-02 2.895168215010812673e-02 5.525420261055558058e-02 5.702356902859406773e-02 7.206679413415173485e-02 8.202334301040536957e-02
1.323874015166892182e+00 4.256325553021353159e+01 2.887224877110838861e-02 2.988600360286852720e-02 5.617955749916347941e-02 5.782253389492808537e-02 7.408954003621204265e-02 8.449106454605725958e-02
1.333099618060040958e+00 4.167022906663643056e+01 2.974855680608357034e-02 3.038857928383009721e-02 5.811922934093161075e-02 5.967580674091976789e-02 7.628814578579579120e-02 8.589970668961655065e-02
1.342325220953190179e+00 4.079681836678710027e+01 3.118452238772562168e-02 3.130439146371344350e-02 5.940905982011912556e-02 6.101123503131589132e-02 7.867885488533232774e-02 8.750462019614246856e-02
1.351550823846339400e+00 3.994186286242450024e+01 3.203463567458442185e-02 3.243030540442504162e-02 6.050882289623160659e-02 6.320580817066456802e-02 8.128003926903915044e-02 8.961126716467759934e-02
1.360776426739488176e+00 3.910424528403144961e+01 3.338647676764594507e-02 3.275577641825577757e-02 6.271380019435923714e-02 6.585924302450507639e-02 8.411202480560575623e-02 9.368105657042491430e-02
1.370002029632637397e+00 3.828290029555198259e+01 3.502875705796526518e-02 3.409517787181925996e-02 6.593516735176052634e-02 6.917165142102277287e-02 8.719721295470606037e-02 9.806466982428219126e-02
1.379227632525786396e+00 3.747682949193533375e+01 3.704359116512989658e-02 3.575623487981260951e-02 6.939343682321208462e-02 7.183599582410948869e-02 9.056402889819281654e-02 1.027974225912018369e-01
1.388453235418935616e+00 3.668512599172193234e+01 3.835145315321852877e-02 3.705137725198426324e-02 7.233247416622390347e-02 7.528018782577561296e-02 9.424292605429940295e-02 1.079196168153799817e-01
1.397678838312084837e+00 3.590701365002647805e+01 3.992634412881557182e-02 3.878257170546817179e-02 7.643628836081006739e-02 7.907452746218268658e-02 9.826850107964446579e-02 1.134772941925348277e-01
1.406904441205233613e+00 3.514190879936427336e+01 4.218722625458326547e-02 4.055624959987369493e-02 8.085498658316225828e-02 8.327066881717115621e-02 1.026800049685121508e-01 1.195230638341726603e-01
1.416130044098382834e+00 3.438951713108692587e+01 4.448990189876411705e-02 4.284501824299979944e-02 8.481867167766665716e-02 8.776938693041103079e-02 1.078214478360521866e-01 1.261169719426717961e-01
1.425355646991532055e+00 3.364998614175411262e+01 4.734106607435251135e-02 4.547584216276590041e-02 8.914556508319293471e-02 9.333649874142935232e-02 1.147730887066700234e-01 1.345059873277989482e-01
1.434581249884680831e+00 3.292414676924572348e+01 5.042012232164694296e-02 4.838809744225613940e-02 9.547542654961205244e-02 9.894665744405273244e-02 1.233868029057205717e-01 1.423985627761297224e-01
1.443806852777830052e+00 3.221390056623660314e+01 5.373698089228184926e-02 5.147101222931382836e-02 1.018198289839773452e-01 1.054992065335724760e-01 1.330215090199828865e-01 1.510098536040729300e-01
1.453032455670979051e+00 3.152284860816600798e+01 5.747144520277203128e-02 5.544000292616857450e-02 1.081780660604891864e-01 1.129404361482819752e-01 1.438675107723241808e-01 1.606267595591788222e-01
1.462258058564128271e+00 3.085732945995525611e+01 6.150239158023396158e-02 5.867427083359544326e-02 1.156178637834877065e-01 1.214572341206547890e-01 1.561232626354502884e-01 1.713980473295251272e-01
1.471483661457277492e+00 3.022816230004192661e+01 6.597866052885947852e-02 6.233435212763893674e-02 1.261330227141144178e-01 1.312674120295724833e-01 1.700381682849076981e-01 1.834849619787561892e-01
1.480709264350426269e+00 2.965362578472659294e+01 7.026902516260591369e-02 6.767305075617713328e-02 1.394415741278685061e-01 1.407686120079993941e-01 1.858799374579511721e-01 1.984117141117813787e-01
1.489934867243575489e+00 2.916462388314948484e+01 7.799457903703199690e-02 7.542847181475664797e-02 1.526988655101000347e-01 1.539583660950185617e-01 2.035531164956587702e-01 2.123368025820688842e-01
1.499160470136724488e+00 2.881369316682906501e+01 8.625607269316759584e-02 8.115849698564758796e-02 1.673430974259133563e-01 1.703862084394067722e-01 2.220304493420073300e-01 2.293604382164211586e-01
1.508386073029873486e+00 2.869039676992501242e+01 9.588095284235009785e-02 9.123581890490228830e-02 1.848417431988771398e-01 1.900688904662430900e-01 2.420187088292173883e-01 2.482873617799725707e-01
1.517611675923022485e+00 2.894522537994117073e+01 1.061058854035970000e-01 1.031880592521972062e-01 2.062963087836138243e-01 2.093272632556200108e-01 2.689255385765640938e-01 2.751747183070385461e-01
1.526837278816171706e+00 2.981359183719241912e+01 1.216508595393186454e-01 1.165926701454118586e-01 2.298564099352731205e-01 2.387224686905575766e-01 3.048843984585936084e-01 3.283344485234991339e-01
1.536062881709320926e+00 3.157178813993898814e+01 1.389552565570397746e-01 1.300738566352457326e-01 2.679506807616540698e-01 2.688226996453479956e-01 3.509771797228253831e-01 3.951317441996096136e-01
1.545288484602469925e+00 3.414055828933238246e+01 1.606890709548096652e-01 1.437253052213662841e-01 3.039355024810177497e-01 3.038414952427217486e-01 3.743818990818823522e-01 4.423443341350150604e-01
1.554514087495618924e+00 3.586551194822155963e+01 1.716730232324508165e-01 1.588783002706506409e-01 3.220161505066272412e-01 3.202101554527558847e-01 4.175365293276485090e-01 4.682842862890623792e-01
1.563739690388767922e+00 3.315450942424179459e+01 1.901759004174365941e-01 1.874901074842441062e-01 3.494181702871088646e-01 3.541032858267953998e-01 4.900876644822389494e-01 5.320388287221220480e-01
1.572965293281917143e+00 2.515642119692364176e+01 2.008320793356830336e-01 1.860225299960411860e-01 3.526666079215488026e-01 3.799994300898781319e-01 5.261780059714418201e-01 5.187639497246046005e-01
1.582190896175066142e+00 1.589231817221079446e+01 1.494618160374177052e-01 1.367163431899172110e-01 2.690452808187746570e-01 2.703215485094023762e-01 3.872814829430897277e-01 3.619586870832378622e-01
1.591416499068215140e+00 1.049748967346914696e+01 8.848007575287475390e-02 8.898488385057845562e-02 1.836980714720688468e-01 1.645168753921950611e-01 2.585874873141911223e-01 2.388647628003894852e-01
1.600642101961364361e+00 1.430173121254681234e+01 2.385686883072537512e-01 2.407409271712168675e-01 4.938521504330353196e-01 4.849794797559088266e-01 7.226287224439733592e-01 6.625841570718264961e-01
1.609867704854513359e+00 2.549841031886242249e+01 2.484272014044712762e-01 2.295865266344030431e-01 4.905781787477465627e-01 5.025317244213169943e-01 6.640919427654488061e-01 6.957955581212438290e-01
1.619093307747662580e+00 3.428253845206050698e+01 1.690821099959123330e-01 1.654352378157994963e-01 3.432600962580920623e-01 3.131195970194156075e-01 4.371142687851730102e-01 4.502586479931309782e-01
1.628318910640811579e+00 3.778500726053265879e+01 1.000281843054153796e-01 9.720767888982351224e-02 1.866525904441758144e-01 1.810739551980233841e-01 2.605866606498850047e-01 2.661319612007346791e-01
1.637544513533960577e+00 3.826936367526211313e+01 5.965885400821235862e-02 5.948014721764849355e-02 1.132727590179598565e-01 1.108437392497663154e-01 1.654830816961450068e-01 1.415442269411997245e-01
1.646770116427109798e+00 3.755095614310202023e+01 4.817084234161939094e-02 4.792900687672840832e-02 9.198403092965179439e-02 9.537168967298015332e-02 1.505342496666273178e-01 1.277684624492465559e-01
1.655995719320258575e+00 3.644807369339952885e+01 5.080078794760112260e-02 5.087469594712246135e-02 9.844320450184795845e-02 9.619039447220956163e-02 1.434725716202507328e-01 1.323957609005361746e-01
1.665221322213407795e+00 3.527876391097132824e+01 5.428877076813165559e-02 5.435368485758118595e-02 1.026743299108261454e-01 1.037673052219361125e-01 1.496798365694047561e-01 1.442782540294658133e-01
1.674446925106557016e+00 3.415748374573099255e+01 5.492442617440929098e-02 5.587107450747907933e-02 1.045328733600214832e-01 1.072257664598978977e-01 1.613715665372481567e-01 1.468975187971750529e-01
1.683672527999706015e+00 3.311951945323912128e+01 5.447379584070688452e-02 5.573156891340147467e-02 1.061419960968876808e-01 1.101699233181463455e-01 1.563236918354249383e-01 1.491944737756938366e-01
1.692898130892855235e+00 3.216999131734831963e+01 5.407557522183736864e-02 5.504303048547853905e-02 1.051795766580809754e-01 1.094946167114230207e-01 1.524338526305086816e-01 1.460823605757468613e-01
1.702123733786004012e+00 3.130314393732659894e+01 5.281503693619171713e-02 5.358008743892028747e-02 1.026922736874666953e-01 1.054142607972430312e-01 1.481431367021563972e-01 1.398306431697164953e-01
1.711349336679153232e+00 3.050997771998780195e+01 5.174810371185145641e-02 5.163645375243319791e-02 1.008122530052091292e-01 1.014512482489067224e-01 1.431417646539401289e-01 1.367289531550746062e-01
1.720574939572302453e+00 2.978121818099482354e+01 5.019567825034343400e-02 4.965403794982847785e-02 9.771609269270697951e-02 9.825028756738518609e-02 1.378815104684321113e-01 1.330417395094585231e-01
1.729800542465451230e+00 2.910838894938181909e+01 4.827647043179439379e-02 4.852856332588828536e-02 9.445083140447962933e-02 9.587858466224830067e-02 1.326183505776405980e-01 1.291067571981123763e-01
1.739026145358600450e+00 2.848411226937981766e+01 4.675535392614804664e-02 4.712179240705083316e-02 9.117474009560666559e-02 9.289036365328584566e-02 1.293898026624589193e-01 1.247238672536141735e-01
1.748251748251749449e+00 2.790210409370791922e+01 4.525854227143355502e-02 4.541236558531380751e-02 8.797716624829732268e-02 8.936994862465041933e-02 1.265036282209663909e-01 1.209202957400350442e-01
1.757477351144898670e+00 2.735706004448566020e+01 4.344287421752568434e-02 4.427533201179301159e-02 8.514085230633483548e-02 8.603558415414269689e-02 1.235180809330742591e-01 1.174110466803384156e-01
1.766702954038047890e+00 2.684451397098363756e+01 4.184584826355930431e-02 4.266475284896742437e-02 8.241339839709027615e-02 8.289665666282175494e-02 1.197483599620312589e-01 1.137816398048308031e-01
1.775928556931196667e+00 2.636070160518890759e+01 4.043625865414668397e-02 4.134780735007481667e-02 7.996981774647693442e-02 8.038207180812051433e-02 1.154573201285451489e-01 1.103293792861883560e-01
1.785154159824345887e+00 2.590244061725871916e+01 3.911622826980476475e-02 4.029655084451988500e-02 7.748757029082398162e-02 7.778597637820539035e-02 1.114382653957761704e-01 1.070586880947494990e-01
1.794379762717494886e+00 2.546702942821127635e+01 3.816867417172531418e-02 3.920125685635156287e-02 7.504279575691086279e-02 7.514946936993283089e-02 1.076748848333295427e-01 1.039673108410319458e-01
1.803605365610643885e+00 2.505216359453325126e+01 3.724279807515173957e-02 3.817438699345387931e-02 7.289796931189584939e-02 7.267349066541939351e-02 1.041473640513679300e-01 1.010491150566572571e-01
1.812830968503793105e+00 2.465586740233678853e+01 3.609272353138948120e-02 3.695024183290485098e-02 7.092049181116877321e-02 7.084324314624268482e-02 1.008396078506983429e-01 9.829584478827513294e-02
1.822056571396942104e+00 2.427643813542167450e+01 3.515303641665568080e-02 3.599642785953705015e-02 6.903139883631936868e-02 6.893980465697779891e-02 9.773573841967575504e-02 9.569821776126730128e-02
1.831282174290091325e+00 2.391240070053800437e+01 3.416117875616464516e-02 3.480313711405003119e-02 6.723708625820634666e-02 6.698288909902316846e-02 9.481969545921131726e-02 9.324660726819189449e-02
1.840507777183240323e+00 2.356247063369225003e+01 3.322221254817137037e-02 3.395946307605868242e-02 6.553249123136950516e-02 6.513379761027948689e-02 9.207655082765953125e-02 9.093145945593050783e-02
