9.225602893149067790e-04 1.159667230632992110e-04 3.860813086340830584e-06 3.819265633085418363e-06 7.840966079677308149e-06 6.989405485014445131e-06 1.085047366467111764e-05 9.980850610003788571e-06
1.014816318246397446e-02 1.187353380917283136e-04 3.959420118131290185e-06 3.905056389614830915e-06 8.021567888547327251e-06 7.160129659602830357e-06 1.110520753177831178e-05 1.022884426319217775e-05
1.937376607561304073e-02 1.214737110264154870e-04 4.056647872573626232e-06 3.991767821475545154e-06 8.200147366554515769e-06 7.332060465340501862e-06 1.135736738872318292e-05 1.047617415559321202e-05
2.859936896876210874e-02 1.243316059102709170e-04 4.153850495114451771e-06 4.080970322579204621e-06 8.386536878297282550e-06 7.512533472291249678e-06 1.162040281069902196e-05 1.073482287980331482e-05
3.782497186191117328e-02 1.273446787178979028e-04 4.252632036940578748e-06 4.169080399755775495e-06 8.583069124024181361e-06 7.703477616121339301e-06 1.189752613852524234e-05 1.100777134787658785e-05
4.705057475506025516e-02 1.305371581814560933e-04 4.344930130658432093e-06 4.273930947624305201e-06 8.791327078401598837e-06 7.906318950829928317e-06 1.219092459265569655e-05 1.129712035429510347e-05
5.627617764820931623e-02 1.339267204370817954e-04 4.461046640883440046e-06 4.385077008663368445e-06 9.012446478411290963e-06 8.122152597147104872e-06 1.250219889841042002e-05 1.160446838220001529e-05
6.550178054135838424e-02 1.375490373392479525e-04 4.579712598274141922e-06 4.501721026770912071e-06 9.248808283218165139e-06 8.353203850523815456e-06 1.283455998874727367e-05 1.193290125429410193e-05
7.472738343450743836e-02 1.414090633233036057e-04 4.717005748261271546e-06 4.625500113168777138e-06 9.500657581088201237e-06 8.599552837897778395e-06 1.318847400118126510e-05 1.228303774012832810e-05
8.395298632765652025e-02 1.455464621397903357e-04 4.863868719813909574e-06 4.758216870348120405e-06 9.770633803694812663e-06 8.863636516649839488e-06 1.356751256463686666e-05 1.265834813673062491e-05
9.317858922080557438e-02 1.499848323195908861e-04 5.021182657640279375e-06 4.899872282849705675e-06 1.006025001716763577e-05 9.135661754016425251e-06 1.397381373286738057e-05 1.306103308867587187e-05
1.024041921139546424e-01 1.547594472623732152e-04 5.190156287062985601e-06 5.051900366183847361e-06 1.037181261080385476e-05 9.415555837175904920e-06 1.441056287773492014e-05 1.349428347896067270e-05
1.116297950071036965e-01 1.599140694222255779e-04 5.371889182863840741e-06 5.215200939297275290e-06 1.070819179858673075e-05 9.717826619908226469e-06 1.488170489789204559e-05 1.396203430918102465e-05
1.208553979002527506e-01 1.654919525998675364e-04 5.566662199353437403e-06 5.389200166196347289e-06 1.107220398719878742e-05 1.004500513612077966e-05 1.539114614749597645e-05 1.446823279325579344e-05
1.300810007934018186e-01 1.715358114980749312e-04 5.777407087264203054e-06 5.577656611846292878e-06 1.146660156474906575e-05 1.039953676605778277e-05 1.595024288036871163e-05 1.501684857247383739e-05
1.393066036865509005e-01 1.781220229448028365e-04 6.012813552754904013e-06 5.788738774174166483e-06 1.189642521753325852e-05 1.081306617514574608e-05 1.656237141243690645e-05 1.561468372611809780e-05
1.485322065796999824e-01 1.853182946809929217e-04 6.264735040652306399e-06 6.026129112966370927e-06 1.236608196048536498e-05 1.127179172288360408e-05 1.723090612194057855e-05 1.626792551121566521e-05
1.577578094728490643e-01 1.931714400300866251e-04 6.540417669072343945e-06 6.283184737831607044e-06 1.287849733371126287e-05 1.177315354935955802e-05 1.796024133521561660e-05 1.698115921364731730e-05
1.669834123659981462e-01 2.018228027182959337e-04 6.851204584423369352e-06 6.562401001208092045e-06 1.344304713430882563e-05 1.232614385421782095e-05 1.876337386357297666e-05 1.776685589205046259e-05
1.762090152591472003e-01 2.113599725832852774e-04 7.188747814731755474e-06 6.870305250601535995e-06 1.408951727231946729e-05 1.293661937562361067e-05 1.964844135169990964e-05 1.863323995286833481e-05
1.854346181522962822e-01 2.219268065749751065e-04 7.566075682053453660e-06 7.210697484726340950e-06 1.481404153206759096e-05 1.361393929425090622e-05 2.062873419301602777e-05 1.959335673582383755e-05
1.946602210454453641e-01 2.336808355019082172e-04 7.985283214147431913e-06 7.608630786086381225e-06 1.562001118344516406e-05 1.436844609721828312e-05 2.171882198786877346e-05 2.066162355911016013e-05
2.038858239385944460e-01 2.468098546320669534e-04 8.452934969949382586e-06 8.035785329020279488e-06 1.652036846980155672e-05 1.521249291836532062e-05 2.293608109705852407e-05 2.185525555343820637e-05
2.131114268317435001e-01 2.615562747639517990e-04 8.960395600848326293e-06 8.510258494174997076e-06 1.753172460366091926e-05 1.616198724754640530e-05 2.430290408670613290e-05 2.319634431051967012e-05
2.223370297248925820e-01 2.781997692331520267e-04 9.530536693841277010e-06 9.042692123911310210e-06 1.867336171421465386e-05 1.723455245317205391e-05 2.584517073036043944e-05 2.471054881392187839e-05
2.315626326180416361e-01 2.970979941877389344e-04 1.013803148563661126e-05 9.644590198011723965e-06 1.996983675417945232e-05 1.845428444218117671e-05 2.759592385523444279e-05 2.643056918635888243e-05
2.407882355111907180e-01 3.186899841588253278e-04 1.085778900348859620e-05 1.036232182314471891e-05 2.144287227952724334e-05 1.985034239759646268e-05 2.959576236191252107e-05 2.838070539077318637e-05
2.500138384043397721e-01 3.435301755474722148e-04 1.170410946990240331e-05 1.119687312559135110e-05 2.312524702521108391e-05 2.145944052480645153e-05 3.189593016275784438e-05 3.059984342518101089e-05
2.592394412974888818e-01 3.723213369836062773e-04 1.268443802487700597e-05 1.213111416137211069e-05 2.510855479106652560e-05 2.332822897878117146e-05 3.456139748610323253e-05 3.317340484054764373e-05
2.684650441906379359e-01 4.060051259713585341e-04 1.381510183735720721e-05 1.321693413683817106e-05 2.743242944199474585e-05 2.548547156411415035e-05 3.767917208731855986e-05 3.618618595816218073e-05
2.776906470837869900e-01 4.457477859347823966e-04 1.512139111334992458e-05 1.449239155256072924e-05 3.017917873301219269e-05 2.799331082051860270e-05 4.135709913141374797e-05 3.974316133400162101e-05
2.869162499769360997e-01 4.931478205168305729e-04 1.670560036194711044e-05 1.601084527513651047e-05 3.343823132927355429e-05 3.098531698351628767e-05 4.574293683558142490e-05 4.398843990625645470e-05
2.961418528700851538e-01 5.503685454340434980e-04 1.856614363179430894e-05 1.784220339811942897e-05 3.737231090570529522e-05 3.459847297225223436e-05 5.103664710531818655e-05 4.911728488457393644e-05
3.053674557632342079e-01 6.203761917120113488e-04 2.083205778653438034e-05 2.008043440325112030e-05 4.218641385313681106e-05 3.902070267802846409e-05 5.751248122086807281e-05 5.539764577170509709e-05
3.145930586563833176e-01 7.073843022536504144e-04 2.363356772485010471e-05 2.286396622689854108e-05 4.817032258087276114e-05 4.451461345652402406e-05 6.555999260808174824e-05 6.321077406422261763e-05
3.238186615495323717e-01 8.174823022697602377e-04 2.717640183449727530e-05 2.640544545078971420e-05 5.574266185130684250e-05 5.146849211877372633e-05 7.574222248224904853e-05 7.310858782594515173e-05
3.330442644426814813e-01 9.597732307375093138e-04 3.175795992543784495e-05 3.099427061179112208e-05 6.552869860562086229e-05 6.045893810544716081e-05 8.890097539802736815e-05 8.591772094756458446e-05
3.422698673358305355e-01 1.148223098601211696e-03 3.775577629663655864e-05 3.707046974011046596e-05 7.848708320741266259e-05 7.237019399974702581e-05 1.063279730725468289e-04 1.029095496885795800e-04
3.514954702289795896e-01 1.405350717928035252e-03 4.598805889566943625e-05 4.534486590189999201e-05 9.616083651172368726e-05 8.862800565729374476e-05 1.301060533000935639e-04 1.261405827097407655e-04
3.607210731221286992e-01 1.769013309287086229e-03 5.796545278797539912e-05 5.694048864393142298e-05 1.214701358169315275e-04 1.116287016222530359e-04 1.637368256564250037e-04 1.590822183662927731e-04
3.699466760152777534e-01 2.306002113812364619e-03 7.538069756228820556e-05 7.463818139647870192e-05 1.593908665540461067e-04 1.455972238565239434e-04 2.133975421841935276e-04 2.078926026766771129e-04
3.791722789084268630e-01 3.141811808728502999e-03 1.021306285505616147e-04 1.022207313151842802e-04 2.186532469094209369e-04 1.984592608250635923e-04 2.906877301227690780e-04 2.842320457788270575e-04
3.883978818015759171e-01 4.526399845990379707e-03 1.457916046372640176e-04 1.473194115859432010e-04 3.151627738436253712e-04 2.859444210188202828e-04 4.186710793415981957e-04 4.115931135869610458e-04
3.976234846947249713e-01 6.973298686881472010e-03 2.241722460564199437e-04 2.286960675517181463e-04 4.822004002128241554e-04 4.400868575195259966e-04 6.444920803721021843e-04 6.391313173191139410e-04
4.068490875878740809e-01 1.140539219013898993e-02 3.610562222089389733e-04 3.782255357910636884e-04 7.834529692484736019e-04 7.169197847445782368e-04 1.051349319704256158e-03 1.051288187532981380e-03
4.160746904810231350e-01 1.791734704743372375e-02 5.652183799683685450e-04 5.907882790605611945e-04 1.244731996842843302e-03 1.147008394639985329e-03 1.662801386182535812e-03 1.648511326318189557e-03
4.253002933741722447e-01 2.000284525437315622e-02 6.251562630852358637e-04 6.603093770478629665e-04 1.372928361566050359e-03 1.269412714007898957e-03 1.886376384815993679e-03 1.830694826625952482e-03
4.345258962673212988e-01 1.378779671575806887e-02 4.426696742731838635e-04 4.646735642316011938e-04 9.565444722381064024e-04 8.660171413187138512e-04 1.297412306521918482e-03 1.260325416438903834e-03
4.437514991604703529e-01 7.946491957172910348e-03 2.545028253539121516e-04 2.679745138395219634e-04 5.519110753556891180e-04 5.002140335176935224e-04 7.415194072199881442e-04 7.189729655037680953e-04
4.529771020536194626e-01 4.705689342478385807e-03 1.502147229356463193e-04 1.585333916196913009e-04 3.260414327277529403e-04 2.977831743508673260e-04 4.366041935384909478e-04 4.230868544446734700e-04
4.622027049467684612e-01 2.983172931392805410e-03 9.584940444523626368e-05 9.998791547705847618e-05 2.066346328805745806e-04 1.895492459504672517e-04 2.759436782601609912e-04 2.676003771174481627e-04
4.714283078399175708e-01 2.012946354692130967e-03 6.487104052151646330e-05 6.709101092730747860e-05 1.395175254072017132e-04 1.279488434752576453e-04 1.859381540824153051e-04 1.804701095344547063e-04
4.806539107330666249e-01 1.428174109813070899e-03 4.613188623243252851e-05 4.785024626429183400e-05 9.892352826422175574e-05 9.084732417427338232e-05 1.318681528754746951e-04 1.280787909808537347e-04
4.898795136262157346e-01 1.054292395347460358e-03 3.404723647286314950e-05 3.548157099203769031e-05 7.303328174087923320e-05 6.712824228570913980e-05 9.736576587685680760e-05 9.461626903077427833e-05
4.991051165193647332e-01 8.032056837285685320e-04 2.576784981535924952e-05 2.693450536354587491e-05 5.559224020734981203e-05 5.119598780189602537e-05 7.422198308726683184e-05 7.215169463277329269e-05
5.083307194125139539e-01 6.277258845476694701e-04 2.006592533825555559e-05 2.088994418795726664e-05 4.339598102689806378e-05 4.005761766911629298e-05 5.805698525783149853e-05 5.645130795088799426e-05
5.175563223056629525e-01 5.009729785521003804e-04 1.604210882515891973e-05 1.672953845949763391e-05 3.466716254065839442e-05 3.200901782881486555e-05 4.638328524816058823e-05 4.510793337533179062e-05
5.267819251988120621e-01 4.068619725828794193e-04 1.306509071259226136e-05 1.351359364618146550e-05 2.818735141013698495e-05 2.603061548254483309e-05 3.771544866770608351e-05 3.668268063854027887e-05
5.360075280919610607e-01 3.353458311766103084e-04 1.075789242072371001e-05 1.111797875492015128e-05 2.326205860385540617e-05 2.148483659320096426e-05 3.112705072858787695e-05 3.027737430328058523e-05
5.452331309851101704e-01 2.799112246589770064e-04 8.932838435753024178e-06 9.239395653637644083e-06 1.944237056245365488e-05 1.795732288345866252e-05 2.601811961870653537e-05 2.530985916038080378e-05
5.544587338782591690e-01 2.362218720353212323e-04 7.492262959262710898e-06 7.760045024944513823e-06 1.642924548389464732e-05 1.516835524961252435e-05 2.198945968045725504e-05 2.139274990234840343e-05
5.636843367714083897e-01 2.012721047587427031e-04 6.389457373892268571e-06 6.589704211004465467e-06 1.402086011260074883e-05 1.285666992521401742e-05 1.876462918348365959e-05 1.825741485126825838e-05
5.729099396645573883e-01 1.729436792250431810e-04 5.505094130485817987e-06 5.653271702395250764e-06 1.209319998107108505e-05 1.101264343097443053e-05 1.614890138501457058e-05 1.571454282236250445e-05
5.821355425577064979e-01 1.497463665468443627e-04 4.778700725962024094e-06 4.931898109702828950e-06 1.051190805041805594e-05 9.548000422395880272e-06 1.400511286059100244e-05 1.363102912303536902e-05
5.913611454508554965e-01 1.305254597731875818e-04 4.162111929285520302e-06 4.293076879065716323e-06 9.199091827621940550e-06 8.333704494078487696e-06 1.222735082229370416e-05 1.190351442814705071e-05
6.005867483440046062e-01 1.144789477902393961e-04 3.649170233363231925e-06 3.757403000343516428e-06 8.100985522333059943e-06 7.319385808171070948e-06 1.074175003927154684e-05 1.046039715413781511e-05
6.098123512371537158e-01 1.009574974608729394e-04 3.237258931356332896e-06 3.307192997440959611e-06 7.173756953977668987e-06 6.464227951144814834e-06 9.488709602564629822e-06 9.243501718580803906e-06
6.190379541303028255e-01 8.949200480395381443e-05 2.879480263861961269e-06 2.924495800094448965e-06 6.354682375704078802e-06 5.738156539929746103e-06 8.425057748877418204e-06 8.210940823505152647e-06
6.282635570234518241e-01 7.970794839692140865e-05 2.574017419226698228e-06 2.597371036180460657e-06 5.647986010714383179e-06 5.118253891712599827e-06 7.516356314081986301e-06 7.329199899532037291e-06
6.374891599166009337e-01 7.129757399207242426e-05 2.312263787899700510e-06 2.318310387029934977e-06 5.040288589167637827e-06 4.585134464228621839e-06 6.734364119466139408e-06 6.570677169753186904e-06
6.467147628097499323e-01 6.403792607084450421e-05 2.076293659301585979e-06 2.077416504169817772e-06 4.528331538568132280e-06 4.133803941642752238e-06 6.062926760121400667e-06 5.915460820346935499e-06
6.559403657028991530e-01 5.773790266908581986e-05 1.862503929419016737e-06 1.868813461975855883e-06 4.088467290619805816e-06 3.726356027614573501e-06 5.480884283057065628e-06 5.346412705430017445e-06
6.651659685960481516e-01 5.224012142547644578e-05 1.687938546673117845e-06 1.689756457817904566e-06 3.693055212733643193e-06 3.378181786882199114e-06 4.972321670444443972e-06 4.849411787875324042e-06
6.743915714891972613e-01 4.743015827804696456e-05 1.536214182368997826e-06 1.534503550984542654e-06 3.343365216555902711e-06 3.073341737281711265e-06 4.526829335663386689e-06 4.414250190845893872e-06
6.836171743823462599e-01 4.320301247990114525e-05 1.405646456801159865e-06 1.401167778469342682e-06 3.034113816757571472e-06 2.804891637365329626e-06 4.134820476140368549e-06 4.031482660304799360e-06
6.928427772754953695e-01 3.947583684399380409e-05 1.287781967799943100e-06 1.286796209685545501e-06 2.766289158595525936e-06 2.568104259861872453e-06 3.788701848100692489e-06 3.693702588399162118e-06
7.020683801686443681e-01 3.617648841179890663e-05 1.178521121532890117e-06 1.182771186591131810e-06 2.531104548988092077e-06 2.358426962171604978e-06 3.481876336899195133e-06 3.394417877747123299e-06
7.112939830617935888e-01 3.325000417080999370e-05 1.077983751647773234e-06 1.089484974079113965e-06 2.316643184540447605e-06 2.172389314385449687e-06 3.209337892185249222e-06 3.128709219252137874e-06
7.205195859549425874e-01 3.064859384448590982e-05 9.987610302186064539e-07 1.006573580580950368e-06 2.136312248133654757e-06 2.006969248667248354e-06 2.966709577263508795e-06 2.892302762135175333e-06
7.297451888480916971e-01 2.831651171537635886e-05 9.184802548109327451e-07 9.331488230249376889e-07 1.975657249474351815e-06 1.858518853209150821e-06 2.748831904015277460e-06 2.680096748005926299e-06
7.389707917412406957e-01 2.624122588413315007e-05 8.560256610672245113e-07 8.673636540300595310e-07 1.832421100022899019e-06 1.726344538638762246e-06 2.554648805655921961e-06 2.491092720965258015e-06
7.481963946343899163e-01 2.437790180995236413e-05 7.972025717992864153e-07 8.077593413785372439e-07 1.703637880148428402e-06 1.607655854504813034e-06 2.379989519850514115e-06 2.321181860853288028e-06
7.574219975275389150e-01 2.270524661436838204e-05 7.428408633327971344e-07 7.556438579621669303e-07 1.587850925950134897e-06 1.490533704737899353e-06 2.222923119057577105e-06 2.168482534815781700e-06
7.666476004206880246e-01 2.119826052215763169e-05 6.931140713582501379e-07 7.066933450930696985e-07 1.483377837069478752e-06 1.382419153637672672e-06 2.081138406712888393e-06 2.024396672753634271e-06
7.758732033138370232e-01 1.984210002929374779e-05 6.477819418821742210e-07 6.635465705637519178e-07 1.389205892919822681e-06 1.285242281054504402e-06 1.953298029483998806e-06 1.891178461121591897e-06
7.850988062069861328e-01 1.861859227123023239e-05 6.060597493992832892e-07 6.282559525561718608e-07 1.304105344795522168e-06 1.197936923164308510e-06 1.837726203830417201e-06 1.770569962475821314e-06
7.943244091001351315e-01 1.751167973747215571e-05 5.701966250622027082e-07 5.951565205562139979e-07 1.226988417871020158e-06 1.127943469627697853e-06 1.732931338343888524e-06 1.661054625335193076e-06
8.035500119932843521e-01 1.651087632885889084e-05 5.396939423152075782e-07 5.611120762501057343e-07 1.157144005709564337e-06 1.064381359781968282e-06 1.637968625722560010e-06 1.561649539324069544e-06
8.127756148864333507e-01 1.560447335050990658e-05 5.082723807400154584e-07 5.279798578407640078e-07 1.093780688034842540e-06 1.002826950702311956e-06 1.551754969261849788e-06 1.471256677769569319e-06
8.220012177795824604e-01 1.478536620389997615e-05 4.801091237836300140e-07 4.987129404377253663e-07 1.036378027576837017e-06 9.461723493704802526e-07 1.473648297845793666e-06 1.389181619329130427e-06
8.312268206727314590e-01 1.404129251195015601e-05 4.534885272395718043e-07 4.718772104611584109e-07 9.841294469970576368e-07 8.974837088282254982e-07 1.402501595370581660e-06 1.314290323828630315e-06
8.404524235658805686e-01 1.336493372455509338e-05 4.285663721116076026e-07 4.483543698862215430e-07 9.365555188250874460e-07 8.606296657623137709e-07 1.337638720696622310e-06 1.245890935059218666e-06
8.496780264590296783e-01 1.275195406044148104e-05 4.098185403645127913e-07 4.290160745630711988e-07 8.933468597289813602e-07 8.187560486514813276e-07 1.278673008531747439e-06 1.183545477356579150e-06
8.589036293521787879e-01 1.219548036212892527e-05 3.897994623233895728e-07 4.130038208978718573e-07 8.540447893053777686e-07 7.775448125626476686e-07 1.224966184827642104e-06 1.126621635380744871e-06
8.681292322453277865e-01 1.169135972987679548e-05 3.737919208338150417e-07 3.944958262529698755e-07 8.183607675602548619e-07 7.401133020725679480e-07 1.176140784279897995e-06 1.074715510082017137e-06
8.773548351384768962e-01 1.123231857395590500e-05 3.595960317787989569e-07 3.761469946760454680e-07 7.858019530395809489e-07 7.059513272294381847e-07 1.131506012956487694e-06 1.027148895597402065e-06
8.865804380316258948e-01 1.081721406130473157e-05 3.471006649336102009e-07 3.616726474242600118e-07 7.544429473342899908e-07 6.795657896437091609e-07 1.090978593881460572e-06 9.837998086104820031e-07
8.958060409247751155e-01 1.044209380809528181e-05 3.361126815694786678e-07 3.498156465439525151e-07 7.273875218293536336e-07 6.574682843495033627e-07 1.054190246380718848e-06 9.442931460581055313e-07
9.050316438179241141e-01 1.010071301576102184e-05 3.253146360318715484e-07 3.403743900736865853e-07 7.017486797559443671e-07 6.372705188001172891e-07 1.020541600755519440e-06 9.080462401490274540e-07
9.142572467110732237e-01 9.792515172655558004e-06 3.159694499111182452e-07 3.324240269445612747e-07 6.794520080713815750e-07 6.189550493193036990e-07 9.899943512567985720e-07 8.749903135524103235e-07
9.234828496042222223e-01 9.514818515470412747e-06 3.084127259627450382e-07 3.230917337600874536e-07 6.582803978674879987e-07 6.023712519419628398e-07 9.623045545661435706e-07 8.497035333673426215e-07
9.327084524973712210e-01 9.265381053232779089e-06 3.019687257530086677e-07 3.158742155436020013e-07 6.390508893138693196e-07 5.868585254742677746e-07 9.372637656904445757e-07 8.275984552836293328e-07
9.419340553905202196e-01 9.041017430382470359e-06 2.936114064617804573e-07 3.095028644503364733e-07 6.216001457481877004e-07 5.710162900069784157e-07 9.145653802715882893e-07 8.075291609925364810e-07
9.511596582836694402e-01 8.841697710337845801e-06 2.871179738423116371e-07 3.039400711855213383e-07 6.060638460577849487e-07 5.564174329158611546e-07 8.942260403073080689e-07 7.895037478021969080e-07
9.603852611768185499e-01 8.663026403181183800e-06 2.813473171373232808e-07 2.973495742112433886e-07 5.922161265639234816e-07 5.434576446401926373e-07 8.758075102194303163e-07 7.731594830323534293e-07
9.696108640699675485e-01 8.506559732385732075e-06 2.787616351092829644e-07 2.917187157519411292e-07 5.798779366803594740e-07 5.320699127160931656e-07 8.594904596872573338e-07 7.586442575328800270e-07
9.788364669631165471e-01 8.367359876555889364e-06 2.764768126439576197e-07 2.877579597890362689e-07 5.697292197090707944e-07 5.232882358971725588e-07 8.447687118745120157e-07 7.455401298491497709e-07
9.880620698562656568e-01 8.252386562810924068e-06 2.718248276460083599e-07 2.850162186286703806e-07 5.619592041160770859e-07 5.168437662108836924e-07 8.323860283585367601e-07 7.344604469720679310e-07
9.972876727494148774e-01 8.143779988343515587e-06 2.676054865285853876e-07 2.838356918474358359e-07 5.592331900871325753e-07 5.108064323237917711e-07 8.204924461884876370e-07 7.238696550213220447e-07
1.006513275642563876e+00 8.056203411955550396e-06 2.642838309029855662e-07 2.802487326855448893e-07 5.514880277229633861e-07 5.059603824087920449e-07 8.106217153895796911e-07 7.150371819096591956e-07
1.015738878535712875e+00 7.983760344542449052e-06 2.616606995730154822e-07 2.786411713833507255e-07 5.446059884482675796e-07 5.017827856031320617e-07 8.021766591313526327e-07 7.074794678482380155e-07
1.024964481428862095e+00 7.925758315212108143e-06 2.600793952233271841e-07 2.779084083644244117e-07 5.386063192991457439e-07 4.989129098741512658e-07 7.950865911478652477e-07 7.011264381675748030e-07
1.034190084322011094e+00 7.880706537769997089e-06 2.591229102265492069e-07 2.765508637973631257e-07 5.333423015928676541e-07 4.966761982047466009e-07 7.891994333988220294e-07 6.958535362557349065e-07
1.043415687215160093e+00 7.849188246716445124e-06 2.587962369916573305e-07 2.761650943133401538e-07 5.289160249593654283e-07 4.964538435032533951e-07 7.845889720914832539e-07 6.917262467485732041e-07
1.052641290108309091e+00 7.829638663638112831e-06 2.582041811901946262e-07 2.744766436374250677e-07 5.252065193031870804e-07 4.963525997252547282e-07 7.810889498939217935e-07 6.886036204439617987e-07
1.061866893001458312e+00 7.822206886892131558e-06 2.555564248260384333e-07 2.755140282792775726e-07 5.224672352762762281e-07 4.944926860598869553e-07 7.787204207503413991e-07 6.865051323206736451e-07
1.071092495894607532e+00 7.826131140846265754e-06 2.553381181692951097e-07 2.774966567719384301e-07 5.220694609290700095e-07 4.947403904080588440e-07 7.774093428890658651e-07 6.853724673843467099e-07
1.080318098787756531e+00 7.841616987494781079e-06 2.579967659098395124e-07 2.779319484363818190e-07 5.225319804503064750e-07 4.949441612060895911e-07 7.771729561394983784e-07 6.852166016425915887e-07
1.089543701680905530e+00 7.867758801340964036e-06 2.610584705167394822e-07 2.797960039951318510e-07 5.238048719943365887e-07 4.957551776171913128e-07 7.779240618420775211e-07 6.859751474998659361e-07
1.098769304574054528e+00 7.904678673016534007e-06 2.616494040194354082e-07 2.821369386061420385e-07 5.264540409361197399e-07 5.004861411713887865e-07 7.796696638707042239e-07 6.910164838451394087e-07
1.107994907467203749e+00 7.953033310640480411e-06 2.661585993686121644e-07 2.830127421557265160e-07 5.303668591134407851e-07 5.050232066740950127e-07 7.824835878550971159e-07 6.971121826518816391e-07
1.117220510360352748e+00 8.011473605888866362e-06 2.694351667841367244e-07 2.872353650109443453e-07 5.326401278268466378e-07 5.092005312842774398e-07 7.862109315602472181e-07 7.040369904361915639e-07
1.126446113253501746e+00 8.080479962683496210e-06 2.715823071099774392e-07 2.906828993026011843e-07 5.372255035967410570e-07 5.140385107722744652e-07 7.909026906403938983e-07 7.118313888591976585e-07
1.135671716146650967e+00 8.160454914430721949e-06 2.758506395189825531e-07 2.943032141894227129e-07 5.426344399126091706e-07 5.195453790334783779e-07 7.966020777909389744e-07 7.205274217362177136e-07
1.144897319039799966e+00 8.251507404047432861e-06 2.800072955881963664e-07 2.988023720504519597e-07 5.502548436394449043e-07 5.257043292364600826e-07 8.033122883896589780e-07 7.301405601320352495e-07
1.154122921932948964e+00 8.353747671167366913e-06 2.836903543099410897e-07 3.035091390417535853e-07 5.588457433366499305e-07 5.325659243351745848e-07 8.110338735107531355e-07 7.406839630720510727e-07
1.163348524826097963e+00 8.467440902715528495e-06 2.863261359749194167e-07 3.063976920852892657e-07 5.664551234805297801e-07 5.401515517493874564e-07 8.197947053471936485e-07 7.521834384751918695e-07
1.172574127719247183e+00 8.593080026335143102e-06 2.893891223994669490e-07 3.112096256765033592e-07 5.725848060486260168e-07 5.484893298634912849e-07 8.296260347612249738e-07 7.646857626846358526e-07
1.181799730612396404e+00 8.731374107448600661e-06 2.953095127339745284e-07 3.164472396827593722e-07 5.823830666949845070e-07 5.575735516238141954e-07 8.405983326322960471e-07 7.782497973293210386e-07
1.191025333505545403e+00 8.881933493057342314e-06 2.989565786300492047e-07 3.209587494889202798e-07 5.931220086467813203e-07 5.674068712123349622e-07 8.526705582330751284e-07 7.928424219032927615e-07
1.200250936398694401e+00 9.047151793890526717e-06 3.043307960477727658e-07 3.262395828492040589e-07 6.049301880344417872e-07 5.783322601738829041e-07 8.660300106451867592e-07 8.086845476181938041e-07
1.209476539291843622e+00 9.226901152727481513e-06 3.091770012636011465e-07 3.341094857000561112e-07 6.178346730213877191e-07 5.897987128550410485e-07 8.807057699054121066e-07 8.257438402492760666e-07
1.218702142184992621e+00 9.422338574511831451e-06 3.114763304787978757e-07 3.402158459693228269e-07 6.330225648826716698e-07 5.985134670820073020e-07 8.967629621145744830e-07 8.441347663954146794e-07
1.227927745078141619e+00 9.634584087217160217e-06 3.189462275913786099e-07 3.469257240763046955e-07 6.504821526419565396e-07 6.088098976195061403e-07 9.200833660213764630e-07 8.639473617998291374e-07
1.237153347971290618e+00 9.864795822353573856e-06 3.264493637299166468e-07 3.554964490796968634e-07 6.694472195945698798e-07 6.250118449810963741e-07 9.463450228006661471e-07 8.852884335908466561e-07
1.246378950864439838e+00 1.011598009743267323e-05 3.316654221260976570e-07 3.629172312216472247e-07 6.901424828220854065e-07 6.426461727647349992e-07 9.746927861548063316e-07 9.084076626853340486e-07
1.255604553757589059e+00 1.038686688799184454e-05 3.375743573802466430e-07 3.714720273672989214e-07 7.114487404742807100e-07 6.615828275478179333e-07 1.004985644567199231e-06 9.331900533110584908e-07
1.264830156650738058e+00 1.068319636656730646e-05 3.451289069430957176e-07 3.835660258155935390e-07 7.315505659381059769e-07 6.787460398962732929e-07 1.037837319896902009e-06 9.601306468331830284e-07
1.274055759543887056e+00 1.100485712460357215e-05 3.547704846652711665e-07 3.949988374802350106e-07 7.531896729575373532e-07 6.972580637339262019e-07 1.073210360575109585e-06 9.892077568335180744e-07
1.283281362437036055e+00 1.135641196902227858e-05 3.651273715812225539e-07 4.065258603545362728e-07 7.766726787264898943e-07 7.172851032678476569e-07 1.111599338437548853e-06 1.020811905342736551e-06
1.292506965330185276e+00 1.174075625316442510e-05 3.770300187325100638e-07 4.213791971076940229e-07 8.021658610889268755e-07 7.390945519506747084e-07 1.153295735430523048e-06 1.055180771072789241e-06
1.301732568223334052e+00 1.216276476838889732e-05 3.898882593533365548e-07 4.360946013216837874e-07 8.309770861045681872e-07 7.629684449068508664e-07 1.198729079657490885e-06 1.092707276817282041e-06
1.310958171116483273e+00 1.262579525993936308e-05 4.032531055208893182e-07 4.493987529418566048e-07 8.647376140720662249e-07 7.890605068716607300e-07 1.248335502417935171e-06 1.133681728255734962e-06
1.320183774009632494e+00 1.313677070210588333e-05 4.187228570454307387e-07 4.659561486625373404e-07 9.019819065212829351e-07 8.167352984076804348e-07 1.302783886652099152e-06 1.178669731553358825e-06
1.329409376902781492e+00 1.370255291063702761e-05 4.360542996620929060e-07 4.854015133668232099e-07 9.432045421890817758e-07 8.495943125090041185e-07 1.362703362342960900e-06 1.228220941953781116e-06
1.338634979795930713e+00 1.433076580778762653e-05 4.570232908655224278e-07 5.069125827967347280e-07 9.889458657625632286e-07 8.913304956818950039e-07 1.428919047629216040e-06 1.282964437509235252e-06
1.347860582689079489e+00 1.503273609470239608e-05 4.784568274088034471e-07 5.265243439644773051e-07 1.039950695028356729e-06 9.405186584552322024e-07 1.502572828837832398e-06 1.343824351329845303e-06
1.357086185582228710e+00 1.581938838653725829e-05 5.038540062267572598e-07 5.547656712069706515e-07 1.097051981682009998e-06 9.907257237420033247e-07 1.584750360151899247e-06 1.411676089542512267e-06
1.366311788475377931e+00 1.670657521257972177e-05 5.325449396042657331e-07 5.816771233829579925e-07 1.161354722261110912e-06 1.038378220960900711e-06 1.677020894999785153e-06 1.487795427782046041e-06
1.375537391368526707e+00 1.771266189819697360e-05 5.640010858363328429e-07 6.129479569155642552e-07 1.234157605850674582e-06 1.102543855432582670e-06 1.781229101979553360e-06 1.573653449908729004e-06
1.384762994261675928e+00 1.886127745419489117e-05 6.010263269760774004e-07 6.490318314199970586e-07 1.316954608650257807e-06 1.181155423279875346e-06 1.899722594111773839e-06 1.669072790502944883e-06
1.393988597154824927e+00 2.018171722525044853e-05 6.426196502915287499e-07 6.907185626033485615e-07 1.397094840442438825e-06 1.271890945949417343e-06 2.035431659841873450e-06 1.777275570432775405e-06
1.403214200047974147e+00 2.171191452433666021e-05 6.914705954332414954e-07 7.372725534416281359e-07 1.495671439907757776e-06 1.365390837790962110e-06 2.192103860735135416e-06 1.902721713849317290e-06
1.412439802941123368e+00 2.350080408726248752e-05 7.505828763279916898e-07 7.952247460188314554e-07 1.622936423646601070e-06 1.475092459231750261e-06 2.374611272050203975e-06 2.049445372001926224e-06
1.421665405834272145e+00 2.561183225767737199e-05 8.111485059510424893e-07 8.608237251432051748e-07 1.772877702579109867e-06 1.609390225614145271e-06 2.589190351654321903e-06 2.222708270175873316e-06
1.430891008727421365e+00 2.813104161149906245e-05 8.899934991097333079e-07 9.371589362054895715e-07 1.952384939135858830e-06 1.760536874140267865e-06 2.844337248012849954e-06 2.429658120232606599e-06
1.440116611620570364e+00 3.117307626805569459e-05 9.922257293675301932e-07 1.037972479689739633e-06 2.168440186483207885e-06 1.941214572182955799e-06 3.151349884507994366e-06 2.679824345190669508e-06
1.449342214513719362e+00 3.489725965759323233e-05 1.110344853717747083e-06 1.155592658656273339e-06 2.432131456817416171e-06 2.161037756716375038e-06 3.525777690278688605e-06 2.987811927229778195e-06
1.458567817406868583e+00 3.952640069789302533e-05 1.257988628574470771e-06 1.304510874887816968e-06 2.731882799306615780e-06 2.431472525585314697e-06 3.989335122003754262e-06 3.368669193437661910e-06
1.467793420300017582e+00 4.538178365235986635e-05 1.456219067181340810e-06 1.485475523152196412e-06 3.161562641678750205e-06 2.769498625384681607e-06 4.573139040382829721e-06 3.893329374701054967e-06
1.477019023193166802e+00 5.293479708115068802e-05 1.697654542965822036e-06 1.746970511082414433e-06 3.675037426097670090e-06 3.259606513103450152e-06 5.322419138380938490e-06 4.578044696466338620e-06
1.486244626086316023e+00 6.289660099873056146e-05 2.016046975979261238e-06 2.070188737117601427e-06 4.346364108028424986e-06 3.928250826076841418e-06 6.304735874057814521e-06 5.455726262051848472e-06
1.495470228979464800e+00 7.636755516189004688e-05 2.423070611085975483e-06 2.491683081925238799e-06 5.249755817879301766e-06 4.772923076587390172e-06 7.622948131963703795e-06 6.640563571982623960e-06
1.504695831872614020e+00 9.508657120243900343e-05 2.987706401633196123e-06 3.109506837446429314e-06 6.479536418838198540e-06 5.863440433937267449e-06 9.435634210156986683e-06 8.281515514828115721e-06
1.513921434765763019e+00 1.218320044046980233e-04 3.747346489717996872e-06 3.988656989657057188e-06 8.215836570059606198e-06 7.341992201585984326e-06 1.198613048236612632e-05 1.061174670211021570e-05
1.523147037658912017e+00 1.609281912678366534e-04 4.929934826215440213e-06 5.289043201881860404e-06 1.094613486267434553e-05 9.682357736244794890e-06 1.562529835931713825e-05 1.398045377450733424e-05
1.532372640552061016e+00 2.182554595584253480e-04 6.667425089620265029e-06 7.251100625353077171e-06 1.472830613329309817e-05 1.300137030823072756e-05 2.074672367723590137e-05 1.889003247721897025e-05
1.541598243445210237e+00 2.976254152633030030e-04 8.997552853520296781e-06 9.754456601446053442e-06 2.038181543882695628e-05 1.750362309742037889e-05 2.783785176934116005e-05 2.573782028865879024e-05
1.550823846338359457e+00 3.851748004974254623e-04 1.188144210819834816e-05 1.266453114142095148e-05 2.675664768820489384e-05 2.269358002705357605e-05 3.595065533004324857e-05 3.231539923488835819e-05
1.560049449231508456e+00 4.280570464231215027e-04 1.341038705864717280e-05 1.437571270699418077e-05 2.951271374445187199e-05 2.553149914419052197e-05 3.917711660972555921e-05 3.627033618810120543e-05
1.569275052124657455e+00 3.815493380723304000e-04 1.222106140212609032e-05 1.320205269755159042e-05 2.659829428475944885e-05 2.319318371701519941e-05 3.379331277713964413e-05 3.371457198215647251e-05
1.578500655017806453e+00 2.869480370629124495e-04 9.296409464508957610e-06 1.013114694150039170e-05 2.014742953365347309e-05 1.748888260552124022e-05 2.587767364203331921e-05 2.496508139563697768e-05
1.587726257910955674e+00 2.018618251003263440e-04 6.382153788892354438e-06 7.155522395188774381e-06 1.428376893049227532e-05 1.259498431332027233e-05 1.864185829900523277e-05 1.774245391346912916e-05
1.596951860804104451e+00 1.420081363620838422e-04 4.493090706167592431e-06 4.960725490257042024e-06 1.009841201300701514e-05 8.789225488656677307e-06 1.329592940628034439e-05 1.242073497828257355e-05
1.606177463697253671e+00 1.025666640643271886e-04 3.234642831196086815e-06 3.570532449208836212e-06 7.278807004947073552e-06 6.408764500177326268e-06 9.686220192221296765e-06 8.822749758951366770e-06
1.615403066590402892e+00 7.654476965192768439e-05 2.436030371805753014e-06 2.623301338819936709e-06 5.460687770241656356e-06 4.789747979794595407e-06 7.274485955979732897e-06 6.641738702978675708e-06
1.624628669483551890e+00 5.897614541274881034e-05 1.866677270792629060e-06 1.992058260168916739e-06 4.163851268678391969e-06 3.739802918550845815e-06 5.634966197496156677e-06 5.126322774304616949e-06
1.633854272376701111e+00 4.677022900150007591e-05 1.487057478879519876e-06 1.560252911311283850e-06 3.307517107422834190e-06 3.015502437674579179e-06 4.491271044840388911e-06 4.024386997909494969e-06
1.643079875269850110e+00 3.804977597165043457e-05 1.201550296954818496e-06 1.250262989258926977e-06 2.674339808980902636e-06 2.462192919446406852e-06 3.672018794342060645e-06 3.263199429758866020e-06
1.652305478162999108e+00 3.165810597672204121e-05 9.999965134398626325e-07 1.044447997586136687e-06 2.206223862029356149e-06 2.031385828579888484e-06 3.070383115688997053e-06 2.714249034093993537e-06
1.661531081056148329e+00 2.686802176250796824e-05 8.518585235463005118e-07 8.833604264680374786e-07 1.849426764718740198e-06 1.701904448028671008e-06 2.618809482193861816e-06 2.311027310188096105e-06
1.670756683949297106e+00 2.320595103080604318e-05 7.390174453942681139e-07 7.667104801385776693e-07 1.592250823855748918e-06 1.453775178623247600e-06 2.273064822837351330e-06 2.000057741887153128e-06
1.679982286842446326e+00 2.035855045607113303e-05 6.509825855929603623e-07 6.771095434771881236e-07 1.392873226739943320e-06 1.282009175630360756e-06 1.993033592158601950e-06 1.756294567372567345e-06
1.689207889735595547e+00 1.811143005153034320e-05 5.770986562508811479e-07 6.022675761970108115e-07 1.230555791594476476e-06 1.139821914656926732e-06 1.758746576877300998e-06 1.564834079279101052e-06
1.698433492628744546e+00 1.631476115335424280e-05 5.242970208201675961e-07 5.455798597066908214e-07 1.100893974938397596e-06 1.015652925988455780e-06 1.573156476549067629e-06 1.422505960478964051e-06
1.707659095521893766e+00 1.486196952170137636e-05 4.735094718781427168e-07 4.999143512232924317e-07 1.002630942247869953e-06 9.161902382991137672e-07 1.424579487595699327e-06 1.302472367823367746e-06
1.716884698415042543e+00 1.367570056536669965e-05 4.311098876924883590e-07 4.566583166206466567e-07 9.280212189433930487e-07 8.412521977918208197e-07 1.306346895829648503e-06 1.195695880062262563e-06
1.726110301308191763e+00 1.269859717145095003e-05 4.002545572324771002e-07 4.276735132268160496e-07 8.651149381347131404e-07 7.798929183385106570e-07 1.210890149131331052e-06 1.107409661388938024e-06
1.735335904201340984e+00 1.188780786239216764e-05 3.766457886738922082e-07 4.004434954063584748e-07 8.115183807914133260e-07 7.293196466654098745e-07 1.131085691876878086e-06 1.033866182204221232e-06
1.744561507094489761e+00 1.121060331043746394e-05 3.548080043856966621e-07 3.777511795723258089e-07 7.670078900536595964e-07 6.851249354202985339e-07 1.063916275229258732e-06 9.721981703631608392e-07
1.753787109987638981e+00 1.064198470387885515e-05 3.403344759609510018e-07 3.589958916211418555e-07 7.281604017250092772e-07 6.482905121865993413e-07 1.007070747577056376e-06 9.201499603571690756e-07
1.763012712880787980e+00 1.016210876972960074e-05 3.272268745897296318e-07 3.439853517801820586e-07 6.947503866487111094e-07 6.172573423717479931e-07 9.610318948878400947e-07 8.760305591267721981e-07
1.772238315773937201e+00 9.755659120490311353e-06 3.172065217944732284e-07 3.317420624009583387e-07 6.657861949634704828e-07 5.911910257887760338e-07 9.233993403086470118e-07 8.384890895370817975e-07
1.781463918667086421e+00 9.410196194659264888e-06 3.071207186900717836e-07 3.180538325076545821e-07 6.405075459598524396e-07 5.714477816863522224e-07 8.920693949527571038e-07 8.064174476155734595e-07
1.790689521560235198e+00 9.115946003891114605e-06 3.003543435358895728e-07 3.105561898590009296e-07 6.225665707659010022e-07 5.590322793997131064e-07 8.660090538600615477e-07 7.827776227260214547e-07
1.799915124453384419e+00 8.864824291105199316e-06 2.913944598343805970e-07 3.054930186158037064e-07 6.097915936209208549e-07 5.417701857616437637e-07 8.443500675244770224e-07 7.599277040467009882e-07
1.809140727346533417e+00 8.650259996965477106e-06 2.831251135617266564e-07 2.966021115960557915e-07 6.015533053425170502e-07 5.291937847825181049e-07 8.264084119489068235e-07 7.355564327776386392e-07
1.818366330239682416e+00 8.466978287245958997e-06 2.766750121356089406e-07 2.919426438771935780e-07 5.948785291472265567e-07 5.211209017318299910e-07 8.116279700210568326e-07 7.234395560397627464e-07
1.827591933132831414e+00 8.310470350150056659e-06 2.706616352902100757e-07 2.876311334967600173e-07 5.876800404981611644e-07 5.143784855260950101e-07 7.995355182496282514e-07 7.134998899603311719e-07
1.836817536025980635e+00 8.177004433392221259e-06 2.675192382005376886e-07 2.811204852641991362e-07 5.791083387377145129e-07 5.087873809136136185e-07 7.897391179317893431e-07 7.054242425115025590e-07
1.846043138919129634e+00 8.063586208377833571e-06 2.650460339297097326e-07 2.767246713805444365e-07 5.666999027915216644e-07 5.041846748085745478e-07 7.819334281286361495e-07 6.989594524316355796e-07
1.855268741812278410e+00 7.967488609976855173e-06 2.644389974542225483e-07 2.735365306831229253e-07 5.553529530059153851e-07 4.992096935729912457e-07 7.758323254654417420e-07 6.938772556231854446e-07
1.864494344705427187e+00 7.886525162023848436e-06 2.638123594562072458e-07 2.705454369802613417e-07 5.467479675021281516e-07 4.925920050903062717e-07 7.712128411661563297e-07 6.899949716121903424e-07
1.873719947598576185e+00 7.818771317394925332e-06 2.618976407779683140e-07 2.687204453237859803e-07 5.443498541950410097e-07 4.877504756466340965e-07 7.678753982368022481e-07 6.871537349782900740e-07
1.882945550491724962e+00 7.762750930938207690e-06 2.597505133066149035e-07 2.666850906113945663e-07 5.425449540833163946e-07 4.835324631243395963e-07 7.656723834610599535e-07 6.852322169095124207e-07
1.892171153384873961e+00 7.716930361185937379e-06 2.576630644007955987e-07 2.651230530246773435e-07 5.412492347137070828e-07 4.799020101445636836e-07 7.644443390804035949e-07 6.841044623877448207e-07
1.901396756278022737e+00 7.680250396780989816e-06 2.568327132068829257e-07 2.633972923201528444e-07 5.403676409328690190e-07 4.792106057885011031e-07 7.640879760235149299e-07 6.836832225181446978e-07
1.910622359171171736e+00 7.651464717973419736e-06 2.559788189805547678e-07 2.630546189155845804e-07 5.387369994178291618e-07 4.790115108632328998e-07 7.644739868953141651e-07 6.838656944875765091e-07
1.919847962064320512e+00 7.630062387913730064e-06 2.554450902394926409e-07 2.623357762291463231e-07 5.352876681006939354e-07 4.750791249688998010e-07 7.655542510062579700e-07 6.846162646999159228e-07
1.929073564957469289e+00 7.614905363334956433e-06 2.551851957431793867e-07 2.613797912421953184e-07 5.324160560574406781e-07 4.717254267409198167e-07 7.672154541248742398e-07 6.858354812993445383e-07
1.938299167850618288e+00 7.605443099407171934e-06 2.550655725859023759e-07 2.608462420169973403e-07 5.319182184508804641e-07 4.708601000930488071e-07 7.689089242923789739e-07 6.874820473274387704e-07
1.947524770743767064e+00 7.601134545048575017e-06 2.527702530612082130e-07 2.618361452053113758e-07 5.338111888259886338e-07 4.731202765532726428e-07 7.696834317518537070e-07 6.895166814641924519e-07
1.956750373636916063e+00 7.601314536918121637e-06 2.514614951236827185e-07 2.618308572602731022e-07 5.359220268868903882e-07 4.727765370987723666e-07 7.708779775852749364e-07 6.918798130400888340e-07
1.965975976530064839e+00 7.605678366312437801e-06 2.528166403108862356e-07 2.628744057385338123e-07 5.357271851696061182e-07 4.736995770262934519e-07 7.724666153443455059e-07 6.945521853753996758e-07
1.975201579423213616e+00 7.613751564486007080e-06 2.529193204600857836e-07 2.639979472685049963e-07 5.368583872640962204e-07 4.751939613447683805e-07 7.743961209970306832e-07 6.965708375712841393e-07
1.984427182316362615e+00 7.624683338258275108e-06 2.523646526476257265e-07 2.645169152501663319e-07 5.360753803898307042e-07 4.767980773102604861e-07 7.766060447511418429e-07 6.981547585338644744e-07
1.993652785209511391e+00 7.639625327162512331e-06 2.527419444403578540e-07 2.650009381542622940e-07 5.360063320217273766e-07 4.785726359732585443e-07 7.791557452084530816e-07 7.000015004071170785e-07
2.002878388102660168e+00 7.656764894113209373e-06 2.541162834300823733e-07 2.670873042775481914e-07 5.364838568111777865e-07 4.804699607772545592e-07 7.819249008577769150e-07 7.019963586129510875e-07
2.012103990995809166e+00 7.676490449086835786e-06 2.542712525386186709e-07 2.677171521084366912e-07 5.371147730905677533e-07 4.814846031218555518e-07 7.849340623415516292e-07 7.041661950309389899e-07
2.021329593888958165e+00 7.698337678523890871e-06 2.546312567139047270e-07 2.689999125828569087e-07 5.378305680496650240e-07 4.823101460861625034e-07 7.870079709145772065e-07 7.064739212374348577e-07
2.030555196782107164e+00 7.722285331481428959e-06 2.554707200384417583e-07 2.714810965775340610e-07 5.386842921817857726e-07 4.830924933938409495e-07 7.890679526120486368e-07 7.089220512805311181e-07
2.039780799675255718e+00 7.748123961905218580e-06 2.566051312960179899e-07 2.722822158777695378e-07 5.396608350754185574e-07 4.844128422604191883e-07 7.913213675271836220e-07 7.114957139627104354e-07
2.049006402568404717e+00 7.775634924086189612e-06 2.577391637860914264e-07 2.723382979021148962e-07 5.407416423848661856e-07 4.864005312272593981e-07 7.937417425232568582e-07 7.141782766621233782e-07
2.058232005461553715e+00 7.804693832608149823e-06 2.589132023534325460e-07 2.724348579236376025e-07 5.419294554958197001e-07 4.872066635792005981e-07 7.963271455904353315e-07 7.169626724964563738e-07
2.067457608354702270e+00 7.835356931700159256e-06 2.601325673983845115e-07 2.725735582204104145e-07 5.432255248502101583e-07 4.887406203847202935e-07 7.990796386143069819e-07 7.198572703945105568e-07
2.076683211247851268e+00 7.866855256721518247e-06 2.608680616591555206e-07 2.729332177406439870e-07 5.445727196348262877e-07 4.914351737004383035e-07 8.019189510450601708e-07 7.227921132639572420e-07
2.085908814141000267e+00 7.899831378806918580e-06 2.619730131920177437e-07 2.746365760328593693e-07 5.460265196985901042e-07 4.942034309804196920e-07 8.049171153150260063e-07 7.258324986785367501e-07
2.095134417034148822e+00 7.933831347143200722e-06 2.633610185170701351e-07 2.764221606644113037e-07 5.475443678438285725e-07 4.964727580502179336e-07 8.080190823175891905e-07 7.289361425675357342e-07
2.104360019927297820e+00 7.968874789886569879e-06 2.646928448074740368e-07 2.768595151699144318e-07 5.491322600912433289e-07 4.977805438376901330e-07 8.112313167188544703e-07 7.321073787562678881e-07
2.113585622820446819e+00 8.004775790804353978e-06 2.662184049689781019e-07 2.782136838211560052e-07 5.507818926618866264e-07 4.991653904196313935e-07 8.145379631735953353e-07 7.353320773280479968e-07
2.122811225713595817e+00 8.041642360028920816e-06 2.680118266357280142e-07 2.802250926038432757e-07 5.525013594323761841e-07 5.006968333060956609e-07 8.179506214537258688e-07 7.386219282365330356e-07
2.132036828606744372e+00 8.079176863056935129e-06 2.694503767288685769e-07 2.830624074483349537e-07 5.542653287925267401e-07 5.025637215954303533e-07 8.214338078917213568e-07 7.419507526421135731e-07
2.141262431499893371e+00 8.117370207169890685e-06 2.708689700796923657e-07 2.852603725324418145e-07 5.560665656602251339e-07 5.044895198769016470e-07 8.249875750625017891e-07 7.453187859356869553e-07
2.150488034393042369e+00 8.156340119204508163e-06 2.723015870067481620e-07 2.872622404189594550e-07 5.579227446882368321e-07 5.066470177328259391e-07 8.286326754326356749e-07 7.487396430498132087e-07
2.159713637286190924e+00 8.195818054958482160e-06 2.737473407493918714e-07 2.885254275972097760e-07 5.599170786861888438e-07 5.101064636563605771e-07 8.323315318517252823e-07 7.521895629183592759e-07
2.168939240179339922e+00 8.235790278019768565e-06 2.753052205962675924e-07 2.902492441192458333e-07 5.626233119116766867e-07 5.135722502483233470e-07 8.360876670931234096e-07 7.556669288496703065e-07
2.178164843072488921e+00 8.276290474366624475e-06 2.772509173830397492e-07 2.919865004419882162e-07 5.671363832662965608e-07 5.170582118572149396e-07 8.399070764003162834e-07 7.591776157345894063e-07
2.187390445965637920e+00 8.317206965751089873e-06 2.792803404551703721e-07 2.931834508901231049e-07 5.717350787653488443e-07 5.205582713728474644e-07 8.437771281896874303e-07 7.627128673420036369e-07
2.196616048858786474e+00 8.358741157068066104e-06 2.809976326002713132e-07 2.946300179286848528e-07 5.763352280920074571e-07 5.240789657767499875e-07 8.477071458685089697e-07 7.662884612036590572e-07
2.205841651751935473e+00 8.400463267420291106e-06 2.828988616985636057e-07 2.963040979727893468e-07 5.809287760197663690e-07 5.276028931442895730e-07 8.516681845774151926e-07 7.698699579141249453e-07
2.215067254645084471e+00 8.442552541648741651e-06 2.835004189303474769e-07 2.980097274940393470e-07 5.855277013221013788e-07 5.311410181818006042e-07 8.563172907167698652e-07 7.734740597474755637e-07
2.224292857538233026e+00 8.485152822773064791e-06 2.851722273882447350e-07 2.996998269847027683e-07 5.898321392761383112e-07 5.346957718327504386e-07 8.621658092991499491e-07 7.771113408609198328e-07
2.233518460431382024e+00 8.527904610647087973e-06 2.867211838272467001e-07 3.014923220617235961e-07 5.918655913182010683e-07 5.382526181249427195e-07 8.680114489128652082e-07 7.807526394006144405e-07
2.242744063324531023e+00 8.570972180933420208e-06 2.876575251436269215e-07 3.032872824476716812e-07 5.939294071040266489e-07 5.418202512344395832e-07 8.738758220364240833e-07 7.844130751920712374e-07
2.251969666217680022e+00 8.611585645310146380e-06 2.887716606132152171e-07 3.038119239348572470e-07 5.958969708754774809e-07 5.452922877535630391e-07 8.792965838927339597e-07 7.878712272279709015e-07
2.261195269110828576e+00 8.655553799843020965e-06 2.905958685114394080e-07 3.055133379995542218e-07 5.979700001018672001e-07 5.488898643041123797e-07 8.852604353322126386e-07 7.915904559078930776e-07
2.270420872003977575e+00 8.699769434536302291e-06 2.921218665503914647e-07 3.072124222758029874e-07 6.000660168281322010e-07 5.524947229781709281e-07 8.912394102397972070e-07 7.953239676567411140e-07
2.279646474897126573e+00 8.745429826791533375e-06 2.936218707746175184e-07 3.094061347998476743e-07 6.024600837104843469e-07 5.561513563221656025e-07 8.974442975120417311e-07 7.991654196176436477e-07
2.288872077790275128e+00 8.788773792082807041e-06 2.953456963491962267e-07 3.118901212908562756e-07 6.064563722500904619e-07 5.597211199990422952e-07 9.032276254412667201e-07 8.028192127393437048e-07
2.298097680683424127e+00 8.833520597052193607e-06 2.975583171814130782e-07 3.143733265487239542e-07 6.105338073684972840e-07 5.633408868316555390e-07 9.092331274884670763e-07 8.065780711641319076e-07
2.307323283576573125e+00 8.878417393796734730e-06 2.997720915448443663e-07 3.167973256845479029e-07 6.146093077362266348e-07 5.669646765057142557e-07 9.152457503421601055e-07 8.111808801327656954e-07
2.316548886469722124e+00 8.923500081802566221e-06 3.020155573560200481e-07 3.187453552741772631e-07 6.186836880947057111e-07 5.705906402314102696e-07 9.212698099917993868e-07 8.164466571912681707e-07
2.325774489362870678e+00 8.968656681316442277e-06 3.044734429462452990e-07 3.199228897768660281e-07 6.225675302757502350e-07 5.741977957434561588e-07 9.272943249875893322e-07 8.217140763982765128e-07
2.335000092256019677e+00 9.013945821497151893e-06 3.068864346506950498e-07 3.207130027395627852e-07 6.252271647868896145e-07 5.778092525554087119e-07 9.333247432977309117e-07 8.269885292033489797e-07
2.344225695149168676e+00 9.059534862110836672e-06 3.094869228012922735e-07 3.214800347740470911e-07 6.279117523304129597e-07 5.814245652555194698e-07 9.394129749957521409e-07 8.322876286959070974e-07
2.353451298042317230e+00 9.104776236542750162e-06 3.123281133905357393e-07 3.222877589926829387e-07 6.305656783139702913e-07 5.850381983923153576e-07 9.453920698463377564e-07 8.375496854406847208e-07
2.362676900935466229e+00 9.150357987090028430e-06 3.150535963765937867e-07 3.231375641817646130e-07 6.332462826563904960e-07 5.886580753644922898e-07 9.514338810921329251e-07 8.428392685691700757e-07
2.371902503828615227e+00 9.195984673652561289e-06 3.171468294755228567e-07 3.246764089822588053e-07 6.359302536152530440e-07 5.922778559572574057e-07 9.574754253391907924e-07 8.481298452694472473e-07
2.381128106721764226e+00 9.241682996671062391e-06 3.192397075919273637e-07 3.269384819792983432e-07 6.386194374651034682e-07 5.959000426517092961e-07 9.635188781833405405e-07 8.534244119516989967e-07
2.390353709614912781e+00 9.287428316918463258e-06 3.212696572372566192e-07 3.294587534458804360e-07 6.413130807439923611e-07 5.994201908184179552e-07 9.695618577172802259e-07 8.587221165157711751e-07
2.399579312508061779e+00 9.333233761633854899e-06 3.232763086560024219e-07 3.310915651566552443e-07 6.440098521194755326e-07 6.020399491377295524e-07 9.756066192179060052e-07 8.640217478720804673e-07
2.408804915401210778e+00 9.379080070089099855e-06 3.253491239243701060e-07 3.324584400854654187e-07 6.467094865144437535e-07 6.058290837582629693e-07 9.816508459488545134e-07 8.693230578168086709e-07
2.418030518294359332e+00 9.424958355315668208e-06 3.270401218218097465e-07 3.343045479364084750e-07 6.494114660283010256e-07 6.099931513547843226e-07 9.876944588287055865e-07 8.746258225570917983e-07
2.427256121187508331e+00 9.470863348800598449e-06 3.287213294447419528e-07 3.358314926454557514e-07 6.521164358817626520e-07 6.141390351062137086e-07 9.937367436921566726e-07 8.799310753258535753e-07
2.436481724080657330e+00 9.516809424435490527e-06 3.307046033592028880e-07 3.375436924519524708e-07 6.551409573956424253e-07 6.178076656521954622e-07 9.997796227646091522e-07 8.852374728001513604e-07
2.445707326973806328e+00 9.562774187947672969e-06 3.326865359158511718e-07 3.390033939966549426e-07 6.592468085333240700e-07 6.214769910395259131e-07 1.005821073887502769e-06 8.905448084216192287e-07
2.454932929866954883e+00 9.608755809065502236e-06 3.345859979456776282e-07 3.404344703693767222e-07 6.633545017563516013e-07 6.251469682521145616e-07 1.011860563490919743e-06 8.958528681378062180e-07
2.464158532760103881e+00 9.654735830149457934e-06 3.364745833875843796e-07 3.418639737806464533e-07 6.674636432217586279e-07 6.288166036368137703e-07 1.017897839969305037e-06 9.011607680727236390e-07
2.473384135653252880e+00 9.700720449463926822e-06 3.383612321883479296e-07 3.432936519266647460e-07 6.715736518084309891e-07 6.324866795733573874e-07 1.023931648978648401e-06 9.064683737465401817e-07
2.482609738546401434e+00 9.746711246322379605e-06 3.403763149398063526e-07 3.449164080383469689e-07 6.756860236639636736e-07 6.361491731103066720e-07 1.029963841596826088e-06 9.117768804536770808e-07
2.491835341439550433e+00 9.792709660322435118e-06 3.429396053227459388e-07 3.466307801079793877e-07 6.798003412994694567e-07 6.397997342513886713e-07 1.035994095676344141e-06 9.170860820740368109e-07
2.501060944332699432e+00 9.838683271295404765e-06 3.450604689876027743e-07 3.481375696186613390e-07 6.839150320102031772e-07 6.434496305403607404e-07 1.042019095598086426e-06 9.223935094567522596e-07
2.510286547225848430e+00 9.884682411811661942e-06 3.468894380235272178e-07 3.494638024109545331e-07 6.880308390206046855e-07 6.471010150086093423e-07 1.048045052539406160e-06 9.277023098666648817e-07
2.519512150118996985e+00 9.930637043605219504e-06 3.486088125648732772e-07 3.509176289543540267e-07 6.921481992406697400e-07 6.507514897931831208e-07 1.054063720671446721e-06 9.330090700512076707e-07
2.528737753012145983e+00 9.976609809378243217e-06 3.503409055694749674e-07 3.524604820832362559e-07 6.962663730849373925e-07 6.544034638960181320e-07 1.060082442797526272e-06 9.383167686706017310e-07
2.537963355905294982e+00 1.002251859277552374e-05 3.520299267426697061e-07 3.540073921893525683e-07 7.003856942235346260e-07 6.580536143552034520e-07 1.065872095865548589e-06 9.436213859687580635e-07
2.547188958798443537e+00 1.006845956247161682e-05 3.537570718042608824e-07 3.554642706359104212e-07 7.046325044600728883e-07 6.617062841352867067e-07 1.071212909522823608e-06 9.489284223070023347e-07
2.556414561691592535e+00 1.011435557379073298e-05 3.554515890306226400e-07 3.568310127790364953e-07 7.093468745417441928e-07 6.653579722722313325e-07 1.076549748455869136e-06 9.542325572058954453e-07
2.565640164584741534e+00 1.016017159228688584e-05 3.571376709034656692e-07 3.581986454274817256e-07 7.140389554739058560e-07 6.689144463928476937e-07 1.081878991922293826e-06 9.595309411570443443e-07
2.574865767477890532e+00 1.020607463884964107e-05 3.588788653204689404e-07 3.595733227297751223e-07 7.187306863531781477e-07 6.722609984643380417e-07 1.087218202047198482e-06 9.648384571523216342e-07
2.584091370371039087e+00 1.025190267513357001e-05 3.606568680054790548e-07 3.609461065358681635e-07 7.234168217676579773e-07 6.756029952198498365e-07 1.092549891204611768e-06 9.701392304651977372e-07
2.593316973264188086e+00 1.029767613201991620e-05 3.626770891139929968e-07 3.623236859228044429e-07 7.281048945886565911e-07 6.789445107311159244e-07 1.097877416009129670e-06 9.754385522031075884e-07
2.602542576157337084e+00 1.034344265774069726e-05 3.648270780878174710e-07 3.637018313722252197e-07 7.327922119040727937e-07 6.822824339321202956e-07 1.103204705231487646e-06 9.807375071380007142e-07
2.611768179050485639e+00 1.038919326683822922e-05 3.669375917369130776e-07 3.650831878556288536e-07 7.374809990069443278e-07 6.856050919800101218e-07 1.108531441560468652e-06 9.860367350607741064e-07
2.620993781943634637e+00 1.043487641396865218e-05 3.690467940851025678e-07 3.664658335101084901e-07 7.421686169051427327e-07 6.889252074075854181e-07 1.113852306326436372e-06 9.913318512887388820e-07
2.630219384836783636e+00 1.048054760327596149e-05 3.710996355754184726e-07 3.678367152844925179e-07 7.468563359137182615e-07 6.921817422962742985e-07 1.119172715401517795e-06 9.966266344879415518e-07
2.639444987729932635e+00 1.052616024661825370e-05 3.730217318727029361e-07 3.695022035590147104e-07 7.515466256725691105e-07 6.949879558833627709e-07 1.124488866438781750e-06 1.001919724640564080e-06
2.648670590623081189e+00 1.057174733475866699e-05 3.746207321948048828e-07 3.711162286097973681e-07 7.556031196965160409e-07 6.975297656328055773e-07 1.129803130149733287e-06 1.007211096884344626e-06
2.657896193516230188e+00 1.061729147519339760e-05 3.761149647933388455e-07 3.727331437879840528e-07 7.586467710233503361e-07 7.000689061691566585e-07 1.135114489425440810e-06 1.012500979760834108e-06
2.667121796409379186e+00 1.066279404215325959e-05 3.775532790381664830e-07 3.743520813258894599e-07 7.616856653226134995e-07 7.026054863204694628e-07 1.140422855220605202e-06 1.017789573081443908e-06
2.676347399302527741e+00 1.070825248082456542e-05 3.791003618124437604e-07 3.759740725072959188e-07 7.647196848490398857e-07 7.051390247095767910e-07 1.145728373434007192e-06 1.023076671692951057e-06
2.685573002195676739e+00 1.075368495157390230e-05 3.811307146379308683e-07 3.775960166422071923e-07 7.677499153737323093e-07 7.076713027537385098e-07 1.151032162903381032e-06 1.028362275280643852e-06
2.694798605088825738e+00 1.079906759741094794e-05 3.833504014812387782e-07 3.791742786311206296e-07 7.707749421664346085e-07 7.101999853832390431e-07 1.156332376602403871e-06 1.033646081891374612e-06
2.704024207981974737e+00 1.084440913296197402e-05 3.852817060885884901e-07 3.806173189322594320e-07 7.745195853263916059e-07 7.127255804250843423e-07 1.161630144333331287e-06 1.038928671425716903e-06
2.713249810875123291e+00 1.088968170989396422e-05 3.872099190079387717e-07 3.820617140941628975e-07 7.786670897153457927e-07 7.152460164665614203e-07 1.166922528320504755e-06 1.044207706829460290e-06
2.722475413768272290e+00 1.093494731370015755e-05 3.891373016464512100e-07 3.835064182342173161e-07 7.828158765927637549e-07 7.177660018837272088e-07 1.172215409264108969e-06 1.049487491692703876e-06
2.731701016661421288e+00 1.098014152464611460e-05 3.910614248923943010e-07 3.849522056881319693e-07 7.869636977235136972e-07 7.202805751409827674e-07 1.177502652119326654e-06 1.054763366590536055e-06
2.740926619554569843e+00 1.102529969194828892e-05 3.929836786371150651e-07 3.864006586062687789e-07 7.911135345321104414e-07 7.227919329004291063e-07 1.182788114254035140e-06 1.060039023034307175e-06
2.750152222447718842e+00 1.107041490968624461e-05 3.949033969725906061e-07 3.878481670750528798e-07 7.952617873663682320e-07 7.252999781201865530e-07 1.188070592816842735e-06 1.065311962573084465e-06
2.759377825340867840e+00 1.111544840254600119e-05 3.967184030266162091e-07 3.894529360526784542e-07 7.994122641950267321e-07 7.278010684460400344e-07 1.193347078192233244e-06 1.070582453543932530e-06
