9.225602893149067790e-04 9.631736757924543610e-05 2.668011730705134284e-06 2.656506753962505703e-06 4.916136599433470512e-06 5.458571922634428662e-06 6.131216017830020109e-06 6.696738584849087818e-06
1.014816318246397446e-02 9.922586499618584355e-05 2.751437132965988612e-06 2.737365645916076335e-06 5.060421783272813856e-06 5.626267803929439954e-06 6.290485989349982212e-06 6.905330510664520758e-06
1.937376607561304073e-02 1.020030675483538926e-04 2.830588238818913522e-06 2.813794729025984325e-06 5.197796658717575790e-06 5.786145419197911868e-06 6.449492624008011416e-06 7.102842339446878862e-06
2.859936896876210874e-02 1.048604964003607400e-04 2.911857180090037184e-06 2.906507859834782164e-06 5.336334478132857937e-06 5.950366078961654933e-06 6.614992248058933189e-06 7.305289779489600763e-06
3.782497186191117328e-02 1.078441710627636919e-04 2.995909773890209778e-06 2.993590199216000325e-06 5.481200203186003487e-06 6.119131404527653655e-06 6.788730878262523778e-06 7.516073131809893905e-06
4.705057475506025516e-02 1.109824926951557265e-04 3.082357273452598326e-06 3.075317717630382899e-06 5.633601777014522944e-06 6.296422113926883205e-06 6.971980635360781474e-06 7.737220296784053661e-06
5.627617764820931623e-02 1.142956984318680206e-04 3.181049508506610547e-06 3.162802135092500485e-06 5.794384215861402834e-06 6.483527232935639741e-06 7.165731862630818068e-06 7.970188142039674089e-06
6.550178054135838424e-02 1.178175142141268863e-04 3.283964705607338294e-06 3.255645343272684953e-06 5.964927090488890546e-06 6.682286321109482600e-06 7.371765547748316280e-06 8.217178576078057548e-06
7.472738343450743836e-02 1.215550359095369381e-04 3.389745877431762553e-06 3.357510971248320124e-06 6.145775521050673876e-06 6.893988377381041221e-06 7.590478295982776053e-06 8.478857252307249112e-06
8.395298632765652025e-02 1.255448180692388452e-04 3.502679392570313358e-06 3.476101018362788174e-06 6.338570634752198037e-06 7.127878541297749822e-06 7.823870431404751895e-06 8.757598288678660955e-06
9.317858922080557438e-02 1.298095715675764072e-04 3.624238030877348317e-06 3.593142319158171803e-06 6.544394805724473288e-06 7.374473973188267265e-06 8.073225207189962081e-06 9.055001220296772708e-06
1.024041921139546424e-01 1.343818212402927428e-04 3.756571619013539210e-06 3.718173881137048923e-06 6.764755205679437357e-06 7.634053308606052841e-06 8.340367486698804528e-06 9.373261083773110763e-06
1.116297950071036965e-01 1.393022124278557171e-04 3.901876677836528745e-06 3.852062887840297005e-06 7.001544569862670027e-06 7.912945288873112284e-06 8.627587544628032490e-06 9.715082485479287081e-06
1.208553979002527506e-01 1.446106355214126892e-04 4.044171058900988954e-06 3.993912028950368431e-06 7.265002664836537607e-06 8.213607407134596809e-06 8.938811550328323993e-06 1.008317077034350906e-05
1.300810007934018186e-01 1.503469276883152861e-04 4.200814741765149934e-06 4.146693085969893220e-06 7.553619782622102456e-06 8.549033984066675305e-06 9.306715879052592996e-06 1.048028580564523107e-05
1.393066036865509005e-01 1.565809883076391725e-04 4.376503242892073979e-06 4.312181887639520914e-06 7.851090799432171741e-06 8.913649738479586127e-06 9.705904903137626974e-06 1.091099013973822747e-05
1.485322065796999824e-01 1.633752345993100307e-04 4.567549468947960500e-06 4.491954380937419455e-06 8.174671868998729636e-06 9.311153723256664376e-06 1.014034968050558797e-05 1.137949354454889889e-05
1.577578094728490643e-01 1.707742394763542217e-04 4.775356433468102473e-06 4.687125382284813499e-06 8.526520513167228652e-06 9.744495249964146757e-06 1.061337001819200477e-05 1.188907322913893331e-05
1.669834123659981462e-01 1.789064377596258284e-04 5.002684749267830152e-06 4.900937939828056483e-06 8.912103052057147867e-06 1.022084704096129092e-05 1.113243493094172678e-05 1.244796093233241493e-05
1.762090152591472003e-01 1.878545727435406310e-04 5.252086711325480717e-06 5.135439513288852283e-06 9.335125697254950282e-06 1.074510901797760798e-05 1.170307750258066707e-05 1.306188627093267623e-05
1.854346181522962822e-01 1.977497121111898061e-04 5.524963071209935440e-06 5.393904285080133041e-06 9.802038944376557971e-06 1.132514025519237920e-05 1.233347141087670282e-05 1.373953789647396973e-05
1.946602210454453641e-01 2.087380418763232161e-04 5.834062531378863756e-06 5.679909853556074258e-06 1.032050393201606651e-05 1.196715017796900777e-05 1.303285354925293096e-05 1.449067984689964722e-05
2.038858239385944460e-01 2.209933105135728382e-04 6.213074896461675579e-06 6.020130060996288154e-06 1.090181593536368996e-05 1.267089307463155302e-05 1.381226107239873495e-05 1.532692000971854970e-05
2.131114268317435001e-01 2.347390268612403676e-04 6.620580915979044825e-06 6.403774184538917882e-06 1.155265976105385476e-05 1.345961450813877233e-05 1.468564004631007277e-05 1.626304412148018154e-05
2.223370297248925820e-01 2.502338478499534810e-04 7.046094753566998874e-06 6.836257690282009167e-06 1.228504026770703764e-05 1.434807564895299557e-05 1.566942414698560201e-05 1.731626094544460909e-05
2.315626326180416361e-01 2.678080689474864138e-04 7.524985409984802712e-06 7.326814360553970864e-06 1.311409965374770717e-05 1.535449535880863484e-05 1.678428668311728912e-05 1.850839374810397953e-05
2.407882355111907180e-01 2.878675665652542662e-04 8.055019156783015458e-06 7.883311100671352815e-06 1.405853022376420689e-05 1.650202996599366102e-05 1.809057876155724560e-05 1.986625588521438723e-05
2.500138384043397721e-01 3.109249983983706166e-04 8.663204594847365679e-06 8.487119190793792657e-06 1.514803015718689918e-05 1.781985765623907841e-05 1.960232417926456149e-05 2.142361659586704443e-05
2.592394412974888818e-01 3.376298632324476433e-04 9.360957411119763278e-06 9.192586034186933219e-06 1.645990011573793960e-05 1.934469067012110780e-05 2.135723369018651101e-05 2.322318187445945349e-05
2.684650441906379359e-01 3.688517125011335691e-04 1.022199996002687338e-05 9.998479028463049846e-06 1.799182215835335797e-05 2.112537547130995293e-05 2.341393333973331402e-05 2.534274501135499189e-05
2.776906470837869900e-01 4.056702137789868737e-04 1.122523178471058081e-05 1.101876958427641402e-05 1.979653492577596822e-05 2.322287361644642537e-05 2.583219810553110405e-05 2.786886669134603549e-05
2.869162499769360997e-01 4.495632914915997837e-04 1.242645485279535427e-05 1.223410036124504942e-05 2.196058525546850477e-05 2.572017194916596979e-05 2.851831831336557521e-05 3.087868026205374365e-05
2.961418528700851538e-01 5.025308433408594419e-04 1.391646090396711239e-05 1.369468298966804425e-05 2.459375412843770210e-05 2.872931262472283717e-05 3.174641575265715887e-05 3.450852830134824075e-05
3.053674557632342079e-01 5.673162784190853136e-04 1.566576156977490114e-05 1.548411805336446373e-05 2.781837121084112900e-05 3.240377839146409925e-05 3.569843293260775534e-05 3.894555324213740555e-05
3.145930586563833176e-01 6.478157085575623857e-04 1.783205651338713813e-05 1.766350256269567931e-05 3.165279159309225109e-05 3.696073587381506088e-05 4.076235768579175231e-05 4.445519351443537239e-05
3.238186615495323717e-01 7.496607955569529720e-04 2.068138737303245548e-05 2.045469636801256104e-05 3.658854358141311325e-05 4.271308495601335714e-05 4.715884041452751869e-05 5.148765285940674376e-05
3.330442644426814813e-01 8.812689306956791001e-04 2.407653122591800910e-05 2.390109866201876789e-05 4.298616681027128249e-05 5.011805925543956833e-05 5.540851257712457994e-05 6.066803582721971323e-05
3.422698673358305355e-01 1.055555225141546587e-03 2.871331629771423782e-05 2.841703858506589714e-05 5.142973484193727116e-05 5.997117026873013089e-05 6.656665188167136364e-05 7.284080571847155634e-05
3.514954702289795896e-01 1.293338587015997222e-03 3.511021251462968090e-05 3.464086474516962950e-05 6.290523795072404736e-05 7.322486640002874927e-05 8.185394104176079572e-05 8.947151654020843101e-05
3.607210731221286992e-01 1.629610037237416795e-03 4.420213402194970130e-05 4.384431055285938419e-05 7.905626132750811878e-05 9.193461538930278003e-05 1.035117633957718681e-04 1.124954584035191361e-04
3.699466760152777534e-01 2.126084564186917977e-03 5.751271989127247630e-05 5.710919071523403584e-05 1.021671004911559912e-04 1.193842631274418670e-04 1.355374597628092315e-04 1.460432122043870892e-04
3.791722789084268630e-01 2.898647941982601586e-03 7.820445004952641249e-05 7.784684754504316712e-05 1.374500982980098214e-04 1.625567826938141731e-04 1.854177636422715998e-04 1.981847110955258992e-04
3.883978818015759171e-01 4.177896216293373356e-03 1.122053803265547420e-04 1.125239012165872576e-04 1.957521711555918614e-04 2.333551337448235702e-04 2.679511480820706906e-04 2.858700605156954538e-04
3.976234846947249713e-01 6.436805970502977765e-03 1.691751098125198957e-04 1.692230261131251468e-04 2.997000936737024418e-04 3.606030511922415568e-04 4.129630184364083481e-04 4.419891973368589300e-04
4.068490875878740809e-01 1.052287710127749500e-02 2.686600119701475220e-04 2.730488877766175382e-04 4.738639754165458601e-04 5.839048709070371324e-04 6.709534526908918911e-04 7.303773563612503406e-04
4.160746904810231350e-01 1.651936088590539795e-02 4.136272483749175999e-04 4.159696018895889247e-04 7.126638516282597646e-04 9.111788457146583614e-04 1.031912177054380986e-03 1.134566104288164956e-03
4.253002933741722447e-01 1.846409704968941801e-02 4.741919948273755347e-04 4.777218651038778185e-04 8.243646447652769327e-04 1.006788905246455701e-03 1.153252382443990115e-03 1.280095723980707173e-03
4.345258962673212988e-01 1.276715057058796544e-02 3.314311097618836965e-04 3.445784715731033815e-04 5.915441666918333508e-04 6.906141888751576863e-04 7.801556371769130527e-04 9.059434640480822781e-04
4.437514991604703529e-01 7.375248566284090847e-03 1.979575097692410496e-04 1.997787559342625169e-04 3.547114866912547473e-04 4.067925808727496442e-04 4.619705021115050672e-04 5.295853560006308358e-04
4.529771020536194626e-01 4.373211376001844355e-03 1.186071056301718843e-04 1.193965165527215155e-04 2.124384609211498950e-04 2.442515202879576991e-04 2.761548085919657627e-04 3.099332720456673268e-04
4.622027049467684612e-01 2.774728616002529544e-03 7.472338406948461284e-05 7.611153031291794518e-05 1.344551224125491856e-04 1.557809554097009004e-04 1.755753756233794857e-04 1.948254604955974162e-04
4.714283078399175708e-01 1.873429287531691405e-03 5.030344214381095302e-05 5.114637461248357220e-05 9.071372854156352708e-05 1.055556344510813135e-04 1.176313158405871764e-04 1.306474575677417371e-04
4.806539107330666249e-01 1.329821964635350242e-03 3.556790699154612455e-05 3.616321842113672663e-05 6.435567981994522700e-05 7.510197755000464631e-05 8.363021467164386165e-05 9.288011326137731935e-05
4.898795136262157346e-01 9.820744413695902796e-04 2.606833316607325667e-05 2.649061007937211082e-05 4.742532814646076983e-05 5.553728042888630978e-05 6.235791457251805940e-05 6.870150035272063263e-05
4.991051165193647332e-01 7.484364374955451097e-04 1.983551951103754412e-05 2.001006234276364853e-05 3.602642199784561374e-05 4.235124074463390582e-05 4.792684918481708405e-05 5.242932546724711571e-05
5.083307194125139539e-01 5.850889301217281112e-04 1.544887454802909305e-05 1.547932232679274413e-05 2.807994159230713539e-05 3.311175332553080962e-05 3.775248157550131940e-05 4.103419728406171394e-05
5.175563223056629525e-01 4.670590388856421852e-04 1.229108738679262096e-05 1.233077046209886353e-05 2.238273910502283420e-05 2.642379123704905299e-05 3.034667062669973167e-05 3.278781213769134915e-05
5.267819251988120621e-01 3.793980100472673549e-04 1.001991042301074355e-05 9.972103650797490941e-06 1.818682531220259038e-05 2.144149945486605599e-05 2.481042298653360432e-05 2.665431612933644601e-05
5.360075280919610607e-01 3.127647407460561169e-04 8.281889061822003423e-06 8.227955858598843403e-06 1.496758211801742537e-05 1.758664046580435099e-05 2.057744512674240757e-05 2.198567600732181677e-05
5.452331309851101704e-01 2.611023359517480641e-04 6.923196743122757724e-06 6.871053581149861537e-06 1.241419038519142419e-05 1.460696723179082416e-05 1.727790777121031036e-05 1.833003150289474375e-05
5.544587338782591690e-01 2.203768805181503549e-04 5.800913553279525266e-06 5.769399716398250760e-06 1.046177775263361126e-05 1.226499373798423781e-05 1.466392394460554888e-05 1.541251998931906695e-05
5.636843367714083897e-01 1.877919737211870463e-04 4.892868199648451721e-06 4.931376735396443512e-06 8.935124896974959386e-06 1.039634015106275281e-05 1.256272265427017072e-05 1.308161696918867518e-05
5.729099396645573883e-01 1.613762903656868928e-04 4.188833824781269637e-06 4.248718320045118948e-06 7.664967159009102504e-06 8.885488858509534276e-06 1.085189176524810686e-05 1.119492848837251933e-05
5.821355425577064979e-01 1.397420789862058321e-04 3.605191962322153816e-06 3.676964404819007756e-06 6.623521578118864465e-06 7.676712432536276793e-06 9.444781738892992331e-06 9.651910667898193439e-06
5.913611454508554965e-01 1.218150712844825469e-04 3.129358930022981640e-06 3.204643605331347731e-06 5.759288282134502604e-06 6.683398857904498860e-06 8.274178825499746122e-06 8.375469113993636331e-06
6.005867483440046062e-01 1.068477319833492206e-04 2.732562204592857424e-06 2.805620230997187946e-06 5.036723755575935263e-06 5.853307797514431640e-06 7.292992738438516592e-06 7.311366398088232324e-06
6.098123512371537158e-01 9.423567899865697734e-05 2.397438088576141864e-06 2.465829458104073341e-06 4.438335443170907807e-06 5.153332418256708508e-06 6.463113916243051955e-06 6.416286590376675276e-06
6.190379541303028255e-01 8.354148691177940174e-05 2.124557962187488764e-06 2.157071179890811654e-06 3.932616521981486244e-06 4.559311075353527157e-06 5.756805120268269340e-06 5.658556522154388653e-06
6.282635570234518241e-01 7.441609555843964731e-05 1.895801219085430046e-06 1.903496470290319455e-06 3.479855939445892403e-06 4.052010846408035335e-06 5.151886827139696414e-06 5.013049070781550975e-06
6.374891599166009337e-01 6.657304453014881585e-05 1.676482102774031879e-06 1.699563820680842800e-06 3.086437944461976218e-06 3.615719800308182558e-06 4.630130705433389317e-06 4.462272006162709866e-06
6.467147628097499323e-01 5.980399005714481147e-05 1.492212127650072726e-06 1.512880827843607931e-06 2.756773234527281941e-06 3.238873232186211632e-06 4.178197114850618846e-06 3.996918176396479692e-06
6.559403657028991530e-01 5.393102113672382990e-05 1.333524792311402516e-06 1.353725068489107465e-06 2.462006320799818007e-06 2.891581427674171361e-06 3.784691134567209447e-06 3.581112126165433634e-06
6.651659685960481516e-01 4.880744916885936246e-05 1.196917825555927309e-06 1.220631384307824621e-06 2.209964602947327725e-06 2.589919687500633234e-06 3.440200409493166943e-06 3.218721814856226565e-06
6.743915714891972613e-01 4.432630377351568245e-05 1.076622302086835913e-06 1.094411093162461302e-06 1.986372572347808012e-06 2.327266404185922288e-06 3.137814998199611185e-06 2.901965343983194849e-06
6.836171743823462599e-01 4.038973057223568531e-05 9.690464935922712139e-07 9.857011298560554476e-07 1.790369225270923811e-06 2.097633526664380353e-06 2.871224326288258097e-06 2.623904506030172608e-06
6.928427772754953695e-01 3.692031920209682132e-05 8.780355051868108328e-07 8.988734295328523857e-07 1.617897825801506038e-06 1.896233356336536385e-06 2.635419534367062708e-06 2.378989697489004623e-06
7.020683801686443681e-01 3.385085280568300118e-05 7.971644552620839449e-07 8.158670288165994025e-07 1.473983526547792671e-06 1.718971731043008970e-06 2.426044559401937997e-06 2.164912653987243439e-06
7.112939830617935888e-01 3.112988131487836181e-05 7.264525750588088295e-07 7.460871787047892350e-07 1.340750127230605536e-06 1.571128105378805703e-06 2.239749454221884469e-06 1.976014333252205349e-06
7.205195859549425874e-01 2.871280340610634377e-05 6.651413849212923027e-07 6.827252181124927953e-07 1.222426196625283202e-06 1.440968590445530052e-06 2.073627268098315283e-06 1.808596973081570821e-06
7.297451888480916971e-01 2.654800159269050171e-05 6.105763906893677559e-07 6.300330980760604873e-07 1.116061549072768134e-06 1.325407560839150827e-06 1.919922773440886952e-06 1.659182724127534938e-06
7.389707917412406957e-01 2.462298833806235372e-05 5.615500547744406684e-07 5.813109563872365527e-07 1.018606341089692215e-06 1.222063931847201763e-06 1.781988259091459145e-06 1.526561250176103828e-06
7.481963946343899163e-01 2.289642005179317252e-05 5.233045604619990384e-07 5.329120312058956382e-07 9.307101441151395115e-07 1.128998517342360690e-06 1.657487913123069123e-06 1.407995999145025064e-06
7.574219975275389150e-01 2.134825598850708414e-05 4.847235122011334227e-07 4.864826765411021882e-07 8.630798021063547734e-07 1.045139481877952956e-06 1.528416053086032448e-06 1.301998615753572328e-06
7.666476004206880246e-01 1.995528519888635228e-05 4.496703352775800820e-07 4.485922029320849177e-07 7.961098192453693826e-07 9.693274608973368139e-07 1.410990365226213924e-06 1.206959666644377412e-06
7.758732033138370232e-01 1.870328439035251865e-05 4.208855726647627168e-07 4.133835204435772548e-07 7.381232312956939763e-07 9.013007988499805031e-07 1.306084253344915656e-06 1.121806984693022799e-06
7.850988062069861328e-01 1.757550556891531183e-05 3.911012271132972796e-07 3.833289177489668286e-07 6.818517171878654118e-07 8.392229721107252597e-07 1.212192830310592211e-06 1.045374312946419738e-06
7.943244091001351315e-01 1.655705590201007944e-05 3.654983988574163497e-07 3.582476001081196242e-07 6.309811809993255487e-07 7.825429621115579607e-07 1.127980295840072273e-06 9.766293519175471224e-07
8.035500119932843521e-01 1.563793741540135863e-05 3.425485296145197210e-07 3.330188891084696033e-07 5.860429108519728367e-07 7.299005251084342890e-07 1.052507601627596806e-06 9.148344052043783412e-07
8.127756148864333507e-01 1.480721083805632262e-05 3.210431168681766851e-07 3.088696429254202456e-07 5.456166988258551360e-07 6.849305022371809785e-07 9.847861955302844280e-07 8.592239296035872597e-07
8.220012177795824604e-01 1.405824171471756210e-05 3.018848908449649736e-07 2.890531958956814974e-07 5.161798872128574945e-07 6.427452203013869552e-07 9.241734852951586217e-07 8.092852933550126189e-07
8.312268206727314590e-01 1.337961490523692437e-05 2.865362217191848911e-07 2.716831004217677513e-07 4.952884345858498289e-07 6.040611533460771987e-07 8.696990786629588734e-07 7.642750915700235195e-07
8.404524235658805686e-01 1.276457878250903975e-05 2.680445188144769589e-07 2.535588379799850041e-07 4.746771976452511267e-07 5.696636189731423645e-07 8.207502474290191008e-07 7.237126702688558385e-07
8.496780264590296783e-01 1.220895599501474097e-05 2.556171600719488082e-07 2.374265781226208341e-07 4.569770482176821653e-07 5.391617310098146214e-07 7.769198305903686930e-07 6.872683471027889553e-07
8.589036293521787879e-01 1.170636421319083901e-05 2.442984973236549795e-07 2.290907197022961489e-07 4.414724626525442093e-07 5.081544568483420616e-07 7.376438905058871543e-07 6.545059938005251993e-07
8.681292322453277865e-01 1.125284311525190832e-05 2.333883184922933658e-07 2.186087150031300720e-07 4.214990956168414819e-07 4.816264652942341991e-07 7.025472308019725529e-07 6.251277462237689683e-07
8.773548351384768962e-01 1.084173864254085096e-05 2.227508117839715394e-07 2.104921379031951463e-07 4.006711862659993826e-07 4.578909794973674602e-07 6.710877503795038476e-07 5.987145459747879772e-07
8.865804380316258948e-01 1.047187190654523257e-05 2.176640949231075501e-07 2.055425931811538865e-07 3.851122514252473838e-07 4.364331423923963906e-07 6.431011202389171516e-07 5.751276654344310117e-07
8.958060409247751155e-01 1.013954330949865714e-05 2.088970690287136558e-07 2.013418123219755769e-07 3.690375406035071611e-07 4.169864053939000849e-07 6.182588362046057234e-07 5.513756708694246545e-07
9.050316438179241141e-01 9.839039533712763287e-06 2.018748733899912689e-07 1.921185970313002449e-07 3.591962427370444619e-07 4.051108693975897298e-07 6.019543769479128827e-07 5.291926090664740112e-07
9.142572467110732237e-01 9.569774265398471802e-06 1.947981924472355435e-07 1.864190543267085559e-07 3.429258396144427371e-07 3.898879954421817300e-07 5.877012997458379762e-07 5.091555362728578940e-07
9.234828496042222223e-01 9.329220416933902869e-06 1.868181303505106716e-07 1.846187743851361612e-07 3.382055183476632997e-07 3.746449039501258794e-07 5.748421789244901833e-07 4.910937937606449903e-07
9.327084524973712210e-01 9.115306190360309609e-06 1.836997214289728259e-07 1.834348013043526432e-07 3.368465882661020837e-07 3.608172143351073862e-07 5.632840664378590488e-07 4.748589845305651051e-07
9.419340553905202196e-01 8.925084416491114477e-06 1.773567739873727425e-07 1.815136227351097709e-07 3.365589863942527213e-07 3.557544345965590941e-07 5.528855410235146878e-07 4.608718268409082406e-07
9.511596582836694402e-01 8.758466260278399489e-06 1.749806646314945835e-07 1.808692007734549149e-07 3.369913036668857853e-07 3.568650705976220334e-07 5.436573532231696424e-07 4.516195402663327705e-07
9.603852611768185499e-01 8.611454260910357279e-06 1.716383036367958811e-07 1.770243422558248685e-07 3.364804066092618487e-07 3.502983529212311384e-07 5.353944156057265547e-07 4.435994141539483112e-07
9.696108640699675485e-01 8.485400080308211969e-06 1.723286659373843998e-07 1.737917760145560032e-07 3.330558062672086389e-07 3.420338748142944061e-07 5.282138722174983738e-07 4.422252868480961948e-07
9.788364669631165471e-01 8.375824720636794517e-06 1.698362220705848942e-07 1.767559930475038038e-07 3.318327769612572847e-07 3.360038140912782913e-07 5.218680952522227200e-07 4.342530608452226229e-07
9.880620698562656568e-01 8.288967639435405210e-06 1.671428280249252031e-07 1.788722009480188087e-07 3.281920241193422432e-07 3.316025667480890389e-07 5.167150583983636750e-07 4.273082487210812426e-07
9.972876727494148774e-01 8.208695774023807543e-06 1.681186677572129196e-07 1.766407533577833857e-07 3.309628273306560711e-07 3.261646245261420809e-07 5.118133010848114885e-07 4.332572156405941423e-07
1.006513275642563876e+00 8.148150762065729843e-06 1.704890054805888427e-07 1.782389982203950660e-07 3.311429187186169652e-07 3.232331403371886474e-07 5.079529259731869258e-07 4.388691087051984502e-07
1.015738878535712875e+00 8.102140829186075865e-06 1.718527060287154386e-07 1.805222745718263524e-07 3.408017536506730157e-07 3.270935877753658482e-07 5.048474292077515744e-07 4.373995545515684886e-07
1.024964481428862095e+00 8.069883568284942011e-06 1.745728041559497915e-07 1.817712593974258803e-07 3.456994722437037890e-07 3.286224928808189483e-07 5.024503748854260220e-07 4.368423675021972016e-07
1.034190084322011094e+00 8.050089246851146530e-06 1.750770002769321546e-07 1.827135394861986582e-07 3.432725403815168529e-07 3.255572147902062647e-07 5.027049320064763796e-07 4.371239085160873555e-07
1.043415687215160093e+00 8.043255800703275678e-06 1.766190856170887200e-07 1.847915419202081572e-07 3.475757069475804504e-07 3.232764512851766809e-07 5.104739933630125098e-07 4.382470284935697139e-07
1.052641290108309091e+00 8.047981498590136616e-06 1.795605181183593821e-07 1.869946037795321278e-07 3.470051360072677740e-07 3.217075023142358078e-07 5.192381337794712567e-07 4.401496901018174575e-07
1.061866893001458312e+00 8.064390062171330180e-06 1.826031356705534183e-07 1.891236635364179072e-07 3.551258531070605929e-07 3.208365001772249309e-07 5.284974147429099834e-07 4.428204102007615744e-07
1.071092495894607532e+00 8.091738600948440802e-06 1.859523313675305400e-07 1.906523250404046295e-07 3.623601912023996095e-07 3.275403235635611826e-07 5.382417347558229284e-07 4.462161507460958343e-07
1.080318098787756531e+00 8.130302099204034138e-06 1.890731101910674358e-07 1.939405505453874532e-07 3.696591961032506010e-07 3.370692323458392180e-07 5.485047258317473994e-07 4.506962660418065684e-07
1.089543701680905530e+00 8.179194253155786071e-06 1.934631497596682497e-07 1.956435886708437572e-07 3.804210677934691980e-07 3.420635875601537099e-07 5.592614878111429311e-07 4.587087134348939255e-07
1.098769304574054528e+00 8.238522903133475186e-06 1.972371778365357355e-07 1.996707845483232569e-07 3.905955038541848793e-07 3.462360028174724618e-07 5.705427173369502703e-07 4.701594060707531768e-07
1.107994907467203749e+00 8.308961415359193521e-06 2.026020400055719576e-07 2.040209498602294538e-07 3.985853552063332118e-07 3.527044506974594994e-07 5.823677594487268905e-07 4.820435978108013965e-07
1.117220510360352748e+00 8.389218590397975005e-06 2.090208666412133839e-07 2.063867622460828613e-07 4.075250480935185056e-07 3.603939067420310315e-07 5.869567828928673654e-07 4.943734730708175637e-07
1.126446113253501746e+00 8.479772923935158081e-06 2.129028623378447155e-07 2.114067280451443690e-07 4.171117325526902590e-07 3.685609791474008494e-07 5.937353820052674317e-07 5.071801751118081030e-07
1.135671716146650967e+00 8.580951345551872129e-06 2.183516922012270660e-07 2.174111556832148101e-07 4.262832175646559318e-07 3.792067830646356506e-07 6.057417324886636364e-07 5.204797092421153840e-07
1.144897319039799966e+00 8.692819880179793890e-06 2.244140423088712331e-07 2.235742391707399326e-07 4.361038416939010413e-07 3.864676554069744588e-07 6.183630554888601991e-07 5.343068036041745406e-07
1.154122921932948964e+00 8.815800246963063531e-06 2.302033640562326747e-07 2.298859121303531260e-07 4.465260312940076416e-07 3.961627360795093354e-07 6.316457376500759916e-07 5.487112307633865474e-07
1.163348524826097963e+00 8.949532221972959984e-06 2.361548376627473013e-07 2.371167104632097860e-07 4.576131066913427563e-07 4.051925440446564315e-07 6.455876306817510160e-07 5.636907585412489021e-07
1.172574127719247183e+00 9.094892393067897089e-06 2.418604804334665339e-07 2.430383245178528023e-07 4.702146833138580733e-07 4.138333914068484132e-07 6.602636921737775540e-07 5.793255520556814562e-07
1.181799730612396404e+00 9.252350917996772557e-06 2.476905963796862851e-07 2.503217552580767457e-07 4.820851235598984543e-07 4.252480363683610188e-07 6.757157822169497188e-07 5.956465642437174185e-07
1.191025333505545403e+00 9.421728517648230862e-06 2.541331439657652406e-07 2.558459441374852616e-07 4.973548850267292120e-07 4.367892787169914303e-07 6.919557160826206337e-07 6.126654517829991709e-07
1.200250936398694401e+00 9.604894676335942475e-06 2.609055958145030510e-07 2.633022898557741423e-07 5.104967705436532291e-07 4.442602597397181830e-07 7.091282968036528536e-07 6.305518290655908522e-07
1.209476539291843622e+00 9.801873715638426268e-06 2.698407876028928351e-07 2.700104080753575747e-07 5.248350821725105753e-07 4.580716419180581904e-07 7.272345104238650635e-07 6.492557122970114028e-07
1.218702142184992621e+00 1.001364022275392342e-05 2.781195297508531406e-07 2.780343868272747761e-07 5.391282343558387367e-07 4.737504086924910595e-07 7.463732771121409234e-07 6.689079477526546202e-07
1.227927745078141619e+00 1.024109752662124340e-05 2.870555026037734689e-07 2.873158088279674483e-07 5.544726506946517653e-07 4.902367735760487587e-07 7.666179945583211791e-07 6.895636883649768881e-07
1.237153347971290618e+00 1.048520730188200706e-05 2.961836663360582636e-07 2.964872790881140378e-07 5.708258506041175207e-07 5.067952477038515323e-07 7.880619854361048436e-07 7.113334340916593613e-07
1.246378950864439838e+00 1.074854646047362870e-05 3.065699645617501860e-07 3.064183060842156779e-07 5.882200456017130550e-07 5.261460578380480719e-07 8.108771664950048985e-07 7.343621888728858374e-07
1.255604553757589059e+00 1.103011999886788222e-05 3.171411536011998388e-07 3.151294961182144741e-07 6.052224827863478734e-07 5.456988635979929004e-07 8.350463849608472442e-07 7.586300657511106302e-07
1.264830156650738058e+00 1.133453379675873299e-05 3.287430810855035526e-07 3.246443746875642367e-07 6.231629606057663260e-07 5.665087915827847308e-07 8.608718841324104770e-07 7.844334251899285834e-07
1.274055759543887056e+00 1.166182885508709452e-05 3.411500627784644861e-07 3.369862989494658788e-07 6.434982883847193953e-07 5.875145911233830301e-07 8.884017054647809329e-07 8.118044890169492169e-07
1.283281362437036055e+00 1.201566823759233001e-05 3.542837426944474147e-07 3.480447421576588591e-07 6.653649929227260085e-07 6.095902444104431880e-07 9.178966931386405546e-07 8.410034534412285734e-07
1.292506965330185276e+00 1.239835583831584657e-05 3.673769894882140491e-07 3.602201137545038806e-07 6.906547528400857814e-07 6.332833463466082955e-07 9.495458368407028703e-07 8.722061492301812625e-07
1.301732568223334052e+00 1.281392565218715757e-05 3.800921986480859150e-07 3.746667431012443096e-07 7.188299268907526933e-07 6.587345106394084147e-07 9.836392537903293612e-07 9.056445267699802745e-07
1.310958171116483273e+00 1.326476760298379365e-05 3.968996858559030590e-07 3.885026917853743342e-07 7.485697803207086784e-07 6.875682970557225638e-07 1.020397454693381046e-06 9.415708706400714706e-07
1.320183774009632494e+00 1.375650995642888458e-05 4.130467062607488473e-07 4.053467111590235475e-07 7.768098507324199307e-07 7.196468900298116521e-07 1.060222957061186040e-06 9.803517017006935962e-07
1.329409376902781492e+00 1.429450337854328299e-05 4.322893784158036914e-07 4.241091796551675342e-07 8.040187824104916460e-07 7.544608180305779920e-07 1.103521283534280345e-06 1.022332663517005983e-06
1.338634979795930713e+00 1.488439350767862968e-05 4.511771812695234871e-07 4.442233980445423736e-07 8.432899798081797637e-07 7.924242213052146741e-07 1.153479165551194585e-06 1.067956547985414212e-06
1.347860582689079489e+00 1.553515206237892347e-05 4.727759449809521713e-07 4.659598233951560284e-07 8.867409388149968634e-07 8.308390562446603422e-07 1.213898964645152370e-06 1.117823171211004379e-06
1.357086185582228710e+00 1.625459970710670845e-05 4.959950063682338995e-07 4.892437009154707017e-07 9.320425885169861800e-07 8.729023375871344879e-07 1.280423147332123161e-06 1.172500265601848890e-06
1.366311788475377931e+00 1.705473526822418419e-05 5.214664896731640751e-07 5.151470237532599988e-07 9.805799189657748733e-07 9.212807913392971116e-07 1.354087053777734456e-06 1.232793508355673406e-06
1.375537391368526707e+00 1.794893289497720529e-05 5.494384694841037678e-07 5.423631653754975278e-07 1.034555543228272414e-06 9.750426372017458423e-07 1.436116164357014520e-06 1.299635395618602542e-06
1.384762994261675928e+00 1.895451397798109512e-05 5.876337922655633242e-07 5.774102797662881417e-07 1.094805644963454895e-06 1.035145281950999342e-06 1.523027033863654894e-06 1.374202665392427125e-06
1.393988597154824927e+00 2.009226298489166256e-05 6.286707454992307171e-07 6.166575650756956012e-07 1.164626164320935994e-06 1.102747803243587534e-06 1.619544268279458595e-06 1.457926803240499735e-06
1.403214200047974147e+00 2.138911433772596455e-05 6.738775971928553878e-07 6.580815857669266124e-07 1.240001774076479309e-06 1.179306151770269584e-06 1.728153660901241218e-06 1.552625547636820328e-06
1.412439802941123368e+00 2.287913296663970171e-05 7.241636042565818355e-07 7.091681312025666984e-07 1.331519597858294801e-06 1.266431512267755821e-06 1.844524598986143238e-06 1.660609487914776138e-06
1.421665405834272145e+00 2.460582288198466844e-05 7.805544256663666917e-07 7.689804882838256175e-07 1.442732976297720168e-06 1.366600921340533530e-06 1.978354996297867813e-06 1.784805475013339818e-06
1.430891008727421365e+00 2.662764284344982225e-05 8.462396569036582732e-07 8.394362835964725225e-07 1.572899454306033574e-06 1.484080255941067962e-06 2.133846883704421115e-06 1.929117957290458297e-06
1.440116611620570364e+00 2.902051220784543644e-05 9.265538542882523524e-07 9.166408920003747468e-07 1.726916222576083322e-06 1.624984034584702614e-06 2.316465145009751739e-06 2.098629651037627530e-06
1.449342214513719362e+00 3.188901076236789757e-05 1.019802927965541423e-06 9.973328610077091113e-07 1.911344029857169567e-06 1.781141017906121764e-06 2.533653835789083527e-06 2.300245197972401409e-06
1.458567817406868583e+00 3.537602337599837017e-05 1.145460577551964695e-06 1.111800939085491255e-06 2.123136339354119752e-06 1.980176192461097781e-06 2.795545882190269811e-06 2.543431576468490804e-06
1.467793420300017582e+00 3.968408381186442583e-05 1.293533285714967721e-06 1.254097887933217754e-06 2.386937875845101956e-06 2.248111724894583986e-06 3.116356599132027170e-06 2.857769440139658031e-06
1.477019023193166802e+00 4.510358272445612982e-05 1.456584080852518770e-06 1.433352254510057331e-06 2.733563705944379394e-06 2.578763387940834271e-06 3.516286074260673326e-06 3.252781941565813814e-06
1.486244626086316023e+00 5.206164248216415869e-05 1.668821113229227284e-06 1.657861702896443797e-06 3.130141205595338139e-06 2.949241844636963088e-06 4.063688598392890393e-06 3.760105592234545715e-06
1.495470228979464800e+00 6.120068448896340393e-05 1.974491882865403707e-06 1.947193588753819301e-06 3.719084387216340585e-06 3.463213673656998653e-06 4.793207060646846769e-06 4.428197149046761243e-06
1.504695831872614020e+00 7.350058242419807398e-05 2.357648376347719972e-06 2.318824505865302592e-06 4.394735866091137267e-06 4.174519534936180980e-06 5.788147287715626602e-06 5.273751713075346841e-06
1.513921434765763019e+00 9.045682169053122505e-05 2.882766724550498306e-06 2.847447668639972946e-06 5.358229251140123940e-06 5.115808346358105834e-06 7.188218435778104915e-06 6.525332373507686592e-06
1.523147037658912017e+00 1.142323070695072727e-04 3.610184993888739002e-06 3.588552631042971302e-06 6.730648091853483578e-06 6.517652096123103698e-06 9.031825279662644441e-06 8.373466851250037021e-06
1.532372640552061016e+00 1.473557859381376513e-04 4.616582238451202727e-06 4.571814219665086901e-06 8.623827072688360247e-06 8.455809676484400727e-06 1.161921135961257665e-05 1.102537074189891540e-05
1.541598243445210237e+00 1.900757473850362366e-04 5.918810000729623003e-06 5.863454335586887854e-06 1.124333276574846939e-05 1.090320473510708273e-05 1.502872943349856712e-05 1.460057358545325222e-05
1.550823846338359457e+00 2.314340876011398095e-04 7.355191427416873018e-06 7.218034987019437011e-06 1.401925540338706767e-05 1.333603397412396548e-05 1.902748102752967706e-05 1.801016936522824795e-05
1.560049449231508456e+00 2.408502589295389695e-04 7.951196983551288809e-06 7.619864776097650836e-06 1.501965970919266931e-05 1.383225353953037966e-05 2.031530168049923727e-05 1.820126618083984528e-05
1.569275052124657455e+00 2.000044889817398830e-04 6.683506304758918271e-06 6.724978850366103867e-06 1.270524516156203913e-05 1.142336671452649105e-05 1.741391115069721341e-05 1.528615272296468888e-05
1.578500655017806453e+00 1.391099463462734795e-04 4.663309632042057827e-06 4.664979465941222758e-06 8.902132339101676527e-06 8.098833003235267466e-06 1.129982914999143806e-05 1.106559587423159284e-05
1.587726257910955674e+00 8.969440678698240694e-05 2.922555841667869372e-06 2.925157441874685666e-06 5.656200326887810665e-06 5.432239228759236978e-06 7.585327313061287395e-06 7.079139513457350557e-06
1.596951860804104451e+00 5.729105647687847598e-05 1.834971418033059360e-06 1.849795840869017480e-06 3.545923689673462415e-06 3.469189057220579422e-06 5.062137824930152481e-06 4.476730942638578630e-06
1.606177463697253671e+00 3.721321218732652443e-05 1.174461685116067410e-06 1.177313397390252576e-06 2.294970124482525542e-06 2.265452866418112053e-06 3.245388641348704055e-06 3.000205440387641159e-06
1.615403066590402892e+00 2.473256953931695623e-05 7.709878918654738305e-07 7.856283330843982728e-07 1.537179068503178399e-06 1.482548752559035416e-06 2.106969510429233995e-06 1.995211003705407525e-06
1.624628669483551890e+00 1.680550332614410557e-05 5.256433766839048883e-07 5.314831169567034571e-07 1.027252221787315113e-06 9.985126644026320701e-07 1.433923186904121255e-06 1.344216188646275595e-06
1.633854272376701111e+00 1.163975050512342059e-05 3.495954802779306962e-07 3.586747511736163935e-07 7.166506321313586284e-07 6.845595460159434672e-07 1.016282747355354995e-06 9.594866924051598819e-07
1.643079875269850110e+00 8.194516408860531555e-06 2.451584243824503644e-07 2.482556888923407424e-07 5.105247367148292847e-07 4.743836879098699516e-07 7.580954788138355026e-07 6.926545252322719470e-07
1.652305478162999108e+00 5.850696071153261706e-06 1.692062882961311348e-07 1.716730558721709453e-07 3.711119985515084864e-07 3.268787829034348612e-07 6.122229974722997792e-07 4.922086435920551049e-07
1.661531081056148329e+00 4.235414836646470963e-06 1.207615187326760133e-07 1.223252267780703878e-07 2.637462021567868603e-07 2.286550576169821340e-07 4.749808017252014748e-07 3.598888475416339757e-07
1.670756683949297106e+00 3.109935191677413686e-06 8.466094935727714040e-08 8.904270336681388448e-08 1.964324164705198094e-07 1.621650081406960098e-07 3.653777145065008996e-07 2.614789243970523559e-07
1.679982286842446326e+00 2.323958197798553000e-06 6.352629092007702107e-08 6.948921527569978135e-08 1.566552874622019814e-07 1.299915299044805240e-07 3.007371383411172930e-07 1.844213334843699388e-07
1.689207889735595547e+00 1.777242826042429395e-06 5.313057270349486013e-08 5.679065310757626209e-08 1.320236177350193832e-07 1.092875993160141954e-07 2.420546487856154348e-07 1.462190903844144445e-07
1.698433492628744546e+00 1.401101837850093713e-06 4.729565742334068978e-08 5.075531313455817571e-08 1.171410065234642423e-07 9.905432166069356819e-08 1.917400429342989288e-07 1.216284624319181312e-07
1.707659095521893766e+00 1.149154762537681009e-06 4.295777230614542104e-08 4.515497057042346591e-08 1.060676952057980358e-07 9.528318435583912286e-08 1.614181063383454949e-07 1.138194911560435356e-07
1.716884698415042543e+00 9.884696452399246688e-07 4.121889190430735146e-08 4.442099193806788437e-08 1.013963302684694446e-07 9.278914103341034759e-08 1.480316866450090885e-07 1.105930054791658845e-07
1.726110301308191763e+00 8.953540536150113715e-07 4.161358964274756195e-08 4.431183864991377042e-08 9.454072051431736274e-08 9.246732935929362070e-08 1.324309028790584871e-07 1.052619062127708213e-07
1.735335904201340984e+00 8.528099825156520710e-07 4.145610868703516550e-08 4.677581602549131329e-08 8.720908495406298216e-08 9.054273769094260684e-08 1.235574858717763794e-07 1.011920499388499849e-07
1.744561507094489761e+00 8.481275802065283059e-07 4.183466742247572172e-08 4.960569714710944006e-08 8.289261276202098371e-08 8.821362999887551694e-08 1.262041728441960734e-07 1.043846137008228749e-07
1.753787109987638981e+00 8.724673006443256574e-07 4.385540808945561508e-08 4.850771614824482333e-08 8.106197369891215964e-08 8.605754254484700326e-08 1.292136915731305226e-07 1.071552465625754356e-07
1.763012712880787980e+00 9.186855581644692441e-07 4.640733841850535569e-08 5.149248252274892142e-08 8.342160758879414269e-08 8.570714867701180426e-08 1.278398861363807967e-07 1.089027427408747543e-07
1.772238315773937201e+00 9.814096321593468422e-07 4.655916069066641507e-08 5.341901233871240906e-08 8.093155703320089311e-08 8.640286426178288351e-08 1.254338698247549597e-07 1.109110668436679840e-07
1.781463918667086421e+00 1.056790999917793709e-06 4.952360853050075305e-08 5.420011671362382161e-08 8.887172081636338646e-08 8.883556175761616354e-08 1.378389708643870556e-07 1.128590466494921582e-07
1.790689521560235198e+00 1.141444116325131622e-06 5.101942163561294821e-08 5.367468777625168327e-08 9.620131516631918757e-08 9.234018095314755023e-08 1.432139119818379456e-07 1.149368210827784170e-07
1.799915124453384419e+00 1.233561792621558737e-06 5.185474610881688200e-08 5.487598463618126337e-08 1.043587687638565821e-07 9.748997867204820354e-08 1.469940155736988305e-07 1.151324213626570969e-07
1.809140727346533417e+00 1.330776786425029801e-06 5.378352682251576537e-08 5.520789517390228635e-08 1.119395530421639782e-07 1.061309652979935143e-07 1.507707531494540910e-07 1.223432493944030536e-07
1.818366330239682416e+00 1.431794397346185648e-06 5.557332233653735437e-08 5.711810389664914497e-08 1.188096295072494067e-07 1.082805891703731400e-07 1.612423034765126479e-07 1.300500156424010944e-07
1.827591933132831414e+00 1.535464980007043687e-06 5.744411327394729756e-08 5.881072813821028890e-08 1.267241691637806972e-07 1.121776634366053913e-07 1.727778219693804768e-07 1.376143974684452069e-07
1.836817536025980635e+00 1.640948515221902250e-06 6.120046321669858703e-08 6.177308315449062047e-08 1.350745263921352906e-07 1.153421549031321553e-07 1.844372913273229082e-07 1.483929445196974414e-07
1.846043138919129634e+00 1.747584680069670914e-06 6.477256818452571892e-08 6.564747437079090045e-08 1.433098490446534716e-07 1.190163268860129566e-07 1.961708736679028755e-07 1.588551940643668453e-07
1.855268741812278410e+00 1.854770173198353223e-06 6.781933789418744172e-08 6.903041275951505704e-08 1.530933764851143711e-07 1.231254414870191663e-07 2.079359196535046732e-07 1.690148979638990676e-07
1.864494344705427187e+00 1.962066200839313538e-06 7.111595461370343312e-08 7.179029396232020657e-08 1.611918065425859756e-07 1.297142042886062190e-07 2.196901937498097536e-07 1.788969803353796753e-07
1.873719947598576185e+00 2.069134077160264635e-06 7.462870714311780558e-08 7.507656182192511745e-08 1.695256375095859917e-07 1.384152598379267066e-07 2.316335808461248021e-07 1.885135558763520566e-07
1.882945550491724962e+00 2.175750186285375906e-06 7.862460446009503272e-08 7.884018439662112844e-08 1.779094102857627247e-07 1.464243156065075584e-07 2.431430573681248240e-07 1.979073255882131770e-07
1.892171153384873961e+00 2.281777414020055547e-06 8.164082241338071769e-08 8.180931476288606289e-08 1.859590024006979735e-07 1.529062363562192976e-07 2.548263130905966642e-07 2.070927703455796219e-07
1.901396756278022737e+00 2.386966550726424532e-06 8.454836556910089439e-08 8.541380483783560224e-08 1.950651051949755400e-07 1.587627853971822900e-07 2.664328404234137870e-07 2.166379398613357879e-07
1.910622359171171736e+00 2.491245843227866612e-06 8.776620917557718179e-08 8.892449279672937516e-08 2.044452930277242150e-07 1.654927507930190373e-07 2.756830944366129178e-07 2.270963651869212833e-07
1.919847962064320512e+00 2.594605351316994604e-06 9.077279731688513015e-08 9.323155975225211678e-08 2.136962129438695502e-07 1.734455395926965070e-07 2.837640372746890005e-07 2.374656354223795600e-07
1.929073564957469289e+00 2.696817129825792688e-06 9.444643971546236842e-08 9.753154492839256917e-08 2.228480408671597182e-07 1.805056097342921469e-07 2.920700970023615033e-07 2.477427096568613453e-07
1.938299167850618288e+00 2.797834432092366074e-06 9.775205064386580513e-08 1.001194344685821046e-07 2.297526294703585704e-07 1.863205616635823004e-07 3.028794290695142102e-07 2.579280409844176329e-07
1.947524770743767064e+00 2.897880545655929051e-06 1.020303103745106221e-07 1.032223330301604475e-07 2.359481184533002638e-07 1.942162798867550369e-07 3.135616377844951472e-07 2.680338730470409995e-07
1.956750373636916063e+00 2.996719506957911536e-06 1.052578505319314635e-07 1.065649089904556749e-07 2.427432401274237875e-07 2.026480812025516291e-07 3.241309049666660559e-07 2.780593546963700080e-07
1.965975976530064839e+00 3.094336330774716696e-06 1.101358151268880947e-07 1.099106717650273019e-07 2.508606113865205665e-07 2.109265046865845459e-07 3.345866091311869422e-07 2.880034595154898378e-07
1.975201579423213616e+00 3.190872402098233232e-06 1.127819801868942900e-07 1.132832307543635027e-07 2.614452958764925754e-07 2.191225913344014556e-07 3.449455252001794500e-07 2.978780416755951782e-07
1.984427182316362615e+00 3.287066021940100829e-06 1.167003913458345741e-07 1.161320269842408090e-07 2.709378077496557651e-07 2.272461945301898817e-07 3.551654736513497145e-07 3.076876805286250296e-07
1.993652785209511391e+00 3.380636722875464339e-06 1.214403461774002961e-07 1.204523796832664298e-07 2.786438789633927197e-07 2.354331176359109005e-07 3.653962897335079945e-07 3.174276042377044390e-07
2.002878388102660168e+00 3.473807189214446530e-06 1.236429257107738640e-07 1.235315726812587857e-07 2.863888833327513183e-07 2.434359557652673273e-07 3.755000546354932761e-07 3.271064413181516921e-07
2.012103990995809166e+00 3.565952438230807037e-06 1.269525963700854258e-07 1.273108570870537367e-07 2.941082962627173178e-07 2.513396606087332608e-07 3.855367396449828986e-07 3.367315134367479299e-07
2.021329593888958165e+00 3.657047428627125388e-06 1.297382433154817902e-07 1.305564270797681450e-07 3.018028313108776237e-07 2.573780594764437434e-07 3.955071387226009686e-07 3.463027105535977132e-07
2.030555196782107164e+00 3.747063375428196653e-06 1.336069878847897774e-07 1.338516515188916996e-07 3.094717878505811699e-07 2.630896235050736937e-07 4.054841769451163545e-07 3.558207601394177816e-07
2.039780799675255718e+00 3.836105902553961263e-06 1.380022291306223577e-07 1.372131140159323349e-07 3.171197182095699863e-07 2.710264386305961323e-07 4.168589862598056145e-07 3.652944980739047580e-07
2.049006402568404717e+00 3.924238079801633053e-06 1.416436866608982182e-07 1.414204927054944198e-07 3.249011925100444233e-07 2.791998214637677948e-07 4.282525887518808173e-07 3.747306921498955462e-07
2.058232005461553715e+00 4.011392941999690258e-06 1.457090496899433190e-07 1.453296343320248856e-07 3.336486432150887976e-07 2.873570424694665456e-07 4.396712032452126918e-07 3.841246826772390700e-07
2.067457608354702270e+00 4.097747443962227739e-06 1.496886643950620793e-07 1.492099415401551820e-07 3.423732649055450265e-07 2.939805184011496313e-07 4.511207024721367316e-07 3.934893352786798564e-07
2.076683211247851268e+00 4.182913365314478236e-06 1.533466681347622702e-07 1.524101008400400732e-07 3.507020183253049077e-07 3.005212850816352848e-07 4.625776660805686166e-07 4.028056712954460564e-07
2.085908814141000267e+00 4.267485165361703910e-06 1.556266767133140103e-07 1.560865846665900609e-07 3.583636077723149492e-07 3.070709685607143444e-07 4.740824398256171757e-07 4.121060065466164267e-07
2.095134417034148822e+00 4.351191102273908500e-06 1.593418071237617174e-07 1.606547551678813904e-07 3.660146839283561309e-07 3.136082080038615950e-07 4.856106834441137289e-07 4.213795778393459440e-07
2.104360019927297820e+00 4.434053753487257276e-06 1.624274713713914859e-07 1.649216506848205001e-07 3.736568514326574258e-07 3.201349267622080741e-07 4.971671195603545693e-07 4.306282149522240815e-07
2.113585622820446819e+00 4.516137829611280549e-06 1.658578562742565453e-07 1.692344583978482641e-07 3.812932265439305163e-07 3.266549916069258705e-07 5.087604914088476020e-07 4.398555703292198889e-07
2.122811225713595817e+00 4.597511101236616069e-06 1.693737466703298806e-07 1.738301098850407851e-07 3.889279140554578206e-07 3.331717590454841735e-07 5.203945462499666653e-07 4.490669982252358012e-07
2.132036828606744372e+00 4.678198880136935280e-06 1.728781676716130243e-07 1.785418596519752120e-07 3.965639900211196748e-07 3.396867764608805769e-07 5.320666883308856145e-07 4.582660811705632244e-07
2.141262431499893371e+00 4.758153672646011812e-06 1.763530532708501914e-07 1.830707661565418896e-07 4.042005768698205204e-07 3.462980048859341361e-07 5.437749078809628808e-07 4.674511735900804075e-07
2.150488034393042369e+00 4.837436452279159333e-06 1.795974740027298704e-07 1.875394537042115173e-07 4.118396670734487914e-07 3.535543785936631436e-07 5.555322040672886679e-07 4.766250516730779441e-07
2.159713637286190924e+00 4.916210757476075286e-06 1.828428839685703074e-07 1.902981549613760198e-07 4.194904590974462473e-07 3.602408705031220936e-07 5.673400403578824676e-07 4.857995695387401595e-07
2.168939240179339922e+00 4.994174747799656231e-06 1.866106474781156012e-07 1.928451152720978440e-07 4.271411564192409787e-07 3.665080579270526894e-07 5.788759142727862797e-07 4.949584393566551157e-07
2.178164843072488921e+00 5.071558507425874835e-06 1.909858310002214026e-07 1.963846031958116608e-07 4.348015194084856161e-07 3.733803788477574453e-07 5.892014605235908859e-07 5.041147632626651802e-07
2.187390445965637920e+00 5.148439118580742240e-06 1.952006251307974430e-07 1.997621044917169650e-07 4.424755520861041157e-07 3.798812908162586043e-07 5.995321927513468444e-07 5.132737292300479186e-07
2.196616048858786474e+00 5.224758065125897223e-06 1.976932861876671646e-07 2.033395442704835670e-07 4.501638241521910719e-07 3.866721527225045244e-07 6.098560335251222502e-07 5.224359951552658927e-07
2.205841651751935473e+00 5.300537167464519799e-06 2.013276226454574426e-07 2.069678771471492450e-07 4.578652742497480008e-07 3.945023404384697917e-07 6.201853005821158168e-07 5.315995971662880684e-07
2.215067254645084471e+00 5.375813503063923686e-06 2.050157600087610112e-07 2.105915730613708956e-07 4.655824528853185368e-07 4.019506795237645674e-07 6.305224308956708341e-07 5.407681347270259530e-07
2.224292857538233026e+00 5.450634197785057475e-06 2.077063758520309488e-07 2.142258262085791959e-07 4.733202372526985340e-07 4.080213711610496238e-07 6.408626712723751806e-07 5.499480519660677002e-07
2.233518460431382024e+00 5.524911616532363626e-06 2.113324363400129178e-07 2.178572535266773652e-07 4.810734578184024918e-07 4.161603017554172504e-07 6.512085215841263093e-07 5.591318776026433856e-07
2.242744063324531023e+00 5.598810029277194428e-06 2.153343249410729523e-07 2.214929161194346597e-07 4.888503804970453808e-07 4.243185907524771747e-07 6.615703079464285737e-07 5.683308842571057717e-07
2.251969666217680022e+00 5.671829275180617127e-06 2.182837589493069280e-07 2.248405692384559143e-07 4.966131977233466036e-07 4.313051376738637354e-07 6.719920279874113653e-07 5.774917088776302854e-07
2.261195269110828576e+00 5.744805905045224959e-06 2.214637784681093891e-07 2.270287105100356691e-07 5.044353631586986604e-07 4.382736276459590197e-07 6.823624248468521938e-07 5.867178020069082118e-07
2.270420872003977575e+00 5.817518059981131990e-06 2.258709966521654574e-07 2.303741237114955971e-07 5.122879317177923448e-07 4.453806513585492724e-07 6.927578587002012446e-07 5.959678253509278218e-07
2.279646474897126573e+00 5.889970634017079920e-06 2.289041249294405405e-07 2.338173974195274706e-07 5.198614808315677333e-07 4.531043975342115198e-07 7.031402616382252725e-07 6.052530879820691877e-07
2.288872077790275128e+00 5.961708245354308984e-06 2.317211385913256236e-07 2.375504576869532722e-07 5.268552524772470320e-07 4.606195179567260957e-07 7.135951218334065369e-07 6.145150362838523001e-07
2.298097680683424127e+00 6.033220379874533163e-06 2.367689917165804116e-07 2.413532359601082552e-07 5.339586091933958147e-07 4.681926113920699593e-07 7.240407907955521085e-07 6.238152848484811906e-07
2.307323283576573125e+00 6.104414374255639835e-06 2.416841545104589644e-07 2.451379283871930916e-07 5.410310114850232774e-07 4.757557295761539134e-07 7.345100215626765232e-07 6.331383561743970253e-07
2.316548886469722124e+00 6.175411401607777004e-06 2.463648380065522407e-07 2.486506388363515752e-07 5.491178850029831843e-07 4.833166459591532380e-07 7.450118199786485857e-07 6.424923283088166773e-07
2.325774489362870678e+00 6.245963019702291745e-06 2.495774753108338158e-07 2.520073531628981716e-07 5.573430434840557319e-07 4.908608276744890785e-07 7.555291439233677197e-07 6.518622916388832437e-07
2.335000092256019677e+00 6.316244565416456838e-06 2.531589868823174276e-07 2.553817678477416544e-07 5.656021025760217224e-07 4.978692502853442007e-07 7.660754920166676964e-07 6.612594942183360274e-07
2.344225695149168676e+00 6.386103651080195755e-06 2.574452956104532022e-07 2.587372227888420822e-07 5.738952094572322051e-07 5.046549866037553344e-07 7.766246703680767131e-07 6.706777514453466984e-07
2.353451298042317230e+00 6.455855398724602470e-06 2.616203775445293978e-07 2.621287327228706606e-07 5.822019404876427524e-07 5.114405396819518131e-07 7.872457868314464014e-07 6.801288999185534109e-07
2.362676900935466229e+00 6.525336110800387619e-06 2.651215173330654564e-07 2.654609669929313082e-07 5.905143428157971642e-07 5.182546823763701057e-07 7.978759063461214523e-07 6.896114728524567491e-07
2.371902503828615227e+00 6.594550420893508449e-06 2.684568738568303612e-07 2.695415938316501127e-07 5.972419126600779201e-07 5.250859530629138313e-07 8.085355430470931703e-07 6.991234937230766581e-07
2.381128106721764226e+00 6.663526751223956331e-06 2.721110018798155551e-07 2.728358474495723416e-07 6.044099967241156908e-07 5.319358387621980720e-07 8.192283614552475931e-07 7.086671267209098036e-07
2.390353709614912781e+00 6.732161869404812460e-06 2.758212496189958707e-07 2.758790562106541521e-07 6.133806150432194441e-07 5.387991178254631543e-07 8.299477559107145777e-07 7.182362791115332284e-07
2.399579312508061779e+00 6.800700386992262126e-06 2.780697285654057358e-07 2.790550445818671462e-07 6.223685500485991653e-07 5.456889765584568185e-07 8.407111048338877337e-07 7.278467982041287738e-07
2.408804915401210778e+00 6.869029661859943980e-06 2.816527651833604601e-07 2.830576422591668471e-07 6.313627041475707404e-07 5.525995500735494264e-07 8.515113483088971390e-07 7.374920233749972630e-07
2.418030518294359332e+00 6.937155247015511098e-06 2.848088037380224204e-07 2.868703452813378192e-07 6.396820645031216267e-07 5.595316921077710508e-07 8.623489439963084950e-07 7.471727345468036057e-07
2.427256121187508331e+00 7.004975488448206505e-06 2.881044973097188146e-07 2.906952017278895952e-07 6.475538992093925867e-07 5.664801672028789472e-07 8.732173828768698012e-07 7.568828457166227312e-07
2.436481724080657330e+00 7.072725471233191373e-06 2.913155340973951204e-07 2.950707440818891404e-07 6.554622156453084069e-07 5.734488324607456774e-07 8.841337715123697376e-07 7.666377282138902766e-07
2.445707326973806328e+00 7.140321895411192536e-06 2.945127595477572654e-07 2.994262292309429052e-07 6.634017157238555619e-07 5.804394290283961127e-07 8.950924338702578376e-07 7.764324503205762072e-07
2.454932929866954883e+00 7.207737391207514012e-06 2.976936011801923899e-07 3.037949179813643704e-07 6.713655966397675534e-07 5.874534825660893912e-07 9.060924274546706088e-07 7.862657335190258891e-07
2.464158532760103881e+00 7.274977058495378975e-06 3.008607680283196354e-07 3.081856597442163143e-07 6.793612764969173177e-07 5.944922306869148825e-07 9.171335427503907149e-07 7.961382525161583127e-07
2.473384135653252880e+00 7.342094201469124971e-06 3.046308511449661010e-07 3.128354826327517797e-07 6.873933691565219030e-07 6.015578079351432538e-07 9.282212785857852885e-07 8.060537633998900644e-07
2.482609738546401434e+00 7.409053783582894708e-06 3.087165941370659787e-07 3.170797205934719614e-07 6.965398213798251921e-07 6.086492440609617003e-07 9.393526725682956947e-07 8.160104867574528888e-07
2.491835341439550433e+00 7.475883729227583802e-06 3.128139814249263550e-07 3.212310111756267096e-07 7.057506216393713913e-07 6.157679172607985612e-07 9.505306189199552253e-07 8.260105570990379295e-07
2.501060944332699432e+00 7.542568358531308398e-06 3.169226697009200306e-07 3.254147545970483653e-07 7.150137255705551012e-07 6.231296463803484800e-07 9.617543979113171444e-07 8.360533172687325190e-07
2.510286547225848430e+00 7.609265124874104382e-06 3.210481065357896234e-07 3.296329880943501601e-07 7.243356795423038798e-07 6.315053865287116789e-07 9.730353452432378308e-07 8.461493896816062979e-07
2.519512150118996985e+00 7.675714216224038469e-06 3.251817006104489987e-07 3.338827730967993188e-07 7.337068581730407391e-07 6.399465101235439398e-07 9.843558351330581165e-07 8.562822566814851948e-07
2.528737753012145983e+00 7.742194506028313286e-06 3.290173309539307485e-07 3.380757878553810236e-07 7.431386942058524020e-07 6.484583900870595889e-07 9.957360009292508257e-07 8.664704594287305701e-07
2.537963355905294982e+00 7.808414558159654847e-06 3.324720152670411282e-07 3.422826357330679411e-07 7.526199165716795149e-07 6.570355853128901968e-07 1.007155148015093917e-06 8.766953550117506701e-07
2.547188958798443537e+00 7.874680014488716722e-06 3.359247256982662681e-07 3.465242930073707920e-07 7.621632956077084781e-07 6.656846397662354362e-07 1.018635883155653013e-06 8.869772767168493673e-07
2.556414561691592535e+00 7.940843104992752191e-06 3.393672469438281300e-07 3.507988657864367430e-07 7.717634777605808836e-07 6.736671457146295642e-07 1.030168296052861717e-06 8.973069167873009934e-07
2.565640164584741534e+00 8.006898283858086902e-06 3.427739340151542878e-07 3.550328468836407822e-07 7.814203951262945402e-07 6.809348442300138009e-07 1.041751771416903250e-06 9.076842455475544222e-07
2.574865767477890532e+00 8.072942449627755138e-06 3.460191188030878730e-07 3.592848317987476487e-07 7.911389456146757825e-07 6.882231867803948215e-07 1.053394889367043448e-06 9.181160738811318606e-07
2.584091370371039087e+00 8.138979542169416786e-06 3.492549962175189063e-07 3.630332291948403444e-07 8.009193461165846730e-07 6.955336958496776935e-07 1.065097439489920365e-06 9.286030480197883134e-07
2.593316973264188086e+00 8.204837600153322080e-06 3.524725246365938348e-07 3.669242455288174913e-07 8.107548939208540840e-07 7.028562827741848261e-07 1.076847151840708205e-06 9.391340767577094931e-07
2.602542576157337084e+00 8.270738337083115014e-06 3.556829394853768645e-07 3.706125908634827834e-07 8.206553221659193174e-07 7.101728238580975094e-07 1.088660984124990066e-06 9.497242847566672233e-07
2.611768179050485639e+00 8.336597493534305051e-06 3.589211494636408738e-07 3.741492416462528379e-07 8.306177468115803156e-07 7.175036176778510375e-07 1.100533536870118391e-06 9.603684331958080734e-07
2.620993781943634637e+00 8.402393239994512339e-06 3.631118560654745712e-07 3.776926965081396989e-07 8.402381341734101628e-07 7.248523461791205443e-07 1.112463111363755393e-06 9.710653845701536631e-07
2.630219384836783636e+00 8.468251607800337069e-06 3.674774095328014887e-07 3.812442960720736207e-07 8.498577124515676901e-07 7.322270096759301634e-07 1.124459446052505508e-06 9.818239821429957103e-07
2.639444987729932635e+00 8.533944430245181482e-06 3.718571246418143266e-07 3.855315619847778520e-07 8.595296779005747080e-07 7.396129398763420977e-07 1.136506698016659858e-06 9.926292843250746870e-07
2.648670590623081189e+00 8.599714972429449628e-06 3.764286413893246487e-07 3.903240166922844484e-07 8.692661411241481154e-07 7.470261060556376197e-07 1.148622702239598389e-06 1.003498002152233801e-06
2.657896193516230188e+00 8.665453778604233621e-06 3.802962614197627147e-07 3.940566828623341249e-07 8.790621932663852435e-07 7.544593863930783349e-07 1.160800167894966795e-06 1.014423107711331541e-06
2.667121796409379186e+00 8.731153534015399637e-06 3.825894155902563739e-07 3.977031182693481151e-07 8.889177975763645724e-07 7.619132704001497212e-07 1.173038346413435521e-06 1.025404476605518543e-06
2.676347399302527741e+00 8.796837591767767484e-06 3.865310696450939077e-07 4.012505171404319671e-07 8.988336579280670939e-07 7.696265937341560854e-07 1.185340136809090333e-06 1.036444035492370625e-06
2.685573002195676739e+00 8.862597242760471703e-06 3.904933791798603787e-07 4.045456117558164655e-07 9.087892348587874362e-07 7.789413017370076754e-07 1.197712504686787046e-06 1.047548388067554592e-06
2.694798605088825738e+00 8.928347085435162482e-06 3.941082504250066474e-07 4.078357767621559128e-07 9.188064326355813703e-07 7.883138867514921942e-07 1.210149037132816005e-06 1.058712072521683656e-06
2.704024207981974737e+00 8.994089988495009119e-06 3.974572347193974553e-07 4.111193503613843464e-07 9.288857864245172579e-07 7.977437899373990033e-07 1.222651394363576856e-06 1.069935674318028831e-06
2.713249810875123291e+00 9.059824143886726684e-06 4.008112809670777237e-07 4.147565062440041665e-07 9.390275517773377217e-07 8.072319474377335292e-07 1.235219192820599378e-06 1.081219366248504292e-06
2.722475413768272290e+00 9.125652119452362383e-06 4.045267370326158560e-07 4.193899359481383744e-07 9.492372620231765313e-07 8.167832442643498250e-07 1.247860483418878396e-06 1.092570635528610203e-06
2.731701016661421288e+00 9.191473018850753287e-06 4.100459740864621615e-07 4.231641887165192887e-07 9.594065304318566233e-07 8.263934121460306698e-07 1.260568370727024136e-06 1.103982868610959826e-06
2.740926619554569843e+00 9.257303008257937815e-06 4.155654636425664609e-07 4.275356263099962619e-07 9.691329256988162296e-07 8.356136890446209454e-07 1.273344350121911225e-06 1.115457562789580139e-06
2.750152222447718842e+00 9.323267033470024838e-06 4.200931719813498337e-07 4.322076705659246774e-07 9.789181248606398478e-07 8.436660224210912654e-07 1.286198471998033221e-06 1.127003695938387916e-06
2.759377825340867840e+00 9.389074757254961407e-06 4.241699678134185558e-07 4.370526868410818148e-07 9.887435216061657471e-07 8.517289620814960682e-07 1.299108936452410669e-06 1.138601593598577590e-06
