9.225602893149067790e-04 1.327111257689219748e-03 3.598236879800336199e-05 3.622448617232533648e-05 6.651690142386867954e-05 7.392304744252803199e-05 8.345099266055021683e-05 9.070301700542238166e-05
1.014816318246397446e-02 1.354255599276453070e-03 3.684541189082806215e-05 3.696587750597339801e-05 6.796082310351497270e-05 7.550921553374110792e-05 8.513159614042934732e-05 9.263853447871793316e-05
1.937376607561304073e-02 1.383093291019426825e-03 3.775911177555197826e-05 3.773117206952751254e-05 6.948982388924377328e-05 7.718928977763425681e-05 8.691142426661907852e-05 9.468879249417781058e-05
2.859936896876210874e-02 1.413808712291509317e-03 3.872860972888958302e-05 3.854425338906944040e-05 7.111276496043973834e-05 7.897312287349954676e-05 8.880101331445056784e-05 9.686581254187104188e-05
3.782497186191117328e-02 1.446552579859793032e-03 3.975857136167952090e-05 3.940894513316758364e-05 7.283729665033002697e-05 8.086913116172938717e-05 9.080914792936197431e-05 9.917988742838231876e-05
4.705057475506025516e-02 1.481498952869251531e-03 4.085432793118600261e-05 4.032965773876902131e-05 7.458383280008261222e-05 8.288698505742029578e-05 9.294595039514375392e-05 1.016428453770627186e-04
5.627617764820931623e-02 1.518796855371975932e-03 4.202099779369622597e-05 4.131020667431949990e-05 7.643636767659688948e-05 8.508419863468728514e-05 9.522031745024862361e-05 1.042653179290607690e-04
6.550178054135838424e-02 1.558818429994635610e-03 4.319642520448827537e-05 4.236592437236179516e-05 7.841685757251646086e-05 8.747424623735833987e-05 9.765316129374122973e-05 1.070709064314317744e-04
7.472738343450743836e-02 1.601601922875162381e-03 4.432357615708100440e-05 4.359279736360923384e-05 8.052620008299231011e-05 9.002562857738705994e-05 1.002476546914663272e-04 1.100644645818198413e-04
8.395298632765652025e-02 1.647581743906008584e-03 4.553588861445564961e-05 4.490654749787943711e-05 8.278684602632110576e-05 9.276436968459278801e-05 1.030282936541576481e-04 1.132737972961823068e-04
9.317858922080557438e-02 1.697016140267888426e-03 4.683994645369158639e-05 4.634949382847550724e-05 8.521139279022891221e-05 9.570656593296074030e-05 1.060103252027875739e-04 1.167170622418183760e-04
1.024041921139546424e-01 1.750297430323016637e-03 4.827496652692821362e-05 4.786506934460624599e-05 8.781819976413723049e-05 9.887525988661874030e-05 1.092163096619203251e-04 1.204205308545092112e-04
1.116297950071036965e-01 1.807916045796133285e-03 4.998941278747288941e-05 4.948803987135262303e-05 9.063030369097944614e-05 1.022181907541386704e-04 1.126744198456195323e-04 1.244166747579318437e-04
1.208553979002527506e-01 1.870357621079049093e-03 5.184546714707646310e-05 5.120443048471493876e-05 9.367052869473980505e-05 1.057587770521785289e-04 1.164126242862537509e-04 1.287382858032868390e-04
1.300810007934018186e-01 1.938104320669967531e-03 5.385808071692267315e-05 5.318426477248926372e-05 9.695592807106370725e-05 1.096052831644921035e-04 1.204590241544196277e-04 1.334187149412259608e-04
1.393066036865509005e-01 2.012017350238274205e-03 5.596975320146160143e-05 5.530678203935924381e-05 1.004872985857947765e-04 1.139601181583253277e-04 1.248624467439806741e-04 1.385139122241517331e-04
1.485322065796999824e-01 2.092862472174978391e-03 5.838157721432205710e-05 5.758012542421463500e-05 1.043413038526097222e-04 1.187177996594666364e-04 1.296668382832735951e-04 1.440753757063972188e-04
1.577578094728490643e-01 2.181173647838280209e-03 6.092719573677629619e-05 5.994903478261396843e-05 1.085437616114136999e-04 1.239122628696434809e-04 1.349040989589776578e-04 1.501425571713713505e-04
1.669834123659981462e-01 2.278546593946816426e-03 6.369757131930147559e-05 6.253333025784584345e-05 1.134183979903443523e-04 1.296312930961609003e-04 1.406638099273132235e-04 1.568172345695548198e-04
1.762090152591472003e-01 2.385978213435580378e-03 6.656915973946584200e-05 6.537656383330233203e-05 1.185973788776491060e-04 1.359373288249425722e-04 1.470034691743002560e-04 1.643298580335582175e-04
1.854346181522962822e-01 2.505097526671374013e-03 6.957235075236850586e-05 6.851956608687394951e-05 1.243278797406705341e-04 1.429243097590500097e-04 1.540154657142427455e-04 1.726595034853826462e-04
1.946602210454453641e-01 2.637692073232852149e-03 7.336887692203008723e-05 7.199003779398025979e-05 1.306934831994872349e-04 1.506970874087165332e-04 1.624377879001805136e-04 1.819209794504165166e-04
2.038858239385944460e-01 2.785894276292048399e-03 7.785918783830263895e-05 7.582611577755700438e-05 1.377941024386605297e-04 1.593505670052898851e-04 1.720566208923651579e-04 1.922620706268605983e-04
2.131114268317435001e-01 2.952454105666073303e-03 8.264308447569800389e-05 8.013593634127041954e-05 1.457437958330802530e-04 1.689502150112038963e-04 1.828828549779019409e-04 2.038714676982386446e-04
2.223370297248925820e-01 3.140548155769206512e-03 8.802402164076331484e-05 8.531447169508312930e-05 1.546998014803533349e-04 1.796855635667411917e-04 1.951291573228722265e-04 2.169687179683970832e-04
2.315626326180416361e-01 3.354236415613977285e-03 9.389516626203894822e-05 9.119404397082715025e-05 1.648512531382869545e-04 1.918555185589968480e-04 2.090663933449698163e-04 2.318335885192384163e-04
2.407882355111907180e-01 3.598507224794844552e-03 1.006908049715239672e-04 9.775401889533779504e-05 1.764288452587282029e-04 2.057552848066211693e-04 2.250292077994259579e-04 2.488095642510360951e-04
2.500138384043397721e-01 3.879658346542722708e-03 1.085724288764494672e-04 1.054166813874539421e-04 1.897219162101193915e-04 2.217395998919545648e-04 2.434408580176310524e-04 2.683307670481517755e-04
2.592394412974888818e-01 4.205673044736501012e-03 1.180898979027313750e-04 1.138994276446503653e-04 2.050969203957683784e-04 2.402584179540040096e-04 2.648400020399078666e-04 2.909473455207202755e-04
2.684650441906379359e-01 4.587249093430353572e-03 1.289383788466028427e-04 1.241822358210593197e-04 2.234185761095302744e-04 2.619122243579163553e-04 2.899474030027150012e-04 3.173907282795242202e-04
2.776906470837869900e-01 5.037644772583197914e-03 1.411413220303303628e-04 1.366741922241886467e-04 2.458764743596972627e-04 2.874480064174404076e-04 3.194077782723127659e-04 3.485773309787410304e-04
2.869162499769360997e-01 5.575030301566015131e-03 1.555648985395547898e-04 1.517295503420780858e-04 2.726924638249399874e-04 3.178858801747841412e-04 3.522336246462812875e-04 3.857547430498623961e-04
2.961418528700851538e-01 6.223992414873284404e-03 1.735973633236014002e-04 1.699744158080267187e-04 3.051044210398952752e-04 3.546042761577552008e-04 3.917142967152023592e-04 4.306108989651571961e-04
3.053674557632342079e-01 7.018254876214124506e-03 1.954293782304951030e-04 1.920413475244549598e-04 3.448163355853385570e-04 3.994932422088579016e-04 4.398172288239904706e-04 4.854623046418524157e-04
3.145930586563833176e-01 8.005726772384690396e-03 2.224044281146555363e-04 2.184761390690345001e-04 3.928650644410194154e-04 4.552317768641896828e-04 5.016425545328970920e-04 5.535952614380166767e-04
3.238186615495323717e-01 9.255641363572337382e-03 2.564201283956433347e-04 2.520021851263338358e-04 4.522553344119915192e-04 5.262429997003117976e-04 5.818668326558994186e-04 6.397600069933655903e-04
3.330442644426814813e-01 1.087150567780219464e-02 2.984575808101762318e-04 2.948761655341830545e-04 5.299943678278035836e-04 6.192358098224999552e-04 6.857515655654539133e-04 7.510517378653651377e-04
3.422698673358305355e-01 1.301212636884297412e-02 3.549063781374921234e-04 3.513920595349124404e-04 6.340046703995523558e-04 7.412587207998068417e-04 8.236127495257587749e-04 8.983698137168850961e-04
3.514954702289795896e-01 1.593352873553615170e-02 4.339945230788580521e-04 4.281224829055987197e-04 7.753728484962696399e-04 9.045040722681727680e-04 1.012084824577839937e-03 1.102877876067324958e-03
3.607210731221286992e-01 2.006605097064882715e-02 5.459842961921639037e-04 5.431802113505836138e-04 9.744252410736307934e-04 1.134713585809674075e-03 1.279130864449463251e-03 1.390694222422127202e-03
3.699466760152777534e-01 2.616874205323721156e-02 7.092016265706664602e-04 7.092637969693740829e-04 1.265351230662788845e-03 1.473011115258028580e-03 1.674052811762867521e-03 1.804787699002670387e-03
3.791722789084268630e-01 3.566704102876497307e-02 9.659532025383804621e-04 9.605236985254922422e-04 1.704270808090768696e-03 2.001024430833067691e-03 2.289191451904912245e-03 2.456080609081402744e-03
3.883978818015759171e-01 5.139763541351091702e-02 1.381354027666439888e-03 1.362065500495002190e-03 2.418158553267754640e-03 2.882599108296586554e-03 3.307073425203810313e-03 3.541313561452923142e-03
3.976234846947249713e-01 7.917972442432430480e-02 2.079088623340538677e-03 2.085978710335500974e-03 3.675886508906614503e-03 4.444527751491844647e-03 5.095592277761198940e-03 5.473324880284763383e-03
4.068490875878740809e-01 1.294434325864585456e-01 3.335572246493084814e-03 3.356293436172830269e-03 5.842489816755641607e-03 7.180862056898579260e-03 8.277769511054189344e-03 8.996622232206819003e-03
4.160746904810231350e-01 2.032281167470858241e-01 5.109683552865146305e-03 5.118436341757820474e-03 8.815711331934705797e-03 1.122935965572216532e-02 1.273063521159656375e-02 1.397347476304072744e-02
4.253002933741722447e-01 2.271987548185117889e-01 5.863879607044875097e-03 5.863243748923357979e-03 1.016206629310109633e-02 1.242119805968203150e-02 1.428580825123579312e-02 1.577364635450925756e-02
4.345258962673212988e-01 1.571450833727829621e-01 4.092589997802181800e-03 4.254643954442582920e-03 7.322843017685570777e-03 8.531980864070864978e-03 9.639911561458797129e-03 1.116942009708857264e-02
4.437514991604703529e-01 9.081415962135330755e-02 2.443533107455875264e-03 2.464900731091984598e-03 4.377581459159604615e-03 5.028005610250602109e-03 5.708259451291233799e-03 6.535310051372117401e-03
4.529771020536194626e-01 5.387498096943948295e-02 1.464000926001400582e-03 1.474162293234444754e-03 2.626300530936653832e-03 3.019028365114695411e-03 3.408141823935804948e-03 3.835706583931494662e-03
4.622027049467684612e-01 3.420235300280482366e-02 9.258383459001956473e-04 9.392053627038307595e-04 1.661985487218152480e-03 1.926722007463653463e-03 2.164380177034401498e-03 2.411717368259631844e-03
4.714283078399175708e-01 2.310786378657031515e-02 6.186093406539937278e-04 6.319960656031055335e-04 1.121223408482530104e-03 1.306770915134623096e-03 1.454657467519330366e-03 1.620275303497498848e-03
4.806539107330666249e-01 1.641495742396372956e-02 4.395967773097447795e-04 4.466181437345756455e-04 7.957987981983757897e-04 9.306008780466043517e-04 1.036010976962337821e-03 1.153498802089831382e-03
4.898795136262157346e-01 1.213248943840094900e-02 3.247279229226119474e-04 3.268430636761340824e-04 5.866981420696165683e-04 6.888005871052687440e-04 7.730330268367439916e-04 8.541996357686442581e-04
4.991051165193647332e-01 9.254517055621767907e-03 2.467775440828205713e-04 2.466327290953605755e-04 4.458607939989440300e-04 5.258048796709727246e-04 5.948641036586741621e-04 6.526750740037130100e-04
5.083307194125139539e-01 7.241799374924483106e-03 1.907094556405147454e-04 1.916559718684405361e-04 3.475447122203330352e-04 4.108566699736219616e-04 4.691857651618596553e-04 5.114784762269191168e-04
5.175563223056629525e-01 5.786995624176142702e-03 1.517795186208150196e-04 1.520808547854236165e-04 2.780694892719646691e-04 3.276915960189830460e-04 3.776561767240603842e-04 4.092419081341619122e-04
5.267819251988120621e-01 4.706106882380745558e-03 1.229511343687674646e-04 1.233903994185079483e-04 2.251082169288567275e-04 2.657461987236528489e-04 3.091922134223941410e-04 3.331560999985400812e-04
5.360075280919610607e-01 3.884156810862715234e-03 1.016358347889923658e-04 1.016851409202158309e-04 1.842177633374474793e-04 2.181438791205945332e-04 2.568116345312634885e-04 2.744034873950456505e-04
5.452331309851101704e-01 3.246582327595586535e-03 8.500819984558075429e-05 8.496169243252726586e-05 1.532360621296332062e-04 1.813400309880050174e-04 2.159534007166747510e-04 2.285167110329311066e-04
5.544587338782591690e-01 2.743723373879747903e-03 7.169442742156230397e-05 7.191563698964297674e-05 1.295189301363953299e-04 1.524083456703969643e-04 1.835600128134396922e-04 1.923875268492782065e-04
5.636843367714083897e-01 2.341148767345826564e-03 6.099774405942488473e-05 6.111537352961700018e-05 1.104633737581055090e-04 1.293196173247873441e-04 1.574998818408817475e-04 1.635111774658248862e-04
5.729099396645573883e-01 2.014584727600112358e-03 5.205153522172198399e-05 5.266754459072337663e-05 9.486982747421938283e-05 1.108542793428111094e-04 1.362624735254127327e-04 1.401247272688297286e-04
5.821355425577064979e-01 1.746947962098131845e-03 4.482887810980861962e-05 4.575673582669719484e-05 8.238288882784637786e-05 9.600905472344949468e-05 1.187787692459318662e-04 1.209837231466420315e-04
5.913611454508554965e-01 1.524999362183462230e-03 3.907464513444873673e-05 3.994505154664563899e-05 7.200323985124580661e-05 8.369640793849382303e-05 1.042184669367883856e-04 1.051356513881269387e-04
6.005867483440046062e-01 1.339538747031050444e-03 3.398534383567027028e-05 3.481884087850749439e-05 6.329153724872992048e-05 7.340117883844520311e-05 9.200061007706792499e-05 9.190980484963424957e-05
6.098123512371537158e-01 1.183116378151287092e-03 3.022437946477050594e-05 3.043181025358951755e-05 5.573163971736658923e-05 6.471435138063618038e-05 8.165423878103098693e-05 8.077141390566157896e-05
6.190379541303028255e-01 1.050347564226547731e-03 2.661679101698404167e-05 2.686036381824860944e-05 4.905350517655213995e-05 5.733759616807386147e-05 7.283701127432855131e-05 7.144507632549589558e-05
6.282635570234518241e-01 9.369322965969460260e-04 2.353095939989786455e-05 2.372570167119894807e-05 4.336278220698757280e-05 5.103332727068377647e-05 6.527495268976565759e-05 6.350331367481584950e-05
6.374891599166009337e-01 8.393366262668124859e-04 2.103689048573494785e-05 2.116884506553893316e-05 3.873671579682474303e-05 4.560726278193306688e-05 5.874251785495604797e-05 5.656982283716062432e-05
6.467147628097499323e-01 7.549978171543567486e-04 1.886081795412716550e-05 1.895299802875287983e-05 3.457561063243189386e-05 4.091669719293955596e-05 5.307516250523819108e-05 5.058649863862489052e-05
6.559403657028991530e-01 6.817208528273895713e-04 1.681995123728745496e-05 1.703305228737338976e-05 3.090532477235659412e-05 3.684037164290775244e-05 4.813185186067008795e-05 4.539576321719836563e-05
6.651659685960481516e-01 6.176956116813810301e-04 1.510892260600776426e-05 1.538833187090659239e-05 2.770961298284308882e-05 3.317057650542695659e-05 4.379605575542905391e-05 4.086818480976319844e-05
6.743915714891972613e-01 5.616065083492351867e-04 1.360305552570095170e-05 1.394033121753933575e-05 2.491915422130313706e-05 2.984681260828918239e-05 3.998252379222024758e-05 3.690768882335185037e-05
6.836171743823462599e-01 5.122454913280454544e-04 1.238360741526623073e-05 1.270071830864816839e-05 2.247226797615336363e-05 2.693267711745636226e-05 3.661307030461077600e-05 3.342809802231759076e-05
6.928427772754953695e-01 4.686587924301705249e-04 1.125077355531011467e-05 1.157316124262257198e-05 2.038642249042958146e-05 2.436990247685886547e-05 3.362578050330366141e-05 3.036062762288107598e-05
7.020683801686443681e-01 4.300159277141021082e-04 1.030333284757429038e-05 1.052718924515473305e-05 1.848065181936733338e-05 2.210764755193400048e-05 3.096662305270442847e-05 2.764610373945098872e-05
7.112939830617935888e-01 3.956838153929748462e-04 9.418696373443362878e-06 9.625809128384495671e-06 1.679026926290605980e-05 2.015427142778073409e-05 2.859424073687352828e-05 2.523861703842563515e-05
7.205195859549425874e-01 3.651120817339005282e-04 8.603853612217083301e-06 8.799240361383772573e-06 1.531002380323877267e-05 1.853195029549004709e-05 2.647261718894820988e-05 2.309840411450123608e-05
7.297451888480916971e-01 3.376573961199697753e-04 7.816609396224191448e-06 8.070251398396724538e-06 1.399465617917824240e-05 1.707279511165964722e-05 2.455460998265887509e-05 2.118194258442956165e-05
7.389707917412406957e-01 3.131756673108197840e-04 7.216655978619344620e-06 7.422269391471841924e-06 1.282558691850706764e-05 1.576580424916655416e-05 2.283569263886994554e-05 1.947493257870448313e-05
7.481963946343899163e-01 2.911497639251495791e-04 6.682751425684954963e-06 6.842562914427541016e-06 1.181020975636235502e-05 1.458654789412099475e-05 2.112379278394310158e-05 1.794295533227407546e-05
7.574219975275389150e-01 2.713338303188727522e-04 6.180048736257432677e-06 6.315057851057938321e-06 1.092858583565386055e-05 1.352369201534605377e-05 1.946419003143922202e-05 1.656766986311597771e-05
7.666476004206880246e-01 2.534390329804661200e-04 5.756427252456115199e-06 5.846438449479682883e-06 1.015350450984183091e-05 1.258418404390395057e-05 1.797667432435466096e-05 1.532892717309643649e-05
7.758732033138370232e-01 2.372935284157903378e-04 5.364877126999177334e-06 5.420744797723074139e-06 9.400159553949409942e-06 1.173899864179812295e-05 1.664466483812822024e-05 1.421381612987736407e-05
7.850988062069861328e-01 2.226880515421475503e-04 5.062313501778424509e-06 5.042579631963598364e-06 8.743000789785223452e-06 1.097685998805898061e-05 1.544942703821366309e-05 1.320759340416835688e-05
7.943244091001351315e-01 2.094362774516652856e-04 4.759023752283844406e-06 4.689158799285565379e-06 8.168661942652377618e-06 1.022595744606732558e-05 1.437434297607610993e-05 1.229723056955290585e-05
8.035500119932843521e-01 1.974170488909188443e-04 4.462919006153267002e-06 4.356622840144568813e-06 7.645137849455129701e-06 9.540894189916359616e-06 1.351537015674108264e-05 1.147381338458688753e-05
8.127756148864333507e-01 1.864945059683810642e-04 4.166437716080639711e-06 4.051604472766118020e-06 7.166380866505724784e-06 8.920746789186848047e-06 1.279506952188381660e-05 1.072781088063204380e-05
8.220012177795824604e-01 1.765873117641357970e-04 3.890621483342807541e-06 3.779880841504288129e-06 6.713604149844316612e-06 8.375162103270883830e-06 1.213955031933048397e-05 1.005284165627511549e-05
8.312268206727314590e-01 1.675519324819703512e-04 3.634753347578085353e-06 3.577593705674273579e-06 6.279099352064944481e-06 7.875897564275468991e-06 1.153965244753016534e-05 9.439543784224818223e-06
8.404524235658805686e-01 1.593044657513864105e-04 3.400005103542860915e-06 3.398022955781424166e-06 5.883247511046391922e-06 7.418535944411276152e-06 1.099007222205887415e-05 8.881922798965793259e-06
8.496780264590296783e-01 1.517939753530132818e-04 3.205881772421566214e-06 3.169798009223422303e-06 5.541286753505861957e-06 6.998582299912121983e-06 1.048765248273220130e-05 8.412508737936583983e-06
8.589036293521787879e-01 1.449406336882433496e-04 3.029300808692178722e-06 3.010413621252442263e-06 5.264394142636709666e-06 6.630278421681850762e-06 1.002739129135830063e-05 8.020437477719111283e-06
8.681292322453277865e-01 1.386966973752865072e-04 2.888611790597501658e-06 2.830198953750336869e-06 4.994644633865628729e-06 6.298197402801719016e-06 9.606322617846936411e-06 7.665567615565920369e-06
8.773548351384768962e-01 1.329765640727850718e-04 2.740280989537536649e-06 2.665109458003779791e-06 4.758394798496219874e-06 5.994367286350039611e-06 9.218865328006344657e-06 7.342913990081480083e-06
8.865804380316258948e-01 1.277676599287929119e-04 2.613994496421164502e-06 2.534629355998386851e-06 4.523198058540580345e-06 5.717748385750248403e-06 8.851043174727804335e-06 7.051438858373968517e-06
8.958060409247751155e-01 1.230239993817810974e-04 2.520274095850559126e-06 2.431568832638806156e-06 4.339428694889252902e-06 5.465900460776610651e-06 8.466725718291528502e-06 6.788344653481200226e-06
9.050316438179241141e-01 1.186716007562811908e-04 2.426627030631471312e-06 2.341513180294479794e-06 4.150814151744738802e-06 5.235255587161488124e-06 8.115885950022599417e-06 6.549612541918034222e-06
9.142572467110732237e-01 1.147043811500503014e-04 2.318254770901627968e-06 2.263277203810824399e-06 3.996557609120681711e-06 5.025164640543860616e-06 7.797334765849217109e-06 6.334509281121761173e-06
9.234828496042222223e-01 1.110913582175753644e-04 2.215303824875799132e-06 2.189592192193003887e-06 3.850141731478819748e-06 4.830799858366002612e-06 7.508546689939028817e-06 6.141096440156405649e-06
9.327084524973712210e-01 1.078059813593897087e-04 2.144507126651421045e-06 2.115265505135335974e-06 3.716946498579670223e-06 4.651707087924947964e-06 7.247260979794815971e-06 5.942586347894518667e-06
9.419340553905202196e-01 1.048104373331597115e-04 2.062543263788564033e-06 2.050740386656222129e-06 3.598271184770604741e-06 4.489326351444299199e-06 7.010650274325532015e-06 5.709749295666280704e-06
9.511596582836694402e-01 1.021051135805323753e-04 2.000246642967979434e-06 1.989437275413792291e-06 3.512746740524466693e-06 4.343371728440274739e-06 6.798186202473726161e-06 5.497866386050065737e-06
9.603852611768185499e-01 9.963683919392110654e-05 1.939169976501931751e-06 1.936309548295365372e-06 3.439257611816853074e-06 4.211234961882907857e-06 6.606275358133237795e-06 5.303841280955909473e-06
9.696108640699675485e-01 9.742567216770678547e-05 1.886972902964044680e-06 1.891049138508677516e-06 3.364062148673147273e-06 4.111874266473359283e-06 6.435638295833006456e-06 5.190004288541130132e-06
9.788364669631165471e-01 9.541078429137134556e-05 1.836502115076541560e-06 1.845027709021539782e-06 3.297630436828086794e-06 4.007492468996183121e-06 6.282349430498213689e-06 5.095655134516410855e-06
9.880620698562656568e-01 9.367910693021286208e-05 1.805078969517652466e-06 1.819293866663104059e-06 3.274639960857645489e-06 3.915991270613070757e-06 6.150904280184668550e-06 5.017341877405721569e-06
9.972876727494148774e-01 9.200995206409643020e-05 1.753653734869753682e-06 1.781669109075683971e-06 3.252620086848678109e-06 3.829568758660468965e-06 6.028696312035405707e-06 4.944635367098735375e-06
1.006513275642563876e+00 9.058422023296487950e-05 1.736980162860880545e-06 1.761094059453557036e-06 3.216298247759203375e-06 3.750036939615398177e-06 5.925414964205556810e-06 4.885873297849730010e-06
1.015738878535712875e+00 8.933141786755788684e-05 1.727540410119925282e-06 1.739561026810028735e-06 3.155929019560071796e-06 3.675525649807949977e-06 5.836908214433824348e-06 4.837607860115711680e-06
1.024964481428862095e+00 8.824108683335791159e-05 1.690624287674919314e-06 1.702843732070976972e-06 3.098111910608794171e-06 3.622322034309172233e-06 5.762303735382673787e-06 4.799327934970254905e-06
1.034190084322011094e+00 8.729477808887254296e-05 1.671176490262540654e-06 1.680683414615518549e-06 3.081192038460362783e-06 3.585144141240895026e-06 5.749434639460817621e-06 4.770114420086900156e-06
1.043415687215160093e+00 8.650046206448986209e-05 1.652022046507106929e-06 1.660146915263138864e-06 3.077916650448306421e-06 3.545841357399990125e-06 5.750501513032400835e-06 4.750248903582457872e-06
1.052641290108309091e+00 8.583771003517233890e-05 1.644906393271703521e-06 1.654462759304896400e-06 3.096069881385534882e-06 3.516980841207609275e-06 5.763010472338076689e-06 4.738784061491345119e-06
1.061866893001458312e+00 8.530845861497621295e-05 1.642451063535096956e-06 1.653043213450890083e-06 3.113437674089349050e-06 3.498863429309535355e-06 5.771092140548632105e-06 4.735768265461218771e-06
1.071092495894607532e+00 8.490296979166553272e-05 1.637981082918652138e-06 1.645652236714821408e-06 3.100221096278852413e-06 3.487803457267476094e-06 5.708706224637086300e-06 4.740743616983350214e-06
1.080318098787756531e+00 8.462259185638448973e-05 1.632146942941878017e-06 1.637008104754943019e-06 3.095318845761394844e-06 3.483528224831273557e-06 5.654938603964025363e-06 4.753785578883072617e-06
1.089543701680905530e+00 8.445667158315370488e-05 1.642485856838806022e-06 1.638342025315635319e-06 3.115776553227225755e-06 3.485954764562249433e-06 5.609221805690628969e-06 4.774392512375133448e-06
1.098769304574054528e+00 8.440510708098617040e-05 1.656070348382771354e-06 1.659703770461401170e-06 3.107895282487111669e-06 3.497396474822520116e-06 5.592254326555932639e-06 4.802618651260210617e-06
1.107994907467203749e+00 8.447583721344678316e-05 1.663372831716726508e-06 1.671927792597501330e-06 3.142026652374756450e-06 3.527934117978750506e-06 5.619288888823739604e-06 4.838823935723600184e-06
1.117220510360352748e+00 8.465015121283240066e-05 1.688921441148766300e-06 1.682328638271423965e-06 3.145362108558291876e-06 3.542126680387196278e-06 5.655937963756685121e-06 4.882288535559091143e-06
1.126446113253501746e+00 8.493323340480068994e-05 1.702365125406002811e-06 1.684999087205428926e-06 3.209720973773699912e-06 3.563643092839973033e-06 5.702469856657250936e-06 4.933312548844961151e-06
1.135671716146650967e+00 8.532951371029304981e-05 1.730458528295531601e-06 1.695693086185086264e-06 3.279420625553261656e-06 3.597470838644399116e-06 5.726393633057565223e-06 4.992140260831373806e-06
1.144897319039799966e+00 8.583832245945521551e-05 1.733053624204759086e-06 1.718003008911858295e-06 3.338889286958241398e-06 3.639618156010601528e-06 5.750453961616864033e-06 5.058880754681797389e-06
1.154122921932948964e+00 8.646001129629436689e-05 1.764662844732517184e-06 1.735764544387593481e-06 3.383983265450551101e-06 3.688547523705338780e-06 5.782324841262646603e-06 5.133670574504351218e-06
1.163348524826097963e+00 8.719544291056965121e-05 1.776021463624204047e-06 1.762569481524343474e-06 3.399383590334855831e-06 3.747331979745820727e-06 5.822306281461753609e-06 5.216718177935048711e-06
1.172574127719247183e+00 8.804873969725868026e-05 1.813422865834326300e-06 1.793294149115195741e-06 3.498083251631662043e-06 3.813759815433212714e-06 5.870471625352049593e-06 5.308409904537054677e-06
1.181799730612396404e+00 8.902693774550608156e-05 1.841714576156572368e-06 1.825984408803174586e-06 3.567458045207558964e-06 3.886802452216365882e-06 5.927452071597657862e-06 5.409230028151286755e-06
1.191025333505545403e+00 9.012599715776996529e-05 1.877355703408780589e-06 1.859857822779007169e-06 3.638803949806230977e-06 3.971530466728885600e-06 5.993051551855064899e-06 5.519114509367305916e-06
1.200250936398694401e+00 9.136337290231244870e-05 1.914332150864859160e-06 1.908467987826411552e-06 3.707764906520267818e-06 4.061390288182388335e-06 6.067986237953047713e-06 5.639518441369510758e-06
1.209476539291843622e+00 9.274472139200989462e-05 1.946004105162090392e-06 1.966545749771547464e-06 3.813287042327975166e-06 4.148940143380695387e-06 6.153368555326848622e-06 5.770524084016344954e-06
1.218702142184992621e+00 9.427521345713026849e-05 2.019098059351297301e-06 2.027186937667208901e-06 3.925893097364821136e-06 4.252330602244323876e-06 6.249192091521306035e-06 5.912995207371855139e-06
1.227927745078141619e+00 9.596745394197087032e-05 2.069361549535044670e-06 2.086404477620078181e-06 4.043524673116397094e-06 4.362343667326472590e-06 6.356507291069250364e-06 6.067777700927997177e-06
1.237153347971290618e+00 9.782944117373185242e-05 2.119641852411170745e-06 2.136514287199599554e-06 4.158721087100278151e-06 4.482910931084065314e-06 6.475679074470505419e-06 6.235833911667608030e-06
1.246378950864439838e+00 9.989075177101302953e-05 2.188623282567850954e-06 2.197506218249047202e-06 4.285585724548890462e-06 4.618390703291051910e-06 6.608746377123844609e-06 6.419044642203027679e-06
1.255604553757589059e+00 1.021413954125736657e-04 2.277263710506968763e-06 2.265787181679587616e-06 4.424507641058024964e-06 4.761215391296301307e-06 6.755504334519918776e-06 6.617168160072978297e-06
1.264830156650738058e+00 1.046325641133335842e-04 2.356117217766826835e-06 2.335103365334694186e-06 4.577134389820310643e-06 4.918927879749850790e-06 6.918899540866603188e-06 6.833698618102150655e-06
1.274055759543887056e+00 1.073660623006232124e-04 2.455636762854225942e-06 2.424751821026755751e-06 4.741138121469679685e-06 5.093238712877075120e-06 7.099541955718401891e-06 7.069107840845001195e-06
1.283281362437036055e+00 1.103830575244005025e-04 2.557419542756895320e-06 2.525473667271306436e-06 4.926599552059407125e-06 5.295137034923945028e-06 7.299897234461314582e-06 7.326467671995968664e-06
1.292506965330185276e+00 1.137117314543152039e-04 2.622882867812727811e-06 2.609395637466799972e-06 5.131602043427984598e-06 5.519481179048766934e-06 7.522015624932608759e-06 7.608048311939747755e-06
1.301732568223334052e+00 1.174030308224844851e-04 2.729785366666279676e-06 2.711261068425837770e-06 5.356700278106235136e-06 5.740904309994572345e-06 7.769670755548217745e-06 7.917152726406580070e-06
1.310958171116483273e+00 1.214855254150722151e-04 2.853788466960105897e-06 2.840433507565937911e-06 5.601922863974221007e-06 6.001795836085968344e-06 8.044424885633234172e-06 8.256815784551819050e-06
1.320183774009632494e+00 1.260271828926768788e-04 3.010196174161618426e-06 2.969755130774551916e-06 5.875400425306052336e-06 6.291139411354284791e-06 8.407063919601426034e-06 8.631785652320753729e-06
1.329409376902781492e+00 1.310997014387920866e-04 3.152412113955076114e-06 3.130061628280284090e-06 6.169841033045657484e-06 6.610059661252872931e-06 8.833599193425699641e-06 9.046998323978966698e-06
1.338634979795930713e+00 1.367757815873041588e-04 3.316449316822578982e-06 3.311155942903348153e-06 6.471695789856421552e-06 6.948413570780000593e-06 9.303831462906367354e-06 9.508338316604905780e-06
1.347860582689079489e+00 1.431665240621166914e-04 3.480255093610447326e-06 3.507487843519655488e-06 6.812192697972191228e-06 7.337434080646076289e-06 9.825374631287046726e-06 1.002380210334235904e-05
1.357086185582228710e+00 1.503831190795626438e-04 3.680293736190012660e-06 3.701219678926251540e-06 7.195437883620518608e-06 7.784369403452480376e-06 1.040569137362621580e-05 1.060168879391654552e-05
1.366311788475377931e+00 1.585847675578384397e-04 3.850059210887832664e-06 3.905417900721932156e-06 7.564337695707224005e-06 8.290465038864313361e-06 1.105514173429768742e-05 1.125332073809357761e-05
1.375537391368526707e+00 1.679564143169591614e-04 4.106586245589539767e-06 4.185672696069964562e-06 7.970482104446445287e-06 8.858505795230177740e-06 1.178620950141557678e-05 1.199215489621315500e-05
1.384762994261675928e+00 1.787376074001395098e-04 4.411627806900306767e-06 4.500725505703637511e-06 8.498011900140932905e-06 9.527035150629564264e-06 1.261450104758394131e-05 1.283522665712085549e-05
1.393988597154824927e+00 1.912258990421432760e-04 4.763749915116463358e-06 4.871882548410425267e-06 9.121179665244307433e-06 1.028294383794900718e-05 1.355964395790841049e-05 1.380380819563159695e-05
1.403214200047974147e+00 2.058097774834194904e-04 5.170063693928013708e-06 5.276773625915981815e-06 9.836138755573564782e-06 1.114781367232432199e-05 1.464629912716574039e-05 1.492508878577446501e-05
1.412439802941123368e+00 2.229902362883993060e-04 5.620393477338267224e-06 5.791030960608913123e-06 1.066251216927765187e-05 1.215459159441159391e-05 1.590671852976554613e-05 1.623417884844420003e-05
1.421665405834272145e+00 2.434256640931231250e-04 6.181613298652816751e-06 6.453883253327858793e-06 1.171274614856240934e-05 1.330396186050874000e-05 1.738164982603051167e-05 1.777638015383576579e-05
1.430891008727421365e+00 2.680047318349295890e-04 6.927215223714443693e-06 7.229956215537558777e-06 1.305349060488935394e-05 1.466724719594524572e-05 1.912640311756120225e-05 1.961250856414122664e-05
1.440116611620570364e+00 2.979229161168148394e-04 7.817645333059800028e-06 8.074765264029992121e-06 1.472777458754809731e-05 1.634333213682080243e-05 2.121456203271315224e-05 2.185799530087504695e-05
1.449342214513719362e+00 3.348489147105345874e-04 8.887453992064493942e-06 9.057704328953536475e-06 1.669905740878325009e-05 1.840574847412397184e-05 2.374571566073774027e-05 2.470399359207737199e-05
1.458567817406868583e+00 3.811290122887670798e-04 1.014854045021937930e-05 1.032070798300427665e-05 1.921998014803300145e-05 2.096539821291008854e-05 2.685873415910307793e-05 2.823673653224394566e-05
1.467793420300017582e+00 4.401616031974834469e-04 1.177974369921235822e-05 1.177604257158603070e-05 2.193075125598220251e-05 2.420407959129541485e-05 3.075087714042253929e-05 3.269566297323323522e-05
1.477019023193166802e+00 5.169646218251571943e-04 1.395734434887394796e-05 1.380409853349946672e-05 2.536028942219659132e-05 2.849507583009677682e-05 3.570536952317564672e-05 3.842805389942969760e-05
1.486244626086316023e+00 6.191539228586528856e-04 1.685951939271767338e-05 1.677392312366050332e-05 3.008616591710700817e-05 3.416252051891574635e-05 4.214376245893986309e-05 4.595182435060147369e-05
1.495470228979464800e+00 7.585903533726927198e-04 2.109125911448734517e-05 2.045078473539426941e-05 3.690540329786065610e-05 4.158347614717852747e-05 5.120781337020663578e-05 5.605291179958614943e-05
1.504695831872614020e+00 9.541637325113643420e-04 2.627500442183038944e-05 2.560732654716428233e-05 4.593799906223161589e-05 5.215649580185826185e-05 6.454075620337213978e-05 6.969677560658292439e-05
1.513921434765763019e+00 1.236336781348136788e-03 3.375997576327200746e-05 3.285304771223586037e-05 5.897268330658819550e-05 6.725572175592131087e-05 8.401895645045631862e-05 8.866770880829565049e-05
1.523147037658912017e+00 1.653215535640902923e-03 4.468283877181555667e-05 4.279506752139037445e-05 7.710118622687267380e-05 8.903540633867527629e-05 1.134754773731466888e-04 1.159845386284634114e-04
1.532372640552061016e+00 2.271994805563738815e-03 6.099696498767766609e-05 5.793025259026498425e-05 1.042072725622004981e-04 1.218679730630488692e-04 1.546696036236719536e-04 1.580210191435035653e-04
1.541598243445210237e+00 3.142844610930810821e-03 8.480113627569278723e-05 8.166694138615456303e-05 1.430432145446925915e-04 1.665692390782711613e-04 2.078302534105555543e-04 2.180074905110771649e-04
1.550823846338359457e+00 4.132721551551901164e-03 1.103625627321552782e-04 1.066772340575948205e-04 1.907012619322273617e-04 2.201936937696897384e-04 2.681486625596271253e-04 2.943154536443402629e-04
1.560049449231508456e+00 4.679318538767581782e-03 1.238767846961051633e-04 1.225457372715762008e-04 2.192353100251877296e-04 2.562182191107095081e-04 3.067886979499266989e-04 3.325980426389617273e-04
1.569275052124657455e+00 4.261127897086616767e-03 1.160684931568100806e-04 1.164701307508611214e-04 2.044190181862484690e-04 2.367803828859692608e-04 2.671914895318750621e-04 3.137869899434639342e-04
1.578500655017806453e+00 3.276911827106861706e-03 9.192944543451450276e-05 9.053346429537542997e-05 1.565380118336585219e-04 1.847603110161485582e-04 2.097126593377427427e-04 2.478223064042699847e-04
1.587726257910955674e+00 2.356476499451464271e-03 6.528149730723959224e-05 6.474526393701910895e-05 1.107842794670099197e-04 1.334204512361387117e-04 1.521192568833076332e-04 1.782405726621612632e-04
1.596951860804104451e+00 1.693793435449936170e-03 4.717519183012317853e-05 4.560875641862558588e-05 7.927396012537822091e-05 9.485303730568717985e-05 1.094266546130847999e-04 1.261975960702825268e-04
1.606177463697253671e+00 1.249456111841501689e-03 3.431377370048953497e-05 3.269935097435024314e-05 5.758633704816638194e-05 6.828670608378635890e-05 8.141117819605511730e-05 9.104745373468082006e-05
1.615403066590402892e+00 9.519982885092144725e-04 2.531035651589077021e-05 2.441825912142332917e-05 4.333899792535191552e-05 5.086086765734789024e-05 6.220013763224294459e-05 6.763963233631805315e-05
1.624628669483551890e+00 7.484761016483638604e-04 1.965568082726450692e-05 1.951480849207373486e-05 3.386170298090270328e-05 3.947256329640347686e-05 4.792343791141899512e-05 5.178806001749031249e-05
1.633854272376701111e+00 6.052890139149346999e-04 1.583224692065570913e-05 1.568208539023811018e-05 2.699223594473845311e-05 3.116654355096249232e-05 3.862366325517820921e-05 4.091392843378347313e-05
1.643079875269850110e+00 5.017271155119522059e-04 1.279997473515952743e-05 1.276179427103210553e-05 2.204536158684471808e-05 2.525489904452312643e-05 3.170353206674884558e-05 3.322023521416236696e-05
1.652305478162999108e+00 4.249044079652172551e-04 1.053344740444667714e-05 1.071592088837831089e-05 1.838879866529772927e-05 2.100967906567039563e-05 2.626913304422064848e-05 2.755439954750922788e-05
1.661531081056148329e+00 3.666173159466028274e-04 8.887437272928327275e-06 9.060361487381990951e-06 1.559389309374619890e-05 1.781398264583686566e-05 2.219915560822761967e-05 2.328143617222051646e-05
1.670756683949297106e+00 3.215132336083190460e-04 7.729356695477022053e-06 7.792338788172330135e-06 1.347520532511003880e-05 1.535351007887932181e-05 1.908367091276157862e-05 2.009203614514350200e-05
1.679982286842446326e+00 2.860007143580488558e-04 6.763358666895624791e-06 6.885633860393358067e-06 1.159178065533044994e-05 1.336170455523840676e-05 1.665341250750844871e-05 1.770327664905516204e-05
1.689207889735595547e+00 2.576119500051371491e-04 6.057827514597982719e-06 6.111586047423042938e-06 1.060567813047154665e-05 1.190291947490354626e-05 1.472614107635199709e-05 1.577746417080408284e-05
1.698433492628744546e+00 2.346164624280383439e-04 5.454200088222770212e-06 5.520897906229554159e-06 9.642510327714142251e-06 1.071117459922686752e-05 1.317549185074625654e-05 1.420541365008544756e-05
1.707659095521893766e+00 2.157679569497956734e-04 5.005620437266325266e-06 5.038312258321536990e-06 8.879475145620108808e-06 9.717214430211341437e-06 1.200866189386543860e-05 1.290737139447405688e-05
1.716884698415042543e+00 2.001601518830525568e-04 4.591259947450904502e-06 4.607503730315575799e-06 8.137791183409145849e-06 8.899061152108751153e-06 1.091553076224170628e-05 1.182481537452623947e-05
1.726110301308191763e+00 1.871161974319133223e-04 4.200931607883413724e-06 4.302476174266250475e-06 7.512635847819212984e-06 8.219325806429968358e-06 1.001782831280419281e-05 1.091383683213164777e-05
1.735335904201340984e+00 1.761274491200908246e-04 3.860050992035742035e-06 3.934043826002187353e-06 7.100482336939848609e-06 7.649972268831994101e-06 9.445337166748529311e-06 1.014108787654186884e-05
1.744561507094489761e+00 1.668036277577345297e-04 3.635795633358907897e-06 3.669559481108639878e-06 6.674959633978181641e-06 7.228572119945622394e-06 8.956463755021106844e-06 9.482924674767773338e-06
1.753787109987638981e+00 1.588423473729456698e-04 3.374350664009221658e-06 3.500069482233447151e-06 6.305143428571335137e-06 6.886092852495984303e-06 8.536262040627302710e-06 8.964386320441244472e-06
1.763012712880787980e+00 1.520035457127946158e-04 3.183373205764686081e-06 3.261075567467764617e-06 5.958677714891014773e-06 6.512440974071217982e-06 8.172990940956545089e-06 8.517452481113111165e-06
1.772238315773937201e+00 1.461025439173497230e-04 3.039236011777838751e-06 3.104843976794730964e-06 5.682054885056912058e-06 6.245303562569224937e-06 7.857604104307433588e-06 8.130683513026199308e-06
1.781463918667086421e+00 1.409852414379890602e-04 2.901767307885339160e-06 3.003868891779040836e-06 5.401740569103123278e-06 6.019335783260908179e-06 7.582337954077574297e-06 7.794196401554321892e-06
1.790689521560235198e+00 1.365335873444350394e-04 2.774662067722434003e-06 2.913925386886318056e-06 5.196708137495266010e-06 5.824596052862805306e-06 7.341489800368703475e-06 7.491582207178775540e-06
1.799915124453384419e+00 1.326445463144491498e-04 2.679569477205469719e-06 2.839862372281824797e-06 5.000836112424019786e-06 5.654787488173883140e-06 7.129562258368260692e-06 7.220861985908244877e-06
1.809140727346533417e+00 1.292385607485827112e-04 2.615703507100476232e-06 2.764628447140263711e-06 4.848925987352203709e-06 5.494130916693269751e-06 6.942833125972360398e-06 6.984728947210210167e-06
1.818366330239682416e+00 1.262492093648428626e-04 2.545177483345278111e-06 2.659021488582929233e-06 4.682057478418936297e-06 5.329599896830672736e-06 6.777887781659811114e-06 6.778264751617691687e-06
1.827591933132831414e+00 1.236191782577384822e-04 2.498343500429030771e-06 2.638931575624215136e-06 4.494021492595587104e-06 5.188674613518725622e-06 6.631799076845272187e-06 6.597341473234838525e-06
1.836817536025980635e+00 1.213003621560492841e-04 2.463255944537367072e-06 2.564753835236486439e-06 4.328302523351181203e-06 5.077381896004341312e-06 6.502031556169406883e-06 6.438351238102643865e-06
1.846043138919129634e+00 1.192564497581756060e-04 2.426344310904609983e-06 2.523867642455064034e-06 4.287094089350915638e-06 4.996808970587882678e-06 6.386857460227905281e-06 6.328809210987725573e-06
1.855268741812278410e+00 1.174510728359486956e-04 2.393613151025655145e-06 2.486860765615146393e-06 4.269734518265040873e-06 4.927072580434611621e-06 6.284328646161048979e-06 6.231348238646769607e-06
1.864494344705427187e+00 1.158564546275797738e-04 2.352114668540132743e-06 2.436992288780076370e-06 4.182893245507083224e-06 4.866386530996328176e-06 6.193059355339016565e-06 6.124227255236111317e-06
1.873719947598576185e+00 1.144470281809948205e-04 2.297986812006968410e-06 2.385191854464672892e-06 4.086489700816180702e-06 4.809307273588247730e-06 6.111672959802761209e-06 6.029270752938399656e-06
1.882945550491724962e+00 1.132040860863595941e-04 2.269639090381379517e-06 2.349011083438800706e-06 4.040625187208652064e-06 4.726944978137903640e-06 6.039249030069136423e-06 5.945358891535710145e-06
1.892171153384873961e+00 1.121071732144525359e-04 2.251864283119250931e-06 2.335516315503830356e-06 4.015359515841936686e-06 4.653756799382775789e-06 5.974647327712816116e-06 5.871014688239230175e-06
1.901396756278022737e+00 1.111422901227988869e-04 2.221112442759372481e-06 2.305265434814995993e-06 3.991927846196314557e-06 4.588771629508692738e-06 5.917219952721446152e-06 5.805501062634569535e-06
1.910622359171171736e+00 1.102928643287913398e-04 2.196779786893968763e-06 2.272973021000111336e-06 3.971232152166624023e-06 4.530789191458547385e-06 5.866040837492527684e-06 5.747627828701703666e-06
1.919847962064320512e+00 1.095514635436775858e-04 2.178660444503426486e-06 2.255700457011903062e-06 3.943045933454738801e-06 4.479540112357734073e-06 5.820695955154192038e-06 5.696825955257240151e-06
1.929073564957469289e+00 1.089042959823761269e-04 2.198516820581510804e-06 2.232160455198974611e-06 3.941196408236850900e-06 4.434473086219103337e-06 5.780561178160448124e-06 5.652450645949653628e-06
1.938299167850618288e+00 1.083424880672435219e-04 2.197382550694172232e-06 2.215149329061260686e-06 3.933446551145837358e-06 4.394929366424406769e-06 5.745125699496906376e-06 5.613824129845626986e-06
1.947524770743767064e+00 1.078587194747668152e-04 2.211280318832934376e-06 2.200165831639774102e-06 3.927931927900671729e-06 4.378368562707389794e-06 5.713884005887904767e-06 5.580191367136408810e-06
1.956750373636916063e+00 1.074444798572801691e-04 2.216318341999998416e-06 2.199055639225577959e-06 3.942884512505391223e-06 4.369092300742513993e-06 5.686565468252191774e-06 5.556263607236027716e-06
1.965975976530064839e+00 1.070949506925248816e-04 2.231453662689635150e-06 2.204407682858129224e-06 3.954211261295142977e-06 4.362648670067756818e-06 5.661348557964580972e-06 5.553156269388047090e-06
1.975201579423213616e+00 1.068037768389302604e-04 2.230958932636947604e-06 2.193369745348498876e-06 3.961925540978329012e-06 4.358759884288794452e-06 5.611616835767479572e-06 5.552702582275266703e-06
1.984427182316362615e+00 1.065574431370985928e-04 2.227544152636623531e-06 2.176483789219108575e-06 3.970285114844796697e-06 4.355120438530183172e-06 5.565886332230081585e-06 5.552884076965745527e-06
1.993652785209511391e+00 1.063766558290556668e-04 2.239303836478116045e-06 2.166537727300260987e-06 3.958908940999986072e-06 4.345678861604029396e-06 5.521434362239864601e-06 5.558833743754391411e-06
2.002878388102660168e+00 1.062313961722665892e-04 2.228949407802205559e-06 2.171838642431517859e-06 3.947177540158526804e-06 4.326497867745604975e-06 5.480440156425706532e-06 5.565057660695776182e-06
2.012103990995809166e+00 1.061283725003173188e-04 2.209753316984670781e-06 2.185971575608465934e-06 3.957102864380400800e-06 4.309273077699723791e-06 5.441975850397942865e-06 5.573243629146041223e-06
2.021329593888958165e+00 1.060613458699810385e-04 2.203068719037207463e-06 2.189461355664204761e-06 3.967996218295138044e-06 4.293762153563372317e-06 5.405764811815705773e-06 5.583071339120934565e-06
2.030555196782107164e+00 1.060294469160533431e-04 2.189735845214610920e-06 2.206928448198760368e-06 3.980023530274529758e-06 4.279905401142965497e-06 5.371726625561071321e-06 5.594511652842884064e-06
2.039780799675255718e+00 1.060298934868558561e-04 2.176907533210013746e-06 2.213694120559343641e-06 3.982500756738202954e-06 4.267601670541532662e-06 5.339685569817208440e-06 5.607465433628977406e-06
2.049006402568404717e+00 1.060596007130657658e-04 2.190738600762125827e-06 2.207122812814023825e-06 3.976291847599300495e-06 4.256760465785565991e-06 5.309422609811958690e-06 5.621851934161528164e-06
2.058232005461553715e+00 1.061164076318852896e-04 2.205267854863624997e-06 2.197770423797504725e-06 3.971370108366405476e-06 4.255617878740853362e-06 5.280915566674792660e-06 5.637459066833145184e-06
2.067457608354702270e+00 1.062009790564912812e-04 2.219631798628876477e-06 2.191430771767628499e-06 3.984903875147425591e-06 4.270957989800102479e-06 5.254131853418145064e-06 5.654360120298365438e-06
2.076683211247851268e+00 1.063031021616809993e-04 2.228398298534690490e-06 2.204762356717028505e-06 4.004909271800510340e-06 4.286890614094604718e-06 5.228510464816072041e-06 5.672185737722168345e-06
2.085908814141000267e+00 1.064306188709090100e-04 2.228704243589611778e-06 2.218597637187891421e-06 4.025005062341282646e-06 4.303600723945904508e-06 5.236184943549436455e-06 5.691119091359844511e-06
2.095134417034148822e+00 1.065777798046482424e-04 2.226601275244995451e-06 2.232940621443122863e-06 4.049007440308366999e-06 4.321036312625366345e-06 5.250009582709550134e-06 5.711081696796978312e-06
2.104360019927297820e+00 1.067443629264181728e-04 2.231112509508233394e-06 2.247748246166558425e-06 4.067047015524449089e-06 4.339138251801581627e-06 5.264776337088794469e-06 5.732020236393078829e-06
2.113585622820446819e+00 1.069278025363934887e-04 2.238862095800862135e-06 2.260358244226650911e-06 4.075701359115645574e-06 4.357703021986029848e-06 5.280222991138212841e-06 5.753760395524917630e-06
2.122811225713595817e+00 1.071293083237335797e-04 2.248756619569985244e-06 2.273581468846945530e-06 4.102601108104544730e-06 4.376803117471831598e-06 5.296410370447338371e-06 5.776362324842824461e-06
2.132036828606744372e+00 1.073448288300403339e-04 2.254593115062918551e-06 2.292236228782585988e-06 4.134596647401676144e-06 4.396318783832505275e-06 5.313271954004666442e-06 5.799700432781074080e-06
2.141262431499893371e+00 1.075741090900059329e-04 2.258778092920286072e-06 2.311188634467704547e-06 4.141865443129419226e-06 4.416260462219358143e-06 5.330817527895835182e-06 5.823773504613958770e-06
2.150488034393042369e+00 1.078183700529567732e-04 2.274793552456153630e-06 2.329394376862314289e-06 4.132312576279347340e-06 4.436539992092622224e-06 5.348844285537129807e-06 5.848526834787698002e-06
2.159713637286190924e+00 1.080740608578360188e-04 2.293187693301506941e-06 2.337291414919323855e-06 4.123135557025254801e-06 4.457018407142104410e-06 5.367378654879767725e-06 5.873889037170463407e-06
2.168939240179339922e+00 1.083408019623250621e-04 2.298891340974374667e-06 2.342166672893327122e-06 4.123235418318615801e-06 4.477405273343155567e-06 5.386454410263193907e-06 5.899863678375392084e-06
2.178164843072488921e+00 1.086189439631726116e-04 2.307627570364412630e-06 2.347222972128671986e-06 4.145450480340159426e-06 4.498017264619431715e-06 5.405902913142236386e-06 5.926392134454489262e-06
2.187390445965637920e+00 1.089067474326974575e-04 2.321159245458935343e-06 2.348955596065600317e-06 4.167825931060390354e-06 4.518763499492740757e-06 5.425624180267215419e-06 5.953387694842486155e-06
2.196616048858786474e+00 1.092069389824568224e-04 2.335274460822677790e-06 2.350209419525926499e-06 4.190815647817569198e-06 4.540068486364359887e-06 5.446218671534847218e-06 5.981187241888629249e-06
2.205841651751935473e+00 1.095135696728516091e-04 2.345943343282888734e-06 2.368622256145131388e-06 4.213781879438765836e-06 4.561296551263633648e-06 5.466830302264569816e-06 6.009264061698088317e-06
2.215067254645084471e+00 1.098288691810456657e-04 2.355069573590175464e-06 2.386830494903032450e-06 4.225963093253240531e-06 4.582596120273035433e-06 5.487619906013399833e-06 6.037749580781366383e-06
2.224292857538233026e+00 1.101547263330510394e-04 2.370559429126239156e-06 2.408186042316990284e-06 4.236400848292768795e-06 4.594958704087773117e-06 5.509165155686806116e-06 6.066949076540074167e-06
2.233518460431382024e+00 1.104862721145006361e-04 2.383480674203911445e-06 2.426497619482519434e-06 4.261233480824387805e-06 4.599234909292038587e-06 5.530763506119380844e-06 6.096430294801448782e-06
2.242744063324531023e+00 1.108254661993166289e-04 2.393963354351737335e-06 2.444961476022569939e-06 4.282978320150176012e-06 4.603922654259156818e-06 5.552636985001790427e-06 6.126344806203841246e-06
2.251969666217680022e+00 1.111362028437872190e-04 2.410680114882040952e-06 2.450894688010003364e-06 4.290620400975060644e-06 4.609207182585414817e-06 5.568656361580088957e-06 6.153116943850213297e-06
2.261195269110828576e+00 1.114941800348339106e-04 2.428378897561666184e-06 2.458588486386000969e-06 4.319676853846662911e-06 4.632325949240368996e-06 5.591968405016815771e-06 6.184375838174554271e-06
2.270420872003977575e+00 1.118585348613808242e-04 2.441925730329197897e-06 2.470953564472088988e-06 4.348825718731623110e-06 4.655643105103393002e-06 5.615546690401288237e-06 6.216037551320244335e-06
2.279646474897126573e+00 1.122449147249321704e-04 2.464653746735452470e-06 2.479787355155562193e-06 4.374390463043932868e-06 4.680619873012270235e-06 5.642217730212749794e-06 6.249726035527299354e-06
2.288872077790275128e+00 1.126043051656989660e-04 2.481830721525360808e-06 2.493985256617710692e-06 4.386958354949985575e-06 4.705215940336294187e-06 5.680940845665928768e-06 6.280413788659790892e-06
2.298097680683424127e+00 1.129849657358178406e-04 2.494484812988007148e-06 2.509687884443334896e-06 4.401092324504853439e-06 4.733787066327365301e-06 5.728627275191041962e-06 6.313095034259547144e-06
2.307323283576573125e+00 1.133705015041238127e-04 2.509540028105010281e-06 2.519246795588530327e-06 4.425431155689221025e-06 4.762488077841183745e-06 5.776451087967428310e-06 6.346098609219107557e-06
2.316548886469722124e+00 1.137612133504385095e-04 2.511680711286332752e-06 2.526619687829746307e-06 4.452056515531069357e-06 4.791351744425214622e-06 5.824459320403398296e-06 6.379453423450561172e-06
2.325774489362870678e+00 1.141558099916617632e-04 2.523292936059404797e-06 2.538739275755136859e-06 4.489338062076071766e-06 4.820255124754355353e-06 5.872539920427635664e-06 6.413073502751527729e-06
2.335000092256019677e+00 1.145548011798742894e-04 2.527885357727789454e-06 2.555271595337411657e-06 4.533762274389204708e-06 4.849155742504010708e-06 5.920742624905509931e-06 6.446993224923217893e-06
2.344225695149168676e+00 1.149604290711763452e-04 2.552678836792440851e-06 2.563084147736341260e-06 4.578809914480001146e-06 4.878633766736820468e-06 5.950591439379387124e-06 6.481651562824115170e-06
2.353451298042317230e+00 1.153640918579893702e-04 2.567832294189897847e-06 2.569643533166299015e-06 4.607861792093381000e-06 4.902846948053534533e-06 5.970017302685243612e-06 6.515646224415777023e-06
2.362676900935466229e+00 1.157745870295350552e-04 2.577292268665973924e-06 2.576055959854274026e-06 4.635425298380835106e-06 4.920656329074463132e-06 5.990056462544683983e-06 6.550405720395536006e-06
2.371902503828615227e+00 1.161882319782406054e-04 2.584079806193691209e-06 2.595287722274809347e-06 4.663038126683050435e-06 4.938665755311311936e-06 6.010297165151838768e-06 6.585422817082160242e-06
2.381128106721764226e+00 1.166051778683157918e-04 2.593290615641083408e-06 2.615371931198690546e-06 4.690696408340687168e-06 4.956776340861169779e-06 6.030737357182983267e-06 6.620693949250643778e-06
2.390353709614912781e+00 1.170251909552197340e-04 2.602593355696200951e-06 2.635412428077940562e-06 4.718381466481549142e-06 4.974989555875606044e-06 6.051355942387584325e-06 6.656197891374333485e-06
2.399579312508061779e+00 1.174482029412598436e-04 2.615882689759326083e-06 2.648477889607869676e-06 4.745640854594593522e-06 4.993397486331973287e-06 6.072169853921284576e-06 6.691964414359482822e-06
2.408804915401210778e+00 1.178739541437082714e-04 2.626626585670906590e-06 2.661279830070269149e-06 4.764645542563588103e-06 5.017526832812939613e-06 6.093152989619004048e-06 6.727965511447490617e-06
2.418030518294359332e+00 1.183023460093809168e-04 2.641884927637898946e-06 2.674504864732358492e-06 4.780254368168108362e-06 5.042049232516430100e-06 6.114301288920545737e-06 6.764201206564855674e-06
2.427256121187508331e+00 1.187333204453287495e-04 2.657648466044287990e-06 2.695750541946924958e-06 4.795387581768082298e-06 5.069640412207153109e-06 6.135598775435953107e-06 6.800652147278605348e-06
2.436481724080657330e+00 1.191668431535319823e-04 2.671531446866618571e-06 2.724951345291819964e-06 4.809809485599401686e-06 5.102828892123727656e-06 6.157063320430200223e-06 6.837349064203949284e-06
2.445707326973806328e+00 1.196026738863782430e-04 2.685436208669627614e-06 2.751667461125962134e-06 4.827461129566388773e-06 5.136071260847279623e-06 6.178671535358429192e-06 6.874266841158099416e-06
2.454932929866954883e+00 1.200407213952048530e-04 2.699365440615535388e-06 2.758862685765857566e-06 4.844027437945276930e-06 5.169362748447549317e-06 6.200416436318305531e-06 6.911400113070336241e-06
2.464158532760103881e+00 1.204807573065539859e-04 2.724778642312772814e-06 2.762009267956978494e-06 4.860798596184628300e-06 5.197002808827292405e-06 6.222291280990574795e-06 6.948747814455828319e-06
2.473384135653252880e+00 1.209228032757831892e-04 2.743942766957014690e-06 2.769522557730878364e-06 4.888209205189695877e-06 5.219519047695861196e-06 6.244287747800199859e-06 6.986300511656063630e-06
2.482609738546401434e+00 1.213668385000177133e-04 2.757698396867424824e-06 2.775394841708820844e-06 4.916934426915149257e-06 5.241935470647748831e-06 6.276270180295147978e-06 7.024064586710145096e-06
2.491835341439550433e+00 1.218127872978566606e-04 2.772037693325843551e-06 2.779902796504635796e-06 4.945761569921316861e-06 5.264244038345218665e-06 6.320383281981003382e-06 7.062036872634714214e-06
2.501060944332699432e+00 1.222603354044641427e-04 2.792378472637286821e-06 2.794646060487213459e-06 4.979274878298136590e-06 5.286423886261814860e-06 6.364442785757707484e-06 7.100199286010230003e-06
2.510286547225848430e+00 1.227098389464037552e-04 2.819267622910799197e-06 2.815722548794524576e-06 5.019518640550306963e-06 5.308332428239433305e-06 6.408521684120690358e-06 7.138594080286482057e-06
2.519512150118996985e+00 1.231606955729018006e-04 2.823797236142143669e-06 2.836897225121697767e-06 5.059817758475539193e-06 5.329995077887767223e-06 6.452508380106700700e-06 7.177155549060925473e-06
2.528737753012145983e+00 1.236133590151784636e-04 2.832675828626164856e-06 2.857343383437369782e-06 5.100251787156894877e-06 5.351573941289280338e-06 6.496439576971055254e-06 7.215941069209420877e-06
2.537963355905294982e+00 1.240670985926066569e-04 2.853590459329008238e-06 2.875962933059843067e-06 5.130799988899506243e-06 5.372982198212413059e-06 6.540274622651850653e-06 7.254886048554820967e-06
2.547188958798443537e+00 1.245227656998617628e-04 2.875856609834960510e-06 2.894685109559988392e-06 5.160782130776334466e-06 5.394317260490552883e-06 6.584138753546375702e-06 7.294066001594341829e-06
2.556414561691592535e+00 1.249794989149571422e-04 2.898186907024212109e-06 2.909939939492784300e-06 5.190614469546719727e-06 5.415495624056920060e-06 6.627933930630709779e-06 7.333416948182718584e-06
2.565640164584741534e+00 1.254369162723038627e-04 2.920579007856938377e-06 2.928958326643243655e-06 5.220517490923926550e-06 5.445889541115639366e-06 6.671655115537017964e-06 7.372928701867100844e-06
2.574865767477890532e+00 1.258968994998549873e-04 2.941637429943041657e-06 2.949892751629270074e-06 5.250548843912069196e-06 5.477734459783168189e-06 6.715401063786638914e-06 7.412684161385736919e-06
2.584091370371039087e+00 1.263574220136479142e-04 2.962632106030973047e-06 2.970882399573609870e-06 5.280670168519857469e-06 5.509745039352441473e-06 6.759099916209780753e-06 7.452611194951836511e-06
2.593316973264188086e+00 1.268189872064021063e-04 2.983714019576830332e-06 2.991948786500278666e-06 5.310853428580261919e-06 5.541883576998927097e-06 6.802724577582565336e-06 7.492705694948266905e-06
2.602542576157337084e+00 1.272818104174034087e-04 3.004902933621995953e-06 3.013088657850192210e-06 5.340137975198133843e-06 5.574210128951522327e-06 6.846347453494735927e-06 7.533007439259641123e-06
2.611768179050485639e+00 1.277458961833494719e-04 3.024918094239186254e-06 3.034310550425556394e-06 5.367427957158959432e-06 5.606689300346307490e-06 6.889934633301031744e-06 7.573499781042252062e-06
2.620993781943634637e+00 1.282106533643945906e-04 3.036494481534429777e-06 3.055605797817499214e-06 5.394705577144761743e-06 5.639304539517374501e-06 6.933459950527192002e-06 7.614159494471136355e-06
2.630219384836783636e+00 1.286765765126758815e-04 3.047414427379755960e-06 3.076401083782718269e-06 5.422017993535741855e-06 5.665157339494481664e-06 6.976984857745468496e-06 7.655025194249241239e-06
2.639444987729932635e+00 1.291433199078481707e-04 3.068459621301012101e-06 3.093423473197283100e-06 5.449288075614532262e-06 5.688686248915932660e-06 7.020418557436645512e-06 7.696046382712153533e-06
2.648670590623081189e+00 1.296110073123846553e-04 3.089357385573592409e-06 3.101478950602603755e-06 5.476588750179711869e-06 5.712237799642907879e-06 7.063847294356444869e-06 7.737268932034963801e-06
2.657896193516230188e+00 1.300795986522490966e-04 3.112189078193714755e-06 3.109362412493624390e-06 5.503876290846598535e-06 5.735814419907230835e-06 7.107222164430500094e-06 7.778668151151572245e-06
2.667121796409379186e+00 1.305489920250795389e-04 3.136249024952126544e-06 3.117083084646249955e-06 5.531170807205861364e-06 5.757973727119367969e-06 7.150566701787558531e-06 7.820252717770853146e-06
2.676347399302527741e+00 1.310192172084113731e-04 3.150163335736316014e-06 3.135926940506667806e-06 5.558444071174434894e-06 5.778858057897966367e-06 7.193850320727523430e-06 7.862009470429838845e-06
2.685573002195676739e+00 1.314902800526135352e-04 3.170820337160192319e-06 3.156513006125787925e-06 5.585742257669697305e-06 5.799690086807457413e-06 7.237127365758942981e-06 7.903965374417851533e-06
2.694798605088825738e+00 1.319620767672163169e-04 3.190969771812442830e-06 3.177087212797327599e-06 5.612970113290290672e-06 5.820438796334088342e-06 7.280366863935278923e-06 7.946105876000913700e-06
2.704024207981974737e+00 1.324346451427352268e-04 3.211113570026166058e-06 3.196787829767367209e-06 5.640170571143100168e-06 5.841084638244926604e-06 7.323547293881381599e-06 7.988419079982988407e-06
2.713249810875123291e+00 1.329076529172186700e-04 3.230512446159949751e-06 3.216254761879294450e-06 5.668016256624532935e-06 5.861619830591682226e-06 7.366664354041584442e-06 8.030897668434257763e-06
2.722475413768272290e+00 1.333816537036730228e-04 3.232601417788033430e-06 3.235729758795579877e-06 5.699385760340948577e-06 5.882107094174019194e-06 7.409792564558006145e-06 8.073589979556029111e-06
2.731701016661421288e+00 1.338560604140577495e-04 3.246299520274131736e-06 3.255181938226686450e-06 5.730856752528989311e-06 5.902478665595995919e-06 7.452857899110443881e-06 8.116449394690746205e-06
2.740926619554569843e+00 1.343312686390114115e-04 3.268215738142475624e-06 3.274622920203154163e-06 5.762445044733707994e-06 5.922754873489700618e-06 7.498991550067437119e-06 8.159496523003852055e-06
2.750152222447718842e+00 1.348069915863806423e-04 3.289562867546017661e-06 3.294056147073629818e-06 5.794146389116180485e-06 5.942942408553069300e-06 7.551490693215155313e-06 8.202731456182854944e-06
2.759377825340867840e+00 1.352831559794435664e-04 3.310866201242888005e-06 3.313459340140373702e-06 5.825950352629131286e-06 5.976859421690021391e-06 7.604040442188203432e-06 8.246124843657928749e-06
