2.306400723287267349e-02 1.943525371799456320e+17 3.200000000000000000e+01 -3.200000000000000000e+01 3.200000000000000000e+01 -3.200000000000000000e+01 3.200000000000000000e+01 -3.200000000000000000e+01
3.228961012602173802e-02 4.056481922928209375e+14 2.000000000000000000e+00 1.875000000000000000e+00 3.812500000000000000e+00 4.250000000000000000e+00 4.875000000000000000e+00 6.125000000000000000e+00
4.151521301917080603e-02 7.339012828401663086e+12 1.994140625000000000e+00 1.822265625000000000e+00 3.833984375000000000e+00 4.198242187500000000e+00 4.826171875000000000e+00 5.992187500000000000e+00
5.074081591231988098e-02 4.110522231409602661e+11 1.759948730468750000e+00 1.607360839843750000e+00 3.380371093750000000e+00 3.702209472656250000e+00 4.260742187500000000e+00 5.285278320312500000e+00
5.996641880546894204e-02 4.540632264889457703e+10 1.492515563964843750e+00 1.362464904785156250e+00 2.863983154296875000e+00 3.137557983398437500e+00 3.615280151367187500e+00 4.479988098144531250e+00
6.919202169861800311e-02 7.835937856896533012e+09 1.248847961425781250e+00 1.135826110839843750e+00 2.386444091796875000e+00 2.615164756774902344e+00 3.017241477966308594e+00 3.734732627868652344e+00
7.841762459176707112e-02 1.847159205480607033e+09 1.029678106307983398e+00 9.384169578552246094e-01 1.970766305923461914e+00 2.160247325897216797e+00 2.495807647705078125e+00 3.085627317428588867e+00
8.764322748491613913e-02 5.470798219027318954e+08 8.420952558517456055e-01 7.697892189025878906e-01 1.615919947624206543e+00 1.771706819534301758e+00 2.049924850463867188e+00 2.531126618385314941e+00
9.686883037806519325e-02 1.926537573266571164e+08 6.843290328979492188e-01 6.264004707336425781e-01 1.314236313104629517e+00 1.441341012716293335e+00 1.670112222433090210e+00 2.059291124343872070e+00
1.060944332712142474e-01 7.765172809781384468e+07 5.512847751379013062e-01 5.041037648916244507e-01 1.056997090578079224e+00 1.159989908337593079e+00 1.345631062984466553e+00 1.656666412949562073e+00
1.153200361643633154e-01 3.486082308797981590e+07 4.372626617550849915e-01 3.973167985677719116e-01 8.364321291446685791e-01 9.183577895164489746e-01 1.066713631153106689e+00 1.312692351639270782e+00
1.245456390575123834e-01 1.708483889821177721e+07 3.386421874165534973e-01 3.053113892674446106e-01 6.453945711255073547e-01 7.092474326491355896e-01 8.250919356942176819e-01 1.015576496720314026e+00
1.337712419506614514e-01 9.002731359219869599e+06 2.523863203823566437e-01 2.275438588112592697e-01 4.790534283965826035e-01 5.267342515289783478e-01 6.139533147215843201e-01 7.559647019952535629e-01
1.429968448438105333e-01 5.041207904812807217e+06 1.764031369239091873e-01 1.584156090393662453e-01 3.327391641214489937e-01 3.659813189879059792e-01 4.277297789230942726e-01 5.270102731883525848e-01
1.522224477369596152e-01 2.972262542616000399e+06 1.089383070357143879e-01 9.685525018721818924e-02 2.028555530123412609e-01 2.230354151688516140e-01 2.618643683381378651e-01 3.231103699654340744e-01
1.614480506301086971e-01 1.831609671878106892e+06 4.612864274531602859e-02 4.195648687891662121e-02 8.688328461721539497e-02 9.458950068801641464e-02 1.126013440079987049e-01 1.396480358671396971e-01
1.706736535232577512e-01 1.172682647938260809e+06 9.124722098931670189e-03 1.011205930262804031e-02 2.046231529675424099e-02 1.886586868204176426e-02 3.089763736352324486e-02 2.400964801199734211e-02
1.798992564164068331e-01 7.762551334451829316e+05 5.561214289627969265e-02 6.049494748003780842e-02 1.253321411786600947e-01 1.150582784321159124e-01 1.827941517112776637e-01 1.440406570909544826e-01
1.891248593095559150e-01 5.291052719250720693e+05 9.890044841449707747e-02 1.054970435798168182e-01 2.241077745566144586e-01 2.049250002019107342e-01 3.237429609289392829e-01 2.594800627557560802e-01
1.983504622027049968e-01 3.700976118921627058e+05 1.402366410475224257e-01 1.492084363126195967e-01 3.165275727515108883e-01 2.881712256348691881e-01 4.586485401378013194e-01 3.671727963956072927e-01
2.075760650958540787e-01 2.648974555698236800e+05 1.788540037814527750e-01 1.917375298216938972e-01 4.040910531766712666e-01 3.666545960004441440e-01 5.876902316231280565e-01 4.688590363948605955e-01
2.168016679890031329e-01 1.935354684534748667e+05 2.158172840718179941e-01 2.331437139946501702e-01 4.881590494187548757e-01 4.446271273482125252e-01 7.129311542666982859e-01 5.661042347783222795e-01
2.260272708821522147e-01 1.440280912166750641e+05 2.514850896259304136e-01 2.723513091914355755e-01 5.700019727810285985e-01 5.210912488983012736e-01 8.363559961144346744e-01 6.603534038877114654e-01
2.352528737753012689e-01 1.089786735907518596e+05 2.883505215140758082e-01 3.084718677855562419e-01 6.508438955497695133e-01 5.957483960519311950e-01 9.599468311935197562e-01 7.529793110297759995e-01
2.444784766684503230e-01 8.370407016241822566e+04 3.257389870850602165e-01 3.494602492428384721e-01 7.319051972153829411e-01 6.706303340615704656e-01 1.085762758448254317e+00 8.453273393097333610e-01
2.537040795615994049e-01 6.516984395665444754e+04 3.630291500667226501e-01 3.884154254046734422e-01 8.144464737561065704e-01 7.441101190124754794e-01 1.216029773386253510e+00 9.387594738582265563e-01
2.629296824547484590e-01 5.136794690344536502e+04 4.052675368657219224e-01 4.294520008552353829e-01 8.998165923403576016e-01 8.285634468848002143e-01 1.353248997482296545e+00 1.034699675146839581e+00
2.721552853478975686e-01 4.094363577097603411e+04 4.487616943588363938e-01 4.752811402358929627e-01 9.895081732611288317e-01 9.139382767098140903e-01 1.500334335563820787e+00 1.144697132171131670e+00
2.813808882410466228e-01 3.296653428579284082e+04 4.919198779825819656e-01 5.234551053217728622e-01 1.085224395763361827e+00 1.005929028273385484e+00 1.650820618677244056e+00 1.271710421489842702e+00
2.906064911341957324e-01 2.678710462571845710e+04 5.424177326858625747e-01 5.749846323160454631e-01 1.188668230537587078e+00 1.106462782387097832e+00 1.810895684298884589e+00 1.413933690724661574e+00
2.998320940273447865e-01 2.194486167354503414e+04 5.981859082748997025e-01 6.299416214715165552e-01 1.302770316135138273e+00 1.218400570211088052e+00 1.987726007213495905e+00 1.576193091044842731e+00
3.090576969204938407e-01 1.810857808436965934e+04 6.612128042943368200e-01 6.885734616007539444e-01 1.430601353462407133e+00 1.345121791786368703e+00 2.186104746975615853e+00 1.764910257315932540e+00
3.182832998136429503e-01 1.503663606065792374e+04 7.382561492304375861e-01 7.792150108743953751e-01 1.586978500628902111e+00 1.496604261466927710e+00 2.412045307637527003e+00 2.005079965965705924e+00
3.275089027067920044e-01 1.255027229869038820e+04 8.207247610498598078e-01 8.636965625846642070e-01 1.772841666277599870e+00 1.682424322383667459e+00 2.673148190217034426e+00 2.307324775574670639e+00
3.367345055999411141e-01 1.051517489546634715e+04 9.384974617914849659e-01 9.844332444645260694e-01 1.999546691504292539e+00 1.901247980604239274e+00 3.004154750542511465e+00 2.683237427918356843e+00
3.459601084930901682e-01 8.828509240449220670e+03 1.094903993594925851e+00 1.135970230541715864e+00 2.262861600675023510e+00 2.195391564420788200e+00 3.481413648709349218e+00 3.097160560360862291e+00
3.551857113862392223e-01 7.409402439485119430e+03 1.275677912326500518e+00 1.354784191496037238e+00 2.586797889727677102e+00 2.595650366804875375e+00 4.099365835377284384e+00 3.628695678128678992e+00
3.644113142793883320e-01 6.191425640706123886e+03 1.529744100915195304e+00 1.637000432105196523e+00 3.156285301695788803e+00 3.089620493262373202e+00 4.921107302497148339e+00 4.337450790578259330e+00
3.736369171725373861e-01 5.115779528046686210e+03 1.864306930764541903e+00 2.062299418909788074e+00 3.669698772006086074e+00 3.740214805503455864e+00 6.040935950176390179e+00 5.265569005194265628e+00
3.828625200656864958e-01 4.123818410794828196e+03 2.267846275283773139e+00 2.530210820971660723e+00 4.612207978299011302e+00 4.764819229825661751e+00 7.584237435994509724e+00 6.530423768749642477e+00
3.920881229588355499e-01 3.148260214295280093e+03 2.946539555954132084e+00 3.198780607760909334e+00 5.818180303938788711e+00 5.982680244067523745e+00 9.621656853845252044e+00 8.292887012186838547e+00
4.013137258519846040e-01 2.112677186643177720e+03 3.803907365819668485e+00 4.049038829205983347e+00 7.310313743024380528e+00 7.633313310183439171e+00 1.135689674226159696e+01 1.093572229303163112e+01
4.105393287451337136e-01 1.025854492730042011e+03 4.099493839412616580e+00 4.039980430369269016e+00 7.569959670589014422e+00 7.821075160850682551e+00 9.866810425613493862e+00 9.699117292409937363e+00
4.197649316382827678e-01 4.684049157801633783e+02 9.677549421040794186e-01 9.808971584823211742e-01 1.926876988746300867e+00 1.761046149924823112e+00 2.386682708785372142e+00 2.362728658232754242e+00
4.289905345314318219e-01 1.268506937428281162e+03 8.010277018850729291e+00 7.579895718944044347e+00 1.470669469672748164e+01 1.593618056342234013e+01 1.802370631025087278e+01 2.015770500205826465e+01
4.382161374245809315e-01 2.139453086946800340e+03 6.204796273905685666e+00 5.784198204460153647e+00 1.074256315024967989e+01 1.227155344744960530e+01 1.598680479749100414e+01 1.629633041096758461e+01
4.474417403177299857e-01 2.386434160491519833e+03 3.100854272045125981e+00 2.926285693089994311e+00 5.417283763964860555e+00 5.994361716079311009e+00 8.093614537388020835e+00 7.765363488547791349e+00
4.566673432108790953e-01 2.328151829855649794e+03 1.395148714249444311e+00 1.347587878802187333e+00 2.523671628386637167e+00 2.701545818000340660e+00 3.697326443042584287e+00 3.562922750244524650e+00
4.658929461040280939e-01 2.173474449635158180e+03 5.856891827024810482e-01 5.886593739301133610e-01 1.134659607701451023e+00 1.154913867222148838e+00 1.663010872443010157e+00 1.526638646490027895e+00
4.751185489971772036e-01 1.998409244030561922e+03 1.983715541116453096e-01 2.036787947940865706e-01 3.884698162564745871e-01 3.981618142395291216e-01 5.912000688867919962e-01 5.307895300927611970e-01
4.843441518903262577e-01 1.828445472836743647e+03 4.494748975730544771e-03 4.520337910207672394e-03 7.896840247894942877e-03 1.117273571935584187e-02 1.189925963922178198e-02 1.716192514686554205e-02
4.935697547834753673e-01 1.671578702002427690e+03 1.048204771786913625e-01 1.020702738267118548e-01 1.997894116566385492e-01 2.079620707454523654e-01 2.624434554670642683e-01 3.297960762740785867e-01
5.027953576766244215e-01 1.529598109536555512e+03 1.633964476316123182e-01 1.573160801838184852e-01 3.150100793054662063e-01 3.235687017634063523e-01 4.070482814183833398e-01 4.960232447247108212e-01
5.120209605697735311e-01 1.402061471460090388e+03 1.971340548732314346e-01 1.860326792284467956e-01 3.730907770477642771e-01 3.898809966683529638e-01 4.786189513222325331e-01 5.793668280812198645e-01
5.212465634629225297e-01 1.287771737838404079e+03 2.153734722894569131e-01 1.997580010711317300e-01 4.001218257765231101e-01 4.277249135559486604e-01 5.097573255945917481e-01 6.226827525224507554e-01
5.304721663560716394e-01 1.185346718931764826e+03 2.236661852373345027e-01 2.051326726013940061e-01 4.134702410563022568e-01 4.429819022345782287e-01 5.191920911470333522e-01 6.416872124309520586e-01
5.396977692492206380e-01 1.093439429646869712e+03 2.252136922679710551e-01 2.055500091876183433e-01 4.148352491672540054e-01 4.461718226245920960e-01 5.143459690179952304e-01 6.437971235113764124e-01
5.489233721423698587e-01 1.010817649930444304e+03 2.209223383115386241e-01 2.021327987781660340e-01 4.093597381223617049e-01 4.422198545905757783e-01 5.021174712085212377e-01 6.355925708397762719e-01
5.581489750355188573e-01 9.363853906906911106e+02 2.154698939020818216e-01 1.973057649275915537e-01 3.989115770265243555e-01 4.331850745678593739e-01 4.858409293486829483e-01 6.211524487732731359e-01
5.673745779286679669e-01 8.691805988824423821e+02 2.086342085098067400e-01 1.914279705408716836e-01 3.863006073515862226e-01 4.216813447800404901e-01 4.706249475451613762e-01 6.030516717839873309e-01
5.766001808218169655e-01 8.083638117875195803e+02 2.009728844129767822e-01 1.855482111745914153e-01 3.734271560103934462e-01 4.086471227450374499e-01 4.554882051362483253e-01 5.829375342686944350e-01
5.858257837149661862e-01 7.532041420808918701e+02 1.929219564050299596e-01 1.778556839534530809e-01 3.613312892733802073e-01 3.947251220533871674e-01 4.395304827412473969e-01 5.618726375837468368e-01
5.950513866081151848e-01 7.030653189156633971e+02 1.851599650919979467e-01 1.701052839329122435e-01 3.488210871678347758e-01 3.787675241235319845e-01 4.224914887331578939e-01 5.405442230008929982e-01
6.042769895012642944e-01 6.573928705319541450e+02 1.778459964316425612e-01 1.625493223202738591e-01 3.351967744608828070e-01 3.627530196722545952e-01 4.071729867284830107e-01 5.193948708254083613e-01
6.135025923944132931e-01 6.157027947917615620e+02 1.695398274168837816e-01 1.552703447219982991e-01 3.218568325504520544e-01 3.472800908000408526e-01 3.913599974200678844e-01 4.987057365729015146e-01
6.227281952875624027e-01 5.775717373216240276e+02 1.619720438541207841e-01 1.490192423009375489e-01 3.089168606486509816e-01 3.324364276269307084e-01 3.760053316026414905e-01 4.786504866009408943e-01
6.319537981807114013e-01 5.426285617685614397e+02 1.549714688773065063e-01 1.429861336729345567e-01 2.964239476187913169e-01 3.183027384254728531e-01 3.611947751818433971e-01 4.593307774287040957e-01
6.411794010738606220e-01 5.105471504923370389e+02 1.478241177611039348e-01 1.371755562178691434e-01 2.850837804786010565e-01 3.052860461772297640e-01 3.469751653512958001e-01 4.407998981516243475e-01
6.504050039670096206e-01 4.810402683099179058e+02 1.413896399908480817e-01 1.311775194336064487e-01 2.742706340529252884e-01 2.928535759576220698e-01 3.333670700578750257e-01 4.230786981086112064e-01
6.596306068601587302e-01 4.538543335044472542e+02 1.361548480339820344e-01 1.254719326279882807e-01 2.639066041561477505e-01 2.810017129881998699e-01 3.203734314433290820e-01 4.061664137680622844e-01
6.688562097533077289e-01 4.287649581747690490e+02 1.309787529723394073e-01 1.199777657126332997e-01 2.539923476265357749e-01 2.697174184670529939e-01 3.079855010513483649e-01 3.900480798918124492e-01
6.780818126464568385e-01 4.055731389918486798e+02 1.263151432465861035e-01 1.150704260826955760e-01 2.439872265679809971e-01 2.589817118639530236e-01 2.961869370840304327e-01 3.746996275284573130e-01
6.873074155396059481e-01 3.841019972835022713e+02 1.218511488165745504e-01 1.104293929584514444e-01 2.344336235396440316e-01 2.487720591740298914e-01 2.849566418891527064e-01 3.600914000531361125e-01
6.965330184327550578e-01 3.641939832279093707e+02 1.170451091687709777e-01 1.057000748124892198e-01 2.253512058032924870e-01 2.390640094218383638e-01 2.742707285193546340e-01 3.461905781720702180e-01
7.057586213259040564e-01 3.457084726040911846e+02 1.124240076665614652e-01 1.015773999968700991e-01 2.167164223228041919e-01 2.298323110570663630e-01 2.641038807984159575e-01 3.329628471292380709e-01
7.149842242190531660e-01 3.285196961286159194e+02 1.080543101259650030e-01 9.777388602088876723e-02 2.085056487715064577e-01 2.210516665648469825e-01 2.544302885187903485e-01 3.203735345718996541e-01
7.242098271122021647e-01 3.125149511274547649e+02 1.039482608104549399e-01 9.412378632930540334e-02 2.006956670274462340e-01 2.126972344568116569e-01 2.452242836456548503e-01 3.083883771017781328e-01
7.334354300053513853e-01 2.975930534056448096e+02 1.001472799595148899e-01 9.058498535659964546e-02 1.937168173167265195e-01 2.047447245189459863e-01 2.364607654596966313e-01 2.969740256639852305e-01
7.426610328985003839e-01 2.836629939333839729e+02 9.648064317627813580e-02 8.724075995604607670e-02 1.873051256879421089e-01 1.971676349299968933e-01 2.281154764962707304e-01 2.860983670996120054e-01
7.518866357916494936e-01 2.706427705874946810e+02 9.317708941648561449e-02 8.414607658107797761e-02 1.811677783448999435e-01 1.899480599448111207e-01 2.201651730641174254e-01 2.757307164504823049e-01
7.611122386847984922e-01 2.584583698640618081e+02 9.004067352594802287e-02 8.128239381773028072e-02 1.752766272776966616e-01 1.830651201274235973e-01 2.125877214780302893e-01 2.658419187422396135e-01
7.703378415779476018e-01 2.470428773736916810e+02 8.704772258661819251e-02 7.865286327341891592e-02 1.695504487713890285e-01 1.764991095373034113e-01 2.053621422560922838e-01 2.564043878261372811e-01
7.795634444710966005e-01 2.363356991807813188e+02 8.414176270972006932e-02 7.626462935689914957e-02 1.633255022196635764e-01 1.703258949486610163e-01 1.984686182057942005e-01 2.473921019637543850e-01
7.887890473642458211e-01 2.262818787642454197e+02 8.084623863567230728e-02 7.370025273064584326e-02 1.573814341883803536e-01 1.649687398947321526e-01 1.918884778375229416e-01 2.387805702351784021e-01
7.980146502573948197e-01 2.168314966519391760e+02 7.806623128735168393e-02 7.129482828557343055e-02 1.517014161134113692e-01 1.598626431452032648e-01 1.856041623117619110e-01 2.305467798269660307e-01
8.072402531505439294e-01 2.079391416901109721e+02 7.553848747616598303e-02 6.908200120432184121e-02 1.462697185789636478e-01 1.549937225688893250e-01 1.795991818084132774e-01 2.226691313777848791e-01
8.164658560436929280e-01 1.995634445153400236e+02 7.312288064520089392e-02 6.698725295760254994e-02 1.410716441057502379e-01 1.503489929536385716e-01 1.738580655261046104e-01 2.151273674830633809e-01
8.256914589368421487e-01 1.916666651504429240e+02 7.081317985949908689e-02 6.505646605646120406e-02 1.360885420552051528e-01 1.459124558110431735e-01 1.683663083059911969e-01 2.079024979535404327e-01
8.349170618299911473e-01 1.842143277907724439e+02 6.860355455253852597e-02 6.314173023304192611e-02 1.313093307669248588e-01 1.416731073725827628e-01 1.631103159913322997e-01 2.009767243406486159e-01
8.441426647231402569e-01 1.771748968132152982e+02 6.648854937299120138e-02 6.136072670645376093e-02 1.267685433135739004e-01 1.376237015382741902e-01 1.580773509874404681e-01 1.943333654516834486e-01
8.533682676162892555e-01 1.705194888720893118e+02 6.460031425044121534e-02 5.965038140610090522e-02 1.226568451539264970e-01 1.337543580639533047e-01 1.532554790329356820e-01 1.879567850129433282e-01
8.625938705094383652e-01 1.642216166332468958e+02 6.263967400880687819e-02 5.804978085296852441e-02 1.187060477838315364e-01 1.300558478962159370e-01 1.486335178367426124e-01 1.818323222233573233e-01
8.718194734025873638e-01 1.582569603060625241e+02 6.075954806914296569e-02 5.591533503388745885e-02 1.149132746853354092e-01 1.260550486579745666e-01 1.442009880080945550e-01 1.759462256448216522e-01
8.810450762957365844e-01 1.526031636373795664e+02 5.890403097370722207e-02 5.401153094337018956e-02 1.113081924711423198e-01 1.217800601737053512e-01 1.399480665164958282e-01 1.702855906717957168e-01
8.902706791888855831e-01 1.472396514701612205e+02 5.719462089066951194e-02 5.270133682299160682e-02 1.084808459186206164e-01 1.176480517100912948e-01 1.358655428035149271e-01 1.648383006622680114e-01
8.994962820820346927e-01 1.421474663442908195e+02 5.559014943659690289e-02 5.112063353843154800e-02 1.057770953749184173e-01 1.136446678902132135e-01 1.319447775705668846e-01 1.595929717173305562e-01
9.087218849751836913e-01 1.373091219394569862e+02 5.402766243366841081e-02 4.954863729750513812e-02 1.031007989601846475e-01 1.106714643169084411e-01 1.281776642116767562e-01 1.545389010178723765e-01
9.179474878683329120e-01 1.327084714378188437e+02 5.254090698431923556e-02 4.835022378736653081e-02 9.960187125594188728e-02 1.081670301315682536e-01 1.245565928134340083e-01 1.496660185841278690e-01
9.271730907614816886e-01 1.283305891239661207e+02 5.111090222746383915e-02 4.690943317899609610e-02 9.622102545057487077e-02 1.053646541053012697e-01 1.210744166205870442e-01 1.449648422898235367e-01
9.363986936546309092e-01 1.241616637470613540e+02 4.975005255550968286e-02 4.563742373419188425e-02 9.361386483128342206e-02 1.023790687956136480e-01 1.177244208461019070e-01 1.404264359476883328e-01
9.456242965477800189e-01 1.201889023497424489e+02 4.844525521686193770e-02 4.463857712828200874e-02 9.147888072983789698e-02 9.983778450902036639e-02 1.145002936970911378e-01 1.361273384766263916e-01
9.548498994409290175e-01 1.164004434242834662e+02 4.719382785611969666e-02 4.368622488571816120e-02 8.919784430398181030e-02 9.691416682881026645e-02 1.117082539282847620e-01 1.324345168553406893e-01
9.640755023340780161e-01 1.127852783921588014e+02 4.579295087059165326e-02 4.251609290126623364e-02 8.636705471518268951e-02 9.407778852749970611e-02 1.090524281396909601e-01 1.288701315512952306e-01
9.733011052272271257e-01 1.093331805211845307e+02 4.486241018061321029e-02 4.115763463592259086e-02 8.388456446712666548e-02 9.132916556428938293e-02 1.065087021004700318e-01 1.254308682979683454e-01
9.825267081203763464e-01 1.060346404974512353e+02 4.367979731971161073e-02 4.014801963313630040e-02 8.188731028550932933e-02 8.900706376616085436e-02 1.040723871391406874e-01 1.221111042470113262e-01
9.917523110135253450e-01 1.028808079592904505e+02 4.256786070055795790e-02 3.891290167663896682e-02 7.946115881526338853e-02 8.685468350232383727e-02 1.017391104531384372e-01 1.189055264095060238e-01
1.000977913906674344e+00 9.986343837921856448e+01 4.148805838829616732e-02 3.776736905503241815e-02 7.691753166832882016e-02 8.477654716317317707e-02 9.950479614116147786e-02 1.158091123248397025e-01
1.010203516799823564e+00 9.697484474889884609e+01 4.042084450003358143e-02 3.646953748769021786e-02 7.517938202992979768e-02 8.205691946828608252e-02 9.736564796014590684e-02 1.128171120169980668e-01
1.019429119692972563e+00 9.420785358270696008e+01 3.953598169121619321e-02 3.553311936475722632e-02 7.397732710326465622e-02 7.912854865568874629e-02 9.531813368653274665e-02 1.099250311536508207e-01
1.028654722586121562e+00 9.155576480875565437e+01 3.845420874490912411e-02 3.461975373643610965e-02 7.266184394150343451e-02 7.660115196384253977e-02 9.335897097773226960e-02 1.071286153269284114e-01
1.037880325479270560e+00 8.901231516309512415e+01 3.729967593218930233e-02 3.366750099152682196e-02 7.103521966311632241e-02 7.440364390079423629e-02 9.148511463750708117e-02 1.044238353773465633e-01
1.047105928372419781e+00 8.657164474413325195e+01 3.604959966786225323e-02 3.287449368153261275e-02 6.945217668101122399e-02 7.227022165099583617e-02 8.969374520592054978e-02 1.018068736868400492e-01
1.056331531265569001e+00 8.422826642075972359e+01 3.499887459074102480e-02 3.205524879844290354e-02 6.794796305827333072e-02 7.085047853472303814e-02 8.798225880128995868e-02 9.927411137005037745e-02
1.065557134158718000e+00 8.197703781987276273e+01 3.385823835529322423e-02 3.117327092397204069e-02 6.648189264292625467e-02 7.005689495778710807e-02 8.634825815759938905e-02 9.682211629684900345e-02
1.074782737051866999e+00 7.981313564750426792e+01 3.309014789360276154e-02 3.049962274327810974e-02 6.520231427056444318e-02 6.795769419311170623e-02 8.478954480642642011e-02 9.444763188200511195e-02
1.084008339945015997e+00 7.773203212297551090e+01 3.233671349130418093e-02 2.998667640238750209e-02 6.374015460768589492e-02 6.529368468831364680e-02 8.330411236747181647e-02 9.214756658170131232e-02
1.093233942838165218e+00 7.572947332788064045e+01 3.135413273496112652e-02 2.948211172029857607e-02 6.244785829484555961e-02 6.267906167387593541e-02 8.189014091934154749e-02 8.992190600338290096e-02
1.102459545731314217e+00 7.380145929156114448e+01 3.056846645384325711e-02 2.912470620366036655e-02 6.139878445139856922e-02 6.119138478159413808e-02 8.054599243483551163e-02 8.800414514509213859e-02
1.111685148624463215e+00 7.194422565236702383e+01 3.010843254939743474e-02 2.870912953285653657e-02 6.073324406969504707e-02 5.986315369784733775e-02 7.927020727451861148e-02 8.624918905510980949e-02
1.120910751517612436e+00 7.015422674969741479e+01 2.955035588664145507e-02 2.823071053551018395e-02 5.980728304771787407e-02 5.857582450909148974e-02 7.806150174388903906e-02 8.456617033041879949e-02
1.130136354410761435e+00 6.842812001576318437e+01 2.890627888687902214e-02 2.774380703291967620e-02 5.870681093175278420e-02 5.732010278815380389e-02 7.691876673332842529e-02 8.295359385346046110e-02
1.139361957303910433e+00 6.676275154847814974e+01 2.851559858974894723e-02 2.742988183064198893e-02 5.783559596264353786e-02 5.497955631602735593e-02 7.584106746853080949e-02 8.141015327352363329e-02
1.148587560197059654e+00 6.515514275796597587e+01 2.832050410653152994e-02 2.702080942029283506e-02 5.717471734543266848e-02 5.305675249883279321e-02 7.482764441787992382e-02 7.993473289903363366e-02
1.157813163090208652e+00 6.360247798911620265e+01 2.796874265099802415e-02 2.660427732742931539e-02 5.656606554594389991e-02 5.204277634676657271e-02 7.387791541476218526e-02 7.852641114718039717e-02
1.167038765983357873e+00 6.210209303149394344e+01 2.727371799207389813e-02 2.586330261535607633e-02 5.584137053097038006e-02 5.083999766094393635e-02 7.299147907045977490e-02 7.718446569881365349e-02
1.176264368876506872e+00 6.065146443589865299e+01 2.706298107533910979e-02 2.555048225555367480e-02 5.487381150334158519e-02 4.973379332021465871e-02 7.216811957268021160e-02 7.590838054190385265e-02
1.185489971769655870e+00 5.924819956408821042e+01 2.662281750671979808e-02 2.570520146931443151e-02 5.385125748751562469e-02 4.983569312048530264e-02 7.140781298544141009e-02 7.469785512702742380e-02
1.194715574662805091e+00 5.789002730473811908e+01 2.633545285586080809e-02 2.548283534399331529e-02 5.285629653877776946e-02 4.919084656876293593e-02 7.071073518837067695e-02 7.361758376149651895e-02
1.203941177555954090e+00 5.657478939474884783e+01 2.593296491072294430e-02 2.517366382635088939e-02 5.189786323177969507e-02 4.755130293893472526e-02 7.007727162315546821e-02 7.360706567178709747e-02
1.213166780449103088e+00 5.530043229069425337e+01 2.543704327547402499e-02 2.506450763366530055e-02 5.097712643738105953e-02 4.750927073207833473e-02 6.950802904370334545e-02 7.336666729955965138e-02
1.222392383342252087e+00 5.406499954062795865e+01 2.537494073803259198e-02 2.505931364245839177e-02 5.082621122542008152e-02 4.725821704749932906e-02 6.900384950289151220e-02 7.256540194012472966e-02
1.231617986235401307e+00 5.286662461191368578e+01 2.502159972435435975e-02 2.487865137735667531e-02 5.003340277615109244e-02 4.645280350908365108e-02 6.856582684897460922e-02 7.257310847263909181e-02
1.240843589128550528e+00 5.170352413639717781e+01 2.502267928137769104e-02 2.469573736879482340e-02 4.924860864244351433e-02 4.607538351637430196e-02 6.819532605109657197e-02 7.284378618905407166e-02
1.250069192021699527e+00 5.057399154047814704e+01 2.439291290324518968e-02 2.456376300779083977e-02 4.874281514556599859e-02 4.682581524109963311e-02 6.789400572645121201e-02 7.319965166895769926e-02
1.259294794914848525e+00 4.947639103491292900e+01 2.405589143500463933e-02 2.486497461923420360e-02 4.888598260176024723e-02 4.786417461910730253e-02 6.766384430018490548e-02 7.220813387429814156e-02
1.268520397807997524e+00 4.840915194812942701e+01 2.386547829453888880e-02 2.472859737576982297e-02 4.928851312773474547e-02 4.728480697815484746e-02 6.750717029705555206e-02 7.103894011091682614e-02
1.277746000701146745e+00 4.737076339840242412e+01 2.409138352851414311e-02 2.480397826638380820e-02 4.920887334071721853e-02 4.758025107135210874e-02 6.782791191753290150e-02 6.998239045986309748e-02
1.286971603594295521e+00 4.635976931572850646e+01 2.438029008661857233e-02 2.477383614466788231e-02 4.901709952800104020e-02 4.795518794125541717e-02 6.754711159798176823e-02 7.093366667404410464e-02
1.296197206487444742e+00 4.537476384563142773e+01 2.461267551915113927e-02 2.523375441793973550e-02 4.856701003580354836e-02 4.879976185070944439e-02 6.783323669828433822e-02 7.200177190163259411e-02
1.305422809380593963e+00 4.441438719725284301e+01 2.484259331986038433e-02 2.606536143211002354e-02 4.956179469074584176e-02 4.977911910427934572e-02 6.883919889258294234e-02 7.319559776562556408e-02
1.314648412273742961e+00 4.347732204124708488e+01 2.494540742147677292e-02 2.603565521441453257e-02 5.008820559012150397e-02 5.087858349526186430e-02 6.864766775309050217e-02 7.451872474775456112e-02
1.323874015166892182e+00 4.256229062558783482e+01 2.561905155346266838e-02 2.654280623411153783e-02 5.103638898047790917e-02 5.125015980214442379e-02 6.946114022152727330e-02 7.599040367939124963e-02
1.333099618060040958e+00 4.166805286918721407e+01 2.671578447225186892e-02 2.730374057222206829e-02 5.405176104864040099e-02 5.188030173158608704e-02 7.080916695982608644e-02 7.762865860327394785e-02
1.342325220953190179e+00 4.079340582916208291e+01 2.771302049406898504e-02 2.800326365751004687e-02 5.544519862688446210e-02 5.327524136584571579e-02 7.344320056478892411e-02 7.944272928096296482e-02
1.351550823846339400e+00 3.993718514087883875e+01 2.893577112465095524e-02 2.868564019257036080e-02 5.668091193284396923e-02 5.489838844412986418e-02 7.631842909870556468e-02 8.145011031191273787e-02
1.360776426739488176e+00 3.909826933699896045e+01 2.963700704682281639e-02 2.952138848487351197e-02 5.881386098911889349e-02 5.695612113485992722e-02 7.946492500200008635e-02 8.367103984945600814e-02
1.370002029632637397e+00 3.827558842057025856e+01 3.058989388515698238e-02 3.072309802929851230e-02 6.142603044465744233e-02 5.956852151470570789e-02 8.191850848532311602e-02 8.612903704428731544e-02
1.379227632525786396e+00 3.746813879112679757e+01 3.198997005753767553e-02 3.205664115262152336e-02 6.355806589510137883e-02 6.125083294253386157e-02 8.435491550107343528e-02 8.885157475673821637e-02
1.388453235418935616e+00 3.667500775442200478e+01 3.367230191260262018e-02 3.315665922563226786e-02 6.686435393359602131e-02 6.280613967822290533e-02 8.705751895468694102e-02 9.187093067036755656e-02
1.397678838312084837e+00 3.589541263924787984e+01 3.506883732677579246e-02 3.425377732789769425e-02 6.949175736991008989e-02 6.558939249999440335e-02 9.005438284908962032e-02 9.522527755049026155e-02
1.406904441205233613e+00 3.512876242641996782e+01 3.679260180812349290e-02 3.619958586853755378e-02 7.175580650798707438e-02 6.942780675721138550e-02 9.336863619436286399e-02 9.896010021618195651e-02
1.416130044098382834e+00 3.437475449943044481e+01 3.829953977911060292e-02 3.796663764052254919e-02 7.494686652260185156e-02 7.364755597055960834e-02 9.958777768993343216e-02 1.031300688957870193e-01
1.425355646991532055e+00 3.363352693585139264e+01 4.064934375566764402e-02 4.008352501375611610e-02 7.932868434385653700e-02 7.778334574112477640e-02 1.043977982008854610e-01 1.078022072662889741e-01
1.434581249884680831e+00 3.290589995439005833e+01 4.341233127203736331e-02 4.219738835578112912e-02 8.345508507555621236e-02 8.259206003318553257e-02 1.116008129032479701e-01 1.130561856058491799e-01
1.443806852777830052e+00 3.219376284411868738e+01 4.541348121070143407e-02 4.450341037001948052e-02 8.753338140515154464e-02 8.777128077024798358e-02 1.195301818668923488e-01 1.189956990417613270e-01
1.453032455670979051e+00 3.150070252487806144e+01 4.895130292831240126e-02 4.777819135174965481e-02 9.560337071279079169e-02 9.393104027096299546e-02 1.282902067426583415e-01 1.257493949294570257e-01
1.462258058564128271e+00 3.083304094989230038e+01 5.201555233683308188e-02 5.135174262592556715e-02 1.042172951758182364e-01 1.006119155904237061e-01 1.389052700551722808e-01 1.336444408636801029e-01
1.471483661457277492e+00 3.020157718074003128e+01 5.522884799782445953e-02 5.547552131220001570e-02 1.125183252200088191e-01 1.095140405523729044e-01 1.513059734020494318e-01 1.437955107966608637e-01
1.480709264350426269e+00 2.962456408811397424e+01 5.919401845651606209e-02 6.116296780327346028e-02 1.224912741264603255e-01 1.202322479158262070e-01 1.657002810684673477e-01 1.596087558436209974e-01
1.489934867243575489e+00 2.913286949373116741e+01 6.296742598758342524e-02 6.729462985668988040e-02 1.345954772446731340e-01 1.329020701853096398e-01 1.826078009131570923e-01 1.745703829447862176e-01
1.499160470136724488e+00 2.877897345512165472e+01 7.018913895647571621e-02 7.587033924928121564e-02 1.430352681612667709e-01 1.480097691776407487e-01 2.027503339310463559e-01 1.942269586196161413e-01
1.508386073029873486e+00 2.865234399864613835e+01 8.002252411099775031e-02 8.760056946242755771e-02 1.550090127702716813e-01 1.662328347377801663e-01 2.271775678784777597e-01 2.200126612857111752e-01
1.517611675923022485e+00 2.890332722546933653e+01 8.810034434979385765e-02 9.807547435826080573e-02 1.812111270015179798e-01 1.927553745224486192e-01 2.574413741913907927e-01 2.596623021552595389e-01
1.526837278816171706e+00 2.976730590310260638e+01 1.009917580499113399e-01 1.066241156483869190e-01 2.170883355516721736e-01 2.229997190536607832e-01 2.925054365260528755e-01 2.979046170054857612e-01
1.536062881709320926e+00 3.152206054813751734e+01 1.135118950637767909e-01 1.206889797326873293e-01 2.535217764778607830e-01 2.577842188381467281e-01 3.382878498102002141e-01 3.363371908193890647e-01
1.545288484602469925e+00 3.409853440646752887e+01 1.293245456625200518e-01 1.349357491837039902e-01 2.706125648750159485e-01 2.827233519997562894e-01 3.875606662104686961e-01 4.070646602474354836e-01
1.554514087495618924e+00 3.587792212140371362e+01 1.377474511268417245e-01 1.507234252338349734e-01 2.807078761395516153e-01 2.904200954743743068e-01 4.445068403973166937e-01 4.368868577592763813e-01
1.563739690388767922e+00 3.329814392340956175e+01 1.534229400837361368e-01 1.587944706316264387e-01 2.979967454041911878e-01 3.013609050401910849e-01 4.295825337503913488e-01 4.385248237835881469e-01
1.572965293281917143e+00 2.542385462054908274e+01 1.620575934317436406e-01 1.738460744587406737e-01 3.376888647546536504e-01 3.309187701226115053e-01 4.274090732941004944e-01 4.856192200927580416e-01
1.582190896175066142e+00 1.617147722551468547e+01 1.326686814479351995e-01 1.444926077224302219e-01 2.607917465237292731e-01 2.732603350513009843e-01 3.692765464947669329e-01 3.460124053002378020e-01
1.591416499068215140e+00 1.064842320612051552e+01 7.940430333111514472e-02 7.998237852335954301e-02 1.652323838470266537e-01 1.663184622468634188e-01 2.648914320287651947e-01 2.052688685354233655e-01
1.600642101961364361e+00 1.427699795788088899e+01 2.649488226881224762e-01 2.611600993054761233e-01 4.785557697946423161e-01 5.061852330381455545e-01 6.722998456808362278e-01 6.406612031400804597e-01
1.609867704854513359e+00 2.549391667597018696e+01 3.090956751348414855e-01 3.151179261682592880e-01 5.302146470915189980e-01 5.754607577193588952e-01 8.008457265048321005e-01 7.380384137802415978e-01
1.619093307747662580e+00 3.439609294363603453e+01 1.939997885376314457e-01 1.959401115259993276e-01 3.661504298129898416e-01 3.830191122422732519e-01 6.171280088974739897e-01 4.978066070144606670e-01
1.628318910640811579e+00 3.794833812042299570e+01 1.012107560551669394e-01 9.736464260856791952e-02 1.971772858966929221e-01 2.049034191719911746e-01 3.236916272384959825e-01 2.945635727029127793e-01
1.637544513533960577e+00 3.843170255656242063e+01 5.740292125977219939e-02 5.849793240759737500e-02 1.187823124835176714e-01 1.233534248693075597e-01 1.597642417229820921e-01 1.794832207058618678e-01
1.646770116427109798e+00 3.769655106756978569e+01 5.236504266596853086e-02 4.747695273056251608e-02 9.651340461672930360e-02 1.049551441309475308e-01 1.237106738256130711e-01 1.476790575447282095e-01
1.655995719320258575e+00 3.657520921643907741e+01 5.079988187530659616e-02 4.902139655761317272e-02 9.772842083230415255e-02 1.083378404080121982e-01 1.358407844632623096e-01 1.481967585930235032e-01
1.665221322213407795e+00 3.538958150742733011e+01 5.216462175976488425e-02 5.279035120948094573e-02 1.011061212590433911e-01 1.070146269179872434e-01 1.414713893321177807e-01 1.514009273449588022e-01
1.674446925106557016e+00 3.425469510916337157e+01 5.098413690737402248e-02 5.275609572187534013e-02 1.024550145783749144e-01 1.041016416292848135e-01 1.445186690012505437e-01 1.536885828574341417e-01
1.683672527999706015e+00 3.320553001258942771e+01 5.029498143705524171e-02 5.247323539446568930e-02 1.021425997141989228e-01 1.031072449024037496e-01 1.448151981887519923e-01 1.519443361466201736e-01
1.692898130892855235e+00 3.224675081630586249e+01 4.948689531855876567e-02 5.251959231697611585e-02 1.011020040273109544e-01 1.025077004081609289e-01 1.427656500349741009e-01 1.509022817923550974e-01
1.702123733786004012e+00 3.137219194690028701e+01 4.889048244861271542e-02 5.239082374151138310e-02 9.905324964997674897e-02 1.002678342982079585e-01 1.394128893435926386e-01 1.478031866381144255e-01
1.711349336679153232e+00 3.057252565659757693e+01 4.667929447892404937e-02 4.997007771277495181e-02 9.712379195317311087e-02 9.561205150956908483e-02 1.353905848089986819e-01 1.436726953975444587e-01
1.720574939572302453e+00 2.983822459265816818e+01 4.493472137969334312e-02 4.752636590042058629e-02 9.273078378583576864e-02 9.404877027409597190e-02 1.308656269347387990e-01 1.390861743743627699e-01
1.729800542465451230e+00 2.916061937867298681e+01 4.335260511572869291e-02 4.517245052861085242e-02 8.852104320525810977e-02 9.156087255451694773e-02 1.267082643450088142e-01 1.343681328639476646e-01
1.739026145358600450e+00 2.853218463343896261e+01 4.189817803888473691e-02 4.375994733420185412e-02 8.496073617203236950e-02 8.782359353279645120e-02 1.224060244612665826e-01 1.297004305678619573e-01
1.748251748251749449e+00 2.794652257107466653e+01 4.076243229586751227e-02 4.229757349951412948e-02 8.193150307545948863e-02 8.428930567693981857e-02 1.182463446364714343e-01 1.251824559137233450e-01
1.757477351144898670e+00 2.739824034804516018e+01 3.944149095040927477e-02 4.055178226006361797e-02 7.904675161342922252e-02 8.126471665098833341e-02 1.142687171448564243e-01 1.208653669131862785e-01
1.766702954038047890e+00 2.688280229383565967e+01 3.768394372580985419e-02 3.903602779913484255e-02 7.561508909529734979e-02 7.840554277922606730e-02 1.104911516501623225e-01 1.167719692618653937e-01
1.775928556931196667e+00 2.639638893971778799e+01 3.610508924732158675e-02 3.818881953234765092e-02 7.271244675876431529e-02 7.571560502940144488e-02 1.069186292053778686e-01 1.129084523354215719e-01
1.785154159824345887e+00 2.593577368049575327e+01 3.490730913334871843e-02 3.712906554798678371e-02 7.013525590738112214e-02 7.319171413951153227e-02 1.035483600518318781e-01 1.092714104055509949e-01
1.794379762717494886e+00 2.549821908113598923e+01 3.373767996429322125e-02 3.592022933208482982e-02 6.741235327578820602e-02 7.082605689148735451e-02 1.005585309640082414e-01 1.058520819883241870e-01
1.803605365610643885e+00 2.508139139491941805e+01 3.243338774867865482e-02 3.464356234823284808e-02 6.541989923162461196e-02 6.860923564282472853e-02 9.778706261024794344e-02 1.026389210587552725e-01
1.812830968503793105e+00 2.468329075446646925e+01 3.175217962856180520e-02 3.411850885511924503e-02 6.360264788983016615e-02 6.648614415386688847e-02 9.516535709027351686e-02 9.961915442317703651e-02
1.822056571396942104e+00 2.430219437482874412e+01 3.117667564370307787e-02 3.328271039060837211e-02 6.188564564024900960e-02 6.459566718641340799e-02 9.268706739766230385e-02 9.677971633625048753e-02
1.831282174290091325e+00 2.393661036273056553e+01 3.057043803716297248e-02 3.210182746805045895e-02 6.000617747698910875e-02 6.285466128023031729e-02 9.034487317435591081e-02 9.410779770688648682e-02
1.840507777183240323e+00 2.358524009180139203e+01 2.991384920893835897e-02 3.096161406629249768e-02 5.847005011792560936e-02 6.110320891701803703e-02 8.813104125899684504e-02 9.159115583242893877e-02
