9.225602893149067790e-04 1.454185053108658513e-03 4.841020560475656036e-05 4.789568392551133216e-05 9.832642183532744502e-05 8.767400609005970499e-05 1.360740037742349650e-04 1.251767069537208874e-04
1.014816318246397446e-02 1.483785754065097525e-03 4.946197398923908063e-05 4.877962372958587201e-05 1.002566299961940577e-04 8.957556511246436010e-05 1.388099241304060344e-04 1.278823157096519499e-04
1.937376607561304073e-02 1.515241308735018090e-03 5.057854815631538520e-05 4.976066008629100382e-05 1.023083236011993954e-04 9.159767057116360335e-05 1.417143429580324486e-04 1.307557351253555312e-04
2.859936896876210874e-02 1.548754361276621526e-03 5.173669839806890360e-05 5.081109834878918055e-05 1.044949177161065643e-04 9.375337336365988962e-05 1.448055550066910165e-04 1.338149479821223835e-04
3.782497186191117328e-02 1.584489822180232006e-03 5.294340006695283027e-05 5.189392887235133589e-05 1.068271381871946368e-04 9.605355622732941051e-05 1.480985097418250750e-04 1.370750706662551398e-04
4.705057475506025516e-02 1.622638232625794961e-03 5.401889465587051548e-05 5.311985877949469172e-05 1.093174029706224168e-04 9.851076718272902370e-05 1.516104741016964259e-04 1.405535118597610322e-04
5.627617764820931623e-02 1.663361857343246229e-03 5.536209378647727157e-05 5.444136924355924730e-05 1.119760643976382228e-04 1.011359454234645860e-04 1.553562029829047304e-04 1.442656278764324618e-04
6.550178054135838424e-02 1.707070827213798964e-03 5.687348964210337497e-05 5.583919981046159796e-05 1.148305499601245429e-04 1.039513563448951280e-04 1.593726456806858569e-04 1.482471826270174639e-04
7.472738343450743836e-02 1.753803236601090242e-03 5.846943381723778733e-05 5.733410366998235169e-05 1.178823690208591519e-04 1.069596724396692719e-04 1.636635033344711974e-04 1.525040254042654177e-04
8.395298632765652025e-02 1.804037390849921743e-03 6.023021236236780068e-05 5.894185618611578331e-05 1.211633864470808026e-04 1.099537831103967155e-04 1.682718827104372986e-04 1.570781654312138152e-04
9.317858922080557438e-02 1.858054875936497640e-03 6.212002005069844172e-05 6.067128244474336365e-05 1.246916549541949529e-04 1.131129732407452210e-04 1.732233328787162550e-04 1.619960538576654778e-04
1.024041921139546424e-01 1.916285700799848050e-03 6.415339164178319314e-05 6.253625954269633434e-05 1.284953117165984517e-04 1.165200766341148008e-04 1.785567246155249886e-04 1.672967210188240107e-04
1.116297950071036965e-01 1.979267809044049035e-03 6.634834742231133370e-05 6.454450578217193341e-05 1.326096690326839661e-04 1.202070545969482693e-04 1.843205951103858535e-04 1.730286446122019251e-04
1.208553979002527506e-01 2.047532998720710210e-03 6.884176653198636336e-05 6.671845640517050022e-05 1.370693795309258639e-04 1.242910767548313384e-04 1.905630195988025459e-04 1.792404666128371259e-04
1.300810007934018186e-01 2.121607870374916851e-03 7.155224499664656831e-05 6.907821206685862622e-05 1.419084018593813265e-04 1.290343640107469853e-04 1.973316811512207392e-04 1.859812300411853130e-04
1.393066036865509005e-01 2.202438795262427230e-03 7.445512104879573392e-05 7.165454723885838345e-05 1.471892456202739466e-04 1.342148526900259140e-04 2.047117754350891855e-04 1.933353167077097451e-04
1.485322065796999824e-01 2.290864399641287172e-03 7.757795219742865886e-05 7.447715961223649872e-05 1.529665402958519348e-04 1.398874451204960151e-04 2.127789863573372256e-04 2.013794651011548663e-04
1.577578094728490643e-01 2.387463599580065109e-03 8.090490555245129917e-05 7.758977065187248195e-05 1.592764948561012708e-04 1.460920678748203576e-04 2.215859957480346455e-04 2.101704874530713717e-04
1.669834123659981462e-01 2.493992530264322466e-03 8.466955527679969132e-05 8.114263003643684344e-05 1.662356861963552000e-04 1.529407813210311579e-04 2.312904479412208891e-04 2.198634670134897752e-04
1.762090152591472003e-01 2.611539470806871314e-03 8.885890248578253922e-05 8.515254488930404722e-05 1.739692614538324890e-04 1.605066215681172186e-04 2.420960174793229149e-04 2.305606889849774570e-04
1.854346181522962822e-01 2.741890952756553205e-03 9.346694427300262023e-05 8.940683338393628707e-05 1.829018783621808031e-04 1.689061872118874028e-04 2.541440118156131425e-04 2.424243231498230712e-04
1.946602210454453641e-01 2.887005428777299470e-03 9.858413442846323746e-05 9.404632508658652967e-05 1.928468442087077038e-04 1.782684619768691754e-04 2.675540199140167587e-04 2.556337624221140595e-04
2.038858239385944460e-01 3.049218807128260735e-03 1.044756042491040184e-04 9.922515931804192640e-05 2.039650897869907387e-04 1.887378963506942085e-04 2.825416772925435326e-04 2.704033138177042508e-04
2.131114268317435001e-01 3.231546593591688461e-03 1.110185523034105254e-04 1.050374321074198231e-04 2.164631893935647054e-04 2.005205595913281749e-04 2.993849225425226045e-04 2.870080118201065802e-04
2.223370297248925820e-01 3.437468878247317700e-03 1.179824878661194475e-04 1.115922636554596455e-04 2.305810058954352836e-04 2.138468509600898945e-04 3.184050810354868179e-04 3.057673926966692109e-04
2.315626326180416361e-01 3.671437202815579486e-03 1.260510574062441089e-04 1.190283066950549584e-04 2.462870681911246036e-04 2.290109518529124394e-04 3.400125377366592337e-04 3.270887656220931861e-04
2.407882355111907180e-01 3.938919240520699638e-03 1.346383911253858437e-04 1.275290354697893556e-04 2.645764421840635441e-04 2.463750110241590824e-04 3.647118430820392790e-04 3.512772797791708507e-04
2.500138384043397721e-01 4.246819630067383451e-03 1.444784464750877712e-04 1.375341399829860603e-04 2.857486769702582280e-04 2.663261723363768291e-04 3.931398524676882680e-04 3.788236382498122966e-04
2.592394412974888818e-01 4.603890679112937999e-03 1.564070024705991463e-04 1.490319179039125905e-04 3.103375464433696593e-04 2.888507706373544953e-04 4.261040990955512753e-04 4.107856849315302122e-04
2.684650441906379359e-01 5.021867118315818251e-03 1.705860275744170568e-04 1.624992454120717175e-04 3.391649084785236176e-04 3.152248381963086016e-04 4.646867528256062863e-04 4.482211669827075584e-04
2.776906470837869900e-01 5.515284576285963900e-03 1.872040090443397725e-04 1.783953136065994857e-04 3.732428425832880550e-04 3.463687265989664338e-04 5.102293848736633858e-04 4.924397182226591951e-04
2.869162499769360997e-01 6.104073365950391308e-03 2.064947101926397147e-04 1.973426808676318964e-04 4.137021891072413179e-04 3.835444735030548932e-04 5.645708473018037216e-04 5.452397998423133552e-04
2.961418528700851538e-01 6.815205989308578162e-03 2.295782121553568977e-04 2.203595290716751920e-04 4.625788698279630767e-04 4.284603805885436184e-04 6.301998310905970735e-04 6.090581933517339244e-04
3.053674557632342079e-01 7.685680453377339433e-03 2.577448322207964715e-04 2.491052188836476514e-04 5.224191241356215820e-04 4.834312231484696326e-04 7.105311230723668908e-04 6.872400394449217076e-04
3.145930586563833176e-01 8.768071170622337984e-03 2.926480963452507411e-04 2.841670678368681674e-04 5.968379275144413548e-04 5.517993558960126999e-04 8.104171448145031792e-04 7.845465416083871601e-04
3.238186615495323717e-01 1.013836778817344027e-02 3.375353530778810868e-04 3.274347288210726487e-04 6.910582433064995506e-04 6.383679385183541055e-04 9.368726019644297437e-04 9.078708460817166981e-04
3.330442644426814813e-01 1.191020811734664307e-02 3.937536516747958820e-04 3.843210071088568741e-04 8.128840475446954400e-04 7.503438407801873294e-04 1.100389612063970915e-03 1.067540656032830992e-03
3.422698673358305355e-01 1.425798633687538376e-02 4.680855451906357212e-04 4.599972988493968018e-04 9.742837548500499212e-04 8.987705401122675353e-04 1.317073534055591619e-03 1.279444200808809926e-03
3.514954702289795896e-01 1.746297920891862546e-02 5.722778828938616946e-04 5.617877419957229002e-04 1.194527295776195985e-03 1.101459603690447403e-03 1.612902871226895574e-03 1.569288197916851590e-03
3.607210731221286992e-01 2.199820579552472233e-02 7.205905500627003690e-04 7.086449803079021559e-04 1.507201660658607362e-03 1.388357447674765099e-03 2.031569246539102064e-03 1.980478366967065168e-03
3.699466760152777534e-01 2.869851817554540385e-02 9.393406141840893175e-04 9.285176742540486583e-04 1.979566468928901229e-03 1.812281343515947246e-03 2.650184121890268585e-03 2.590040403933482199e-03
3.791722789084268630e-01 3.913315722580162220e-02 1.272657265282070571e-03 1.273540856977971314e-03 2.718317995660586572e-03 2.472351819693893726e-03 3.613616681246205331e-03 3.543872363925136548e-03
3.883978818015759171e-01 5.642923428829084431e-02 1.819102121882215650e-03 1.834764392578930314e-03 3.926184522921725983e-03 3.565382462065662394e-03 5.210086894314548689e-03 5.136047973405201417e-03
3.976234846947249713e-01 8.701576054932141924e-02 2.799125673468197406e-03 2.848704418380171299e-03 6.014078928301455629e-03 5.492470508986824207e-03 8.029241694972225063e-03 7.982249930939142035e-03
4.068490875878740809e-01 1.424624580635679150e-01 4.513061980545046703e-03 4.721540194174783656e-03 9.780549791613968313e-03 8.956204001803164116e-03 1.311345775179331707e-02 1.313809160640158624e-02
4.160746904810231350e-01 2.240355211533587299e-01 7.081639667691291828e-03 7.396226207899397886e-03 1.556359044220989585e-02 1.436705615464478614e-02 2.080187358181634361e-02 2.062133687725997699e-02
4.253002933741722447e-01 2.503862337628984802e-01 7.816555254583246182e-03 8.271159497492797108e-03 1.717042182607048106e-02 1.589965974792667547e-02 2.362260296234997003e-02 2.292334847232380124e-02
4.345258962673212988e-01 1.727872959732901503e-01 5.539351316369872658e-03 5.826204960682368483e-03 1.199142100641739650e-02 1.084421292545476034e-02 1.626438758581125188e-02 1.579803989286845955e-02
4.437514991604703529e-01 9.970425055728505959e-02 3.191601222806303428e-03 3.362540186923473895e-03 6.926094268998733705e-03 6.273193805221483066e-03 9.305985953511813902e-03 9.024613616329918431e-03
4.529771020536194626e-01 5.911609845542893649e-02 1.885829107747503952e-03 1.993137813272864711e-03 4.096069458200055080e-03 3.740304698143105677e-03 5.485628221673644056e-03 5.316664438609022825e-03
4.622027049467684612e-01 3.752567033321433515e-02 1.205315963137637558e-03 1.258131366669031082e-03 2.599526381193456581e-03 2.384509666233644576e-03 3.471172924754413469e-03 3.366730668876792565e-03
4.714283078399175708e-01 2.535554623637435723e-02 8.165442777012775488e-04 8.448455796131147666e-04 1.758079325153417277e-03 1.611418637428769368e-03 2.341857509526795028e-03 2.273303267864165700e-03
4.806539107330666249e-01 1.801506961340340607e-02 5.814286136190081888e-04 6.032185179317139934e-04 1.248752672993069801e-03 1.145500456540909928e-03 1.662979328781143129e-03 1.615393424294564451e-03
4.898795136262157346e-01 1.331842971633573174e-02 4.288032116430660901e-04 4.479757886216555879e-04 9.236093962524168782e-04 8.474519814436476395e-04 1.229494999946024666e-03 1.194907176021180531e-03
4.991051165193647332e-01 1.016199440766932596e-02 3.250340754690425604e-04 3.412561106882899820e-04 7.043873712049286695e-04 6.471239952357144692e-04 9.385230257182384378e-04 9.124311427917159573e-04
5.083307194125139539e-01 7.954360547028582751e-03 2.540513569064609123e-04 2.648899784917198644e-04 5.509519447326229058e-04 5.069822692106689538e-04 7.351512274965856658e-04 7.148752012755641566e-04
5.175563223056629525e-01 6.358507422720849865e-03 2.037636094023151032e-04 2.112218188923464454e-04 4.399649363097252186e-04 4.056482980098301272e-04 5.881810905953221633e-04 5.720430862000613556e-04
5.267819251988120621e-01 5.172682073062620685e-03 1.661033137914475974e-04 1.717274794328744678e-04 3.576899884406327390e-04 3.303269430438363075e-04 4.789752677246128520e-04 4.658784859942824430e-04
5.360075280919610607e-01 4.270817807391225594e-03 1.368778459677486362e-04 1.417078821960345708e-04 2.956065015836707721e-04 2.730021643112499896e-04 3.959061616475283846e-04 3.851065764430170943e-04
5.452331309851101704e-01 3.571157683705865511e-03 1.139123759140575620e-04 1.179234750924070679e-04 2.474325627736450803e-04 2.284952798799894103e-04 3.314409790705166205e-04 3.224171309183340890e-04
5.544587338782591690e-01 3.019253924733397015e-03 9.597703603987824128e-05 9.896717762250496417e-05 2.094043801625193602e-04 1.933796119386885573e-04 2.805662198689948608e-04 2.729442614668657445e-04
5.636843367714083897e-01 2.577349671176895358e-03 8.183824191344054449e-05 8.433253428995375611e-05 1.793339199503379659e-04 1.650258627517143216e-04 2.398086626197249230e-04 2.333123648894938965e-04
5.729099396645573883e-01 2.218825563531941821e-03 7.069071152509924516e-05 7.281149022642660965e-05 1.549627347136274189e-04 1.413402586871548121e-04 2.067209006998567931e-04 2.011417451471112817e-04
5.821355425577064979e-01 1.924952562687843108e-03 6.142871401699969564e-05 6.332572459934052503e-05 1.349540865777797312e-04 1.223342345772595111e-04 1.795788285459663271e-04 1.747591064119229185e-04
5.913611454508554965e-01 1.681203970446030213e-03 5.381402475663501182e-05 5.515992071344530921e-05 1.183282474313484232e-04 1.069370042179149539e-04 1.570499997538600274e-04 1.528639054654587319e-04
6.005867483440046062e-01 1.477494816500673483e-03 4.733295945131762994e-05 4.833080623782830959e-05 1.044092913071827718e-04 9.406160011572956350e-05 1.382054847394176278e-04 1.345555891887066820e-04
6.098123512371537158e-01 1.305649688247349175e-03 4.176228151348557530e-05 4.264368387516047181e-05 9.264549889506016982e-05 8.319024615714601216e-05 1.222949211130183299e-04 1.191016130520508934e-04
6.190379541303028255e-01 1.159765109949815413e-03 3.719363126104455707e-05 3.781505378231114073e-05 8.260695573564865064e-05 7.395266583524215225e-05 1.087749931411772196e-04 1.059747738896862738e-04
6.282635570234518241e-01 1.035124133560435828e-03 3.333466522280922710e-05 3.368154226398136289e-05 7.361517677249873083e-05 6.605601969703425204e-05 9.721199036440380907e-05 9.475293504505660422e-05
6.374891599166009337e-01 9.278471875554841460e-04 2.996108078281674910e-05 3.014415105702915060e-05 6.586438029452113940e-05 5.925597259933941888e-05 8.724996963645561838e-05 8.508815574688292915e-05
6.467147628097499323e-01 8.351248329835611649e-04 2.687821870450549707e-05 2.708338662056782031e-05 5.918098436577263598e-05 5.330697358690351419e-05 7.862998368784470359e-05 7.672950949730479586e-05
6.559403657028991530e-01 7.545478647879308789e-04 2.426941098775635408e-05 2.447062742199702153e-05 5.349425323437808754e-05 4.826941468270623189e-05 7.113052386760433058e-05 6.946095788640986937e-05
6.651659685960481516e-01 6.841288302854639644e-04 2.200799864021977473e-05 2.219294522417495242e-05 4.833434019640048436e-05 4.380893975706318111e-05 6.456912825737466232e-05 6.310420029060151165e-05
6.743915714891972613e-01 6.224260446841373921e-04 2.002548550587000299e-05 2.032013125992902791e-05 4.381752461462260807e-05 3.989833227635531873e-05 5.881265021511492344e-05 5.753062732640119338e-05
6.836171743823462599e-01 5.681126762887702764e-04 1.821649297638252424e-05 1.866987942708846389e-05 3.988049812051700643e-05 3.645416793451644513e-05 5.373897765829709853e-05 5.262090437063704756e-05
6.928427772754953695e-01 5.201423691661420136e-04 1.666098484170996669e-05 1.716334224487886528e-05 3.641917777223084660e-05 3.341051017927382065e-05 4.925193126952096424e-05 4.828151080952381010e-05
7.020683801686443681e-01 4.776028506376126339e-04 1.529671632388669234e-05 1.580928526040105897e-05 3.335060028967579355e-05 3.070994139767153431e-05 4.526750118879753438e-05 4.443037534581772020e-05
7.112939830617935888e-01 4.397998370179130373e-04 1.407285378154330422e-05 1.456256807723160449e-05 3.062158790122205231e-05 2.830703993957447333e-05 4.172152351264413975e-05 4.100536890457213719e-05
7.205195859549425874e-01 4.061295762312160367e-04 1.307437468067495839e-05 1.346232408998748655e-05 2.818954834461534411e-05 2.616514002597711882e-05 3.855835482106115611e-05 3.795251433257924465e-05
7.297451888480916971e-01 3.758819481182434767e-04 1.209267929592154752e-05 1.247768195263243519e-05 2.602521661864879527e-05 2.423875044780393617e-05 3.571299946113481181e-05 3.520670854367216780e-05
7.389707917412406957e-01 3.489045825914893523e-04 1.123146672769913344e-05 1.162424837375017860e-05 2.411009930985746810e-05 2.251773260086690782e-05 3.317060748842876527e-05 3.275615667548697910e-05
7.481963946343899163e-01 3.246258111854020425e-04 1.044632592040394773e-05 1.084650527705626312e-05 2.235331840346382664e-05 2.096824048954028935e-05 3.087892720221889140e-05 3.054846674568526639e-05
7.574219975275389150e-01 3.027767376914042080e-04 9.733674916201644385e-06 1.011887380761511889e-05 2.078979861152229717e-05 1.957323417318333715e-05 2.881295142722039562e-05 2.855979828898254748e-05
7.666476004206880246e-01 2.830394010651315299e-04 9.062117578991684200e-06 9.446821800707919017e-06 1.941824767783684050e-05 1.831255158821475668e-05 2.694338173248891043e-05 2.676137635804822510e-05
7.758732033138370232e-01 2.652260389165238372e-04 8.516146426418866409e-06 8.853990662013541159e-06 1.814408132635498714e-05 1.717434305900753400e-05 2.525900034118771370e-05 2.513660097416131611e-05
7.850988062069861328e-01 2.491064414684988253e-04 8.012622787909842899e-06 8.339050936200057560e-06 1.701925417478067706e-05 1.614398431350912958e-05 2.375082598753488778e-05 2.366466015340989233e-05
7.943244091001351315e-01 2.344755130825918691e-04 7.527116774155948476e-06 7.763720577092013495e-06 1.601361258126397791e-05 1.520843059941968077e-05 2.237946415540882075e-05 2.232702394366851821e-05
8.035500119932843521e-01 2.212005703176948813e-04 7.106919566776616261e-06 7.321412891925991847e-06 1.510740131832814088e-05 1.430132321379433565e-05 2.113299564214128341e-05 2.109172478690764740e-05
8.127756148864333507e-01 2.091321317830507833e-04 6.724958950332822483e-06 6.926558820558384455e-06 1.428135790335608888e-05 1.344390122695775301e-05 1.999764866044017220e-05 1.990176815411769107e-05
8.220012177795824604e-01 1.981816857982803795e-04 6.375295411718774532e-06 6.596566979621038039e-06 1.351582259078760876e-05 1.266699018208101296e-05 1.896539677277210047e-05 1.881810323585680206e-05
8.312268206727314590e-01 1.881902233419143248e-04 6.110630480704869498e-06 6.291862133448383266e-06 1.281628814548974862e-05 1.195947768179445449e-05 1.802149189388208093e-05 1.782607031433405538e-05
8.404524235658805686e-01 1.790655795372290591e-04 5.818972531447942458e-06 5.994642194448332548e-06 1.217646241138237813e-05 1.131462309838973234e-05 1.715744996623924830e-05 1.691695239492701391e-05
8.496780264590296783e-01 1.707524826129711601e-04 5.595229929202715164e-06 5.727050883290278616e-06 1.160621695598385559e-05 1.072815262504107393e-05 1.636830422806350729e-05 1.608520352086830938e-05
8.589036293521787879e-01 1.631628147726744396e-04 5.299817480060265915e-06 5.481015993547954518e-06 1.111121018911370912e-05 1.028118547957471130e-05 1.564594099581095204e-05 1.532270733436700877e-05
8.681292322453277865e-01 1.562444797156849988e-04 5.027740648807371704e-06 5.248767153032357722e-06 1.068184184176165330e-05 9.815565525875328797e-06 1.498561357578232466e-05 1.462441756378438595e-05
8.773548351384768962e-01 1.499023759070311046e-04 4.781420761955693620e-06 5.028079982381930329e-06 1.027404228441157149e-05 9.377411991984231296e-06 1.437839316128497187e-05 1.398148631309771594e-05
8.865804380316258948e-01 1.441237304763201001e-04 4.614301182811472246e-06 4.824113095309789457e-06 9.850718859902264039e-06 8.987223201642729337e-06 1.382332481132263376e-05 1.339249742287381556e-05
8.958060409247751155e-01 1.388579162321277271e-04 4.461092614698716676e-06 4.652938432583224142e-06 9.467070874234469278e-06 8.676811559923507935e-06 1.331571147170608417e-05 1.285265745412791450e-05
9.050316438179241141e-01 1.340223680734139230e-04 4.344661344902030426e-06 4.507035587909520927e-06 9.118020928090006874e-06 8.368824600592884638e-06 1.284775334336359640e-05 1.235431701958573730e-05
9.142572467110732237e-01 1.296113199303796227e-04 4.198126098038738310e-06 4.385902154602032681e-06 8.802382991841692849e-06 8.046079761660408390e-06 1.241902073834615745e-05 1.189671214111193186e-05
9.234828496042222223e-01 1.255906625552533594e-04 4.077709490781292450e-06 4.261792553255397365e-06 8.521975418332580158e-06 7.814833574006590068e-06 1.202643561706775045e-05 1.147666001165509406e-05
9.327084524973712210e-01 1.219312263084372766e-04 3.949017694388379674e-06 4.134494281539375206e-06 8.264824980680680368e-06 7.620278247419339001e-06 1.166729308657335723e-05 1.109133616543068980e-05
9.419340553905202196e-01 1.185909471604469851e-04 3.824674674220417689e-06 4.018942238115494510e-06 8.028124101302027728e-06 7.443733897052277199e-06 1.133759955825947496e-05 1.073678814048401498e-05
9.511596582836694402e-01 1.155710498232223523e-04 3.705080057798328000e-06 3.908452415772641227e-06 7.812105429538023708e-06 7.283148558167006894e-06 1.103765716221342312e-05 1.041300471932331750e-05
9.603852611768185499e-01 1.128117968496170672e-04 3.596953735515880362e-06 3.813856310268528226e-06 7.612656403325080562e-06 7.113818154426786839e-06 1.076165216541572021e-05 1.011441925807907843e-05
9.696108640699675485e-01 1.103366966862859001e-04 3.498945876121364201e-06 3.732812162331105113e-06 7.431582317515337643e-06 6.955927704663974185e-06 1.051211485768538487e-05 9.843128926824749143e-06
9.788364669631165471e-01 1.080770783151349646e-04 3.443924789094072536e-06 3.660497679021355063e-06 7.264091555316391801e-06 6.793634793577987287e-06 1.028221731465477713e-05 9.592701474072973288e-06
9.880620698562656568e-01 1.061328231819909081e-04 3.394988761077491544e-06 3.592487012335992365e-06 7.117528246998531790e-06 6.652924088759116432e-06 1.008210468366056007e-05 9.372276956494377431e-06
9.972876727494148774e-01 1.042520887446859746e-04 3.336316254301822850e-06 3.521834563111227298e-06 6.973620954763983079e-06 6.518257790182735824e-06 9.886774937984462320e-06 9.158585147431373003e-06
1.006513275642563876e+00 1.026422538718853035e-04 3.269787736959130133e-06 3.470471861994700808e-06 6.847596369814111473e-06 6.402159131178609139e-06 9.716919146984245382e-06 8.970600651268717030e-06
1.015738878535712875e+00 1.012233054747121248e-04 3.214351481992829928e-06 3.431850950044913360e-06 6.733755956102096814e-06 6.299654059596212423e-06 9.564718832117939814e-06 8.801088350279430016e-06
1.024964481428862095e+00 9.998350939366537279e-05 3.167037601887456584e-06 3.398584629227092914e-06 6.631245993982668764e-06 6.212438781151889081e-06 9.429008168126135742e-06 8.648728599515670239e-06
1.034190084322011094e+00 9.890208380637161489e-05 3.157938381077415499e-06 3.360204929857204138e-06 6.538607840712927326e-06 6.141659390903432070e-06 9.307736977703944979e-06 8.511564184341755403e-06
1.043415687215160093e+00 9.798857181848275272e-05 3.146541568612221313e-06 3.295132437649918897e-06 6.456611188778766828e-06 6.080470002060460238e-06 9.201973302634731846e-06 8.390487190849843274e-06
1.052641290108309091e+00 9.721973306375148469e-05 3.130760498176848850e-06 3.255126580481402534e-06 6.383561714803342980e-06 6.027394796113229097e-06 9.109360443889223820e-06 8.283238718894195534e-06
1.061866893001458312e+00 9.659806354680708417e-05 3.104219222276117835e-06 3.250666582334114018e-06 6.334791274244908781e-06 6.005538548421509855e-06 9.030186452093686865e-06 8.190008332667605626e-06
1.071092495894607532e+00 9.611261304939044459e-05 3.063713527211986551e-06 3.248912250462961636e-06 6.310860214133145844e-06 5.991459266121109176e-06 8.963418431041797756e-06 8.136509784582079204e-06
1.080318098787756531e+00 9.576501638323515694e-05 3.039111715852222382e-06 3.249083892146792038e-06 6.262577871228152413e-06 5.984021475201068557e-06 8.909161242519965558e-06 8.123457218083275882e-06
1.089543701680905530e+00 9.554331996959377900e-05 3.023224506847941684e-06 3.259347404407626856e-06 6.263581832449845437e-06 5.983506998789129509e-06 8.866297357019249431e-06 8.119440098526464126e-06
1.098769304574054528e+00 9.544739000893890431e-05 3.041822805591076393e-06 3.262332996859020084e-06 6.277427390334217885e-06 5.974543281667246729e-06 8.834747585177360669e-06 8.124523777923220230e-06
1.107994907467203749e+00 9.548650672895088714e-05 3.035198050656089368e-06 3.250866448626562048e-06 6.299618004858823948e-06 5.997881493951281832e-06 8.815480061897450160e-06 8.139488860923690689e-06
1.117220510360352748e+00 9.563903685905677859e-05 3.029801658626824780e-06 3.276074933969416801e-06 6.328761728861557394e-06 6.020090899534196881e-06 8.806208002195135723e-06 8.162529712932257574e-06
1.126446113253501746e+00 9.591091591606759397e-05 3.031453673803418043e-06 3.303338765460648815e-06 6.364287133901936786e-06 6.029931362788398482e-06 8.807534297270569598e-06 8.194141312749069319e-06
1.135671716146650967e+00 9.630736926700152309e-05 3.057647492688231284e-06 3.320104452771873425e-06 6.407628143116807099e-06 6.030555453493240407e-06 8.819977256642686165e-06 8.234704188548566976e-06
1.144897319039799966e+00 9.682745692507588688e-05 3.087850779072347598e-06 3.334189254070022063e-06 6.458774109195010590e-06 6.039871178697866876e-06 8.843369134326712418e-06 8.284134473785111476e-06
1.154122921932948964e+00 9.747137669806248887e-05 3.137365547599142278e-06 3.351632706142607392e-06 6.512212286118786186e-06 6.057833045279743811e-06 8.877624268923857008e-06 8.342434917539694964e-06
1.163348524826097963e+00 9.824011809442617323e-05 3.153746347507845873e-06 3.387200570477720335e-06 6.546521642702315112e-06 6.084517212232818132e-06 8.922850531483953926e-06 8.409566573946159200e-06
1.172574127719247183e+00 9.913794012838999582e-05 3.209397851201936961e-06 3.416479268405976958e-06 6.609938730202814111e-06 6.135205115698671909e-06 8.979272198196772419e-06 8.485911695247993570e-06
1.181799730612396404e+00 1.001728412084280993e-04 3.228212529912956557e-06 3.444735247587398593e-06 6.641424820674914466e-06 6.208150645619695787e-06 9.047648426534020925e-06 8.572028346781355242e-06
1.191025333505545403e+00 1.013402096241082620e-04 3.277955098482049161e-06 3.476243002479390779e-06 6.703691393777211479e-06 6.290572504178107058e-06 9.127527608535334616e-06 8.667297214635149628e-06
1.200250936398694401e+00 1.026584294279085890e-04 3.334684535931958945e-06 3.514321629443110852e-06 6.776026370288362787e-06 6.382905543246650704e-06 9.220165553377210159e-06 8.773518196670339634e-06
1.209476539291843622e+00 1.041350849043323762e-04 3.397570948573949896e-06 3.566343761970033866e-06 6.859481631676337277e-06 6.485529462300977416e-06 9.326687225339635361e-06 8.890833602350278818e-06
1.218702142184992621e+00 1.057746716001342098e-04 3.441293213755368982e-06 3.617233888097897494e-06 6.953974102922983965e-06 6.541837021818139091e-06 9.447051206710630963e-06 9.019642561228105680e-06
1.227927745078141619e+00 1.075914327427104743e-04 3.515823328104325019e-06 3.666075036437717836e-06 7.060535499180158525e-06 6.607758695093362785e-06 9.582595106397880373e-06 9.160893399064011251e-06
1.237153347971290618e+00 1.095933336278710768e-04 3.577945975767184519e-06 3.732485597658340691e-06 7.193845699542456332e-06 6.732319494779146320e-06 9.753592291491378400e-06 9.315101332789207001e-06
1.246378950864439838e+00 1.118134272072324751e-04 3.645665003422510079e-06 3.821574891223523149e-06 7.379058631297555652e-06 6.857957388000548277e-06 9.963150147978481726e-06 9.484909484067354912e-06
1.255604553757589059e+00 1.142404682133011827e-04 3.711307062715673319e-06 3.921832749338485780e-06 7.580062981547771054e-06 6.961530266939668348e-06 1.019097575805051267e-05 9.668668898872492118e-06
1.264830156650738058e+00 1.169305322144191897e-04 3.800362707178647293e-06 4.021466336425795225e-06 7.759428228380305190e-06 7.113368123748509500e-06 1.044227858468564033e-05 9.871246219963513194e-06
1.274055759543887056e+00 1.198856075634841775e-04 3.868239454366881997e-06 4.147733049413623169e-06 7.932643790330241103e-06 7.313347260283763500e-06 1.071701948605252770e-05 1.009203833778276151e-05
1.283281362437036055e+00 1.231504207881186893e-04 3.965586740102013640e-06 4.286517021573929380e-06 8.177158220873468730e-06 7.536905735669398223e-06 1.101934187552978191e-05 1.033458044039583406e-05
1.292506965330185276e+00 1.267557136253351098e-04 4.053264995046912053e-06 4.440429050287544822e-06 8.446195581125385101e-06 7.714125978338561159e-06 1.135482757256910764e-05 1.060081589668185418e-05
1.301732568223334052e+00 1.307585861669882362e-04 4.146341690276994854e-06 4.582820966646407703e-06 8.744509633600955041e-06 7.926521506727428638e-06 1.179034536707016857e-05 1.089488783925664347e-05
1.310958171116483273e+00 1.351882324942201724e-04 4.245826997406642375e-06 4.711848018900966764e-06 9.075069116637072891e-06 8.223386877790510915e-06 1.226987884184836263e-05 1.124961432065360546e-05
1.320183774009632494e+00 1.401197592466382888e-04 4.399041644928943168e-06 4.858748917935208286e-06 9.443263482183266756e-06 8.509245100511659892e-06 1.280067895307891159e-05 1.168350611917544921e-05
1.329409376902781492e+00 1.456328802948345081e-04 4.573359391392688589e-06 5.020994326089268630e-06 9.805144626746659792e-06 8.852036910972951563e-06 1.339004666712324213e-05 1.216606783427891638e-05
1.338634979795930713e+00 1.518059963945443203e-04 4.814840213910990836e-06 5.213494299136485705e-06 1.020598694584831764e-05 9.187043699356516697e-06 1.404684520757269349e-05 1.270390320132092099e-05
1.347860582689079489e+00 1.587609068960744638e-04 5.061351955605499636e-06 5.425310970132602318e-06 1.065678135818659512e-05 9.621676343950918975e-06 1.478348314821418272e-05 1.330692883760875318e-05
1.357086185582228710e+00 1.666194523204495535e-04 5.271511898693109288e-06 5.673641776249695266e-06 1.121800390436531575e-05 1.011212259808757998e-05 1.561234991706613308e-05 1.398507351564278779e-05
1.366311788475377931e+00 1.755566274602713469e-04 5.535055892847377942e-06 5.972789389767423031e-06 1.186896568983327686e-05 1.063536459639731241e-05 1.655095702970016706e-05 1.475244109925210548e-05
1.375537391368526707e+00 1.857750073615987464e-04 5.826183146602546912e-06 6.279091400773192727e-06 1.261837752496270076e-05 1.129123101792982677e-05 1.762005274940454599e-05 1.562539125047116267e-05
1.384762994261675928e+00 1.975376054031378209e-04 6.141789231004234116e-06 6.671580119754484629e-06 1.342985093926360170e-05 1.200510860660099839e-05 1.884617797988266501e-05 1.662498570052507686e-05
1.393988597154824927e+00 2.111706641684528191e-04 6.572559019804043558e-06 7.146110802146214908e-06 1.441341320660883434e-05 1.282276694040545032e-05 2.026259536841765576e-05 1.778784399192960531e-05
1.403214200047974147e+00 2.271011730307644463e-04 7.065424326369344147e-06 7.662713456286558049e-06 1.558303825309500352e-05 1.377791454867453012e-05 2.191217931748879843e-05 1.920396502231016211e-05
1.412439802941123368e+00 2.458789989106270591e-04 7.587573434795992413e-06 8.268660966930028826e-06 1.693467512526490798e-05 1.491902981625467355e-05 2.385072845344742140e-05 2.087405642678248044e-05
1.421665405834272145e+00 2.682283947309233160e-04 8.264700970285899628e-06 8.959098503501532109e-06 1.848736948797686380e-05 1.626581416680727673e-05 2.615069712757470046e-05 2.269394799321892628e-05
1.430891008727421365e+00 2.951263091666856265e-04 9.155629151108817931e-06 9.862750403709949574e-06 2.035908092507172397e-05 1.800715085783068190e-05 2.891038859617384073e-05 2.483896083950920194e-05
1.440116611620570364e+00 3.278872569411318502e-04 1.022560246281720110e-05 1.099002709709198710e-05 2.281884769420267165e-05 2.005056860739432272e-05 3.226198027414013550e-05 2.766647210109430405e-05
1.449342214513719362e+00 3.683492987889969822e-04 1.158236343948092868e-05 1.229380887808118657e-05 2.571543863707001889e-05 2.231442654491392220e-05 3.638836597614505085e-05 3.130597964944714781e-05
1.458567817406868583e+00 4.190970745700567292e-04 1.326231286599065208e-05 1.384905701020181217e-05 2.933092427000996618e-05 2.570012825300785168e-05 4.154674479077993766e-05 3.588647825430985429e-05
1.467793420300017582e+00 4.838775686909362094e-04 1.520588941175140228e-05 1.601800237926932942e-05 3.394263944258776866e-05 3.005074772953703153e-05 4.810787224043691981e-05 4.175048534206689515e-05
1.477019023193166802e+00 5.682298784949600017e-04 1.775920092208864952e-05 1.868221211866443864e-05 3.993063935308152363e-05 3.575293955726055808e-05 5.661529242185039165e-05 4.940278740160858155e-05
1.486244626086316023e+00 6.805690911758638514e-04 2.114855730307740617e-05 2.231761065351462164e-05 4.786343424030179653e-05 4.316589512188705093e-05 6.788773010503327057e-05 5.960519601843575904e-05
1.495470228979464800e+00 8.340199265682792136e-04 2.581785117005753246e-05 2.741240791314487283e-05 5.871240452910448521e-05 5.211995502056587792e-05 8.318383601884466686e-05 7.327831212795962636e-05
1.504695831872614020e+00 1.049523620406856437e-03 3.250061176484188644e-05 3.401587744264835712e-05 7.340734223046981727e-05 6.436658946814264627e-05 1.044678763414215363e-04 9.238964233875695837e-05
1.513921434765763019e+00 1.360929823019907305e-03 4.266693571492461215e-05 4.455191622920176217e-05 9.342843446850002294e-05 8.159607682293990548e-05 1.348022947305028627e-04 1.198404307635695266e-04
1.523147037658912017e+00 1.821862136277685798e-03 5.602091412136079619e-05 6.083353164215037946e-05 1.230408133775671639e-04 1.096617433514407783e-04 1.787225182734550506e-04 1.600348127606379591e-04
1.532372640552061016e+00 2.507583707303142999e-03 7.699052346180805875e-05 8.498636181349973617e-05 1.707156059199211109e-04 1.507824643783030848e-04 2.416404991238837140e-04 2.186707053925662086e-04
1.541598243445210237e+00 3.474983185529029271e-03 1.056222953067158070e-04 1.146001526231938891e-04 2.381594029478152456e-04 2.062758271064442199e-04 3.245503800661936333e-04 3.001081356541908905e-04
1.550823846338359457e+00 4.576054536881766013e-03 1.413765721333965636e-04 1.496095594210678295e-04 3.169147229622826592e-04 2.666445204579891148e-04 4.254601560687168785e-04 3.839324529755017493e-04
1.560049449231508456e+00 5.180694998080745232e-03 1.613989053106650723e-04 1.734494367932066378e-04 3.524586371947057914e-04 3.061578878221270575e-04 4.736481459563330818e-04 4.383134814456065426e-04
1.569275052124657455e+00 4.709140168153430096e-03 1.519862460093966694e-04 1.627011188094825561e-04 3.230401856933627289e-04 2.865486331533970837e-04 4.179019118771424082e-04 4.160151502590470063e-04
1.578500655017806453e+00 3.614684132895820169e-03 1.173893777581713933e-04 1.250030295231697661e-04 2.494188235272502482e-04 2.240668182314164113e-04 3.235336065728960583e-04 3.115262672560830531e-04
1.587726257910955674e+00 2.597124536272637976e-03 8.342500388491521160e-05 9.070217123297507830e-05 1.825274241499448037e-04 1.622409984717780411e-04 2.367469788605689081e-04 2.264354725800689187e-04
1.596951860804104451e+00 1.866863257412048347e-03 5.917551029103931132e-05 6.550270884850641941e-05 1.329471128409173957e-04 1.157755868382993446e-04 1.725316687168131167e-04 1.630905304945552518e-04
1.606177463697253671e+00 1.377988547002728398e-03 4.333467906304571890e-05 4.778264435863297660e-05 9.755190263135786986e-05 8.645241246195856794e-05 1.283757919768270181e-04 1.194022612368316524e-04
1.615403066590402892e+00 1.050934784962809709e-03 3.291829585538299727e-05 3.582208136980848459e-05 7.444268673777523770e-05 6.596200791747323933e-05 9.841201118316570025e-05 9.116195458712189007e-05
1.624628669483551890e+00 8.272033503629107635e-04 2.609511346683571296e-05 2.800026783623195577e-05 5.784577557432757887e-05 5.233750957092545095e-05 7.774610383970241827e-05 7.070421047558346061e-05
1.633854272376701111e+00 6.697836459298118833e-04 2.120375190454862682e-05 2.232069631415633474e-05 4.648790875088455125e-05 4.192346902905823899e-05 6.313006874974916652e-05 5.752590046103961061e-05
1.643079875269850110e+00 5.558999565767814340e-04 1.767145956448501910e-05 1.844292759386459077e-05 3.871001585269043081e-05 3.500713058485367939e-05 5.251776575502652578e-05 4.804821496320443430e-05
1.652305478162999108e+00 4.713912370804351857e-04 1.501898001531406937e-05 1.556031316859123178e-05 3.265428000906954974e-05 2.973882651821429472e-05 4.462001437551227183e-05 4.093785441541456351e-05
1.661531081056148329e+00 4.072478397390078887e-04 1.299467532769779362e-05 1.339398655625872276e-05 2.806565864013209517e-05 2.573122664483975175e-05 3.861066810156659444e-05 3.548902534059294447e-05
1.670756683949297106e+00 3.575895815719111340e-04 1.141449503370658199e-05 1.180516611714254281e-05 2.448578890436038354e-05 2.245649413260719001e-05 3.394720967996679500e-05 3.123477875759713817e-05
1.679982286842446326e+00 3.184731800526749163e-04 1.017216389215410376e-05 1.051272900523368562e-05 2.172904729217474190e-05 2.007928654929811959e-05 3.026511977872656505e-05 2.785762032527676953e-05
1.689207889735595547e+00 2.871884563827226990e-04 9.298105466558695409e-06 9.494589667954846275e-06 1.953324189216663377e-05 1.804889740868138382e-05 2.731274388374793378e-05 2.513716306753880150e-05
1.698433492628744546e+00 2.618339905979113688e-04 8.332685269552963115e-06 8.676206837183010959e-06 1.773628090752762043e-05 1.638825462786831647e-05 2.472436357495866191e-05 2.291757317742616025e-05
1.707659095521893766e+00 2.410409176856537954e-04 7.650424334140900565e-06 8.007850419265531965e-06 1.626331636053626826e-05 1.505547118785320430e-05 2.270392658872773164e-05 2.108561684956107357e-05
1.716884698415042543e+00 2.238135339266213468e-04 7.106999328047419436e-06 7.415976056454772185e-06 1.507566293427203981e-05 1.408947342181426335e-05 2.105605726191036534e-05 1.955838263849668458e-05
1.726110301308191763e+00 2.094077173581158306e-04 6.661690454495372386e-06 6.921471379226515428e-06 1.407942740541930971e-05 1.321618165379782883e-05 1.966947535150811934e-05 1.828904990141381223e-05
1.735335904201340984e+00 1.972644054055112180e-04 6.294439597338515654e-06 6.535674829791742043e-06 1.323116108063989772e-05 1.250129500084625508e-05 1.849353374212687182e-05 1.732170575500935751e-05
1.744561507094489761e+00 1.869541664577175093e-04 5.985155953702471195e-06 6.217074073263132925e-06 1.247486708310922734e-05 1.180112769127135224e-05 1.748905801249431204e-05 1.641318080697343131e-05
1.753787109987638981e+00 1.781450901172543125e-04 5.728586019620155899e-06 5.919965062084779281e-06 1.183022868259299030e-05 1.118092574650431407e-05 1.662564801590605580e-05 1.561414471010387495e-05
1.763012712880787980e+00 1.705728835928552612e-04 5.529769486707636350e-06 5.678221956804073694e-06 1.134089444507584946e-05 1.064776541379657492e-05 1.587896162219358922e-05 1.492580101283583704e-05
1.772238315773937201e+00 1.640341566947890295e-04 5.336758074933817871e-06 5.451248815233430576e-06 1.092268480647337007e-05 1.018730836378536875e-05 1.523012066460133207e-05 1.433014089378061733e-05
1.781463918667086421e+00 1.583596693679925453e-04 5.140018021881643520e-06 5.247230657904965829e-06 1.055764019327598276e-05 9.787580540052424807e-06 1.466344768367134851e-05 1.381205118624337716e-05
1.790689521560235198e+00 1.534188644701293784e-04 5.018311355610617251e-06 5.082848523107384936e-06 1.023836945028487838e-05 9.440670898879112817e-06 1.416668166075166148e-05 1.336003227171513367e-05
1.799915124453384419e+00 1.490994420328180128e-04 4.918826075313807982e-06 4.948941002189751089e-06 9.957991487067658796e-06 9.187785125843399682e-06 1.374318663345218947e-05 1.296382572833217712e-05
1.809140727346533417e+00 1.453127938442203471e-04 4.814486328022407179e-06 4.829257491898006262e-06 9.710970922609089579e-06 8.976056239131600641e-06 1.344322933660480101e-05 1.261573117935932821e-05
1.818366330239682416e+00 1.419859673870045309e-04 4.709431610954508155e-06 4.718883427633094405e-06 9.492804353073916327e-06 8.789058109586302472e-06 1.318164647156038751e-05 1.230908414944981220e-05
1.827591933132831414e+00 1.390558610999377629e-04 4.625652546208898703e-06 4.631293104445042544e-06 9.299175030197008108e-06 8.623458082785193492e-06 1.295311907033988769e-05 1.203814402328848938e-05
1.836817536025980635e+00 1.364697532734603829e-04 4.534247685919755603e-06 4.551626133539565496e-06 9.126796689421580759e-06 8.476527393040661626e-06 1.275312474623428900e-05 1.179831372108126972e-05
1.846043138919129634e+00 1.341871673950799696e-04 4.463296296323862426e-06 4.477118713554006446e-06 8.997652279116254061e-06 8.322749551596550716e-06 1.257631118444820081e-05 1.164471355569405013e-05
1.855268741812278410e+00 1.321682800202873657e-04 4.409661407670444977e-06 4.414734841951559272e-06 8.874548939146630804e-06 8.174766187987763571e-06 1.237870388717365443e-05 1.152064222774862746e-05
1.864494344705427187e+00 1.303822879618985343e-04 4.347767406993614369e-06 4.360003172268158604e-06 8.740683500260297339e-06 8.041517471724026356e-06 1.219191989843430098e-05 1.141260293988914274e-05
1.873719947598576185e+00 1.288011818432220417e-04 4.286111628267223403e-06 4.308731366740295356e-06 8.639060058481147497e-06 7.921023746518322762e-06 1.202468026114753420e-05 1.131864205787129528e-05
1.882945550491724962e+00 1.274041425555352900e-04 4.239549213250600130e-06 4.264665827102706802e-06 8.547993557889551003e-06 7.811835466124000555e-06 1.187496098744835133e-05 1.123736352745195700e-05
1.892171153384873961e+00 1.261688635558249542e-04 4.205718268735007771e-06 4.226097349172678349e-06 8.465830763797091256e-06 7.713140752089412289e-06 1.174072967299169871e-05 1.110886091999126473e-05
1.901396756278022737e+00 1.250795823543044815e-04 4.164940792999706704e-06 4.188164340967884865e-06 8.391991176946408167e-06 7.623795660567154304e-06 1.163657402388542641e-05 1.097567308908947877e-05
1.910622359171171736e+00 1.241182134197072742e-04 4.127109957561837230e-06 4.156910703366796110e-06 8.325659275135893246e-06 7.563253958851298741e-06 1.156268777625872450e-05 1.085565339459202967e-05
1.919847962064320512e+00 1.232766327246092957e-04 4.091680491959777052e-06 4.128427525582832299e-06 8.266413250645880152e-06 7.514411826126419581e-06 1.149950552883910590e-05 1.074787433654154640e-05
1.929073564957469289e+00 1.225392173544398802e-04 4.058062610727509664e-06 4.101231922828306930e-06 8.213225198894794294e-06 7.471774777204534383e-06 1.144569500653684212e-05 1.065085546221267935e-05
1.938299167850618288e+00 1.218963164384220013e-04 4.051237700714979055e-06 4.080152969660106634e-06 8.165590615121060230e-06 7.428467766986071997e-06 1.140035836420193974e-05 1.056362438865945572e-05
1.947524770743767064e+00 1.213402811887784793e-04 4.026965071511222263e-06 4.061480086518649249e-06 8.123209151193288950e-06 7.381590040546576019e-06 1.136272521802487848e-05 1.048540359037428789e-05
1.956750373636916063e+00 1.208610143251467617e-04 4.001733229705079008e-06 4.043275780738321903e-06 8.085279888538128719e-06 7.355245863652421553e-06 1.133203033858150657e-05 1.041519605080136739e-05
1.965975976530064839e+00 1.204535820283272066e-04 3.996023666238450391e-06 4.020908603782007802e-06 8.070165476171592737e-06 7.332789260364573907e-06 1.130776305866293288e-05 1.035247237231822067e-05
1.975201579423213616e+00 1.201108966328603121e-04 3.997962071868889616e-06 3.996834295640134985e-06 8.071546141963804183e-06 7.314562463800800322e-06 1.128929868051862465e-05 1.029653326343323244e-05
1.984427182316362615e+00 1.198215829180139107e-04 3.994267068679606294e-06 3.975145205755570158e-06 8.075194612177237128e-06 7.299848617950418866e-06 1.127482350204787171e-05 1.024652523069171284e-05
1.993652785209511391e+00 1.195979463571495463e-04 3.975591113181204859e-06 3.956225173693263502e-06 8.084642457166363858e-06 7.273467571929873726e-06 1.126780356447248911e-05 1.020280123421318124e-05
2.002878388102660168e+00 1.194172413253367064e-04 3.965402028253806987e-06 3.958989957451319072e-06 8.095515221894603887e-06 7.243768732915375455e-06 1.126386917702888399e-05 1.016945689334474920e-05
2.012103990995809166e+00 1.192834232905635598e-04 3.960375088342543161e-06 3.964514198434798903e-06 8.108831530333749618e-06 7.217219641240927197e-06 1.126415739629238954e-05 1.015346762863294215e-05
2.021329593888958165e+00 1.191896586675509078e-04 3.959947195580643814e-06 3.963458058668905670e-06 8.124405843086464915e-06 7.193469695166628008e-06 1.126789966912191483e-05 1.014116985504650128e-05
2.030555196782107164e+00 1.191349950483716765e-04 3.966438831165059386e-06 3.960045539994649943e-06 8.119813974918454590e-06 7.172423369212183974e-06 1.126862099229793612e-05 1.013245983722278732e-05
2.039780799675255718e+00 1.191162937734228000e-04 3.961220866690657498e-06 3.954989164190453993e-06 8.105940928581717659e-06 7.153870288506019204e-06 1.127267192461528207e-05 1.012706386323717418e-05
2.049006402568404717e+00 1.191299760737453520e-04 3.956658808248420607e-06 3.951006855885803274e-06 8.094207657706088016e-06 7.146559415549530577e-06 1.127969961072941378e-05 1.012469286416611944e-05
2.058232005461553715e+00 1.191739556158799579e-04 3.957375766215103148e-06 3.953209061641012778e-06 8.084546434863001149e-06 7.149522345018403447e-06 1.128952458044202572e-05 1.012509062796332023e-05
2.067457608354702270e+00 1.192489073951050795e-04 3.964553522453137936e-06 3.954365611071904282e-06 8.076639816833759418e-06 7.154493881410668677e-06 1.130221742209968716e-05 1.012831254274677818e-05
2.076683211247851268e+00 1.193431492139376051e-04 3.983576037741031503e-06 3.946790573387915315e-06 8.070014202684691758e-06 7.160757304193400737e-06 1.131661147324790177e-05 1.013342657331710794e-05
2.085908814141000267e+00 1.194659629770507703e-04 4.003207321555114729e-06 3.957566672394287311e-06 8.065382820736046897e-06 7.168910879791701640e-06 1.133366614800482134e-05 1.014108802586845129e-05
2.095134417034148822e+00 1.196104477074935572e-04 4.023347128926296539e-06 3.960273456433965758e-06 8.062188227219270822e-06 7.178467972096015670e-06 1.135267512123922288e-05 1.015080662091599176e-05
2.104360019927297820e+00 1.197764880999512309e-04 4.042926287907921100e-06 3.963919725595151339e-06 8.060152165166779457e-06 7.189403159989511791e-06 1.137364115054011757e-05 1.016253521461508796e-05
2.113585622820446819e+00 1.199613816989487870e-04 4.061277856749816130e-06 3.967122588528532341e-06 8.059384867943326751e-06 7.201265466995432980e-06 1.139631315469582964e-05 1.017600515198736281e-05
2.122811225713595817e+00 1.201664945761010895e-04 4.078800620350951102e-06 3.970264454282831012e-06 8.060012797649212276e-06 7.214348486837533921e-06 1.142083276321478674e-05 1.019131826154097984e-05
2.132036828606744372e+00 1.203871386130704282e-04 4.083359524719709361e-06 3.978558862994247664e-06 8.061693670361578406e-06 7.228482188028538752e-06 1.144673180803150306e-05 1.020810731935642608e-05
2.141262431499893371e+00 1.206230125240605107e-04 4.079614152163504848e-06 3.993203471686115045e-06 8.064400576002783987e-06 7.243636965181484994e-06 1.147398535013948449e-05 1.022634205681907400e-05
2.150488034393042369e+00 1.208758036724731861e-04 4.074349985839316110e-06 4.008416479222995593e-06 8.074110598746284334e-06 7.259966263092968710e-06 1.150278420835785078e-05 1.024609124422820681e-05
2.159713637286190924e+00 1.211412990542444192e-04 4.090621366683431137e-06 4.024030888264847040e-06 8.094856771652031760e-06 7.277178334304482024e-06 1.153270240106069272e-05 1.026704517569299513e-05
2.168939240179339922e+00 1.214190210525288311e-04 4.098376268510774741e-06 4.040029095261324539e-06 8.116384950950146244e-06 7.295230519932004230e-06 1.156369296484284037e-05 1.028916853637435965e-05
2.178164843072488921e+00 1.217095857404578015e-04 4.105430502140814579e-06 4.056468502341403748e-06 8.138753716919208767e-06 7.314196615213386550e-06 1.159583538938075862e-05 1.031246148515479685e-05
2.187390445965637920e+00 1.220110681604709684e-04 4.112922321537494088e-06 4.073295578745303740e-06 8.161838660182931578e-06 7.333966631898919831e-06 1.162894482832310086e-05 1.033675407504978884e-05
2.196616048858786474e+00 1.223259683800044452e-04 4.120891846595415957e-06 4.088299733027872551e-06 8.185772512103159154e-06 7.354569002481278891e-06 1.166323916216240497e-05 1.036235743558798397e-05
2.205841651751935473e+00 1.226483010171611980e-04 4.127869331429226884e-06 4.098730311960971351e-06 8.212620862997307199e-06 7.363595996489550721e-06 1.169817095143530828e-05 1.038863623043209043e-05
2.215067254645084471e+00 1.229805046199660030e-04 4.133135393794533244e-06 4.109582394597253822e-06 8.244790673579531232e-06 7.369936918869368181e-06 1.173398062730856726e-05 1.041578229995813120e-05
2.224292857538233026e+00 1.233241157076223440e-04 4.138800899684537361e-06 4.120183287585637731e-06 8.277592865310693391e-06 7.376896925436637236e-06 1.177078973600020504e-05 1.044403831120929087e-05
2.233518460431382024e+00 1.236742391709369298e-04 4.152937371699246677e-06 4.128938614160582274e-06 8.310698609839337059e-06 7.384434045362838969e-06 1.180815063451083895e-05 1.048266778629632458e-05
2.242744063324531023e+00 1.240329196670911737e-04 4.172158637543761520e-06 4.135424715848211395e-06 8.344257756405954471e-06 7.392591332438418813e-06 1.184625934322143981e-05 1.052430090435920557e-05
2.251969666217680022e+00 1.243649239391705777e-04 4.179855517404303111e-06 4.149631213207127171e-06 8.375896564744836261e-06 7.401616528032056198e-06 1.188193563670116265e-05 1.056366873049899562e-05
2.261195269110828576e+00 1.247437772978012330e-04 4.183963907090101995e-06 4.163034678197170217e-06 8.410577997574995726e-06 7.410809360572145682e-06 1.192180346884394405e-05 1.060667920519359306e-05
2.270420872003977575e+00 1.251297022957211175e-04 4.187170643044270000e-06 4.174823433556032254e-06 8.445621996815345272e-06 7.420498139192106715e-06 1.196227739234647031e-05 1.065014279118791914e-05
2.279646474897126573e+00 1.255377598805757541e-04 4.194934019671183942e-06 4.185909807611994560e-06 8.482042275031814130e-06 7.430466403048792954e-06 1.200470623706514201e-05 1.069526701551715110e-05
2.288872077790275128e+00 1.259206277926451403e-04 4.207870574083710747e-06 4.200431906124804334e-06 8.516672115432073926e-06 7.441300711208848626e-06 1.204485283174278878e-05 1.073827773362478566e-05
2.298097680683424127e+00 1.263247888875819740e-04 4.222312434518972219e-06 4.211664440773889555e-06 8.552628621725361351e-06 7.452361801146316291e-06 1.208687658754082814e-05 1.078288763425604743e-05
2.307323283576573125e+00 1.267343902123143750e-04 4.236912341380060952e-06 4.222259951258613021e-06 8.588853074988273863e-06 7.476280257152941706e-06 1.212935778719553305e-05 1.082783455673678346e-05
2.316548886469722124e+00 1.271497279597821200e-04 4.251651832865119707e-06 4.234544312231450572e-06 8.618331623030554356e-06 7.503966041305908932e-06 1.217232630467028685e-05 1.087314945491280353e-05
2.325774489362870678e+00 1.275694363705800896e-04 4.268577068895144759e-06 4.246976997121374364e-06 8.640002520439395064e-06 7.531967087972264003e-06 1.221565286616614859e-05 1.091871922023243517e-05
2.335000092256019677e+00 1.279940592178886304e-04 4.284703235566826628e-06 4.259570272886775309e-06 8.661970419699815005e-06 7.560318394252236117e-06 1.225939244396938993e-05 1.096459738027870628e-05
2.344225695149168676e+00 1.284251826496762719e-04 4.302116473652392191e-06 4.272144455900219991e-06 8.684412998928499891e-06 7.589332355631254762e-06 1.230365057033810049e-05 1.101087538691228177e-05
2.353451298042317230e+00 1.288559657767896622e-04 4.320158240914742090e-06 4.285176357708144704e-06 8.706653901919788382e-06 7.617937592804344539e-06 1.234791221081172523e-05 1.105711217467056622e-05
2.362676900935466229e+00 1.292934254045321541e-04 4.338066373254031863e-06 4.298185726306613099e-06 8.729384206449008251e-06 7.647187385632445308e-06 1.239271165233353815e-05 1.110377256573772059e-05
2.371902503828615227e+00 1.297343803162037158e-04 4.356069037861484087e-06 4.311304839196426937e-06 8.752316212005961400e-06 7.676462177315122111e-06 1.243776789592847417e-05 1.115063118293041174e-05
2.381128106721764226e+00 1.301790315184154698e-04 4.373471018619460009e-06 4.324549100262676431e-06 8.775460427785290816e-06 7.706004216302285350e-06 1.248311708899164192e-05 1.119771307819805977e-05
2.390353709614912781e+00 1.306271496691541265e-04 4.390176460937960734e-06 4.337919815019868845e-06 8.803389284897466084e-06 7.735790343712845062e-06 1.252874868768873531e-05 1.124500371161381209e-05
2.399579312508061779e+00 1.310785694016075641e-04 4.407567355651663323e-06 4.351389572361335188e-06 8.836829925423463810e-06 7.765830679827215180e-06 1.257464267525733683e-05 1.129248688696337711e-05
2.408804915401210778e+00 1.315330491832241734e-04 4.425059072152374420e-06 4.364963445913219242e-06 8.870491696708591740e-06 7.796097570381154730e-06 1.262077940094628674e-05 1.134014761430493122e-05
2.418030518294359332e+00 1.319904692623945013e-04 4.443829102767558837e-06 4.378635762471860685e-06 8.904366998704410984e-06 7.826584653480037155e-06 1.266714783071639706e-05 1.138797822722405542e-05
2.427256121187508331e+00 1.324508119333255528e-04 4.464135435890451923e-06 4.392418568002016879e-06 8.938458462867443412e-06 7.857277564736524439e-06 1.271375071270413010e-05 1.143598388299218310e-05
2.436481724080657330e+00 1.329139539501736486e-04 4.484456341320844147e-06 4.406286874159259228e-06 8.972753411066249378e-06 7.888188449317351959e-06 1.276135428830718296e-05 1.148415161443232658e-05
2.445707326973806328e+00 1.333796692062248703e-04 4.504865027524554942e-06 4.420244608034743254e-06 9.007240675146103211e-06 7.919292336185101977e-06 1.281734277855132108e-05 1.153246684834429532e-05
2.454932929866954883e+00 1.338478605206518135e-04 4.525358220595102022e-06 4.434290373637181978e-06 9.041914858172152769e-06 7.950580901106463379e-06 1.287349310005842201e-05 1.158092443368186021e-05
2.464158532760103881e+00 1.343182487251961166e-04 4.545931234573101195e-06 4.448409535971943217e-06 9.076756763466540699e-06 7.982042423888884236e-06 1.292978249101275163e-05 1.162950062796156456e-05
2.473384135653252880e+00 1.347908937843692717e-04 4.566581678889933748e-06 4.462613683497030498e-06 9.111773910409567707e-06 8.013670485181446750e-06 1.298621370891914640e-05 1.167820594089009293e-05
2.482609738546401434e+00 1.352657494488510687e-04 4.587311704419506832e-06 4.476896067732983025e-06 9.146961937938100995e-06 8.045466520027532787e-06 1.304278817723035196e-05 1.172703796596211178e-05
2.491835341439550433e+00 1.357427371276783974e-04 4.608118924027981324e-06 4.491256225529313868e-06 9.182317271246053566e-06 8.077423489389061635e-06 1.309949851496393283e-05 1.177599242180529956e-05
2.501060944332699432e+00 1.362215165274003421e-04 4.628991255062418070e-06 4.506002902976511543e-06 9.217818749926475538e-06 8.109517755152241634e-06 1.315631064354770368e-05 1.182504200859262511e-05
2.510286547225848430e+00 1.367024157400652782e-04 4.649950730683404974e-06 4.526289195641369171e-06 9.253484093725420408e-06 8.141784455476436299e-06 1.321326963989039580e-05 1.187421472395152537e-05
2.519512150118996985e+00 1.371848741309101725e-04 4.670962493664190763e-06 4.546609962191019635e-06 9.289284869908964824e-06 8.174162407215937627e-06 1.327030430643027408e-05 1.192346880331534176e-05
2.528737753012145983e+00 1.376692946901831032e-04 4.692056144817651582e-06 4.567017723780341472e-06 9.325240987970379383e-06 8.206699480956279385e-06 1.332747231122378517e-05 1.197283723989911366e-05
2.537963355905294982e+00 1.381549540782041146e-04 4.711865775324902130e-06 4.586749926369863405e-06 9.361312040272710836e-06 8.239329870012382113e-06 1.338468841899657837e-05 1.202226199768362692e-05
2.547188958798443537e+00 1.386427023482190719e-04 4.731071637303164773e-06 4.606126058795146369e-06 9.397547787880883817e-06 8.272126942567953030e-06 1.344205513898635135e-05 1.207181650311839956e-05
2.556414561691592535e+00 1.391316500079741152e-04 4.750326978931324051e-06 4.625518345982852948e-06 9.433895352020026060e-06 8.299794557562535950e-06 1.349947279224858942e-05 1.212142655956528607e-05
2.565640164584741534e+00 1.396213512552808671e-04 4.769618903794486942e-06 4.644921205053745023e-06 9.470324705466401675e-06 8.324822303259891325e-06 1.355690023578594479e-05 1.217105258152279728e-05
2.574865767477890532e+00 1.401139212039550553e-04 4.789016308899242879e-06 4.664395435651299974e-06 9.506976481538315180e-06 8.350107032842237886e-06 1.361455331286320122e-05 1.222088942416649357e-05
2.584091370371039087e+00 1.406070395497756222e-04 4.803107278212112455e-06 4.682075088716948887e-06 9.543284176895705951e-06 8.375512531569350490e-06 1.367220391563180363e-05 1.227072496428425878e-05
2.593316973264188086e+00 1.411013498027159847e-04 4.814963032970980342e-06 4.694301428181127606e-06 9.579705592237941622e-06 8.401087456309016405e-06 1.372990806752224851e-05 1.232062409055586301e-05
2.602542576157337084e+00 1.415970100225630269e-04 4.826362928188625192e-06 4.706543868168429172e-06 9.616248167156960566e-06 8.426824203270483205e-06 1.378769450628738167e-05 1.237059822839468317e-05
2.611768179050485639e+00 1.420940762554445571e-04 4.837784534836260053e-06 4.718785635384565788e-06 9.652919968368542294e-06 8.452734055462132658e-06 1.384556316158080513e-05 1.242065719817036151e-05
2.620993781943634637e+00 1.425918805906701431e-04 4.849201595091037461e-06 4.731005155866841935e-06 9.689677136392592805e-06 8.478778963857524359e-06 1.390344793707478060e-05 1.247074149591587740e-05
2.630219384836783636e+00 1.430909309886945434e-04 4.861525357285120114e-06 4.745678396900649418e-06 9.726550108176210000e-06 8.504977058381384515e-06 1.396140832674250547e-05 1.252089645453993596e-05
2.639444987729932635e+00 1.435909442596893187e-04 4.879590386961627510e-06 4.773865271430423243e-06 9.763528606089220095e-06 8.531330928879233243e-06 1.401940202003452009e-05 1.257110387392276762e-05
2.648670590623081189e+00 1.440919482507443917e-04 4.894040492778398707e-06 4.802146131985946236e-06 9.800606924773995780e-06 8.557752995269781154e-06 1.407744819464123889e-05 1.262136117535282254e-05
2.657896193516230188e+00 1.445939662856476232e-04 4.907206766881894687e-06 4.830508965503389112e-06 9.837792185038793250e-06 8.584197602311911725e-06 1.413554064788981931e-05 1.267167607208082025e-05
2.667121796409379186e+00 1.450968466434515757e-04 4.920473297713955346e-06 4.858958169553302849e-06 9.875071871581639566e-06 8.610776088247256831e-06 1.419367083304085464e-05 1.272203394920751770e-05
2.676347399302527741e+00 1.456006690731911804e-04 4.938705740217472218e-06 4.887487692442713666e-06 9.912455383371659426e-06 8.637500800074782246e-06 1.425184072571824656e-05 1.277244629245400764e-05
2.685573002195676739e+00 1.461053658923874854e-04 4.967655790791768947e-06 4.916111670082758947e-06 9.949933219597555199e-06 8.664353458012286156e-06 1.431005497480345389e-05 1.282290391056036785e-05
2.694798605088825738e+00 1.466108571549218365e-04 4.996315830830080386e-06 4.933572418718641574e-06 9.987503828802989352e-06 8.691337220104774618e-06 1.436830084629582799e-05 1.287340245549774406e-05
2.704024207981974737e+00 1.471172218665166894e-04 5.017862018471451685e-06 4.945022406331904194e-06 1.002517509212944784e-05 8.718461409791485083e-06 1.442658243323250312e-05 1.292395313356903036e-05
2.713249810875123291e+00 1.476240700832419253e-04 5.037443608916689596e-06 4.954657331394197789e-06 1.006292059487566668e-05 8.745701326234064758e-06 1.448172829796059405e-05 1.297452047783733070e-05
2.722475413768272290e+00 1.481319594680262646e-04 5.055800951087231375e-06 4.964318942000944812e-06 1.010077323058817503e-05 8.773075507957720778e-06 1.453167556782485352e-05 1.302515262500197001e-05
2.731701016661421288e+00 1.486402939608520387e-04 5.067066621835609108e-06 4.974007491591829868e-06 1.013671981459735808e-05 8.800562709610241716e-06 1.458163890781874212e-05 1.307580008413680695e-05
2.740926619554569843e+00 1.491495118999492189e-04 5.076089552095329948e-06 4.983736452656334403e-06 1.016156304926721723e-05 8.828185624053946651e-06 1.463166262806014483e-05 1.312650352316841449e-05
2.750152222447718842e+00 1.496592568850997379e-04 5.090762317743320565e-06 4.993482632290020080e-06 1.018641133048602985e-05 8.855917452502121536e-06 1.468170916919705722e-05 1.317722978086660179e-05
2.759377825340867840e+00 1.501695243588591132e-04 5.108808010043184439e-06 5.003322785703879279e-06 1.021129257646231242e-05 8.883772477404988871e-06 1.473178081875175594e-05 1.322798381338236408e-05
