2.306400723287267349e-02 5.572493953409606400e+16 0.000000000000000000e+00 0.000000000000000000e+00 0.000000000000000000e+00 1.600000000000000000e+01 0.000000000000000000e+00 1.600000000000000000e+01
3.228961012602173802e-02 1.163078255396023750e+14 2.187500000000000000e+00 2.203125000000000000e+00 4.281250000000000000e+00 4.515625000000000000e+00 5.828125000000000000e+00 5.984375000000000000e+00
4.151521301917080603e-02 2.104248557363482666e+12 1.998535156250000000e+00 1.992187500000000000e+00 3.941162109375000000e+00 4.097412109375000000e+00 5.331298828125000000e+00 5.445556640625000000e+00
5.074081591231988098e-02 1.178572736977005615e+11 1.859176635742187500e+00 1.841476440429687500e+00 3.662124633789062500e+00 3.798355102539062500e+00 4.949203491210937500e+00 5.054153442382812500e+00
5.996641880546894204e-02 1.301894237616599655e+10 1.745065689086914062e+00 1.734773635864257812e+00 3.454635620117187500e+00 3.571882247924804688e+00 4.650081634521484375e+00 4.757204055786132812e+00
6.919202169861800311e-02 2.246726882202289104e+09 1.656372070312500000e+00 1.648192405700683594e+00 3.290992736816406250e+00 3.388278961181640625e+00 4.417134284973144531e+00 4.518627643585205078e+00
7.841762459176707112e-02 5.296187555224260092e+08 1.576937735080718994e+00 1.583138167858123779e+00 3.147279620170593262e+00 3.245467424392700195e+00 4.223328232765197754e+00 4.332274377346038818e+00
8.764322748491613913e-02 1.568588211900197268e+08 1.515154629945755005e+00 1.527748405933380127e+00 3.033887475728988647e+00 3.124113917350769043e+00 4.068942070007324219e+00 4.176170408725738525e+00
9.686883037806519325e-02 5.523747764749206603e+07 1.462105952203273773e+00 1.483048371970653534e+00 2.937945485115051270e+00 3.025979846715927124e+00 3.939231261610984802e+00 4.050293274223804474e+00
1.060944332712142474e-01 2.226401119242030382e+07 1.427892837673425674e+00 1.448883868753910065e+00 2.855294536799192429e+00 2.947005793452262878e+00 3.829128280282020569e+00 3.949343077838420868e+00
1.153200361643633154e-01 9.994981719120481983e+06 1.401797141879796982e+00 1.415044173598289490e+00 2.790907720103859901e+00 2.879159042611718178e+00 3.742179924622178078e+00 3.862320432439446449e+00
1.245456390575123834e-01 4.898250635489393026e+06 1.382257923483848572e+00 1.388601710088551044e+00 2.738022974692285061e+00 2.824926360510289669e+00 3.670932947658002377e+00 3.791230511851608753e+00
1.337712419506614514e-01 2.580954414515272714e+06 1.362440008670091629e+00 1.365994203835725784e+00 2.696141136344522238e+00 2.779868548735976219e+00 3.614382387138903141e+00 3.733056505210697651e+00
1.429968448438105333e-01 1.445113808154504281e+06 1.350662637269124389e+00 1.347671097610145807e+00 2.662900011520832777e+00 2.743126875255256891e+00 3.569797665346413851e+00 3.687555062118917704e+00
1.522224477369596152e-01 8.519131569316969253e+05 1.342797847813926637e+00 1.336410794523544610e+00 2.638469969155266881e+00 2.716206159093417227e+00 3.536999307340011001e+00 3.652726154425181448e+00
1.614480506301086971e-01 5.248718256736962358e+05 1.339308570488356054e+00 1.320874734665267169e+00 2.623308373265899718e+00 2.696844990830868483e+00 3.513613449176773429e+00 3.629358768812380731e+00
1.706736535232577512e-01 3.359499865981504554e+05 1.339603631407953799e+00 1.312431877246126533e+00 2.616518322378396988e+00 2.683565220679156482e+00 3.501138733408879489e+00 3.614898698055185378e+00
1.798992564164068331e-01 2.222909960226095864e+05 1.345605159236583859e+00 1.302102140703937039e+00 2.620404957968275994e+00 2.673224855272565037e+00 3.502127015555743128e+00 3.606194047053577378e+00
1.891248593095559150e-01 1.514318927366133430e+05 1.345249684498412535e+00 1.301670275512151420e+00 2.618809458828764036e+00 2.674026251275790855e+00 3.508101985207758844e+00 3.611466192465741187e+00
1.983504622027049968e-01 1.058439352606316970e+05 1.348548040812602267e+00 1.299768634242354892e+00 2.631741137272911146e+00 2.678262311630533077e+00 3.526727278163889423e+00 3.623139744173386134e+00
2.075760650958540787e-01 7.568270936663069006e+04 1.351492228597635403e+00 1.305100595403928310e+00 2.655224343165173195e+00 2.691308214329183102e+00 3.552632682883995585e+00 3.647003447287715971e+00
2.168016679890031329e-01 5.522262368311620958e+04 1.358031035095336847e+00 1.311793020016921218e+00 2.685779595711210277e+00 2.712123094650451094e+00 3.587729065890016500e+00 3.681897529626439791e+00
2.260272708821522147e-01 4.102776030512282159e+04 1.382555068419605959e+00 1.329468599171377718e+00 2.722189647021878045e+00 2.742710524122230709e+00 3.630846384723554365e+00 3.730092192767187953e+00
2.352528737753012689e-01 3.097734585850251096e+04 1.393981057535711443e+00 1.354755657837813487e+00 2.763749621855822625e+00 2.780978231141489232e+00 3.681478063157555880e+00 3.793574046423600521e+00
2.444784766684503230e-01 2.372859466306760805e+04 1.427426982820179546e+00 1.373805416904360754e+00 2.803962281966960290e+00 2.821958101067139069e+00 3.752547864012740320e+00 3.861325244608451612e+00
2.537040795615994049e-01 1.841144592020121854e+04 1.455925162877974799e+00 1.399106239288812503e+00 2.857629302696295781e+00 2.882047740458801854e+00 3.833221181605040329e+00 3.946574934630916687e+00
2.629296824547484590e-01 1.445009063379933468e+04 1.492579645226214780e+00 1.428974800433934433e+00 2.914839989762185724e+00 2.954440402438194724e+00 3.928654825414923835e+00 4.047130820357779157e+00
2.721552853478975686e-01 1.145602712420914759e+04 1.536278051245972165e+00 1.472309098036930664e+00 3.009419999316378380e+00 3.046122778543576715e+00 4.031439358852367150e+00 4.174038340874176356e+00
2.813808882410466228e-01 9.162377895652054576e+03 1.590773556543354061e+00 1.511748936954973033e+00 3.095753529305511620e+00 3.121231869539769832e+00 4.160650596522827982e+00 4.312650636535181548e+00
2.906064911341957324e-01 7.382785455667697533e+03 1.655589143139877706e+00 1.566398041707543598e+00 3.185860829899866076e+00 3.225260564812742814e+00 4.309861322833057784e+00 4.474752852571327821e+00
2.998320940273447865e-01 5.985059516154316952e+03 1.717225838523518178e+00 1.635295149112607760e+00 3.288838937804030138e+00 3.365360091745969839e+00 4.478948979067354230e+00 4.666886832336786028e+00
3.090576969204938407e-01 4.874044038270852980e+03 1.773658048015022359e+00 1.736527404758817283e+00 3.426978785882965894e+00 3.555433091512895771e+00 4.658552361977854162e+00 4.905974680276813160e+00
3.182832998136429503e-01 3.980187582600941369e+03 1.864732511731290288e+00 1.832041211961950467e+00 3.601468659084275714e+00 3.730236003655136301e+00 4.889404576425931737e+00 5.159894680505203723e+00
3.275089027067920044e-01 3.251978023718024815e+03 1.949607500438105490e+00 1.954913892385320651e+00 3.827357552258945361e+00 3.902977218082924082e+00 5.159852377134029666e+00 5.449497001031431864e+00
3.367345055999411141e-01 2.650608144933257790e+03 2.076362390958820470e+00 2.030229893600335345e+00 4.089583268537808181e+00 4.066053060568265209e+00 5.483089724421461142e+00 5.769783206205374881e+00
3.459601084930901682e-01 2.146397108553676844e+03 2.195021572421865130e+00 2.170499988716528605e+00 4.336019749212482566e+00 4.298001001690863632e+00 5.816129039104453113e+00 6.165688476772174909e+00
3.551857113862392223e-01 1.716107895192950082e+03 2.323725534028881157e+00 2.293048896797927227e+00 4.617501554324690005e+00 4.647849525510082458e+00 6.179694287300208089e+00 6.601162585552856399e+00
3.644113142793883320e-01 1.341370039106001514e+03 2.424997560345218517e+00 2.488737452720215515e+00 4.828140800136679900e+00 4.937726130507144262e+00 6.523149151792949851e+00 7.063187584739353042e+00
3.736369171725373861e-01 1.007867621510862591e+03 2.572389324388154819e+00 2.512724297649583605e+00 5.006366926612486168e+00 5.239043733195330788e+00 6.793300985311816476e+00 7.409589083203513837e+00
3.828625200656864958e-01 7.069226843664681610e+02 2.485876652802403441e+00 2.573865189741468384e+00 5.044937827385638229e+00 5.235843537087248478e+00 6.678109906919416972e+00 7.390547517006439193e+00
3.920881229588355499e-01 4.436244222892778453e+02 2.108324231484857592e+00 2.187492864350645050e+00 4.244754646683304600e+00 4.472161631021492667e+00 5.607004070161053733e+00 6.136724590675498803e+00
4.013137258519846040e-01 2.706983663066381496e+02 4.725950326084102926e-01 4.662982450012123081e-01 9.735755136148895872e-01 9.527040775082014079e-01 1.357627402613957202e+00 1.232624495788513741e+00
4.105393287451337136e-01 3.979851193284688406e+02 4.724612089932975323e+00 4.332920986087174242e+00 9.574441661759976796e+00 9.019089957044513994e+00 1.361660235729482338e+01 1.310966198665971660e+01
4.197649316382827678e-01 1.240147755898565720e+03 1.260494430561493573e+01 1.208845636518799438e+01 2.665400818534726568e+01 2.414642451403847190e+01 3.306415297791818375e+01 3.912601225724256437e+01
4.289905345314318219e-01 2.252206146609194093e+03 9.395117509408919432e+00 7.824294680722232442e+00 1.594890520177159488e+01 1.591358215940726950e+01 2.205247796190587906e+01 2.437832031993957571e+01
4.382161374245809315e-01 2.335705118814611069e+03 1.590909383685357170e-01 1.881219994988896360e-01 3.107025304079797934e-01 4.591032066628031316e-01 4.300178380403849587e-01 6.369073218866105890e-01
4.474417403177299857e-01 2.004284399438837454e+03 2.726070908084011535e+00 3.028542388149617182e+00 6.046050906809568914e+00 5.783042691311948147e+00 7.655836946521958453e+00 8.745689136357441384e+00
4.566673432108790953e-01 1.674828948290576136e+03 3.049907250077694698e+00 3.366129167141025391e+00 6.417417214065608277e+00 6.427763204632810812e+00 8.823785785384188785e+00 9.296360411357682096e+00
4.658929461040280939e-01 1.415292696898362919e+03 2.838376698604406556e+00 3.105281668479392465e+00 5.878875410275213653e+00 5.720543658729866365e+00 8.219701886642269528e+00 8.163840913338162864e+00
4.751185489971772036e-01 1.215738434684524691e+03 2.507842041467256422e+00 2.861628057401958358e+00 5.220282694613842978e+00 5.154680990671977270e+00 7.178920721525628323e+00 7.144486613490698801e+00
4.843441518903262577e-01 1.059700457002574694e+03 2.215505025658785598e+00 2.566899998063036037e+00 4.576646740808882896e+00 4.636388455549422360e+00 6.269110125864926886e+00 6.056166787511983784e+00
4.935697547834753673e-01 9.349592912823917459e+02 1.956972207721605628e+00 2.239661418460627829e+00 4.019819657162884141e+00 4.091509362835154207e+00 5.499066047340761543e+00 5.509771873987233448e+00
5.027953576766244215e-01 8.331055296171141435e+02 1.765798188414464676e+00 1.955754784240298250e+00 3.603107149809943621e+00 3.622326390672469643e+00 4.879655010108422175e+00 4.980072781059902809e+00
5.120209605697735311e-01 7.484964385941664204e+02 1.561343300315456872e+00 1.741320626933088533e+00 3.201390537641145784e+00 3.232803279898234905e+00 4.319014037856163668e+00 4.483751781318574103e+00
5.212465634629225297e-01 6.770850447251377773e+02 1.408132098092664819e+00 1.553335403725441211e+00 2.906495733127712811e+00 2.941484162084975651e+00 3.875676164854098715e+00 4.011145414478050952e+00
5.304721663560716394e-01 6.160708813980581908e+02 1.284384717063971948e+00 1.398039330960045845e+00 2.635264375230462974e+00 2.672437482808277309e+00 3.506101567037944733e+00 3.649920020190847936e+00
5.396977692492206380e-01 5.633995589807407214e+02 1.182663251104713709e+00 1.269070842366545548e+00 2.431555510693442557e+00 2.437593962441269468e+00 3.184926156674919184e+00 3.328677379985947482e+00
5.489233721423698587e-01 5.175215089374376021e+02 1.095027978412872471e+00 1.167360896479635812e+00 2.210705722352486191e+00 2.239983678991507077e+00 2.904808676884158558e+00 3.056964239362514490e+00
5.581489750355188573e-01 4.772399245457501138e+02 1.025056713473190939e+00 1.077001503536564542e+00 2.059494467548574903e+00 2.058744553334690863e+00 2.672302629991577305e+00 2.811668587794713403e+00
5.673745779286679669e-01 4.416510929966175354e+02 9.421530968187425970e-01 9.868054006715851756e-01 1.910628693139130974e+00 1.905613410254886730e+00 2.464119806312055516e+00 2.603049248081731548e+00
5.766001808218169655e-01 4.100249731274843725e+02 8.711354177539760713e-01 9.210283755879231649e-01 1.782253496399221149e+00 1.770396849760345503e+00 2.276451539098957255e+00 2.424605618628618231e+00
5.858257837149661862e-01 3.817648125107911596e+02 8.108028368473014780e-01 8.661442623353536874e-01 1.670688366306990247e+00 1.645397017204288659e+00 2.116728557384931264e+00 2.260689226900524318e+00
5.950513866081151848e-01 3.563976807788329211e+02 7.637742192497398719e-01 8.090338363202818073e-01 1.567951241213620506e+00 1.530886107035428267e+00 1.978631380013894159e+00 2.111015270486632289e+00
6.042769895012642944e-01 3.335403916234045596e+02 7.170799631559816589e-01 7.596170400586856886e-01 1.471696142592577417e+00 1.432883200020853565e+00 1.874201505631731379e+00 1.981128464573544079e+00
6.135025923944132931e-01 3.128636599387887145e+02 6.735881075487100134e-01 7.153419519939916427e-01 1.384637845420286340e+00 1.345381106076899869e+00 1.778320026535766374e+00 1.864617629562701495e+00
6.227281952875624027e-01 2.940942027317308884e+02 6.364985054237308759e-01 6.736414676259983025e-01 1.306396975490372370e+00 1.267932499042842664e+00 1.690958513712075728e+00 1.758725511016052678e+00
6.319537981807114013e-01 2.770035801811624196e+02 6.036126433766639821e-01 6.375157479799327120e-01 1.234365813124497890e+00 1.206406449046312446e+00 1.609811705375989277e+00 1.663450308384426535e+00
6.411794010738606220e-01 2.613939669293721977e+02 5.748928371270949356e-01 5.998912620708551913e-01 1.170172095084183184e+00 1.148326278503077447e+00 1.536487188585283548e+00 1.575218068467620469e+00
6.504050039670096206e-01 2.471005111998705388e+02 5.486444449491898467e-01 5.680606875707781001e-01 1.110634276075074922e+00 1.091049988407661431e+00 1.467927784739515573e+00 1.495402508261918229e+00
6.596306068601587302e-01 2.339773927829372440e+02 5.238771727391053901e-01 5.407536406658834949e-01 1.056980497572624245e+00 1.035926707513795009e+00 1.405448004152361818e+00 1.421241468277742115e+00
6.688562097533077289e-01 2.219013938628011147e+02 5.007087930129614506e-01 5.123075701730215314e-01 1.005632113102620906e+00 9.825825206960701053e-01 1.347253546251778289e+00 1.353278977718474607e+00
6.780818126464568385e-01 2.107652436549132631e+02 4.779916562761741261e-01 4.886165298778735178e-01 9.561168716529095946e-01 9.348971890933057693e-01 1.291951451290742625e+00 1.291823647673993491e+00
6.873074155396059481e-01 2.004719676770184265e+02 4.578349811254724955e-01 4.646234334343262162e-01 9.151208391967884381e-01 8.899141729765744913e-01 1.241648908139893592e+00 1.233824031261974596e+00
6.965330184327550578e-01 1.909397844368984352e+02 4.392515565132555366e-01 4.434838374458252019e-01 8.773710869381829980e-01 8.482347682939348488e-01 1.194969767618403012e+00 1.179830813827749125e+00
7.057586213259040564e-01 1.820969734462640872e+02 4.229409697092876286e-01 4.234053607639509664e-01 8.412432121418476072e-01 8.106285899471572520e-01 1.150467784824797945e+00 1.130565941333003366e+00
7.149842242190531660e-01 1.738780178403888499e+02 4.062929219436739459e-01 4.050326400408152949e-01 8.077026758134309148e-01 7.755864065164814747e-01 1.102692684786973132e+00 1.084475569411267770e+00
7.242098271122021647e-01 1.662261730875669627e+02 3.901621888384454451e-01 3.880822478960510580e-01 7.763075006169799508e-01 7.430652806904731733e-01 1.057666475506096049e+00 1.041475191885240292e+00
7.334354300053513853e-01 1.590900265295958036e+02 3.769921028116129946e-01 3.721544106484770964e-01 7.476334748712929468e-01 7.120350644729001033e-01 1.016399537893079241e+00 1.000496045333761685e+00
7.426610328985003839e-01 1.524261522071683430e+02 3.625420996054629086e-01 3.583297272844845338e-01 7.198306817177524408e-01 6.839655604964320901e-01 9.769357129718798660e-01 9.629721328610969522e-01
7.518866357916494936e-01 1.461946794800576299e+02 3.462859360858772106e-01 3.466275005376928675e-01 6.923185450538085206e-01 6.591005011541426484e-01 9.386017456934041547e-01 9.291140399996606902e-01
7.611122386847984922e-01 1.403566260347984667e+02 3.333959781255089183e-01 3.338549750425841012e-01 6.678464700000006360e-01 6.343910213992955960e-01 9.040658745860525869e-01 8.958422326527113455e-01
7.703378415779476018e-01 1.348813548093294798e+02 3.209290004242291161e-01 3.215480004981543516e-01 6.445186210723363729e-01 6.114659195598051156e-01 8.713609145417535728e-01 8.647571405849419079e-01
7.795634444710966005e-01 1.297391906537332602e+02 3.101883406624494910e-01 3.092728530254191810e-01 6.229274945986560397e-01 5.906735761952859320e-01 8.408213969473763427e-01 8.351962351150348240e-01
7.887890473642458211e-01 1.249040839797288953e+02 3.004865619854513170e-01 2.995176239435721754e-01 6.045810799089110787e-01 5.715228840243327113e-01 8.120356115013009912e-01 8.072770741351718016e-01
7.980146502573948197e-01 1.203522586260694709e+02 2.901486575362213216e-01 2.897754992657723960e-01 5.870714924462561157e-01 5.533892231703418929e-01 7.848655744883501484e-01 7.808731422276480316e-01
8.072402531505439294e-01 1.160623872186410779e+02 2.803320882252791080e-01 2.792613787701867523e-01 5.669168724806752380e-01 5.364013968863758919e-01 7.589836185592986340e-01 7.560736710894104817e-01
8.164658560436929280e-01 1.120146484491225607e+02 2.710911933329498424e-01 2.703261088920072552e-01 5.478054140239692060e-01 5.202047700832395094e-01 7.345645388409138832e-01 7.324884077294768758e-01
8.256914589368421487e-01 1.081914711723145786e+02 2.619346188024422872e-01 2.608516619566358941e-01 5.295119883330983157e-01 5.049218021599841677e-01 7.113172759766683839e-01 7.102076720248078345e-01
8.349170618299911473e-01 1.045768697067962734e+02 2.530036570147444763e-01 2.526835954076460666e-01 5.130449124182518972e-01 4.906767315224698223e-01 6.889670626924129238e-01 6.893266321938256169e-01
8.441426647231402569e-01 1.011555061161929103e+02 2.449974555000409282e-01 2.455902666169862414e-01 4.977733545047442476e-01 4.768513724536802556e-01 6.680332565013316071e-01 6.691733930271794861e-01
8.533682676162892555e-01 9.791452172769994888e+01 2.378361182473867075e-01 2.382406489777935121e-01 4.832516066198735416e-01 4.640077573298526659e-01 6.478305530772416887e-01 6.502863519991706198e-01
8.625938705094383652e-01 9.484098533625257232e+01 2.322426115790676704e-01 2.310930582201820016e-01 4.697201138354358818e-01 4.514645218152537609e-01 6.288993105062559152e-01 6.319877314046067340e-01
8.718194734025873638e-01 9.192376402751173714e+01 2.274810778389735333e-01 2.245195042532230900e-01 4.569828924154393235e-01 4.393242646926864836e-01 6.110197475049687910e-01 6.143770447790615208e-01
8.810450762957365844e-01 8.915300025121327110e+01 2.212426126399691384e-01 2.184913818649221184e-01 4.444990772194330475e-01 4.280283073898090151e-01 5.936330414084665108e-01 5.979014927040537941e-01
8.902706791888855831e-01 8.651876796027998751e+01 2.158222353947820693e-01 2.119983300320882336e-01 4.326407070816173928e-01 4.171736584857939079e-01 5.770948159552773404e-01 5.821021757866731150e-01
8.994962820820346927e-01 8.401161761697828467e+01 2.116968600952020552e-01 2.045954519011843331e-01 4.220675109493328137e-01 4.048542287142993246e-01 5.620497660380863181e-01 5.662394302527218315e-01
9.087218849751836913e-01 8.162480478769361980e+01 2.080622842710084797e-01 1.982805511453307190e-01 4.114268434085204262e-01 3.926696410515830848e-01 5.471314513312819372e-01 5.515922282148295608e-01
9.179474878683329120e-01 7.935108489505225293e+01 2.029918230913807520e-01 1.938310778184870742e-01 4.004421752084681430e-01 3.815910832277182863e-01 5.321036164856991491e-01 5.383161424214506496e-01
9.271730907614816886e-01 7.718124131689928902e+01 2.001628082783213358e-01 1.878412641482185563e-01 3.916373036757647697e-01 3.693508062942498782e-01 5.192749213832144051e-01 5.240279802892615635e-01
9.363986936546309092e-01 7.511122906169003954e+01 1.962043563800506263e-01 1.835687742050566840e-01 3.824886938243139411e-01 3.584636619862635598e-01 5.063040493583486068e-01 5.110001092820652957e-01
9.456242965477800189e-01 7.313447306183820729e+01 1.917510666170159084e-01 1.788936801870022464e-01 3.736894226532001539e-01 3.500798511613396613e-01 4.938554554232581495e-01 4.985042029862256641e-01
9.548498994409290175e-01 7.124639374761324007e+01 1.868550984420522809e-01 1.741195169235112417e-01 3.643376968820462025e-01 3.434173460050828908e-01 4.810324860422952042e-01 4.873776689154567521e-01
9.640755023340780161e-01 6.943997197712768354e+01 1.831557071345315535e-01 1.688474699710980076e-01 3.559357224283559162e-01 3.344455426844206158e-01 4.697752668547252597e-01 4.756253552382077032e-01
9.733011052272271257e-01 6.771237516123898104e+01 1.795054583467106113e-01 1.649998961148781973e-01 3.481248866445554313e-01 3.275041803417195752e-01 4.582010580334383576e-01 4.650788311905955652e-01
9.825267081203763464e-01 6.605849167204689820e+01 1.750707405661700022e-01 1.613932439129968088e-01 3.401221294478062873e-01 3.208949702803209902e-01 4.470395846235106774e-01 4.549607290119155323e-01
9.917523110135253450e-01 6.447338521739962403e+01 1.722510571979540828e-01 1.564457569324559927e-01 3.332827758597289858e-01 3.137190160054075250e-01 4.371513051118398607e-01 4.443661799617331098e-01
1.000977913906674344e+00 6.295612729238659711e+01 1.683369645172660967e-01 1.540722657988240485e-01 3.247473159035010326e-01 3.088066103238205073e-01 4.256701956802686482e-01 4.361197633045961197e-01
1.010203516799823564e+00 6.150089838086977068e+01 1.640608933428779892e-01 1.514561769889795073e-01 3.168056842812561058e-01 3.038406663866410895e-01 4.148801028702564508e-01 4.278989123387191285e-01
1.019429119692972563e+00 6.010394520475377078e+01 1.600756418539361903e-01 1.486952127013481118e-01 3.098925302367803170e-01 2.983114089137330893e-01 4.052371249623547556e-01 4.192113143610285420e-01
1.028654722586121562e+00 5.876328369258109774e+01 1.559598404159103779e-01 1.461341628557875083e-01 3.029285377951680402e-01 2.932800068467784627e-01 3.956481366716246839e-01 4.111161875022162349e-01
1.037880325479270560e+00 5.747566967857837028e+01 1.532629049597247217e-01 1.432624175603223193e-01 2.963077671101075339e-01 2.883753466519820563e-01 3.870367230116826818e-01 4.015181085979051545e-01
1.047105928372419781e+00 5.623859707116993434e+01 1.494969818418567797e-01 1.404793474658205810e-01 2.898547239804756259e-01 2.835240145175035309e-01 3.798135424545918681e-01 3.910962655542888911e-01
1.056331531265569001e+00 5.504935998864205260e+01 1.443975038706000191e-01 1.388080902751553936e-01 2.844910152764086320e-01 2.775293842883357343e-01 3.730307272745392311e-01 3.807539302823670369e-01
1.065557134158718000e+00 5.390523352481766040e+01 1.418140776350895749e-01 1.362733501871602471e-01 2.792564359071363356e-01 2.731051947909577393e-01 3.670659896547334711e-01 3.715687944057606273e-01
1.074782737051866999e+00 5.280405411022083939e+01 1.398159369889029335e-01 1.323331081939826959e-01 2.752267484877748416e-01 2.648163604138318306e-01 3.618851931098348018e-01 3.650925179936805876e-01
1.084008339945015997e+00 5.174508300004021066e+01 1.384823982664826758e-01 1.303418279338686148e-01 2.705891572903809106e-01 2.597113112444020544e-01 3.561682498058260649e-01 3.596604506516385413e-01
1.093233942838165218e+00 5.072650375319062732e+01 1.361623115100769610e-01 1.290758096069382077e-01 2.651808092283332030e-01 2.577147652627758134e-01 3.498019333574831080e-01 3.553705374550872875e-01
1.102459545731314217e+00 4.974464139545712271e+01 1.341639891074919433e-01 1.264694417810332538e-01 2.604442002024853764e-01 2.549156761132209681e-01 3.446518299238405802e-01 3.503433553503398912e-01
1.111685148624463215e+00 4.879895966763591275e+01 1.323676286000150526e-01 1.241805657707573118e-01 2.550218438632683160e-01 2.524398246620904729e-01 3.395569510906497612e-01 3.457274557784160152e-01
1.120910751517612436e+00 4.788763610062191844e+01 1.304490223902448065e-01 1.218897910392087169e-01 2.525677401609129902e-01 2.477534591770407246e-01 3.338212364369681495e-01 3.409789341671327634e-01
1.130136354410761435e+00 4.701003806667893059e+01 1.277105454588181033e-01 1.205742124766331358e-01 2.483166466830368790e-01 2.429033093470138738e-01 3.256613588946066784e-01 3.359531980244483407e-01
1.139361957303910433e+00 4.616386794176327157e+01 1.268456189907993803e-01 1.194368177926250496e-01 2.449183340774965245e-01 2.380347854663042995e-01 3.177766450208849847e-01 3.310204044884912378e-01
1.148587560197059654e+00 4.534720996993428344e+01 1.253610027958700357e-01 1.172959838535803101e-01 2.405138171030785088e-01 2.339097181114411228e-01 3.131441192755630709e-01 3.255707898086228624e-01
1.157813163090208652e+00 4.455946907980360550e+01 1.234091072293992397e-01 1.156982175343301833e-01 2.390156958087814587e-01 2.322071418174829205e-01 3.089632981502958842e-01 3.202280860319319800e-01
1.167038765983357873e+00 4.379952718165160519e+01 1.216488641056869824e-01 1.134686245338585309e-01 2.350686004244977312e-01 2.299152929292276326e-01 3.049886362755671598e-01 3.150367854508857590e-01
1.176264368876506872e+00 4.306712154841105189e+01 1.207802637364565612e-01 1.124950927075687446e-01 2.304093370033157839e-01 2.292364837312206305e-01 3.003901284000676242e-01 3.108203877760971068e-01
1.185489971769655870e+00 4.235844634342132053e+01 1.221205830688916194e-01 1.104068184755107040e-01 2.278280564175432232e-01 2.258518740558628224e-01 2.979475444166368447e-01 3.048049271946595695e-01
1.194715574662805091e+00 4.167489017848625110e+01 1.232997961764255024e-01 1.101769218776027515e-01 2.257131747909966180e-01 2.229032855930270784e-01 2.953089643147208676e-01 2.993173176836663174e-01
1.203941177555954090e+00 4.101640862079329963e+01 1.225708945775494385e-01 1.089895139189067663e-01 2.235969569219022901e-01 2.241110363552110130e-01 2.916146189203985273e-01 2.952102643163669882e-01
1.213166780449103088e+00 4.038128858336973792e+01 1.220789179474479624e-01 1.074037785854500271e-01 2.196696376561888542e-01 2.212331800224589529e-01 2.892536198689583671e-01 2.916062986147949232e-01
1.222392383342252087e+00 3.976865337122995925e+01 1.203588872173995128e-01 1.072140740228704203e-01 2.185885436816903393e-01 2.209478010559493555e-01 2.878059861514117301e-01 2.884225412408838451e-01
1.231617986235401307e+00 3.917573872121384682e+01 1.198216116326804581e-01 1.053175919626383461e-01 2.204976824472311137e-01 2.178644934705076253e-01 2.883705596607555321e-01 2.836401369287315788e-01
1.240843589128550528e+00 3.860511810781821396e+01 1.180847966910931746e-01 1.059489290506263615e-01 2.186153595643958170e-01 2.163746355398714627e-01 2.876858621505320457e-01 2.805294406391141138e-01
1.250069192021699527e+00 3.805466447639008720e+01 1.155653039524011660e-01 1.076210214285566735e-01 2.199623455059978028e-01 2.149495545969699606e-01 2.871501798089539648e-01 2.776180877728364749e-01
1.259294794914848525e+00 3.752405066972306713e+01 1.140285286301292444e-01 1.071109529439269181e-01 2.145970904871603580e-01 2.143687144894030894e-01 2.843922155454521317e-01 2.751946857307956407e-01
1.268520397807997524e+00 3.701202380663289659e+01 1.148731629129997600e-01 1.087092223717931461e-01 2.160346060786437761e-01 2.159718493863138633e-01 2.821920198317542372e-01 2.737522669160838973e-01
1.277746000701146745e+00 3.651737653085020696e+01 1.158448985269373566e-01 1.082661831978697364e-01 2.152730297224323408e-01 2.175853787983825782e-01 2.812165170012264070e-01 2.719156460701626088e-01
1.286971603594295521e+00 3.604108854727270739e+01 1.163600944300071660e-01 1.078413937957378721e-01 2.171343458214494149e-01 2.153403201975976344e-01 2.799747262871576936e-01 2.708033865439603005e-01
1.296197206487444742e+00 3.558255592854472127e+01 1.169413972207493657e-01 1.087079278622908873e-01 2.156777418044555361e-01 2.145725571798493547e-01 2.793129526310593747e-01 2.703201600071594157e-01
1.305422809380593963e+00 3.514005878403592931e+01 1.174244902547840752e-01 1.090315101030014944e-01 2.193805000739317279e-01 2.154001468950568210e-01 2.884189861332444593e-01 2.692378547415330559e-01
1.314648412273742961e+00 3.471422455867729440e+01 1.175735167570266526e-01 1.100232629093440551e-01 2.187093114378129144e-01 2.154634361109799556e-01 2.963951208473503129e-01 2.686536189562502841e-01
1.323874015166892182e+00 3.430441233505123222e+01 1.186312278303987000e-01 1.125249668211196763e-01 2.191202222876924566e-01 2.162075768914846208e-01 2.995450142110414049e-01 2.708132232760860347e-01
1.333099618060040958e+00 3.391093373092671470e+01 1.176098836948540338e-01 1.151585978147409151e-01 2.218468531441359914e-01 2.215823317866636444e-01 3.023123010598638416e-01 2.790959088908167018e-01
1.342325220953190179e+00 3.353336470284457960e+01 1.188708630838632985e-01 1.176368422661653312e-01 2.237310474449998310e-01 2.300399699393125275e-01 3.046096259645381110e-01 2.840061308957544384e-01
1.351550823846339400e+00 3.316790922119737672e+01 1.217525327959521064e-01 1.216098787493322675e-01 2.258196123900617636e-01 2.346350249210260586e-01 3.157409058078712860e-01 2.912494361045787628e-01
1.360776426739488176e+00 3.281738515149356061e+01 1.226327858280669147e-01 1.259279883027701885e-01 2.310552312775229211e-01 2.412384911778246988e-01 3.142027480327911348e-01 3.006017872032629157e-01
1.370002029632637397e+00 3.247766489981420079e+01 1.278894567380604030e-01 1.295934723640357333e-01 2.412411289247415880e-01 2.459659393549742390e-01 3.214273140072592128e-01 3.097134065010820336e-01
1.379227632525786396e+00 3.215069501908209304e+01 1.337712595244298086e-01 1.355307765024917899e-01 2.456625185695244795e-01 2.533058162309131944e-01 3.367626567253623193e-01 3.236558969623111182e-01
1.388453235418935616e+00 3.183315078392025654e+01 1.385693417306512742e-01 1.406803697677290188e-01 2.541418642268205019e-01 2.626255509548016676e-01 3.555641654729164713e-01 3.314041322617065077e-01
1.397678838312084837e+00 3.152436115168005770e+01 1.429726245842957155e-01 1.451680666177743717e-01 2.658323221392393521e-01 2.737750449379490192e-01 3.757651838674043177e-01 3.421779354327405542e-01
1.406904441205233613e+00 3.122030270053242873e+01 1.493539191898065610e-01 1.503751037369021049e-01 2.795313363410230068e-01 2.843497016737224214e-01 3.990247067348100529e-01 3.565495362524693235e-01
1.416130044098382834e+00 3.092111450610928358e+01 1.546597661925197542e-01 1.615833183667803041e-01 2.920414838836400406e-01 2.973014703494918365e-01 4.218405418264197237e-01 3.760948519624207620e-01
1.425355646991532055e+00 3.061616703891705882e+01 1.668785738592468704e-01 1.673194388198808724e-01 3.034789075787998058e-01 3.124893925529903527e-01 4.498736750902239123e-01 4.020885120000734503e-01
1.434581249884680831e+00 3.029982064992816859e+01 1.787922711988016999e-01 1.732852590405329352e-01 3.258550078063144895e-01 3.242842652314266161e-01 4.755487262559867645e-01 4.303102738338360211e-01
1.443806852777830052e+00 2.996257966886466662e+01 1.929614599318938417e-01 1.832684207086927586e-01 3.457511780435424953e-01 3.481768529857767192e-01 5.026144181289851076e-01 4.605154038287793128e-01
1.453032455670979051e+00 2.958616328847669763e+01 2.076137452865651767e-01 1.956600430665140777e-01 3.808740924799174365e-01 3.738479345716818614e-01 5.437877143002829428e-01 4.865031448534153924e-01
1.462258058564128271e+00 2.915369998762381698e+01 2.209124655801701920e-01 2.155311284212260148e-01 4.001546193635547866e-01 4.034020733033614192e-01 5.877356878043933364e-01 5.226035372176411897e-01
1.471483661457277492e+00 2.861722644513233860e+01 2.349508633980441630e-01 2.281491136954372223e-01 4.378206115282594624e-01 4.368202314810645248e-01 6.417146443311985138e-01 5.670675367172393067e-01
1.480709264350426269e+00 2.792562176590647027e+01 2.526309198301959213e-01 2.567149029993380793e-01 4.782191437440204140e-01 4.850369086087233939e-01 6.882922971456615358e-01 6.082712209946130599e-01
1.489934867243575489e+00 2.698408320631296675e+01 2.723224634148380119e-01 2.803780149508234842e-01 5.204796669107345508e-01 5.361429778804840396e-01 7.533280093913639064e-01 6.571165013126822885e-01
1.499160470136724488e+00 2.563944190045245719e+01 2.948554730663630608e-01 3.030587605198711287e-01 5.812140911984933211e-01 5.786799574594745366e-01 8.440898880842127028e-01 7.396814839822454246e-01
1.508386073029873486e+00 2.364855304546567538e+01 3.090421920901000874e-01 3.237141408347383731e-01 6.350970277041128043e-01 6.203619558373354437e-01 9.196217665486159376e-01 8.106934581820475216e-01
1.517611675923022485e+00 2.062151674485119202e+01 3.386327393752104342e-01 3.454564675766533810e-01 6.875199302705574667e-01 6.514467782766679704e-01 9.877049402257860322e-01 8.809740317533965026e-01
1.526837278816171706e+00 1.604437900308142417e+01 3.559510870025626161e-01 3.541623650237077925e-01 7.285690080090816423e-01 6.758397439083836389e-01 9.986359503158119821e-01 9.094737589406935996e-01
1.536062881709320926e+00 9.561220478635700459e+00 3.259205875320745349e-01 3.282008788124919363e-01 7.110966684615718236e-01 6.358508090132950485e-01 9.012113190244654959e-01 8.166777132951530405e-01
1.545288484602469925e+00 2.457732604649469188e+00 2.035403823191379580e-01 1.965002397627326758e-01 4.395206397798192555e-01 3.860515342814498929e-01 5.494129276724577515e-01 4.532860569120091832e-01
1.554514087495618924e+00 7.348164867523916399e-01 1.133101876511977135e-01 8.869628879516988640e-02 2.257064771852210772e-01 1.645012759193127394e-01 3.214076569411981055e-01 2.310754109390881217e-01
1.563739690388767922e+00 1.280976060945851991e+01 4.631232966820064689e-01 4.662704508520967295e-01 9.778580484232612946e-01 9.067090079568647099e-01 1.298951225471491000e+00 1.169295185016713035e+00
1.572965293281917143e+00 3.717868179265956030e+01 7.326263945380873110e-01 7.610195975028162252e-01 1.471386462251288663e+00 1.532351102506112284e+00 1.999011147128889831e+00 2.074498512376102610e+00
1.582190896175066142e+00 6.473704248207329215e+01 8.043161854776741393e-01 8.492444926583644360e-01 1.637289089487182991e+00 1.752950274080291138e+00 2.380350077548811782e+00 2.511971968821008261e+00
1.591416499068215140e+00 8.656432150282608973e+01 7.977503214671060050e-01 7.736518563492325029e-01 1.584810530931264339e+00 1.587494598782953403e+00 2.145798183272802362e+00 2.244735909241981631e+00
1.600642101961364361e+00 8.881741240242138247e+01 1.254005896862238956e+00 1.275713085485492115e+00 2.468607062554255549e+00 2.359477774439440623e+00 3.279638634618208926e+00 3.037516085420278955e+00
1.609867704854513359e+00 6.753985971746014627e+01 1.419463101485803236e+00 1.455857100639889268e+00 2.808875773563315192e+00 2.761125667092358071e+00 3.807864565175464122e+00 3.774116473908755154e+00
1.619093307747662580e+00 4.287228735095938248e+01 1.071604224152558515e+00 1.171896914954288604e+00 2.271097156133194517e+00 2.279505554494967612e+00 3.034091938969581292e+00 2.973497021614967650e+00
1.628318910640811579e+00 2.717877642998242038e+01 8.159603486514370729e-01 7.970699994001364530e-01 1.539834636394726175e+00 1.635177357899355144e+00 2.237995065042426290e+00 2.112828497271106443e+00
1.637544513533960577e+00 1.906210175421259123e+01 5.406933856874651667e-01 5.502917434796827933e-01 1.023912662853678768e+00 1.091281830306705558e+00 1.457551148470916047e+00 1.378129209462400695e+00
1.646770116427109798e+00 1.509765875039212446e+01 3.625739168883850283e-01 3.559371488760838531e-01 6.853026954760164102e-01 7.157348319284064786e-01 9.188774779907404877e-01 8.376685655727733604e-01
1.655995719320258575e+00 1.321464056592732206e+01 2.342685988851247458e-01 2.180277350044477203e-01 4.514575477835816031e-01 4.370110226779093665e-01 5.855732755041209714e-01 5.151349070079103143e-01
1.665221322213407795e+00 1.235820026076715372e+01 1.455284342256604191e-01 1.387431843597557446e-01 2.874683982511143654e-01 2.616946211043131854e-01 3.741948126742933312e-01 3.335766318331661040e-01
1.674446925106557016e+00 1.201161322053648028e+01 9.355863011800202855e-02 7.983833638582460424e-02 1.838911206745184046e-01 1.618273886865306821e-01 2.304541167865998830e-01 2.168109789391294839e-01
1.683672527999706015e+00 1.192799301965983361e+01 6.384848276977095338e-02 5.662051018945923886e-02 1.227369691161150911e-01 1.160252985008476401e-01 1.499604701400443219e-01 1.606483835144967287e-01
1.692898130892855235e+00 1.196993127100174803e+01 5.711450235833837041e-02 5.503705976737549577e-02 1.069075475962879551e-01 1.004097247925894720e-01 1.502162508025168819e-01 1.556595722841933593e-01
1.702123733786004012e+00 1.206953845424634864e+01 5.637889638217963295e-02 6.137596412273893520e-02 1.154683723241856086e-01 1.088777954893487276e-01 1.824326167947596389e-01 1.577749591619497238e-01
1.711349336679153232e+00 1.218984332209560328e+01 6.135580180243138670e-02 6.822749685274942522e-02 1.303038520907247033e-01 1.273934155429916615e-01 2.108528496709478617e-01 1.752064505995072352e-01
1.720574939572302453e+00 1.231073845718208304e+01 6.766350582328684027e-02 7.240486527518541493e-02 1.414276925813719998e-01 1.398380513108588019e-01 2.282581815557271909e-01 1.780694232697523915e-01
1.729800542465451230e+00 1.242584374458531116e+01 7.297207449885689812e-02 7.652325228912104649e-02 1.537218238629467493e-01 1.491414969596647211e-01 2.383205708446460847e-01 1.946570787763199917e-01
1.739026145358600450e+00 1.253089446844619204e+01 7.597250873677729999e-02 7.957728418349852006e-02 1.584673924448303239e-01 1.551704175350820947e-01 2.430485493538228070e-01 2.035784159653442060e-01
1.748251748251749449e+00 1.261941888537580780e+01 8.078349707589183026e-02 8.092136677932870725e-02 1.676620294380697374e-01 1.601809548537325156e-01 2.478757802572761904e-01 2.089206066729314415e-01
1.757477351144898670e+00 1.269555939079155849e+01 8.204582237659785449e-02 8.384182881324164782e-02 1.734289674254494429e-01 1.667876245483661535e-01 2.488875419997285121e-01 2.178568750475360360e-01
1.766702954038047890e+00 1.275542670898748554e+01 8.620358385488380293e-02 8.331331716257039943e-02 1.781301747393992940e-01 1.677005918999086020e-01 2.533939754439771264e-01 2.213898605355542060e-01
1.775928556931196667e+00 1.280381150977401639e+01 8.679262833009282474e-02 8.406107850574073836e-02 1.766469455724255511e-01 1.701763190464600228e-01 2.550661796211191046e-01 2.256001982214925761e-01
1.785154159824345887e+00 1.284012354268721623e+01 8.714258671935759537e-02 8.492183242914386199e-02 1.793810888321125674e-01 1.720351202889975895e-01 2.553688416910198100e-01 2.279783020845762564e-01
1.794379762717494886e+00 1.286419047941132021e+01 8.848182847929919603e-02 8.475428988427147203e-02 1.806337225605449959e-01 1.716522328902954087e-01 2.558550999361610678e-01 2.281286887220019821e-01
1.803605365610643885e+00 1.287889554626599775e+01 8.841816000936475461e-02 8.495801470909469799e-02 1.786803660111768721e-01 1.721212326970249507e-01 2.549334903030793242e-01 2.281594666427864126e-01
1.812830968503793105e+00 1.288490052088736348e+01 8.795506519977358550e-02 8.630364537002144232e-02 1.762326379455636527e-01 1.727473414758069481e-01 2.531263485150230252e-01 2.279365448248196202e-01
1.822056571396942104e+00 1.288268921364524111e+01 8.734803551294589852e-02 8.697226670736313281e-02 1.740858822309654386e-01 1.723613666298540181e-01 2.510218477047292396e-01 2.271656582440133576e-01
1.831282174290091325e+00 1.287199603545192161e+01 8.737506081320489670e-02 8.604752484195721252e-02 1.748134397685241481e-01 1.705146420705414556e-01 2.493500335074330110e-01 2.249144885471103805e-01
1.840507777183240323e+00 1.285565415975155368e+01 8.627899099712088571e-02 8.579808391070109508e-02 1.737396581564958353e-01 1.693820006866815220e-01 2.465519014870700687e-01 2.232576259548899600e-01
