9.225602893149067790e-04 1.141569180087705592e-04 1.632710608694650021e-05 1.670540922174231814e-05 4.010372196059378480e-05 3.050538499372081600e-05 2.739765610460163881e-04 4.146617059552422412e-05
1.014816318246397446e-02 1.169478499711320283e-04 1.674207452985351742e-05 1.710972968790798509e-05 4.108713967301759907e-05 3.122821877435048952e-05 2.846544182263441433e-04 4.247162292203684932e-05
1.937376607561304073e-02 1.197424207475798633e-04 1.714868849071740577e-05 1.753107565546165080e-05 4.205204672842153017e-05 3.195918059779963760e-05 2.958186556178387652e-04 4.348849950796441100e-05
2.859936896876210874e-02 1.226729923390500101e-04 1.755465427472603320e-05 1.798512980711897699e-05 4.304636323688895271e-05 3.273537859423085298e-05 3.076381541109003085e-04 4.456320727662187826e-05
3.782497186191117328e-02 1.257656415657664004e-04 1.803283666253660783e-05 1.846156059463837610e-05 4.409198635272389838e-05 3.355730304311927564e-05 3.202062407109432197e-04 4.569898203592784585e-05
4.705057475506025516e-02 1.290378647180965839e-04 1.850532308218303637e-05 1.894782492327997401e-05 4.520316708184543694e-05 3.442534251159701621e-05 3.336082029125293845e-04 4.689822695987569509e-05
5.627617764820931623e-02 1.325272741044908006e-04 1.899542948336911978e-05 1.947630483146650725e-05 4.637417767610734756e-05 3.535993072185829170e-05 3.479167829665351201e-04 4.818341728840521484e-05
6.550178054135838424e-02 1.362424150261782609e-04 1.952006593713655875e-05 2.003674966945363995e-05 4.762627068341231075e-05 3.635344268089660106e-05 3.632392730349428092e-04 4.954895753363274067e-05
7.472738343450743836e-02 1.401811726803852006e-04 2.010929951708922449e-05 2.060801671756651624e-05 4.899460608163506005e-05 3.738583644549527325e-05 3.797080637441041019e-04 5.097706049007414146e-05
8.395298632765652025e-02 1.444358170641415464e-04 2.069607015269851681e-05 2.126436473362213462e-05 5.042573502634352064e-05 3.852837564659909394e-05 3.973810579063509745e-04 5.254158454544809436e-05
9.317858922080557438e-02 1.489856432506740506e-04 2.133964286892372402e-05 2.193419922384337909e-05 5.197505431772160176e-05 3.973760911835371324e-05 4.164470294375635716e-04 5.420194236753538355e-05
1.024041921139546424e-01 1.538802142467892656e-04 2.200952370786803222e-05 2.261495352282358968e-05 5.363765867347249625e-05 4.103799417536427296e-05 4.370463930081562543e-04 5.598579657666464269e-05
1.116297950071036965e-01 1.591620021460447539e-04 2.272834873121866960e-05 2.339050186757248842e-05 5.543187109871116746e-05 4.244185316162490701e-05 4.593591743515245416e-04 5.790923508229419770e-05
1.208553979002527506e-01 1.648870921902908918e-04 2.348941393262777601e-05 2.426339069119086010e-05 5.736467208908841808e-05 4.397099419600201443e-05 4.835848401302147016e-04 5.999837749750209289e-05
1.300810007934018186e-01 1.711054889162878627e-04 2.430760642733453283e-05 2.519234796705198095e-05 5.945523343163210280e-05 4.563763082375224024e-05 5.099642648943420419e-04 6.227027143519940232e-05
1.393066036865509005e-01 1.778735804220335655e-04 2.520498803245158786e-05 2.621605215834656513e-05 6.171937849520681184e-05 4.745265313626601065e-05 5.387844401434245794e-04 6.474153565849771026e-05
1.485322065796999824e-01 1.852859427888561383e-04 2.624800112462693179e-05 2.734213373769216844e-05 6.416584026891670881e-05 4.945630672568694544e-05 5.703561594596129932e-04 6.745918640777026111e-05
1.577578094728490643e-01 1.934273055833630333e-04 2.735108125970922371e-05 2.859785175064272428e-05 6.682110102961905389e-05 5.167373176609139809e-05 6.050587835513054425e-04 7.045597855936754539e-05
1.669834123659981462e-01 2.023245531508398125e-04 2.861679627996243009e-05 2.992398913158496581e-05 6.979308969680297794e-05 5.405760087753166509e-05 6.434256702016295315e-04 7.369383783909747195e-05
1.762090152591472003e-01 2.121381784309595768e-04 3.005216609370265084e-05 3.138198872584057014e-05 7.307588845670249600e-05 5.668319380975632882e-05 6.859535088331288402e-04 7.725878695315731358e-05
1.854346181522962822e-01 2.230144572340928217e-04 3.164730400272348400e-05 3.300480139635419605e-05 7.671099939874915759e-05 5.959330130422238643e-05 7.332872127897852510e-04 8.120653044217250767e-05
1.946602210454453641e-01 2.351183553526551596e-04 3.340822320625270493e-05 3.482203573502797348e-05 8.075258154522334253e-05 6.283196434212577467e-05 7.862034013090379424e-04 8.559633459672148954e-05
2.038858239385944460e-01 2.486771130533193554e-04 3.530302746446623181e-05 3.694654774666529399e-05 8.524077539210809596e-05 6.647885833250164150e-05 8.456196785394105679e-04 9.052632979771711047e-05
2.131114268317435001e-01 2.639157555778107503e-04 3.743054649862567621e-05 3.936345169705930897e-05 9.027705788032942521e-05 7.057871953268063077e-05 9.127100913689234485e-04 9.606372420408078316e-05
2.223370297248925820e-01 2.811340225727944862e-04 3.980633485965365519e-05 4.205698516487676531e-05 9.595819294513398268e-05 7.521218043404431721e-05 9.888896193000363405e-04 1.023164951000287380e-04
2.315626326180416361e-01 3.007069049367010714e-04 4.250298832757362427e-05 4.502759396871221492e-05 1.024049087282892902e-04 8.048018970080857105e-05 1.075920490626447196e-03 1.094195843165187852e-04
2.407882355111907180e-01 3.230547015737291524e-04 4.562085628394659453e-05 4.838781265094300793e-05 1.098023155218367294e-04 8.646792074845982752e-05 1.176037761432993482e-03 1.175000060513495628e-04
2.500138384043397721e-01 3.487848129558754557e-04 4.922566958961879487e-05 5.221757253925289697e-05 1.183259966082137230e-04 9.334932282782025222e-05 1.292030140649100874e-03 1.267852072588364495e-04
2.592394412974888818e-01 3.786503599682731949e-04 5.337596484918273728e-05 5.663087856413149841e-05 1.282016373430456234e-04 1.013348528967466253e-04 1.427461400985262233e-03 1.375530294203604104e-04
2.684650441906379359e-01 4.137027962670303434e-04 5.812594202600843141e-05 6.187060695455850112e-05 1.396639257797189929e-04 1.107625776163474198e-04 1.586920465011435518e-03 1.502293942048386270e-04
2.776906470837869900e-01 4.551859195592678018e-04 6.368959949083654974e-05 6.826848793092403543e-05 1.531436604197955725e-04 1.219462359493129317e-04 1.776571306676972455e-03 1.652426621377085553e-04
2.869162499769360997e-01 5.045874590088872402e-04 7.071440576540103003e-05 7.557800015490302769e-05 1.693802593686462516e-04 1.350351550216577663e-04 2.004832507720948846e-03 1.829944887051099256e-04
2.961418528700851538e-01 5.643263992842126580e-04 7.926427568492237872e-05 8.450316189386001273e-05 1.889790987955332043e-04 1.508354535001415618e-04 2.282802994003844954e-03 2.044224321502881585e-04
3.053674557632342079e-01 6.375955648390597714e-04 8.990250845652839398e-05 9.543501123432200899e-05 2.129452971185109757e-04 1.703709300709162081e-04 2.626090998754142085e-03 2.306632728324288333e-04
3.145930586563833176e-01 7.289197585454527603e-04 1.026650358635639027e-04 1.088898190859392996e-04 2.426979989480263465e-04 1.947233633558722449e-04 3.056904432786488549e-03 2.633275939461913236e-04
3.238186615495323717e-01 8.449071406737770906e-04 1.189747098130315836e-04 1.262416963945636782e-04 2.802543245428573953e-04 2.256884077366555670e-04 3.607657170895933046e-03 3.047808773218523655e-04
3.330442644426814813e-01 9.960557684954244456e-04 1.396640952791728535e-04 1.498104859447041848e-04 3.280452317951281296e-04 2.664762896339004962e-04 4.326585446426440065e-03 3.591435645695296086e-04
3.422698673358305355e-01 1.196504945546161044e-03 1.680719024159059959e-04 1.810435103772110692e-04 3.919438719273667451e-04 3.198754813937110903e-04 5.290979243699783785e-03 4.306502776917608402e-04
3.514954702289795896e-01 1.472098804832861624e-03 2.063738438729573361e-04 2.241074672993952251e-04 4.783974199025081437e-04 3.935934359724120590e-04 6.623250500139938809e-03 5.291030186049924984e-04
3.607210731221286992e-01 1.863981700033641746e-03 2.624829577132332340e-04 2.840091816583483007e-04 6.007456893193914658e-04 4.979182831673372063e-04 8.533990021676493912e-03 6.684606116733311874e-04
3.699466760152777534e-01 2.449172493898513995e-03 3.446036059777594744e-04 3.754235574552258065e-04 7.790269876518309163e-04 6.553106723539525551e-04 1.139750639501984318e-02 8.770597447838555938e-04
3.791722789084268630e-01 3.368425101311728950e-03 4.731316191165096940e-04 5.194433540729871505e-04 1.068448526990902359e-03 9.066082859628976122e-04 1.593268781323675318e-02 1.203061543527255382e-03
3.883978818015759171e-01 4.901203584005191238e-03 6.991835912399145883e-04 7.532153952819666681e-04 1.548899372959979155e-03 1.315470386255306393e-03 2.359816194682582552e-02 1.739338059784377531e-03
3.976234846947249713e-01 7.642703092487074246e-03 1.090221977293867953e-03 1.188403446111621804e-03 2.386706619956952685e-03 2.056063029239081977e-03 3.740939260682748374e-02 2.697600670120971385e-03
4.068490875878740809e-01 1.255727121830215419e-02 1.821809570243752147e-03 1.950158169031037877e-03 3.946830679080229679e-03 3.390050955138040195e-03 6.276211312500275252e-02 4.405102847652329554e-03
4.160746904810231350e-01 1.921559581038138204e-02 2.742031235725212596e-03 2.964650472923116564e-03 6.034384963061842355e-03 5.191421527508722350e-03 9.882877123407460274e-02 6.801449823802150838e-03
4.253002933741722447e-01 1.977641269927791351e-02 2.763024935013614486e-03 2.938939336969915300e-03 6.384280485172026676e-03 5.237464706457885949e-03 1.064663927632539808e-01 7.126253359576506519e-03
4.345258962673212988e-01 1.296352946466093614e-02 1.816557251316052932e-03 1.909907420398085018e-03 4.222868755194258972e-03 3.471151464234555756e-03 7.202447627740986291e-02 4.752418878294953700e-03
4.437514991604703529e-01 7.444234291474912876e-03 1.043736311732665692e-03 1.099905076545600567e-03 2.415914340422238918e-03 1.988275463722266601e-03 4.219461628375389267e-02 2.732451742568412466e-03
4.529771020536194626e-01 4.459987022955527562e-03 6.212630454280098150e-04 6.551289805582219058e-04 1.439016317809017377e-03 1.190195283128641854e-03 2.566426198607838979e-02 1.637468041436603277e-03
4.622027049467684612e-01 2.857012150261088648e-03 3.976671084618614398e-04 4.211423188512967118e-04 9.242922726736477190e-04 7.616006030054410167e-04 1.673056416899197651e-02 1.047433487009896344e-03
4.714283078399175708e-01 1.945644412332584589e-03 2.679422112884114263e-04 2.880716077097286634e-04 6.293947059788857282e-04 5.164828358383702703e-04 1.159537656266271428e-02 7.131499939390471138e-04
4.806539107330666249e-01 1.390854882442579474e-03 1.916554449170970818e-04 2.062949979554338804e-04 4.494349562380449848e-04 3.692279894349896358e-04 8.440246413851534846e-03 5.099252418521985812e-04
4.898795136262157346e-01 1.033344414942497956e-03 1.424147651153779507e-04 1.541820755040050617e-04 3.329868242881539684e-04 2.744193171480381133e-04 6.385801989875422059e-03 3.792639658697649369e-04
4.991051165193647332e-01 7.911525716764951409e-04 1.095029418060781490e-04 1.182327900858589492e-04 2.539778377736093403e-04 2.105702961044840157e-04 4.983137911688706630e-03 2.905396186986294697e-04
5.083307194125139539e-01 6.209208003162373923e-04 8.610916596486859614e-05 9.306859433705491017e-05 1.979519659414977163e-04 1.658298169850316427e-04 3.986801780534221344e-03 2.282324075881207314e-04
5.175563223056629525e-01 4.971647082983724538e-04 6.898058406396001801e-05 7.471880645049821688e-05 1.576133499143525084e-04 1.329684052272561744e-04 3.255975336193384258e-03 1.828382240561597476e-04
5.267819251988120621e-01 4.049415213719411420e-04 5.601958669435860242e-05 6.086350028174607315e-05 1.275916893947154460e-04 1.082762342458138045e-04 2.705001191347441644e-03 1.490509409563631378e-04
5.360075280919610607e-01 3.345905938756167132e-04 4.599221073628125206e-05 5.031093481818301122e-05 1.047941464932076062e-04 8.976216839947645043e-05 2.280073606253891789e-03 1.232676979047038740e-04
5.452331309851101704e-01 2.799175819164874597e-04 3.840901609535182174e-05 4.209898007712166196e-05 8.749508246827189138e-05 7.517770125901876497e-05 1.945854480822300711e-03 1.032451816599305250e-04
5.544587338782591690e-01 2.366464276789635843e-04 3.254691599258150467e-05 3.561942896069254078e-05 7.413340752676782805e-05 6.354723058199846148e-05 1.678590334363629435e-03 8.736285110452624686e-05
5.636843367714083897e-01 2.019698355829991992e-04 2.775559281985271755e-05 3.042881742458059327e-05 6.338128185730615297e-05 5.423445089941137808e-05 1.461641056248723196e-03 7.464907518683362980e-05
5.729099396645573883e-01 1.737437779693262144e-04 2.396525845627049656e-05 2.618688084536066390e-05 5.470497241351812614e-05 4.644266639651251647e-05 1.283342866734053052e-03 6.425698780308259229e-05
5.821355425577064979e-01 1.506025322262244154e-04 2.080141160774542529e-05 2.277121703889129715e-05 4.753225662410304913e-05 4.031991994793029759e-05 1.135036241760771416e-03 5.575968184835421919e-05
5.913611454508554965e-01 1.314193347383771230e-04 1.814677248161870936e-05 1.989679235683099992e-05 4.160918758040475546e-05 3.525262867993967102e-05 1.010444872575867563e-03 4.871993304453884005e-05
6.005867483440046062e-01 1.154252307921993439e-04 1.596416648939533427e-05 1.754665220956425336e-05 3.651280590040767893e-05 3.096011114744999656e-05 9.047730616980787129e-04 4.288498479964206688e-05
6.098123512371537158e-01 1.019835755617269299e-04 1.392458117935493737e-05 1.566296893110155825e-05 3.205999388672603825e-05 2.730945819541800068e-05 8.144137272426049462e-04 3.801000932930028223e-05
6.190379541303028255e-01 9.053412712172304413e-05 1.225716292663784008e-05 1.403123611152100217e-05 2.831055020956916776e-05 2.418459793334992508e-05 7.366481757397982683e-04 3.383593571806404424e-05
6.282635570234518241e-01 8.073631188453618979e-05 1.084806926605033541e-05 1.258027088245567207e-05 2.511506904517020846e-05 2.151091122901872295e-05 6.692502463082289441e-04 3.025693423224949316e-05
6.374891599166009337e-01 7.225718595882472386e-05 9.773362127869943323e-06 1.131825425096809383e-05 2.242177434122566925e-05 1.916431832393762494e-05 6.105247615650472286e-04 2.712438236980536037e-05
6.467147628097499323e-01 6.493770511475509570e-05 8.749216413037481368e-06 1.018385294170587183e-05 2.008171305531238657e-05 1.723363957456328224e-05 5.590047311991202302e-04 2.442680082424587850e-05
6.559403657028991530e-01 5.855676706374242553e-05 7.906481924428696603e-06 9.194102178215724733e-06 1.807049668953818037e-05 1.561922804426077601e-05 5.136038604401414005e-04 2.206070745791087955e-05
6.651659685960481516e-01 5.295212259377625322e-05 7.229981224985860687e-06 8.289774176592131243e-06 1.635100993684359088e-05 1.417290707873480947e-05 4.734190344174777536e-04 1.995937186830397544e-05
6.743915714891972613e-01 4.809530549985010752e-05 6.534257504224969687e-06 7.593848694019311361e-06 1.478997508587704925e-05 1.295848243648784685e-05 4.376073988894319694e-04 1.817182360187157380e-05
6.836171743823462599e-01 4.378681597605849453e-05 5.954001483128084575e-06 6.940880302242211422e-06 1.345312434364351030e-05 1.185272440343455050e-05 4.056465020862054689e-04 1.656265262614316184e-05
6.928427772754953695e-01 3.995771122101318516e-05 5.471998796630243920e-06 6.319654150691993459e-06 1.229786205113570326e-05 1.080865699893229065e-05 3.770054932524110019e-04 1.511581470944879625e-05
7.020683801686443681e-01 3.658195717588165366e-05 5.011108378415857472e-06 5.741082555846129486e-06 1.125898356106303205e-05 9.886279400746808121e-06 3.512080058808261969e-04 1.384938120411392839e-05
7.112939830617935888e-01 3.360077500155269627e-05 4.601955739050860733e-06 5.262062797795902252e-06 1.028746801704107485e-05 9.085009708114559837e-06 3.278913432391003589e-04 1.274123411403737952e-05
7.205195859549425874e-01 3.092379321925116257e-05 4.256615429677415444e-06 4.824111817645525599e-06 9.506589067079315324e-06 8.384970092849915093e-06 3.067881199775892285e-04 1.173203919733554137e-05
7.297451888480916971e-01 2.853954718318650293e-05 3.935204949233930263e-06 4.452057819924884268e-06 8.774051519288605710e-06 7.770917590729136196e-06 2.876058744400387382e-04 1.083650831893718714e-05
7.389707917412406957e-01 2.639273999427924620e-05 3.701660374108560085e-06 4.110905757833512101e-06 8.130725209142844695e-06 7.208741510619229499e-06 2.701393383787858440e-04 1.002171626958337335e-05
7.481963946343899163e-01 2.451546131357420523e-05 3.452636479630495398e-06 3.848236718461064021e-06 7.487315153206114979e-06 6.753062174579569575e-06 2.541329609805420076e-04 9.338793162472234239e-06
7.574219975275389150e-01 2.277718157824170942e-05 3.229415541646952218e-06 3.573463940478981696e-06 6.975850716886502925e-06 6.291658101878599952e-06 2.395261383502210603e-04 8.673283158652844431e-06
7.666476004206880246e-01 2.122449259404496290e-05 3.042077188596205214e-06 3.333982084075090731e-06 6.525568632392497672e-06 5.888721264212728193e-06 2.261033777772739951e-04 8.086138125740551256e-06
7.758732033138370232e-01 1.984255014022996558e-05 2.854332529721562465e-06 3.140925685594743092e-06 6.083591761899436915e-06 5.543727112351393369e-06 2.137356289442966534e-04 7.574450428548133897e-06
7.850988062069861328e-01 1.857701678938372116e-05 2.701152661734460345e-06 2.949440303253250423e-06 5.701854090420605751e-06 5.192869167944508163e-06 2.023496743357314296e-04 7.094591355563419947e-06
7.943244091001351315e-01 1.742999949381670975e-05 2.551304185094278019e-06 2.779747969476701339e-06 5.359770564141863055e-06 4.862253362749656378e-06 1.918340062626496803e-04 6.657568193530964860e-06
8.035500119932843521e-01 1.639726154563463632e-05 2.371450459002806267e-06 2.615632108905426552e-06 5.044208026781474313e-06 4.566897339739015111e-06 1.820945707474116754e-04 6.267285671791372208e-06
8.127756148864333507e-01 1.545847404116425965e-05 2.218734597132944854e-06 2.472156044369179336e-06 4.761009656905992486e-06 4.301333577950467471e-06 1.730656763000707117e-04 5.910432914609782356e-06
8.220012177795824604e-01 1.460279616886069119e-05 2.104318828894108097e-06 2.322528837463624856e-06 4.505929298117975282e-06 4.046013149848480572e-06 1.646829015508981513e-04 5.582235805617445374e-06
8.312268206727314590e-01 1.383027359918137263e-05 1.989365162364521058e-06 2.202003742937222970e-06 4.259378811226262554e-06 3.822424478002601334e-06 1.568792835936083272e-04 5.288110163581218707e-06
8.404524235658805686e-01 1.312764452197725699e-05 1.888123148847323777e-06 2.092566411308820914e-06 4.045505907891818115e-06 3.617440845199225663e-06 1.496082456963210576e-04 5.019532993884144538e-06
8.496780264590296783e-01 1.248322060309459120e-05 1.797933811169125494e-06 1.980590640280253630e-06 3.867642794437952509e-06 3.433090347502747969e-06 1.428276344103718851e-04 4.769172872324334704e-06
8.589036293521787879e-01 1.189174982275636707e-05 1.719174680907844028e-06 1.882553641093965023e-06 3.712699797157800594e-06 3.293776677710678126e-06 1.364963660882197454e-04 4.535321378330771295e-06
8.681292322453277865e-01 1.136005812600969325e-05 1.649551836822518583e-06 1.804399924136057393e-06 3.565994909287334213e-06 3.174331418577051021e-06 1.305638268370041546e-04 4.328287020278438845e-06
8.773548351384768962e-01 1.087772818782478131e-05 1.587310673907567954e-06 1.725543862545964309e-06 3.432360438482731077e-06 3.067792237583660955e-06 1.250032807233461757e-04 4.140505667787981954e-06
8.865804380316258948e-01 1.044293386075482156e-05 1.515693600221765320e-06 1.654173714024847203e-06 3.305683836310226436e-06 2.972076038086801815e-06 1.197818376865350168e-04 3.972785711488218614e-06
8.958060409247751155e-01 1.004725409978175039e-05 1.467991661245112166e-06 1.586769233537190291e-06 3.191425898449937317e-06 2.866021839841835008e-06 1.148766748306970220e-04 3.819155354532488363e-06
9.050316438179241141e-01 9.686560980994630185e-06 1.424208797823078322e-06 1.529718677528228203e-06 3.090547003581474385e-06 2.767410407660563009e-06 1.102648680947452306e-04 3.677431072686923172e-06
9.142572467110732237e-01 9.361909480154365586e-06 1.374074760747423597e-06 1.480708952435149981e-06 2.997704173205750132e-06 2.679662320710498489e-06 1.059195516703962276e-04 3.550658149591686674e-06
9.234828496042222223e-01 9.059610622540862127e-06 1.337053980511345965e-06 1.418174333483862695e-06 2.918968865456768820e-06 2.591113982439584435e-06 1.018314061264703930e-04 3.426847969105220764e-06
9.327084524973712210e-01 8.787811591638004877e-06 1.308040362264818599e-06 1.370007636183090166e-06 2.841913154456504934e-06 2.511025078230417412e-06 9.797259495846033614e-05 3.315500659619563749e-06
9.419340553905202196e-01 8.544552943740260612e-06 1.280742080008268359e-06 1.326358457751323400e-06 2.770448907553836981e-06 2.439551733800409333e-06 9.432501851666301809e-05 3.216203675625177764e-06
9.511596582836694402e-01 8.331504947057466134e-06 1.252371138707917297e-06 1.298067657085247302e-06 2.706903128506898176e-06 2.379982047524358149e-06 9.087037508737823310e-05 3.131773077616561089e-06
9.603852611768185499e-01 8.137828282450107519e-06 1.233721251551575835e-06 1.272634009039368733e-06 2.660146881758044800e-06 2.322757486574808590e-06 8.760386027268388066e-05 3.052443610533215076e-06
9.696108640699675485e-01 7.975125198180511426e-06 1.209492372233401505e-06 1.250659510904629096e-06 2.609092066819400141e-06 2.280916428029811674e-06 8.449916936912869902e-05 2.990883640204224276e-06
9.788364669631165471e-01 7.826473406430468744e-06 1.186760835591125373e-06 1.226855161492416183e-06 2.569186643943690250e-06 2.254369660130788260e-06 8.156123530028553639e-05 2.930917026328023568e-06
9.880620698562656568e-01 7.693700085894166006e-06 1.166956484164234731e-06 1.209497252122370647e-06 2.536737864267491228e-06 2.229525982119317312e-06 7.877518299440392207e-05 2.875296256896513432e-06
9.972876727494148774e-01 7.579079315438390821e-06 1.146983633896030006e-06 1.194586699811040501e-06 2.508226119878494674e-06 2.209441430532389975e-06 7.612837343907499223e-05 2.826922792130128482e-06
1.006513275642563876e+00 7.481263932475470808e-06 1.124807334266064420e-06 1.175565897411080842e-06 2.483558232324619796e-06 2.185726830754685405e-06 7.361185031817634155e-05 2.785168304231735760e-06
1.015738878535712875e+00 7.399508375643019600e-06 1.110956202454487575e-06 1.162816473676465125e-06 2.462521880095189028e-06 2.156538350296271806e-06 7.121736314703589941e-05 2.749767603332676239e-06
1.024964481428862095e+00 7.327326950244449323e-06 1.106954212639267705e-06 1.148343382608576772e-06 2.450455390938025296e-06 2.125980670372019442e-06 6.894280933821710956e-05 2.714808060836500780e-06
1.034190084322011094e+00 7.271133031197032361e-06 1.100892131823301897e-06 1.137640162126382947e-06 2.440123390277486383e-06 2.101076827270316161e-06 6.677409920818590467e-05 2.687114975897572729e-06
1.043415687215160093e+00 7.230105039568628244e-06 1.095935522612580859e-06 1.124364307122429293e-06 2.431506729092567664e-06 2.081748158393121019e-06 6.470453683491896198e-05 2.666283585722527844e-06
1.052641290108309091e+00 7.206067273351631011e-06 1.089194495937806637e-06 1.122826255233929030e-06 2.422156958199066515e-06 2.077063262302422863e-06 6.272615136360437150e-05 2.654454502692663815e-06
1.061866893001458312e+00 7.193088013870321519e-06 1.085178245100979847e-06 1.125712682537425598e-06 2.417476212570656091e-06 2.063009578502034945e-06 6.083888565767456129e-05 2.649051154243412094e-06
1.071092495894607532e+00 7.189238196539416615e-06 1.082414895496964750e-06 1.123620809711851699e-06 2.432282679759063437e-06 2.072869782463401517e-06 5.903861842546145449e-05 2.655317955454231400e-06
1.080318098787756531e+00 7.198275326246566036e-06 1.080584183098405097e-06 1.123665256801222122e-06 2.460721966500412943e-06 2.086503469052101036e-06 5.731664661565993315e-05 2.666637707903816026e-06
1.089543701680905530e+00 7.219066411540276862e-06 1.077465991563062017e-06 1.129998354812435826e-06 2.492462185543273172e-06 2.102973402729505322e-06 5.566971529739702285e-05 2.682033850379238334e-06
1.098769304574054528e+00 7.251841903695853480e-06 1.086240449719709024e-06 1.137825089594073537e-06 2.512539425959327761e-06 2.105613188170359280e-06 5.409270815940083306e-05 2.701947060859447433e-06
1.107994907467203749e+00 7.288754790709621440e-06 1.104036486012104461e-06 1.132298411496664122e-06 2.532988479907202317e-06 2.102594150835663385e-06 5.258996206196967481e-05 2.718590402488121605e-06
1.117220510360352748e+00 7.342182316217253359e-06 1.113982125542253664e-06 1.136776172870599339e-06 2.551087343852985424e-06 2.111069213013645721e-06 5.114522967294319277e-05 2.744430991879602013e-06
1.126446113253501746e+00 7.407805781327198815e-06 1.117783482259054570e-06 1.156113237453621173e-06 2.571281274246887124e-06 2.122062761540308230e-06 4.975949717300541764e-05 2.775114980546872885e-06
1.135671716146650967e+00 7.482602232162826617e-06 1.121275489897564485e-06 1.167051470038192448e-06 2.596327887097740052e-06 2.138639040705187437e-06 4.843264941156650753e-05 2.807652983835174108e-06
1.144897319039799966e+00 7.570976695829787222e-06 1.130146492599618937e-06 1.182243502181645291e-06 2.622503812324354904e-06 2.163036969128608442e-06 4.715807063085598649e-05 2.846269070183818852e-06
1.154122921932948964e+00 7.659884824019301479e-06 1.151353315274943352e-06 1.203995188426655309e-06 2.663044026614010790e-06 2.179108546447443780e-06 4.594587014117840462e-05 2.877833661702273138e-06
1.163348524826097963e+00 7.769803322081479175e-06 1.167529085719588148e-06 1.220127684242238318e-06 2.697874849022579110e-06 2.210516882799626514e-06 4.477352918758420127e-05 2.922630798741587399e-06
1.172574127719247183e+00 7.890923228686843026e-06 1.185747753851774044e-06 1.240905582434706176e-06 2.733239509591783381e-06 2.245779363493388594e-06 4.364915878937467649e-05 2.970551080672599622e-06
1.181799730612396404e+00 8.026835972069014976e-06 1.203637458529028761e-06 1.260337227483046023e-06 2.771158209872190840e-06 2.286332583140010058e-06 4.256719526751534028e-05 3.024925267790625535e-06
1.191025333505545403e+00 8.167189625847469462e-06 1.232735587021511770e-06 1.273512909319972510e-06 2.833451343786285708e-06 2.321069200384991484e-06 4.153678140583263458e-05 3.074955547380433831e-06
1.200250936398694401e+00 8.324980066226444331e-06 1.263609666473248508e-06 1.306111155521339456e-06 2.888906819786155684e-06 2.363225674471307181e-06 4.054376032418580784e-05 3.133210947214132394e-06
1.209476539291843622e+00 8.498227709338300557e-06 1.300142089999440593e-06 1.333292379789134854e-06 2.948305893491690231e-06 2.409662517043251478e-06 3.958927452157251715e-05 3.197112828231703117e-06
1.218702142184992621e+00 8.693273542897136011e-06 1.332028525276611467e-06 1.368394289203726069e-06 3.008794525348056255e-06 2.465781265942711543e-06 3.866670373830299564e-05 3.272306073387243452e-06
1.227927745078141619e+00 8.897327864751344262e-06 1.358065158159070030e-06 1.406167939673529298e-06 3.104361465001311796e-06 2.518109637414159930e-06 3.778818382518147451e-05 3.345269189489891577e-06
1.237153347971290618e+00 9.123297935373994046e-06 1.395498357522530699e-06 1.439831507730666936e-06 3.203564362185158247e-06 2.578461823686229742e-06 3.694133654007277097e-05 3.427907846738970724e-06
1.246378950864439838e+00 9.374588962623693630e-06 1.424810792353722308e-06 1.481978014720619668e-06 3.305161449266639566e-06 2.649069659661115062e-06 3.612294935137521290e-05 3.522618454395435827e-06
1.255604553757589059e+00 9.646213910575993336e-06 1.471632913830699487e-06 1.527681816263772732e-06 3.416900644456391157e-06 2.723427826347128479e-06 3.533909015120882636e-05 3.623102106047504891e-06
1.264830156650738058e+00 9.943595714349324314e-06 1.524284774751452897e-06 1.577181268512453384e-06 3.532105754570922168e-06 2.805335775135847911e-06 3.458568379019659949e-05 3.733356496791960839e-06
1.274055759543887056e+00 1.027002234664369198e-05 1.579090636973793299e-06 1.628611401327181851e-06 3.647178696074353618e-06 2.896112878132465386e-06 3.386130484232696583e-05 3.854939268389353801e-06
1.283281362437036055e+00 1.062659013098299319e-05 1.637252030762094421e-06 1.690701048224702762e-06 3.771624851366612021e-06 3.004907307527776228e-06 3.316743915999945200e-05 3.986899636649386123e-06
1.292506965330185276e+00 1.100827620349302346e-05 1.702537446238658201e-06 1.747301469045228506e-06 3.915911465052673211e-06 3.104203987720386302e-06 3.251214881731554298e-05 4.121823934982291267e-06
1.301732568223334052e+00 1.141935873653032787e-05 1.790285425946034581e-06 1.792058117453380916e-06 4.081513917727149190e-06 3.205122661332094475e-06 3.189549804435095785e-05 4.261157903555497162e-06
1.310958171116483273e+00 1.188306885415045559e-05 1.874986310455298359e-06 1.859505722448486951e-06 4.251105338968961153e-06 3.327218079545521542e-06 3.129927602441597001e-05 4.424760175955966920e-06
1.320183774009632494e+00 1.239684289532417381e-05 1.965577703101682475e-06 1.938099457873205590e-06 4.422494009725785457e-06 3.478820621417203320e-06 3.073227312895969216e-05 4.606089720222668674e-06
1.329409376902781492e+00 1.296955466968383096e-05 2.062063695223932046e-06 2.031829526406581245e-06 4.602480249841506282e-06 3.656258377979539539e-06 3.019355584968281051e-05 4.809192904223191632e-06
1.338634979795930713e+00 1.361018631290046807e-05 2.156040355132936043e-06 2.135518119794971238e-06 4.800797192742111644e-06 3.854756675047344474e-06 2.968384276043845854e-05 5.037199463446284810e-06
1.347860582689079489e+00 1.432472268687007284e-05 2.239086946601474026e-06 2.257447808955397655e-06 5.025239886686410753e-06 4.073489930857791689e-06 2.920930329614875942e-05 5.289036473198738654e-06
1.357086185582228710e+00 1.512038523953217855e-05 2.366922638324040404e-06 2.368109048552258740e-06 5.285805305396805651e-06 4.310526045185597617e-06 2.877739285855963392e-05 5.563301501791815715e-06
1.366311788475377931e+00 1.602257206259492312e-05 2.486757473008693794e-06 2.509088018323775578e-06 5.578166460822769798e-06 4.557350464310418588e-06 2.838147269340991823e-05 5.874701638036851931e-06
1.375537391368526707e+00 1.704384554598583425e-05 2.631946652042212295e-06 2.675694388555917923e-06 5.915978752372321576e-06 4.819850375534079142e-06 2.803248362549864227e-05 6.222467458751558401e-06
1.384762994261675928e+00 1.820981662410327436e-05 2.814209778292068594e-06 2.860978593559281420e-06 6.306465579713078353e-06 5.117248156587544074e-06 2.773446320717574346e-05 6.617490299639260237e-06
1.393988597154824927e+00 1.956227009619105573e-05 3.023059659193260096e-06 3.078197257583131492e-06 6.749156145137380437e-06 5.492828987329493662e-06 2.748368571697781931e-05 7.124378105457964048e-06
1.403214200047974147e+00 2.112405052110552452e-05 3.270461019961505653e-06 3.299459716109110028e-06 7.274398301691194820e-06 5.954248619802417992e-06 2.730615236504551984e-05 7.702056211494840031e-06
1.412439802941123368e+00 2.294795752053505503e-05 3.564285868777883608e-06 3.559293069982427047e-06 7.871072592234831848e-06 6.444562447259266549e-06 2.721312587708010997e-05 8.370425317058195164e-06
1.421665405834272145e+00 2.511388195817106783e-05 3.883149746904234742e-06 3.900765862976190258e-06 8.585111049181840112e-06 7.013834365099572658e-06 2.720933853018351679e-05 9.165900739682064831e-06
1.430891008727421365e+00 2.770508927514899673e-05 4.273986837872541846e-06 4.314544076852127165e-06 9.434988253253937868e-06 7.715529431061890795e-06 2.732541089218646949e-05 1.011368146891701857e-05
1.440116611620570364e+00 3.087202222593935598e-05 4.754688580437083458e-06 4.834582460219163588e-06 1.029717838550678501e-05 8.570732280057217231e-06 2.756602711793190990e-05 1.128519469684289794e-05
1.449342214513719362e+00 3.473057816911970512e-05 5.378720766191876683e-06 5.428470969074953765e-06 1.157894137206617186e-05 9.613894018428726236e-06 2.803117195258859147e-05 1.268674777183163111e-05
1.458567817406868583e+00 3.954210134124744129e-05 6.149186999123073345e-06 6.149040201971578499e-06 1.298602256840764008e-05 1.082434576431615870e-05 2.854895494491579825e-05 1.444704873283450203e-05
1.467793420300017582e+00 4.564900885878189535e-05 7.042974196892722906e-06 7.090049713006004730e-06 1.492339066740790084e-05 1.228279150369040442e-05 2.930948079765800741e-05 1.669704467724412902e-05
1.477019023193166802e+00 5.356915433561797022e-05 8.254664567245729165e-06 8.292051278977857461e-06 1.740950270050831123e-05 1.439272664729836996e-05 3.047371515685230113e-05 1.961607665580255845e-05
1.486244626086316023e+00 6.403899892890450494e-05 9.812639135133117215e-06 9.930682170407227150e-06 2.046150093501360949e-05 1.715874876005782905e-05 3.226069370009184182e-05 2.345022371963429017e-05
1.495470228979464800e+00 7.835207724084572965e-05 1.194169322942279930e-05 1.211044168683293233e-05 2.450724982582148936e-05 2.105032025793992194e-05 3.791599641223716258e-05 2.873017654289213284e-05
1.504695831872614020e+00 9.837376773097363089e-05 1.495225326637603992e-05 1.530529273206343273e-05 3.076429248114298900e-05 2.648281871892333990e-05 4.702956825706820462e-05 3.611198506563539196e-05
1.513921434765763019e+00 1.273484003098528669e-04 1.888815309489063243e-05 1.981052480007411333e-05 3.932217547102673390e-05 3.444613603972697066e-05 5.760342179435433744e-05 4.691872797208291061e-05
1.523147037658912017e+00 1.694094085544463541e-04 2.505335649404704301e-05 2.630537928426725540e-05 5.153339072808615310e-05 4.582528981707148074e-05 7.292495872796106947e-05 6.237558375347204578e-05
1.532372640552061016e+00 2.303285667567443675e-04 3.328239614422114296e-05 3.531328836020277339e-05 6.967623841584394016e-05 6.230173476447502419e-05 9.873913829592834319e-05 8.473497358108808206e-05
1.541598243445210237e+00 3.110364499913176404e-04 4.435538447661947813e-05 4.678041483229444710e-05 9.306432105744193248e-05 8.410068738880837409e-05 1.343764973268141323e-04 1.145894272173003648e-04
1.550823846338359457e+00 3.892123672148537395e-04 5.553249490308201277e-05 5.872021598386160772e-05 1.218133229196908455e-04 1.061837627759516507e-04 1.721425458629829270e-04 1.446755759027199689e-04
1.560049449231508456e+00 4.065436461305684153e-04 6.040640476291100425e-05 6.055115847491406933e-05 1.312452262762424209e-04 1.099912672388760320e-04 1.874465183324208967e-04 1.529445464002618599e-04
1.569275052124657455e+00 3.426168537209115243e-04 5.041459692619633393e-05 5.161660289640661488e-05 1.122492458309359321e-04 9.249455834237443625e-05 1.594516494777211313e-04 1.309081405916441489e-04
1.578500655017806453e+00 2.508688349942747977e-04 3.744394797457564240e-05 3.831696760505309222e-05 8.323702119566415026e-05 6.793614386939195323e-05 1.160489106296455804e-04 9.681776090496722648e-05
1.587726257910955674e+00 1.755634217086443497e-04 2.618490461519650415e-05 2.670266937689392303e-05 5.816192589711691239e-05 4.709021737497165851e-05 8.203945673909723195e-05 6.796551816585746138e-05
1.596951860804104451e+00 1.242768231242277277e-04 1.801651620565936562e-05 1.919745234094697936e-05 4.022042820322582518e-05 3.348312735026510350e-05 6.277359156851261730e-05 4.828637370591262854e-05
1.606177463697253671e+00 9.022780021141486016e-05 1.317545780671257826e-05 1.366686234215970335e-05 2.898899165273700462e-05 2.462159481060089989e-05 4.943399534374922038e-05 3.496328659472997360e-05
1.615403066590402892e+00 6.773917748530533902e-05 9.876797820003040173e-06 1.037420249734548333e-05 2.151154124235859404e-05 1.846342159477215046e-05 4.214530680654749058e-05 2.621231410067617249e-05
1.624628669483551890e+00 5.248962397825764547e-05 7.676153211431753953e-06 8.149190228245007208e-06 1.643734246205627711e-05 1.417338628333363612e-05 3.691318605888829795e-05 2.030606909448716950e-05
1.633854272376701111e+00 4.178188620090063875e-05 6.104609476776733481e-06 6.389169788409571613e-06 1.349850968149455828e-05 1.121604330199202647e-05 3.311072084879729250e-05 1.613723953897314462e-05
1.643079875269850110e+00 3.400574598385198554e-05 5.085143377625950506e-06 5.084888701528367082e-06 1.087946440087366135e-05 9.200551568769078936e-06 3.030939802722743979e-05 1.306326948499903702e-05
1.652305478162999108e+00 2.832918275744296412e-05 4.237817315842429879e-06 4.238609106890738320e-06 9.038248227390228772e-06 7.749501851495940464e-06 2.807202645369712425e-05 1.085147430160947075e-05
1.661531081056148329e+00 2.405941406132009001e-05 3.649058738934511507e-06 3.605046758450698393e-06 7.765663943216219770e-06 6.649626469469795836e-06 2.628261433719318742e-05 9.189831243649538347e-06
1.670756683949297106e+00 2.075221909213681142e-05 3.192985432758833371e-06 3.117966101095774232e-06 6.799184379837038206e-06 5.762357534993144852e-06 2.485066108783874549e-05 7.859166200848038657e-06
1.679982286842446326e+00 1.816122672981694607e-05 2.818070400772833235e-06 2.704339152666593147e-06 6.028060637899948130e-06 4.938272566145486821e-06 2.366945070295160364e-05 6.736385458904569327e-06
1.689207889735595547e+00 1.612686995285814515e-05 2.513823486797203097e-06 2.402189899605675511e-06 5.374803575125802741e-06 4.354671870814865836e-06 2.265117102532711004e-05 5.946464106508348276e-06
1.698433492628744546e+00 1.448844254288789679e-05 2.270789422514732063e-06 2.138587858149285269e-06 4.876851581750161457e-06 3.841233029719401198e-06 2.178319404229307537e-05 5.307090926062066222e-06
1.707659095521893766e+00 1.317976795681113296e-05 2.054241264903189891e-06 1.943978349354736195e-06 4.446503467828169195e-06 3.498733003959377075e-06 2.094957502990998197e-05 4.804019165975144181e-06
1.716884698415042543e+00 1.209591917586612961e-05 1.879024741881183614e-06 1.779853281461019635e-06 4.096002136491700465e-06 3.214407245903375045e-06 2.020287921669720313e-05 4.375597343669462101e-06
1.726110301308191763e+00 1.120938542957810948e-05 1.739586122798562006e-06 1.641276002314441334e-06 3.797613052591636615e-06 2.984386144143628299e-06 1.953251662764222889e-05 4.026375701311599654e-06
1.735335904201340984e+00 1.047053701998604936e-05 1.623277910597744272e-06 1.526347186453081274e-06 3.550656226889766580e-06 2.786881002368866609e-06 1.893464344653975162e-05 3.765093421948145304e-06
1.744561507094489761e+00 9.856914330175593016e-06 1.531896730470458506e-06 1.438154784879582240e-06 3.338985377013496122e-06 2.623201365453351845e-06 1.839064816110890329e-05 3.549387552620045066e-06
1.753787109987638981e+00 9.344688264836166643e-06 1.445603926149168671e-06 1.368726435045962959e-06 3.175565995497336378e-06 2.488556255534595115e-06 1.789240434222417306e-05 3.357353849756341146e-06
1.763012712880787980e+00 8.919520792411329298e-06 1.356629373344788567e-06 1.306601448596282897e-06 3.039042428465306750e-06 2.386202219403221374e-06 1.742913602360666664e-05 3.191326347475494028e-06
1.772238315773937201e+00 8.558889830203405722e-06 1.287973236630003728e-06 1.260168597676728219e-06 2.928152310182791603e-06 2.280916732126609161e-06 1.700352005161890486e-05 3.048924817215550685e-06
1.781463918667086421e+00 8.247061623846049975e-06 1.247629707792452690e-06 1.209269091064985439e-06 2.829527051870028782e-06 2.224612174573863298e-06 1.661524480479725883e-05 2.930187980091776377e-06
1.790689521560235198e+00 7.986250010985964791e-06 1.191443061055337053e-06 1.173768989831858081e-06 2.731309217173719982e-06 2.146488386190271255e-06 1.624916415201025903e-05 2.834396285530907857e-06
1.799915124453384419e+00 7.752452075195095195e-06 1.163186987861776036e-06 1.128602347359086725e-06 2.661676401723035492e-06 2.067335659028608072e-06 1.591873965555216480e-05 2.739891845083811132e-06
1.809140727346533417e+00 7.557352233179190349e-06 1.130734468492715806e-06 1.101116038603805190e-06 2.610934137414309562e-06 2.003108374617201171e-06 1.560352514283896636e-05 2.662280629467293511e-06
1.818366330239682416e+00 7.388592997568078509e-06 1.103459635476160321e-06 1.075455233851922699e-06 2.571004682945857416e-06 1.959489808207526378e-06 1.530887313592696632e-05 2.592389388733542382e-06
1.827591933132831414e+00 7.254928931740153279e-06 1.082187125456517914e-06 1.059836913686053454e-06 2.527854799493104477e-06 1.938077091840353388e-06 1.501985510361893148e-05 2.541653454267032729e-06
1.836817536025980635e+00 7.136404756342476463e-06 1.064451029977791812e-06 1.036097932395046673e-06 2.503628774273509935e-06 1.905488803160424596e-06 1.475136092306393546e-05 2.492347966751694711e-06
1.846043138919129634e+00 7.037665928223772174e-06 1.047073818078925046e-06 1.018378406262756482e-06 2.471643139663570773e-06 1.872308715372842104e-06 1.449462071164976697e-05 2.450942534958090861e-06
1.855268741812278410e+00 6.962169257660445767e-06 1.027395879188004556e-06 1.006593869860562097e-06 2.441982413214049592e-06 1.850980217317430112e-06 1.424252983573266267e-05 2.419982016102115436e-06
1.864494344705427187e+00 6.901369164722675020e-06 1.003603312713618651e-06 1.000738569259086253e-06 2.416589932691593276e-06 1.834633017654474403e-06 1.400044241355606976e-05 2.390581200211093337e-06
1.873719947598576185e+00 6.849026513156844161e-06 9.866493653113356783e-07 9.983515785955835369e-07 2.398422188547960227e-06 1.818331298399636763e-06 1.377201322993055807e-05 2.364374309893578733e-06
1.882945550491724962e+00 6.802386875668757301e-06 9.798982168995490100e-07 9.979742160551876667e-07 2.388391091204148336e-06 1.800322790001269093e-06 1.355767181503189646e-05 2.343647737697425484e-06
1.892171153384873961e+00 6.765308054097307188e-06 9.736508740799581970e-07 9.980846921619888849e-07 2.381113039118053871e-06 1.785354585442499956e-06 1.335162672046042481e-05 2.326313108035071163e-06
1.901396756278022737e+00 6.741179745126069464e-06 9.664758173941157774e-07 9.914926300184546287e-07 2.371812216033216555e-06 1.777553050737891354e-06 1.314890596294864962e-05 2.316464660215965338e-06
1.910622359171171736e+00 6.720357861374609204e-06 9.675531814745190305e-07 9.859452348032800233e-07 2.368895595624503521e-06 1.761394442893843103e-06 1.295734986601438755e-05 2.305083092179932917e-06
1.919847962064320512e+00 6.714661513318783282e-06 9.581781986475070267e-07 9.874999651569408589e-07 2.359494457034772114e-06 1.755922669282051341e-06 1.276409655004651385e-05 2.304526406615876798e-06
1.929073564957469289e+00 6.709351722926589328e-06 9.544438209830146129e-07 9.885741914476842558e-07 2.357365793904972096e-06 1.745694558515012152e-06 1.258248567156150452e-05 2.299595354252282681e-06
1.938299167850618288e+00 6.709984721903392059e-06 9.521768495465888241e-07 9.930313041729426453e-07 2.356181013667993940e-06 1.738524134916415157e-06 1.240612768417043462e-05 2.296066272861999565e-06
1.947524770743767064e+00 6.712057291540694851e-06 9.532039942524102281e-07 9.935418836123932696e-07 2.365755299172590609e-06 1.730496929931830231e-06 1.223866404668992320e-05 2.290973958723851848e-06
1.956750373636916063e+00 6.723518878963727150e-06 9.498577136018637330e-07 9.956589772246807879e-07 2.375505398465779874e-06 1.731414079672944797e-06 1.207111035731175610e-05 2.292598692056189408e-06
1.965975976530064839e+00 6.734524364231621514e-06 9.518065293045983481e-07 9.954502041447259905e-07 2.390562298096659017e-06 1.726184591241284317e-06 1.191264737182742337e-05 2.291340768357122705e-06
1.975201579423213616e+00 6.746291665787131458e-06 9.569045129367358089e-07 9.960398291681036732e-07 2.409163688675408977e-06 1.725086934855021361e-06 1.176151274157972408e-05 2.288689496991509464e-06
1.984427182316362615e+00 6.751067059832489901e-06 9.706765070888591449e-07 9.865842269726396362e-07 2.430833416914425185e-06 1.719303747742784298e-06 1.162478726785992113e-05 2.277095783201250189e-06
1.993652785209511391e+00 6.773884458234478000e-06 9.730312383601201498e-07 9.954488912515368468e-07 2.434896478310862264e-06 1.729447583882992287e-06 1.147701177255761652e-05 2.281781198340860133e-06
2.002878388102660168e+00 6.798036443036178602e-06 9.762802589366723668e-07 1.004522978127593232e-06 2.440844904405586307e-06 1.739114356045063833e-06 1.133433024353650026e-05 2.286218047444789868e-06
2.012103990995809166e+00 6.827966529440642339e-06 9.774734924133609112e-07 1.007646586975913778e-06 2.443974313728777104e-06 1.752847752345302273e-06 1.119197181080864433e-05 2.294982683925712162e-06
2.021329593888958165e+00 6.858283669982307492e-06 9.782906072624310685e-07 1.013954095424903889e-06 2.449366105348541327e-06 1.754532901950993235e-06 1.105481504683951147e-05 2.302834166482389346e-06
2.030555196782107164e+00 6.892571391014912823e-06 9.790498255401563739e-07 1.025627892799494847e-06 2.453229525863781253e-06 1.765983540477221451e-06 1.091909273727089935e-05 2.313464211223591969e-06
2.039780799675255718e+00 6.926540833454570271e-06 9.819228095113918201e-07 1.040735117732462698e-06 2.459621068006771083e-06 1.775906299711368226e-06 1.078863589054971156e-05 2.322694850345178174e-06
2.049006402568404717e+00 6.957465044059436856e-06 9.892334410440392146e-07 1.043667756481846749e-06 2.471044622614955251e-06 1.781695942672051316e-06 1.066583744624163744e-05 2.331322276208780854e-06
2.058232005461553715e+00 6.992190419234276419e-06 9.944738237705289132e-07 1.049674954938872362e-06 2.480546548267513425e-06 1.790257920508174310e-06 1.054376377758952980e-05 2.347719682530124483e-06
2.067457608354702270e+00 7.027581921383962808e-06 1.000571424549729355e-06 1.053118222077702943e-06 2.491019706318432368e-06 1.798589245183017431e-06 1.042516287950527237e-05 2.363601677902635324e-06
2.076683211247851268e+00 7.065278755460999426e-06 1.008253059083848028e-06 1.057655109116370206e-06 2.500755699474281881e-06 1.808366435458677471e-06 1.030814527303761826e-05 2.380664062274877652e-06
2.085908814141000267e+00 7.099249000843215812e-06 1.016082003520607986e-06 1.055988607790386346e-06 2.515600623462013628e-06 1.813660010527272596e-06 1.019871656258902249e-05 2.388845672057511396e-06
2.095134417034148822e+00 7.137627377914987605e-06 1.022930601275104785e-06 1.059821884323453694e-06 2.527132100773763637e-06 1.822644335640029659e-06 1.008837941070715086e-05 2.399194409409797277e-06
2.104360019927297820e+00 7.176647153672790945e-06 1.029337686483772017e-06 1.064683228408126611e-06 2.545794309568691828e-06 1.831576149386689334e-06 9.980821516252447927e-06 2.415823263005182168e-06
2.113585622820446819e+00 7.219339767354803050e-06 1.033001312507496184e-06 1.077792221959135774e-06 2.561866322713346163e-06 1.843481343721501806e-06 9.872713885679962274e-06 2.439561152971256270e-06
2.122811225713595817e+00 7.261917732708953274e-06 1.039521988387789145e-06 1.082795573305551005e-06 2.579036467365719643e-06 1.854719466747041022e-06 9.767830470883847211e-06 2.460427067655563920e-06
2.132036828606744372e+00 7.304773046923849288e-06 1.049554696727225285e-06 1.087012133560519605e-06 2.596783067451951315e-06 1.867145166210873115e-06 9.665655002529141996e-06 2.477625029630398188e-06
2.141262431499893371e+00 7.347009258336829895e-06 1.060014620224537533e-06 1.092961644108087064e-06 2.616008396964711647e-06 1.885317772006714498e-06 9.566738206588694805e-06 2.493544395872395795e-06
2.150488034393042369e+00 7.390508930521047875e-06 1.069218495279780629e-06 1.107721837208788449e-06 2.633430452141109749e-06 1.904412911173673799e-06 9.469342238536398253e-06 2.510140190635008111e-06
2.159713637286190924e+00 7.434313375863785609e-06 1.073325402870317023e-06 1.113755418702674066e-06 2.642966274484914708e-06 1.918145450001439763e-06 9.374124120748240951e-06 2.526476944751149328e-06
2.168939240179339922e+00 7.480899558165971140e-06 1.075528953618162537e-06 1.117225505810321433e-06 2.665131254223045148e-06 1.937833026376302487e-06 9.278641796697926328e-06 2.545078509305846936e-06
2.178164843072488921e+00 7.530443277808484591e-06 1.079038544139061017e-06 1.123284713447050259e-06 2.683596532378979205e-06 1.960070283221718466e-06 9.182438367375588285e-06 2.566149817592668593e-06
2.187390445965637920e+00 7.578096190242272035e-06 1.084838723479272568e-06 1.130106870890638337e-06 2.700904998678476326e-06 1.980042189127972425e-06 9.090408474833814429e-06 2.584893263678466864e-06
2.196616048858786474e+00 7.623990687562744943e-06 1.097438211102184024e-06 1.137028360691879214e-06 2.720506482476785578e-06 1.997741621037476600e-06 9.002337967843018388e-06 2.601443564444307153e-06
2.205841651751935473e+00 7.673209106821033554e-06 1.103433469839769281e-06 1.157225498211821415e-06 2.737239353188774581e-06 2.018406332141696451e-06 8.912946578263317995e-06 2.620926938851289990e-06
2.215067254645084471e+00 7.719042386176852365e-06 1.112401115406723678e-06 1.160060927453307841e-06 2.757753337345125814e-06 2.031680109522860856e-06 8.829015956949492962e-06 2.636672685980772260e-06
2.224292857538233026e+00 7.762915080490113062e-06 1.123323748077175786e-06 1.159621981120234517e-06 2.780659466665980119e-06 2.041403614102331145e-06 8.748835928055781231e-06 2.650096797146467635e-06
2.233518460431382024e+00 7.810595304846660390e-06 1.129802229429423792e-06 1.162760794607601283e-06 2.800079096182733879e-06 2.054725262804993374e-06 8.666814783632469888e-06 2.667008852651926924e-06
2.242744063324531023e+00 7.862421525010616224e-06 1.132460369022363661e-06 1.171377792057768741e-06 2.815414088136902166e-06 2.072005444093899187e-06 8.582389803294101431e-06 2.687768794037305877e-06
2.251969666217680022e+00 7.913800210473339016e-06 1.135876124664723293e-06 1.180080569422976135e-06 2.831506600012320229e-06 2.088659061522820550e-06 8.500130514606346510e-06 2.707797204256712985e-06
2.261195269110828576e+00 7.964657777656316485e-06 1.140074809769779193e-06 1.190129679858509850e-06 2.848372753569527446e-06 2.104608529603749052e-06 8.420095644166447843e-06 2.727052793932158777e-06
2.270420872003977575e+00 8.014592149880976624e-06 1.145495474493229588e-06 1.199994760676554857e-06 2.866468461623150539e-06 2.119414372326767975e-06 8.342513952076592066e-06 2.745116465269618311e-06
2.279646474897126573e+00 8.064645458652610282e-06 1.151051457452141388e-06 1.210085641143894349e-06 2.884696595031272588e-06 2.134194269027196642e-06 8.266353017935930213e-06 2.763059901056592791e-06
2.288872077790275128e+00 8.114932850098025807e-06 1.156857676479808680e-06 1.220298266554047055e-06 2.896908318058275924e-06 2.149090206860781710e-06 8.191522176339248790e-06 2.781027476491948548e-06
2.298097680683424127e+00 8.167446936715248959e-06 1.160029388381630055e-06 1.232237740225087924e-06 2.906998141512072290e-06 2.166096231712887373e-06 8.115904631331086595e-06 2.801016178056507239e-06
2.307323283576573125e+00 8.218350644432372264e-06 1.162159502993121056e-06 1.234603099813548381e-06 2.918899839296171069e-06 2.181382384812663349e-06 8.043293792108612559e-06 2.819199493032911259e-06
2.316548886469722124e+00 8.267249546054451689e-06 1.169570987086695189e-06 1.238211213824591843e-06 2.933045734599928667e-06 2.194530043015604618e-06 7.974001769765444377e-06 2.835164249481193268e-06
2.325774489362870678e+00 8.319433231235034992e-06 1.174681088811808192e-06 1.243937228196659038e-06 2.944025191174169990e-06 2.210900007821012946e-06 7.902770101788501091e-06 2.856305380809548041e-06
2.335000092256019677e+00 8.371327387576265455e-06 1.185350832875716934e-06 1.253399118804240119e-06 2.955473899694178430e-06 2.226797375507959638e-06 7.833133356814975180e-06 2.880764541824759823e-06
2.344225695149168676e+00 8.424509259766886903e-06 1.196872826452325577e-06 1.263351474154055381e-06 2.966070982829746962e-06 2.243563688722516131e-06 7.762072706054902628e-06 2.906290291043966155e-06
2.353451298042317230e+00 8.476103946551159850e-06 1.208771312778325326e-06 1.270061611916053109e-06 2.977760670893056852e-06 2.259224065205419736e-06 7.696590021477383789e-06 2.930390293211161265e-06
2.362676900935466229e+00 8.527327961134305301e-06 1.214511077166204199e-06 1.275349843551260008e-06 2.992632908022367061e-06 2.274130372001374333e-06 7.631238493060287219e-06 2.953883437970219230e-06
2.371902503828615227e+00 8.579551685495552342e-06 1.219530208560070284e-06 1.280877261257370414e-06 3.000628665608867424e-06 2.293197685462553986e-06 7.565970062791954728e-06 2.978311612066438846e-06
2.381128106721764226e+00 8.629109558678674396e-06 1.227319734240867261e-06 1.282660382112665634e-06 3.022618641296365648e-06 2.313266277970564982e-06 7.504496854102162042e-06 2.999993276999389436e-06
2.390353709614912781e+00 8.677586754270015212e-06 1.236150896306419128e-06 1.284520650014257569e-06 3.047604377228808529e-06 2.322649055402896485e-06 7.445248712210842575e-06 3.020523712691917249e-06
2.399579312508061779e+00 8.727457794023697312e-06 1.247372607521382196e-06 1.293992924271279216e-06 3.071280702316677894e-06 2.334897984807699883e-06 7.385579264501099841e-06 3.042384095028413179e-06
2.408804915401210778e+00 8.776816501737554798e-06 1.260696106191524859e-06 1.304751072686179013e-06 3.095530781520303547e-06 2.343447783520029620e-06 7.327445428032711112e-06 3.063673979751996424e-06
2.418030518294359332e+00 8.826232398055355595e-06 1.273553027084800638e-06 1.309501782475977273e-06 3.119779820760173355e-06 2.354807265636087312e-06 7.270235137673254985e-06 3.084968408382353919e-06
2.427256121187508331e+00 8.877811187820491140e-06 1.280637468536822415e-06 1.316791844569341130e-06 3.141917330416367848e-06 2.370003216389899416e-06 7.211894115378075987e-06 3.108370811766334276e-06
2.436481724080657330e+00 8.930164594829540615e-06 1.283256337381396455e-06 1.325551295040883415e-06 3.163347814710067585e-06 2.385867123401361224e-06 7.153658521483607105e-06 3.132498477168538757e-06
2.445707326973806328e+00 8.982574255841920761e-06 1.292585118397840928e-06 1.333554209778920111e-06 3.184766597648992667e-06 2.401602146559348332e-06 7.096278451321500678e-06 3.156640856449708807e-06
2.454932929866954883e+00 9.035036091704300748e-06 1.301826367333909289e-06 1.341384418439414008e-06 3.206173880934000376e-06 2.417362647162231011e-06 7.039753218600023154e-06 3.180795324037442753e-06
2.464158532760103881e+00 9.087542624506904598e-06 1.310606108635277594e-06 1.349203862952012058e-06 3.227565423976045233e-06 2.433147291184530541e-06 6.984016644453023914e-06 3.204965026433258829e-06
2.473384135653252880e+00 9.140252452842253424e-06 1.319217697453460081e-06 1.357179719459905982e-06 3.248778257273337038e-06 2.449119290898946189e-06 6.928949836814100939e-06 3.229308681628428338e-06
2.482609738546401434e+00 9.192059618807804622e-06 1.328210243571822878e-06 1.364195611331324415e-06 3.270932018777280832e-06 2.464164744784376293e-06 6.875612447251148464e-06 3.252716823548996717e-06
2.491835341439550433e+00 9.243456474252137960e-06 1.337588826212976725e-06 1.370724069058210882e-06 3.293533295704809412e-06 2.478777330998288912e-06 6.823502391529699538e-06 3.275683148524227948e-06
2.501060944332699432e+00 9.294904492005716975e-06 1.346806930597919613e-06 1.377185554352074358e-06 3.315968455525768299e-06 2.493429629479700525e-06 6.772136199082908061e-06 3.298688607192465509e-06
2.510286547225848430e+00 9.344066483148346492e-06 1.354950826183235962e-06 1.383165800768451346e-06 3.276152360118603303e-06 2.501952134810335396e-06 6.723763854008609522e-06 3.319373379312974471e-06
2.519512150118996985e+00 9.394793481624727239e-06 1.363547037291170966e-06 1.391709216489761360e-06 3.292659696887766080e-06 2.511935219260575711e-06 6.674641367455792069e-06 3.341617977433323211e-06
2.528737753012145983e+00 9.445321475591398496e-06 1.374252312053539612e-06 1.396954989549170864e-06 3.318536207037006255e-06 2.522608252369380130e-06 6.626405028521850876e-06 3.363634865910106432e-06
2.537963355905294982e+00 9.495838090565859190e-06 1.385262957951074306e-06 1.401864003182593248e-06 3.344172207507789237e-06 2.531607126131634266e-06 6.578936770092842432e-06 3.385646584272842688e-06
2.547188958798443537e+00 9.548707383390579538e-06 1.395131657280915461e-06 1.410435279978172120e-06 3.367550435067915570e-06 2.543798497063238688e-06 6.529774373216599704e-06 3.409974795167688500e-06
2.556414561691592535e+00 9.600050701814796138e-06 1.407701300601662051e-06 1.419729923348534106e-06 3.392447957526425174e-06 2.556200974115321543e-06 6.482834050065581165e-06 3.432780785846044089e-06
2.565640164584741534e+00 9.651364062292634542e-06 1.417382389196909472e-06 1.429590932394401805e-06 3.417335371253715131e-06 2.573555361381292283e-06 6.436552346921805689e-06 3.455581934556179943e-06
2.574865767477890532e+00 9.700942312479462061e-06 1.430286701926258085e-06 1.437042843293269539e-06 3.441146366117969481e-06 2.589069884868461966e-06 6.392770160225299945e-06 3.476573969427681129e-06
2.584091370371039087e+00 9.753122211617373569e-06 1.440624560580236590e-06 1.443654220710186088e-06 3.451700192805271026e-06 2.607219989704509260e-06 6.346927051503656100e-06 3.500197003905113358e-06
2.593316973264188086e+00 9.807558085263975506e-06 1.448461991002986278e-06 1.456348065670006565e-06 3.459976104124079784e-06 2.627635288185289459e-06 6.299500103003075204e-06 3.526080346025458069e-06
2.602542576157337084e+00 9.859211703646595493e-06 1.459049004290363972e-06 1.462287784605874311e-06 3.471054370335103988e-06 2.645256290410973133e-06 6.255426446361930266e-06 3.549170623053011233e-06
2.611768179050485639e+00 9.909147835963512375e-06 1.471289888082793611e-06 1.465881683196892344e-06 3.483864184422405484e-06 2.662368505075185728e-06 6.213697245365732276e-06 3.570532909194525141e-06
2.620993781943634637e+00 9.959923716047222277e-06 1.482593229181126035e-06 1.470327628017053297e-06 3.500856128415133289e-06 2.680843991517536113e-06 6.171694292865562397e-06 3.592755429388966563e-06
2.630219384836783636e+00 1.001139318287776544e-05 1.475675889816476451e-06 1.475432823305093268e-06 3.526035226863067580e-06 2.695699212847460254e-06 6.129533740026671721e-06 3.615664621923012914e-06
2.639444987729932635e+00 1.006400924987817041e-05 1.482674737770126120e-06 1.481697962465163977e-06 3.550048667030918751e-06 2.714258506353132735e-06 6.086862061811867134e-06 3.639729783605223042e-06
2.648670590623081189e+00 1.011691653892520914e-05 1.490337329582313276e-06 1.488229019480686877e-06 3.573802960258472240e-06 2.733045351298661913e-06 6.044393055655655170e-06 3.664089136529413140e-06
2.657896193516230188e+00 1.016835695422134521e-05 1.501526556996333648e-06 1.493765594576915325e-06 3.598795676255639781e-06 2.745279732151922516e-06 6.003957168380042594e-06 3.686988698442502609e-06
2.667121796409379186e+00 1.021871472658647751e-05 1.513820145916131707e-06 1.500811363616969400e-06 3.612653723510266305e-06 2.756010528410240532e-06 5.965112473783299330e-06 3.708786401407496619e-06
2.676347399302527741e+00 1.026822270593349880e-05 1.526968769276098491e-06 1.507243946461205743e-06 3.610014480018832258e-06 2.766564075835537999e-06 5.948758048849292810e-06 3.729738987443579425e-06
2.685573002195676739e+00 1.032033702701147206e-05 1.537406072683015915e-06 1.513376372544757419e-06 3.630076072904178663e-06 2.777249881396155889e-06 5.983354290580092377e-06 3.753301930167445005e-06
2.694798605088825738e+00 1.037249753616720151e-05 1.548197020547331987e-06 1.525385595411886061e-06 3.650084168550181949e-06 2.787971872266373926e-06 6.017917459330936121e-06 3.776923327186172567e-06
2.704024207981974737e+00 1.042051105242917749e-05 1.563388420924982913e-06 1.531617585384912551e-06 3.674230739730218766e-06 2.794539209786897338e-06 6.056635766494098137e-06 3.796405902632692322e-06
2.713249810875123291e+00 1.047095344880042740e-05 1.574368810438552850e-06 1.539831078073505027e-06 3.695912641094647525e-06 2.806138741454267097e-06 6.092904929074171417e-06 3.818342400539711608e-06
2.722475413768272290e+00 1.052365314321148263e-05 1.584925382130946022e-06 1.551685761871295593e-06 3.715383554335670993e-06 2.824335405876951638e-06 6.126993704816835359e-06 3.842528944828068745e-06
2.731701016661421288e+00 1.057574312067240350e-05 1.595735588617970413e-06 1.558689257222202465e-06 3.735425291952890257e-06 2.841956432454665680e-06 6.161668808171143167e-06 3.866133280711022906e-06
2.740926619554569843e+00 1.062718875456479580e-05 1.607050153658448003e-06 1.566500129769417726e-06 3.756119193583311758e-06 2.858941766415545844e-06 6.197018557568288380e-06 3.889098541966890080e-06
2.750152222447718842e+00 1.067770393745339688e-05 1.618692546261754484e-06 1.569212259065284055e-06 3.777737767174254739e-06 2.875016403130519201e-06 6.233315620735497780e-06 3.911150847719894177e-06
2.759377825340867840e+00 1.072833896642990263e-05 1.629418016927298787e-06 1.571798099229217193e-06 3.799193409369259884e-06 2.891245168398669504e-06 6.269463854841517310e-06 3.933348333075743368e-06
