2.306400723287267349e-02 1.943525371799456640e+17 0.000000000000000000e+00 0.000000000000000000e+00 0.000000000000000000e+00 0.000000000000000000e+00 0.000000000000000000e+00 0.000000000000000000e+00
3.228961012602173802e-02 4.056481922928333125e+14 3.375000000000000000e+00 3.937500000000000000e+00 7.125000000000000000e+00 7.500000000000000000e+00 9.750000000000000000e+00 9.437500000000000000e+00
4.151521301917080603e-02 7.339012828414042969e+12 3.355468750000000000e+00 3.875000000000000000e+00 7.083007812500000000e+00 7.463867187500000000e+00 9.828125000000000000e+00 9.372070312500000000e+00
5.074081591231988098e-02 4.110522231519891357e+11 2.962768554687500000e+00 3.435668945312500000e+00 6.257568359375000000e+00 6.603759765625000000e+00 8.692565917968750000e+00 8.277160644531250000e+00
5.996641880546894204e-02 4.540632265833914948e+10 2.517082214355468750e+00 2.926109313964843750e+00 5.313858032226562500e+00 5.621261596679687500e+00 7.390342712402343750e+00 7.039268493652343750e+00
6.919202169861800311e-02 7.835937864853342056e+09 2.110660552978515625e+00 2.451022148132324219e+00 4.439067840576171875e+00 4.709496498107910156e+00 6.181248664855957031e+00 5.888216972351074219e+00
7.841762459176707112e-02 1.847159212124861479e+09 1.757753133773803711e+00 2.032239198684692383e+00 3.677623510360717773e+00 3.909396409988403320e+00 5.126537561416625977e+00 4.880231142044067383e+00
8.764322748491613913e-02 5.470798274137328863e+08 1.453975677490234375e+00 1.672846913337707520e+00 3.025722622871398926e+00 3.222826957702636719e+00 4.222239375114440918e+00 4.016507148742675781e+00
9.686883037806519325e-02 1.926537618641338944e+08 1.190722703933715820e+00 1.364503771066665649e+00 2.468110918998718262e+00 2.637359380722045898e+00 3.448099613189697266e+00 3.280724644660949707e+00
1.060944332712142474e-01 7.765173179423357546e+07 9.611152857542037964e-01 1.100944936275482178e+00 1.990855932235717773e+00 2.132639318704605103e+00 2.784692138433456421e+00 2.650422647595405579e+00
1.153200361643633154e-01 3.486082605368183553e+07 7.663762271404266357e-01 8.749427497386932373e-01 1.579504430294036865e+00 1.695655815303325653e+00 2.211084745824337006e+00 2.108257114887237549e+00
1.245456390575123834e-01 1.708484122076590359e+07 5.973057672381401062e-01 6.822912395000457764e-01 1.223408553749322891e+00 1.314395859837532043e+00 1.713247388601303101e+00 1.635746080428361893e+00
1.337712419506614514e-01 9.002733106645783409e+06 4.469105675816535950e-01 5.059671290218830109e-01 9.157184492796659470e-01 9.755397792905569077e-01 1.280137272551655769e+00 1.217051394283771515e+00
1.429968448438105333e-01 5.041209138193052262e+06 3.085423000156879425e-01 3.550585899502038956e-01 6.412054821848869324e-01 6.775537552312016487e-01 8.934371946379542351e-01 8.486674726009368896e-01
1.522224477369596152e-01 2.972263307160597295e+06 1.866728360764682293e-01 2.172669060528278351e-01 3.926151487976312637e-01 4.129932601936161518e-01 5.480929142795503139e-01 5.187036553397774696e-01
1.614480506301086971e-01 1.831610003941425122e+06 8.059917646460235119e-02 9.409037488512694836e-02 1.647821799851953983e-01 1.781422428321093321e-01 2.324794083833694458e-01 2.189360798802226782e-01
1.706736535232577512e-01 1.172682576309470925e+06 2.322345599532127380e-02 2.089885156601667404e-02 4.798868345096707344e-02 4.335519089363515377e-02 6.007284042425453663e-02 5.780734703876078129e-02
1.798992564164068331e-01 7.762546800060342066e+05 1.267085586441680789e-01 1.109721377724781632e-01 2.560020576929673553e-01 2.348573418566957116e-01 3.152975115226581693e-01 3.200179404811933637e-01
1.891248593095559150e-01 5.291044505216692341e+05 2.261071130633354187e-01 2.007733688224107027e-01 4.496961077675223351e-01 4.205940330866724253e-01 5.560011817142367363e-01 5.724615082144737244e-01
1.983504622027049968e-01 3.700964264949344797e+05 3.268224731436930597e-01 2.791717415675520897e-01 6.394829534110613167e-01 5.994837417965754867e-01 7.908264410798437893e-01 8.100857331883162260e-01
2.075760650958540787e-01 2.648959108712414745e+05 4.196676292340271175e-01 3.613496607868000865e-01 8.285873756976798177e-01 7.679158798418939114e-01 1.017670939036179334e+00 1.043878377939108759e+00
2.168016679890031329e-01 1.935335570386615873e+05 5.135159573983401060e-01 4.402617161103989929e-01 1.017922641010954976e+00 9.303662276070099324e-01 1.245093959791120142e+00 1.271972055954392999e+00
2.260272708821522147e-01 1.440258018351957726e+05 6.082092205178923905e-01 5.209090946882497519e-01 1.200603498698910698e+00 1.092329292674548924e+00 1.482485645246924832e+00 1.501190122333355248e+00
2.352528737753012689e-01 1.089759872856491420e+05 7.096381690353155136e-01 6.045880074962042272e-01 1.386555603821761906e+00 1.266811669484013692e+00 1.730719021245022304e+00 1.735403664308250882e+00
2.444784766684503230e-01 8.370096468102111248e+04 8.091453837841982022e-01 6.940489623084431514e-01 1.574602519089239649e+00 1.457679518382064998e+00 1.988633369226590730e+00 1.984414870079490356e+00
2.537040795615994049e-01 6.516627921236513066e+04 9.158862157419207506e-01 7.923302213748684153e-01 1.776301683363271877e+00 1.660037338879192248e+00 2.269948289365856908e+00 2.245775336879887618e+00
2.629296824547484590e-01 5.136387858228509140e+04 1.026553742762189358e+00 9.031745754982694052e-01 1.987941104947822168e+00 1.871490373036067467e+00 2.573740055573580321e+00 2.545567060609755572e+00
2.721552853478975686e-01 4.093899564915285009e+04 1.149109165227855556e+00 1.018696321218158118e+00 2.227839914274227340e+00 2.108608118229312822e+00 2.917299307249777485e+00 2.875985527214652393e+00
2.813808882410466228e-01 3.296123290828605968e+04 1.283478452976851258e+00 1.158657704792858567e+00 2.530807562077825423e+00 2.394952880298660602e+00 3.313160806457744911e+00 3.246999998656974640e+00
2.906064911341957324e-01 2.678102676331641851e+04 1.445770638078101911e+00 1.314868621429923223e+00 2.885530393585213460e+00 2.736586473329225555e+00 3.775398823443538276e+00 3.674510069180541905e+00
2.998320940273447865e-01 2.193785139091951351e+04 1.644043913314817473e+00 1.490600314398761839e+00 3.280176767406373983e+00 3.128374305120814824e+00 4.328595582450361690e+00 4.174575368684600107e+00
3.090576969204938407e-01 1.810043568887688889e+04 1.882135934953112155e+00 1.698204090269427979e+00 3.696876339941809420e+00 3.566027388453221647e+00 4.993738452802062966e+00 4.782804617079818854e+00
3.182832998136429503e-01 1.502708159950415029e+04 2.144588105129514588e+00 1.977868628491705749e+00 4.261655606942440500e+00 4.090096018147960422e+00 5.818068172649873304e+00 5.532981052501781960e+00
3.275089027067920044e-01 1.253889920017932673e+04 2.520918717207678128e+00 2.317423041817164631e+00 5.003948094359657262e+00 4.780063809655985096e+00 6.878911114583388553e+00 6.467254242621493177e+00
3.367345055999411141e-01 1.050143134778418971e+04 2.975264972306831623e+00 2.771780878048957675e+00 5.895817006554352702e+00 5.670488325898986659e+00 8.184001528479711851e+00 7.642854012625321047e+00
3.459601084930901682e-01 8.811514802510233494e+03 3.652734858498661197e+00 3.359428131951062824e+00 7.219415176210532081e+00 6.800263162958799512e+00 9.856421765054619755e+00 9.157189299763558665e+00
3.551857113862392223e-01 7.387835041806110894e+03 4.489478702284031897e+00 4.174268614402535604e+00 8.883904509389140003e+00 8.563052004315068189e+00 1.215203766905779048e+01 1.122096005034381960e+01
3.644113142793883320e-01 6.163169366244836965e+03 5.826724191753783089e+00 5.355581956736386928e+00 1.129918703007115255e+01 1.090520633684536733e+01 1.541803237822023220e+01 1.414532474057705258e+01
3.736369171725373861e-01 5.077395373196693981e+03 7.636966694280090451e+00 7.169193650541274110e+00 1.473764340525485750e+01 1.449895928765272402e+01 2.016039547100626805e+01 1.919157112652555952e+01
3.828625200656864958e-01 4.069315862126253251e+03 1.039174784038232247e+01 1.030355482567665604e+01 2.004405830395035082e+01 2.038830924582543958e+01 2.741027744120083298e+01 2.712919151186224553e+01
3.920881229588355499e-01 3.067546246605447323e+03 1.482953562610646259e+01 1.483591310512838390e+01 2.999452049370984241e+01 3.069891350569287169e+01 3.992435292060690699e+01 4.005375124843067169e+01
4.013137258519846040e-01 1.994818167241099900e+03 2.061209750947841712e+01 2.127446508448338136e+01 4.140663861255052325e+01 4.398263704613032132e+01 5.450675575623085933e+01 5.712612753501775842e+01
4.105393287451337136e-01 9.005412914791428420e+02 2.002936106970116725e+01 2.114735239809328959e+01 4.087352664418244785e+01 4.194649336755571767e+01 5.339387357757880181e+01 5.527420326314711474e+01
4.197649316382827678e-01 5.179210277522661272e+02 1.266505783983882338e+01 1.074414319432833054e+01 2.640396530992097723e+01 2.039795869058804101e+01 3.628949619188597353e+01 2.589854312144012738e+01
4.289905345314318219e-01 1.467379674614340274e+03 3.330410971679134491e+01 3.051153317579155555e+01 6.664772836468364403e+01 6.271524086431531941e+01 8.859259465711897974e+01 8.880713330767184743e+01
4.382161374245809315e-01 2.250178937719079840e+03 1.682070715445388487e+01 1.582085795529701500e+01 3.343293011706691686e+01 3.315863263564688168e+01 4.845457882234541103e+01 5.097002012394432313e+01
4.474417403177299857e-01 2.428296827338091134e+03 6.155376541117220768e+00 5.831718001191347867e+00 1.262962827579940495e+01 1.230622510982175299e+01 1.943008817116697173e+01 2.028991833063537342e+01
4.566673432108790953e-01 2.343039161174222500e+03 2.295917837301203690e+00 2.129335419945618924e+00 4.589137172784376162e+00 4.416497573305605329e+00 7.028831097043166665e+00 7.377770002446595754e+00
4.658929461040280939e-01 2.178514237189843243e+03 7.999649237526682555e-01 7.975822914177115308e-01 1.621891090255303425e+00 1.584751390689689288e+00 2.409674422683565354e+00 2.542496852684962505e+00
4.751185489971772036e-01 1.999755060011799742e+03 2.133653427083572751e-01 2.329060643371576589e-01 4.284771071183968161e-01 4.562642348168992612e-01 6.616019205487191357e-01 7.682212414649711718e-01
4.843441518903262577e-01 1.828401314563994674e+03 2.090168212384924118e-02 2.407207355281570926e-02 3.698382030029279122e-02 5.586963419818857801e-02 4.852152925923292059e-02 8.385081759570311988e-02
4.935697547834753673e-01 1.671056399191878882e+03 1.315214377439133386e-01 1.363633568919340178e-01 2.591208981978070369e-01 2.808551608638936159e-01 3.462937927076836786e-01 3.849738736405470263e-01
5.027953576766244215e-01 1.528967772684244210e+03 1.828579367340807948e-01 1.869530905480587535e-01 3.662422216843879141e-01 3.855883584596995206e-01 4.876172438580397284e-01 5.060120794444173953e-01
5.120209605697735311e-01 1.401472523672137186e+03 2.102431248829361721e-01 2.246093228332028957e-01 4.141652389280352509e-01 4.267408076880201406e-01 5.472232581480511726e-01 5.755292412018206960e-01
5.212465634629225297e-01 1.287277960208008608e+03 2.208711537048202445e-01 2.400378126048963168e-01 4.444095875771836290e-01 4.636230777587115881e-01 5.713477083511406818e-01 6.034798196983501839e-01
5.304721663560716394e-01 1.184964001836344778e+03 2.250855472170769644e-01 2.485016365881165257e-01 4.545045869476780354e-01 4.610853819706335344e-01 5.841054413549500168e-01 6.109746320391877816e-01
5.396977692492206380e-01 1.093156668895151597e+03 2.292999129297186300e-01 2.463753379563513590e-01 4.617611722485435166e-01 4.635202213139564265e-01 5.962094390879428829e-01 6.366145160836822470e-01
5.489233721423698587e-01 1.010627895694912581e+03 2.277496528212168414e-01 2.465422087985871258e-01 4.592398540976319055e-01 4.692808159187507044e-01 5.855569865149163888e-01 6.054375272528886853e-01
5.581489750355188573e-01 9.362786528237319317e+02 2.228070870128249226e-01 2.420417194988431220e-01 4.576503871580825944e-01 4.690977924759636153e-01 5.748430255833909541e-01 5.952116734882793025e-01
5.673745779286679669e-01 8.691403799893016640e+02 2.237505150471861270e-01 2.350980831363358448e-01 4.476251246611582246e-01 4.603825473145661817e-01 5.667795067012093568e-01 5.867684891392173085e-01
5.766001808218169655e-01 8.083816887672257963e+02 2.124430469464186899e-01 2.260768389813847534e-01 4.390614536520160982e-01 4.596388028613773713e-01 5.532831778466515971e-01 5.769986709060503927e-01
5.858257837149661862e-01 7.532695905447440055e+02 2.063523848586328313e-01 2.227104534914587930e-01 4.255156221562401697e-01 4.481308561252035361e-01 5.388985480208248191e-01 5.637164092241846447e-01
5.950513866081151848e-01 7.031661676346097920e+02 2.036951113316263218e-01 2.129673727214367318e-01 4.160527689725768141e-01 4.390696889488481247e-01 5.273845364222324861e-01 5.448819486997535932e-01
6.042769895012642944e-01 6.575242852277197017e+02 1.973462157701533215e-01 2.046040989174571223e-01 4.070914081363525838e-01 4.255700811115730176e-01 5.131768567545123005e-01 5.272327498254298916e-01
6.135025923944132931e-01 6.158605261209967239e+02 1.878354051634687494e-01 1.999950572892430500e-01 3.950142414832953364e-01 4.165071743645967217e-01 4.983933395791382281e-01 5.107222853470148038e-01
6.227281952875624027e-01 5.777497289402640490e+02 1.830303098496415259e-01 1.946336715864163125e-01 3.858527782097098680e-01 4.033161188542635500e-01 4.893441369232505167e-01 4.941369389860028605e-01
6.319537981807114013e-01 5.428243670128938447e+02 1.738463501338856076e-01 1.890657554522476858e-01 3.737696271385857472e-01 3.903788203631393117e-01 4.776541747536384719e-01 4.795091890078992947e-01
6.411794010738606220e-01 5.107567048736826791e+02 1.650604766930996448e-01 1.834106420286047978e-01 3.621792905284451081e-01 3.791541922059877834e-01 4.659087878695231666e-01 4.643449618396289225e-01
6.504050039670096206e-01 4.812607967753509683e+02 1.594735686601893576e-01 1.778112693320395010e-01 3.505100819881477037e-01 3.659234803820936577e-01 4.527974593193562214e-01 4.495708614517752721e-01
6.596306068601587302e-01 4.540829487999275216e+02 1.549436987417038836e-01 1.721662558364869255e-01 3.389320749030844127e-01 3.522295212716812784e-01 4.391940853706728376e-01 4.357721478056646447e-01
6.688562097533077289e-01 4.289985128598247002e+02 1.516146697706517443e-01 1.641821023196712304e-01 3.280328433966701596e-01 3.378859463176127065e-01 4.267983470888907505e-01 4.211861880515925805e-01
6.780818126464568385e-01 4.058117025628682768e+02 1.475704308344916171e-01 1.610210592847352018e-01 3.185548420619284116e-01 3.258300531525719634e-01 4.127982286095743802e-01 4.087520427336812645e-01
6.873074155396059481e-01 3.843431292918330655e+02 1.437935161068821799e-01 1.574496090384513991e-01 3.086020346826785499e-01 3.147643483911792828e-01 4.000342094939242088e-01 3.957177976370758188e-01
6.965330184327550578e-01 3.644363875074969883e+02 1.390983534100200814e-01 1.533962673412361255e-01 2.984423170482841670e-01 3.043860959711537362e-01 3.876277258142408755e-01 3.830170622269406522e-01
7.057586213259040564e-01 3.459510939910414322e+02 1.343413194998674953e-01 1.483826060149908699e-01 2.871818433187627306e-01 2.937110665069440074e-01 3.755661862871875201e-01 3.707073092723476293e-01
7.149842242190531660e-01 3.287615022157878002e+02 1.298993152348089097e-01 1.435803118861826988e-01 2.804086303092958588e-01 2.850030021425027371e-01 3.640082118032523795e-01 3.586512446905203433e-01
7.242098271122021647e-01 3.127554266817270445e+02 1.263435331487130497e-01 1.390311927931975333e-01 2.716524288576920299e-01 2.756533611542408835e-01 3.525850819814309034e-01 3.472262749298238305e-01
7.334354300053513853e-01 2.978319658155451748e+02 1.209344740469759927e-01 1.348841196837042844e-01 2.627111385490934481e-01 2.660563389711114723e-01 3.411355860790763472e-01 3.365927732889986146e-01
7.426610328985003839e-01 2.838993365888969151e+02 1.172122130047341670e-01 1.305817822819221874e-01 2.554499583578717647e-01 2.576257182327026385e-01 3.305328756401877399e-01 3.258696325164578411e-01
7.518866357916494936e-01 2.708761723682359843e+02 1.139544607485731831e-01 1.264913693335074640e-01 2.472805272724940551e-01 2.492429174635617528e-01 3.202222582454510302e-01 3.155983302639242538e-01
7.611122386847984922e-01 2.586884853112043174e+02 1.109310220279553505e-01 1.216575861510591494e-01 2.391788405493571190e-01 2.402346525164489321e-01 3.102437038825200943e-01 3.057218614016505853e-01
7.703378415779476018e-01 2.472695872026519055e+02 1.079654257549123031e-01 1.175465762622422972e-01 2.317403218605420534e-01 2.316953804508443682e-01 3.004241187132095092e-01 2.963935778667519116e-01
7.795634444710966005e-01 2.365586819207356370e+02 1.051213337579497420e-01 1.135592272923133805e-01 2.246642144078805359e-01 2.237033679895716887e-01 2.910083662890485812e-01 2.873470289259785204e-01
7.887890473642458211e-01 2.265010817242097119e+02 1.015177180893260811e-01 1.096674263913541836e-01 2.178732904621654143e-01 2.161370613598592172e-01 2.817617099768483513e-01 2.787941840718701769e-01
7.980146502573948197e-01 2.170470988532821366e+02 9.782157022456772211e-02 1.065960812271953273e-01 2.114325012153983607e-01 2.092548205564241925e-01 2.724793066673214526e-01 2.709164516380155874e-01
8.072402531505439294e-01 2.081513970192607985e+02 9.411068050047788347e-02 1.042172062932138488e-01 2.048535304096503751e-01 2.033663545814761164e-01 2.631071943943084079e-01 2.645917968323203695e-01
8.164658560436929280e-01 1.997716536711724302e+02 9.026046479118576826e-02 1.017681731064499218e-01 1.983839813646852690e-01 1.966247339175026809e-01 2.546144987445586594e-01 2.582101604055822008e-01
8.256914589368421487e-01 1.918701217126663039e+02 8.782742599797188632e-02 9.850919502139277029e-02 1.933744354085433770e-01 1.897198255532259736e-01 2.470201431394514202e-01 2.514658963170290917e-01
8.349170618299911473e-01 1.844134509441610703e+02 8.477863850143307900e-02 9.557052677951105579e-02 1.887880208641377067e-01 1.838136688581641920e-01 2.407145957108411949e-01 2.454495445274176291e-01
8.441426647231402569e-01 1.773694936292752686e+02 8.242785984688794088e-02 9.260272155580651088e-02 1.835262034739741921e-01 1.779144658817699565e-01 2.349350593295866929e-01 2.395317909708012394e-01
8.533682676162892555e-01 1.707093184109006927e+02 7.950087942836603361e-02 9.007665592389457743e-02 1.779900075109139834e-01 1.715654188033113314e-01 2.285016100142627238e-01 2.336425785701976565e-01
8.625938705094383652e-01 1.644069708771772014e+02 7.707364989178699943e-02 8.724142682842739305e-02 1.717707313007394987e-01 1.662143269754778885e-01 2.219675146426425272e-01 2.282952718141757487e-01
8.718194734025873638e-01 1.584375309071518814e+02 7.454997151324960214e-02 8.422790109290190230e-02 1.660452810986043914e-01 1.612265634602749742e-01 2.159750158716633450e-01 2.228721954076320344e-01
8.810450762957365844e-01 1.527793757203145617e+02 7.234055359006674735e-02 8.185302626230850365e-02 1.615172966325246762e-01 1.566340780092048135e-01 2.097910290939921651e-01 2.180914509008289315e-01
8.902706791888855831e-01 1.474113427861005334e+02 7.083207634298105404e-02 7.939711614554312291e-02 1.581292754894150221e-01 1.519483305210371782e-01 2.039983847424196028e-01 2.133520596845528416e-01
8.994962820820346927e-01 1.423147239485653017e+02 6.961377292370229952e-02 7.737266149715082975e-02 1.547649922968332703e-01 1.477833955642608998e-01 1.983423371739263530e-01 2.088913059084234192e-01
9.087218849751836913e-01 1.374717789372118943e+02 6.863996301677843803e-02 7.610663696871711181e-02 1.500811734093474570e-01 1.435032538866209961e-01 1.930708748418510368e-01 2.044446467926661626e-01
9.179474878683329120e-01 1.328667718435028746e+02 6.723749867748551878e-02 7.451618175505814179e-02 1.471811871302861618e-01 1.398042975051794201e-01 1.877667152133426498e-01 2.004136891283962996e-01
9.271730907614816886e-01 1.284844635067687761e+02 6.611503490896097901e-02 7.272180793685834033e-02 1.434799173010219420e-01 1.367949975272608754e-01 1.827366083721813084e-01 1.964768555728824140e-01
9.363986936546309092e-01 1.243109394148254410e+02 6.466603796033609797e-02 7.039187704663163458e-02 1.399242669891691548e-01 1.329887392399768942e-01 1.780768719186056614e-01 1.922599659662580507e-01
9.456242965477800189e-01 1.203332741824975614e+02 6.340180060043110188e-02 6.870134039786535141e-02 1.375854789900898822e-01 1.290067498899531984e-01 1.739128010727597484e-01 1.858078539534488982e-01
9.548498994409290175e-01 1.165396451653610939e+02 6.330856973687559730e-02 6.678851444989675201e-02 1.362724598436955148e-01 1.248051742764459959e-01 1.701982592663853211e-01 1.792704997931622302e-01
9.640755023340780161e-01 1.129197130880556017e+02 6.251545087646093180e-02 6.517230874169399613e-02 1.330634617372510320e-01 1.211781114226369027e-01 1.660006990712474817e-01 1.733080786965786046e-01
9.733011052272271257e-01 1.094630209129911407e+02 6.251824473665124060e-02 6.314728800049351776e-02 1.298038680077411300e-01 1.178301190813044741e-01 1.612962145812844028e-01 1.676821269319646035e-01
9.825267081203763464e-01 1.061597259610017545e+02 6.162898182138576431e-02 6.163826679697592681e-02 1.268150049069731722e-01 1.144264166628090607e-01 1.568978868577346475e-01 1.620520145914525756e-01
9.917523110135253450e-01 1.030009062749233806e+02 6.100884844359200088e-02 5.980825732328298727e-02 1.242219835617817125e-01 1.109431237608333731e-01 1.528700532511066967e-01 1.568663053519117057e-01
1.000977913906674344e+00 9.997875482550134052e+01 6.008881659545295406e-02 5.823440577120209127e-02 1.215963070089998155e-01 1.094285087822584046e-01 1.487678036309887375e-01 1.544201814572261355e-01
1.010203516799823564e+00 9.708559762659299963e+01 5.891053721077810224e-02 5.694582846993512248e-02 1.197837442300055955e-01 1.082324673954957461e-01 1.447748968709987594e-01 1.523235793547570438e-01
1.019429119692972563e+00 9.431430206916979841e+01 5.731317405383151709e-02 5.563496361976660864e-02 1.166536978529819635e-01 1.049856129751702838e-01 1.421385248670077317e-01 1.506172314566782688e-01
1.028654722586121562e+00 9.165800070192617000e+01 5.548940464399265693e-02 5.516777230573666202e-02 1.144379934687265177e-01 1.035007352105310474e-01 1.395241171160961358e-01 1.491342557803534419e-01
1.037880325479270560e+00 8.911021428781363340e+01 5.444603208583487230e-02 5.376936635771301098e-02 1.131104334892256702e-01 1.019332826564181005e-01 1.371416482707985551e-01 1.476598029745019858e-01
1.047105928372419781e+00 8.666451731706033002e+01 5.433614797722441381e-02 5.271774630588765831e-02 1.104411028157272767e-01 9.920326351276287369e-02 1.355506801771610981e-01 1.456300054238823805e-01
1.056331531265569001e+00 8.431693690872290858e+01 5.411673649678050424e-02 5.220898060788670136e-02 1.070249485658081312e-01 9.668533164081338782e-02 1.329525472759343074e-01 1.445614667808143849e-01
1.065557134158718000e+00 8.206126858524527279e+01 5.312965709003947268e-02 5.100233750931693066e-02 1.038940682139468663e-01 9.371589725573414853e-02 1.301215737416612228e-01 1.433950505648198259e-01
1.074782737051866999e+00 7.989287929682812717e+01 5.242672258306413369e-02 5.081538546235719878e-02 1.020051417819303197e-01 9.278627978756048833e-02 1.274217330296067985e-01 1.423245903837795368e-01
1.084008339945015997e+00 7.780712109892897388e+01 5.230466949406320509e-02 4.953827013721934236e-02 1.008310388864401830e-01 9.199558651603467752e-02 1.261754091405293821e-01 1.412341456823185126e-01
1.093233942838165218e+00 7.579997608983074997e+01 5.170847732647132489e-02 4.911988018351109986e-02 9.955953741815903868e-02 9.039385207483974227e-02 1.250042167472571464e-01 1.403646082535487949e-01
1.102459545731314217e+00 7.386707118692619645e+01 5.192152743882161303e-02 4.847594755014483781e-02 9.890225075203318283e-02 8.963748890096212563e-02 1.241919836790401632e-01 1.393434544096550098e-01
1.111685148624463215e+00 7.200472939445867837e+01 5.210049834458629903e-02 4.766973548915132142e-02 9.839480134145617285e-02 8.906364891356588487e-02 1.236490946929222901e-01 1.382676467691652533e-01
1.120910751517612436e+00 7.020986307045552621e+01 5.202301997353231400e-02 4.642437534047871850e-02 9.684995785873695695e-02 8.837903683786407782e-02 1.227840301149427660e-01 1.347198443274919555e-01
1.130136354410761435e+00 6.847886239798276620e+01 5.236369131186791037e-02 4.559202584796651081e-02 9.701601930019876363e-02 8.776179526918781448e-02 1.222415760598920542e-01 1.312207422092654951e-01
1.139361957303910433e+00 6.680917956662382551e+01 5.229046267582759810e-02 4.655008314401243297e-02 9.592024201693050145e-02 8.787445341113198083e-02 1.210278750480426879e-01 1.284569096819296874e-01
1.148587560197059654e+00 6.519690971820674008e+01 5.112761494505946303e-02 4.602359993313598352e-02 9.499420723966522928e-02 8.776173560576694399e-02 1.201874262242768054e-01 1.255067647943945985e-01
1.157813163090208652e+00 6.363975293198781458e+01 5.148724318986097614e-02 4.679144387152689433e-02 9.400362285907704063e-02 8.799927901828397125e-02 1.196123530677368763e-01 1.228913635833066564e-01
1.167038765983357873e+00 6.213460207373802291e+01 5.247937364978838559e-02 4.684993029873396608e-02 9.436972854626191065e-02 8.968763787020606060e-02 1.204319707499905689e-01 1.201716131894983164e-01
1.176264368876506872e+00 6.067835586735108677e+01 5.355103813980122140e-02 4.617158125844866845e-02 9.535195889069569830e-02 8.868070521663184991e-02 1.240353162817271482e-01 1.167790268204456083e-01
1.185489971769655870e+00 5.926984058063552396e+01 5.382332813848478281e-02 4.618153406254776883e-02 9.535391720201147336e-02 8.971856875677985954e-02 1.249904369379564173e-01 1.139403712591615658e-01
1.194715574662805091e+00 5.790636675702579339e+01 5.391080815781634783e-02 4.796611605937783906e-02 9.696911457845658333e-02 9.092693463827572486e-02 1.269504776678758162e-01 1.164011236506468094e-01
1.203941177555954090e+00 5.658615631613606212e+01 5.310256237045507532e-02 4.972842245403796824e-02 9.936323610023123365e-02 9.273877690864651413e-02 1.299658628696676033e-01 1.208068115785323471e-01
1.213166780449103088e+00 5.530628113396485901e+01 5.348856788554456898e-02 5.027132979648740729e-02 1.009477182595972522e-01 9.428585674257305982e-02 1.335800304905561120e-01 1.249991193030481895e-01
1.222392383342252087e+00 5.406573743962849932e+01 5.308916757621062743e-02 5.054952147434477183e-02 1.007228257561934015e-01 9.653047718158092039e-02 1.368405803424153078e-01 1.299586232700917776e-01
1.231617986235401307e+00 5.286185294008706137e+01 5.408828906299589789e-02 5.205052009760890996e-02 1.014476342040140366e-01 9.825561989541853336e-02 1.387839948192777229e-01 1.349100273945964545e-01
1.240843589128550528e+00 5.169240982031777776e+01 5.590207683877679301e-02 5.252173650231384272e-02 1.053959027959834316e-01 9.992065508136960261e-02 1.411675222825437004e-01 1.378631051361907112e-01
1.250069192021699527e+00 5.055651762922513370e+01 5.626728637628986007e-02 5.309682625513545418e-02 1.081352988780892588e-01 1.022072642498699224e-01 1.435718762283642036e-01 1.383719068528463936e-01
1.259294794914848525e+00 4.945281981980576802e+01 5.649142108174487475e-02 5.602785272542121220e-02 1.099777334587841437e-01 1.049014451193244213e-01 1.457130735527556453e-01 1.395166456482286321e-01
1.268520397807997524e+00 4.837874170266078977e+01 5.812067373305751516e-02 5.682368575448037973e-02 1.125672311661887193e-01 1.074240917712501187e-01 1.485903906896126614e-01 1.435861056948581904e-01
1.277746000701146745e+00 4.733355971388365191e+01 5.899949834972062490e-02 5.977421981497599290e-02 1.136419303134701408e-01 1.097695907781641722e-01 1.514108537525729048e-01 1.484353767881501085e-01
1.286971603594295521e+00 4.631494230677672874e+01 6.029317721531413099e-02 6.048079357168489878e-02 1.165964240920871475e-01 1.112096431482569869e-01 1.571297657605938980e-01 1.530460607164769726e-01
1.296197206487444742e+00 4.532302994412712849e+01 6.123835009351807912e-02 6.398671203909600536e-02 1.207516965489574545e-01 1.138739303901132871e-01 1.622837360558904152e-01 1.590295807236898895e-01
1.305422809380593963e+00 4.435487126368634847e+01 6.384588604790053523e-02 6.654916890757789361e-02 1.242113045171393537e-01 1.162395669656532959e-01 1.683426540907149160e-01 1.632216081347692693e-01
1.314648412273742961e+00 4.341018552492363369e+01 6.568952829876195665e-02 7.025110776234555487e-02 1.269361743657242414e-01 1.202283559596040163e-01 1.742737468919841604e-01 1.706347133584884546e-01
1.323874015166892182e+00 4.248688832601951049e+01 6.694415760439653695e-02 7.217207249074419906e-02 1.304254665710047334e-01 1.251894280264309600e-01 1.794971917455256971e-01 1.782931840327037776e-01
1.333099618060040958e+00 4.158384648765860447e+01 6.899639608430163662e-02 7.410377172175941496e-02 1.344367785536562110e-01 1.304540363314430351e-01 1.835732231441440376e-01 1.858941065877317556e-01
1.342325220953190179e+00 4.069986916604330673e+01 7.255676177766190449e-02 7.722955167923117870e-02 1.399178333415562747e-01 1.362905244645489233e-01 1.881434302037447992e-01 1.937383972813506716e-01
1.351550823846339400e+00 3.983402035802119201e+01 7.573210658028983744e-02 8.053730828209637593e-02 1.447196382130613301e-01 1.422582517266093305e-01 1.929814929835700354e-01 2.024105106617426486e-01
1.360776426739488176e+00 3.898488317945204074e+01 8.023042182689010815e-02 8.482775371169282153e-02 1.507123652227519983e-01 1.494821715562579811e-01 1.983891319409778475e-01 2.117287937229903605e-01
1.370002029632637397e+00 3.815168331932409274e+01 8.302877704786482127e-02 8.916524602688724599e-02 1.557483126538627971e-01 1.576065259105305927e-01 2.040832482624779232e-01 2.221146191341674125e-01
1.379227632525786396e+00 3.733209230498221842e+01 8.841749004631083153e-02 9.264778740053003503e-02 1.643026143638266490e-01 1.663458019806469679e-01 2.163017374713973595e-01 2.323810288416296999e-01
1.388453235418935616e+00 3.652637159565993130e+01 9.375896110363868274e-02 9.678988812334665681e-02 1.739742620597084510e-01 1.750754009569632785e-01 2.296243985050665515e-01 2.438518156822269134e-01
1.397678838312084837e+00 3.573503295759964260e+01 9.727519184099975291e-02 1.038036046973687121e-01 1.832672800228678511e-01 1.850047781407795355e-01 2.428039731529665346e-01 2.579808001972523357e-01
1.406904441205233613e+00 3.495373837204513734e+01 1.033909722821775290e-01 1.078860592720189970e-01 1.927130892515123151e-01 1.970788766310818119e-01 2.598121055936104540e-01 2.711854957224417717e-01
1.416130044098382834e+00 3.418546752579672443e+01 1.092476079038959824e-01 1.142778025717632318e-01 2.053102293676403178e-01 2.097402694732650730e-01 2.776757236133633455e-01 2.869086150166495486e-01
1.425355646991532055e+00 3.342979630210742670e+01 1.151135443140489656e-01 1.231547446521616962e-01 2.167336377264632574e-01 2.243475094322349150e-01 2.973884184738153635e-01 3.047269638984246853e-01
1.434581249884680831e+00 3.268746670257003473e+01 1.238652382773679506e-01 1.319633100145694016e-01 2.310064812333791906e-01 2.398783239866801864e-01 3.173627481334833078e-01 3.246484675042111689e-01
1.443806852777830052e+00 3.195954131646789875e+01 1.343565165806737127e-01 1.411537671056848353e-01 2.496685084013847700e-01 2.560182040626877153e-01 3.367161600410639721e-01 3.522760418572516983e-01
1.453032455670979051e+00 3.124997619135547211e+01 1.458563398968593106e-01 1.502152709094666250e-01 2.728645577407000644e-01 2.755290428910903699e-01 3.589214836527112595e-01 3.837887866155291761e-01
1.462258058564128271e+00 3.056875250203330552e+01 1.600858181357196486e-01 1.622423972933759728e-01 2.965554229840172695e-01 2.951266764902591433e-01 3.813336707789289903e-01 4.216072826768559878e-01
1.471483661457277492e+00 2.992731963584724753e+01 1.710698276203501678e-01 1.767946103763478050e-01 3.270713053968634654e-01 3.213073279920024561e-01 4.155462334387003409e-01 4.570786972892015854e-01
1.480709264350426269e+00 2.934693399832218930e+01 1.842097758111300720e-01 1.992172030243608560e-01 3.560405808635387359e-01 3.526815860881278297e-01 4.580051071668407303e-01 4.975359557361294094e-01
1.489934867243575489e+00 2.886161069651032562e+01 2.063296129201219742e-01 2.166882836366745835e-01 3.873399325598256837e-01 3.924317453905423747e-01 5.089815823386416582e-01 5.410987171158438969e-01
1.499160470136724488e+00 2.853305702450131776e+01 2.336051787629678245e-01 2.340679753188581458e-01 4.498729054139332106e-01 4.390307028675088930e-01 5.730065419720951070e-01 6.098514984474867617e-01
1.508386073029873486e+00 2.847024654070312266e+01 2.599080914095353023e-01 2.558123761813426711e-01 5.077877168217774795e-01 5.128751039885095508e-01 6.523138702771547059e-01 7.060737687423959130e-01
1.517611675923022485e+00 2.884768210066349781e+01 3.034923937068221278e-01 3.007122806322932718e-01 5.956324426983954368e-01 5.930568260552497861e-01 7.462213606494003670e-01 8.321312826541920060e-01
1.526837278816171706e+00 2.992831707253466789e+01 3.372095902787108912e-01 3.556193944490999570e-01 7.005775127430240445e-01 6.835693225269103834e-01 9.034738991230000238e-01 9.707013757473141879e-01
1.536062881709320926e+00 3.196691070024812831e+01 3.891679158160599172e-01 3.913689346053246254e-01 7.839885588720605369e-01 7.758252196086132813e-01 1.003351472876460093e+00 1.046075424596626391e+00
1.545288484602469925e+00 3.464028495702309840e+01 3.686842295421683957e-01 4.008342898142842614e-01 7.462546658271307365e-01 7.538602122442839004e-01 1.006902176369813162e+00 1.027549989541135744e+00
1.554514087495618924e+00 3.565553170345456380e+01 3.443420646563453147e-01 3.577575178621330565e-01 6.798996661531333530e-01 6.887771048261015494e-01 9.486484865647071274e-01 8.403562193385880619e-01
1.563739690388767922e+00 3.159608418698766030e+01 4.514056648298918617e-01 4.175117685058040706e-01 8.074010013765544613e-01 8.420657818528063387e-01 1.158636721080462451e+00 1.122306082061346189e+00
1.572965293281917143e+00 2.307242018398895311e+01 4.590730718454523185e-01 4.393260104252263432e-01 8.684542671175456974e-01 8.370600915838259937e-01 1.218403849916978032e+00 1.211681492498463797e+00
1.582190896175066142e+00 1.438385568923647639e+01 3.096101610371491120e-01 3.058123530009577706e-01 6.549160758985212993e-01 5.707986752535170183e-01 8.975324566545186400e-01 8.161437877498762816e-01
1.591416499068215140e+00 1.016208946891970122e+01 1.804976802443380990e-01 1.756269644987753509e-01 3.486538084411225924e-01 3.944379286509711591e-01 4.957342657868544222e-01 4.913624344129576826e-01
1.600642101961364361e+00 1.469647197320801624e+01 4.065409288483010641e-01 3.371405104282896303e-01 7.668701524828893668e-01 6.877289141329150368e-01 9.832570947030827568e-01 9.342603295383806739e-01
1.609867704854513359e+00 2.560765113793465986e+01 3.604821883626350143e-01 3.551415056301117090e-01 6.978033142464141747e-01 6.880062975867957675e-01 9.013503300222289738e-01 9.177730572708213685e-01
1.619093307747662580e+00 3.416123148859028902e+01 2.797954589952027504e-01 2.663516433148274132e-01 5.518362459165473410e-01 5.453108752574991058e-01 8.029894382337161574e-01 7.608506163747392748e-01
1.628318910640811579e+00 3.783105288538629196e+01 1.918651918800051703e-01 1.851812975258866345e-01 3.602135285414931332e-01 3.748847101148342631e-01 5.472133361134439156e-01 5.290205500384175252e-01
1.637544513533960577e+00 3.852640365276702994e+01 1.350540613561719283e-01 1.266396891883871945e-01 2.349773072033300991e-01 2.558720078581160351e-01 3.355882373415752795e-01 3.609182604246825576e-01
1.646770116427109798e+00 3.795849963892720780e+01 1.114117571720072419e-01 1.215106884023455791e-01 2.230244902742484214e-01 2.292522880581202571e-01 2.989603291269133933e-01 3.373829065872229194e-01
1.655995719320258575e+00 3.693988056516234053e+01 1.164672642095325727e-01 1.262189989536111057e-01 2.351349880363144962e-01 2.648346640909835514e-01 3.138665094152415236e-01 3.386884617993644042e-01
1.665221322213407795e+00 3.581114797072788747e+01 1.231468161517170756e-01 1.286518891620929139e-01 2.491164093041717820e-01 2.795296597543810435e-01 3.084670745502364753e-01 3.863775829747311263e-01
1.674446925106557016e+00 3.470551467117266498e+01 1.282935651427976609e-01 1.297815557555992427e-01 2.527257131605011864e-01 2.824834558525850525e-01 3.299747464038418343e-01 3.867891509536960370e-01
1.683672527999706015e+00 3.366965158043150552e+01 1.298966390824318751e-01 1.339025320975650857e-01 2.522387203142884005e-01 2.759308185930819945e-01 3.375226610578394570e-01 3.796767673244687558e-01
1.692898130892855235e+00 3.271351495586085889e+01 1.294266167491286978e-01 1.340133588797840503e-01 2.537608259208283812e-01 2.706610635549893118e-01 3.372161153229811248e-01 3.807801154507117758e-01
1.702123733786004012e+00 3.183401500166661435e+01 1.290331100435828660e-01 1.292993122471877143e-01 2.530937447094601112e-01 2.648511606701298149e-01 3.360493834846423056e-01 3.758018751589133899e-01
1.711349336679153232e+00 3.102656234427537285e+01 1.264588963507620178e-01 1.245049266351507811e-01 2.458109892478752556e-01 2.575964019277812156e-01 3.324886766270758187e-01 3.678664828239313067e-01
1.720574939572302453e+00 3.028355405604042971e+01 1.222482270115712311e-01 1.231899745396241030e-01 2.370435555642131931e-01 2.511559804361915837e-01 3.244351937653853213e-01 3.543344123919673905e-01
1.729800542465451230e+00 2.959594727192749275e+01 1.176881988913791588e-01 1.199440256515345027e-01 2.266683641396127769e-01 2.433376101502489064e-01 3.144349662279140034e-01 3.397159105780360733e-01
1.739026145358600450e+00 2.895695125025439154e+01 1.136097314329767016e-01 1.177328881386756620e-01 2.193965629788436900e-01 2.332405271206745567e-01 3.016859735575678769e-01 3.295799415165951984e-01
1.748251748251749449e+00 2.836132819848905484e+01 1.088798126095191776e-01 1.148892608522551484e-01 2.120849653657437273e-01 2.247678174204423840e-01 2.889991860595522155e-01 3.206690520631738650e-01
1.757477351144898670e+00 2.780218392000567462e+01 1.056457661984495644e-01 1.120043671937231977e-01 2.058578436831624003e-01 2.157890519527256856e-01 2.797085611608984834e-01 3.108123955968871144e-01
1.766702954038047890e+00 2.727713780246763164e+01 1.021147236155464100e-01 1.093028641361009079e-01 1.989335814633257371e-01 2.106747375950455137e-01 2.703775668934156329e-01 3.021650756272507010e-01
1.775928556931196667e+00 2.678153342668647241e+01 9.786443007114442594e-02 1.058581795071198428e-01 1.923921661227403490e-01 2.059054124440926614e-01 2.614152119412977981e-01 2.938906633438271854e-01
1.785154159824345887e+00 2.631168984937870192e+01 9.431511718340956918e-02 1.029843260270517646e-01 1.866917892393544776e-01 2.007727953422637768e-01 2.533292908040394309e-01 2.855357363223767209e-01
1.794379762717494886e+00 2.586543491210016299e+01 9.160152733367965538e-02 1.002547078651438994e-01 1.811644534119842831e-01 1.950533445191986459e-01 2.455676924047409670e-01 2.776667829912504715e-01
1.803605365610643885e+00 2.544060921816600285e+01 8.851136548412696925e-02 9.770487294160545844e-02 1.756309052428193240e-01 1.898711662521961330e-01 2.379442827936451010e-01 2.704595701925178730e-01
1.812830968503793105e+00 2.503421185555052375e+01 8.585061783031378013e-02 9.484807642761339253e-02 1.710737075020496434e-01 1.847321708429170428e-01 2.308558558016997608e-01 2.629145984400516056e-01
1.822056571396942104e+00 2.464522490229397889e+01 8.392179261185361838e-02 9.213036113007433414e-02 1.667614910388053318e-01 1.800291838171581560e-01 2.241692208900900596e-01 2.557383435920321801e-01
1.831282174290091325e+00 2.427264027403852253e+01 8.112169804474334001e-02 8.989311015956857887e-02 1.621795577858016202e-01 1.748529977122252888e-01 2.173780118340609135e-01 2.494162490850300173e-01
1.840507777183240323e+00 2.391467486585988667e+01 7.924175668998145738e-02 8.794042562849924138e-02 1.583387332932240099e-01 1.700764104049490300e-01 2.109176155493273086e-01 2.434654587229267975e-01
