2.306400723287267349e-02 1.943525371799455680e+17 9.600000000000000000e+01 -3.200000000000000000e+01 9.600000000000000000e+01 0.000000000000000000e+00 9.600000000000000000e+01 0.000000000000000000e+00
3.228961012602173802e-02 4.056481922927719375e+14 3.081250000000000000e+01 3.143750000000000000e+01 6.118750000000000000e+01 5.750000000000000000e+01 8.431250000000000000e+01 7.318750000000000000e+01
4.151521301917080603e-02 7.339012828353025391e+12 3.053710937500000000e+01 3.120605468750000000e+01 6.072558593750000000e+01 5.710937500000000000e+01 8.375390625000000000e+01 7.276074218750000000e+01
5.074081591231988098e-02 4.110522230980240479e+11 2.696319580078125000e+01 2.755279541015625000e+01 5.360314941406250000e+01 5.042352294921875000e+01 7.391632080078125000e+01 6.425152587890625000e+01
5.996641880546894204e-02 4.540632261246746063e+10 2.288047027587890625e+01 2.337935638427734375e+01 4.547350311279296875e+01 4.278596496582031250e+01 6.269296264648437500e+01 5.452770996093750000e+01
6.919202169861800311e-02 7.835937826500133514e+09 1.909678077697753906e+01 1.951187705993652344e+01 3.794228935241699219e+01 3.570990371704101562e+01 5.229873180389404297e+01 4.551445960998535156e+01
7.841762459176707112e-02 1.847159180342105389e+09 1.579731416702270508e+01 1.613938379287719727e+01 3.137691044807434082e+01 2.954088211059570312e+01 4.323951792716979980e+01 3.765332412719726562e+01
8.764322748491613913e-02 5.470798012600831985e+08 1.297557282447814941e+01 1.325518429279327393e+01 2.576373600959777832e+01 2.426457369327545166e+01 3.549581456184387207e+01 3.092921912670135498e+01
9.686883037806519325e-02 1.926537405134486854e+08 1.057170540094375610e+01 1.079807120561599731e+01 2.098320958018302917e+01 1.976920077204704285e+01 2.890220355987548828e+01 2.519983685016632080e+01
1.060944332712142474e-01 7.765171455591650307e+07 8.514543771743774414e+00 8.698680117726325989e+00 1.690001876652240753e+01 1.592800396680831909e+01 2.327168482542037964e+01 2.030374366044998169e+01
1.153200361643633154e-01 3.486081235772714764e+07 6.744897209107875824e+00 6.893917150795459747e+00 1.339114503562450409e+01 1.262565620988607407e+01 1.843432341516017914e+01 1.609404736012220383e+01
1.245456390575123834e-01 1.708483060326389968e+07 5.212179426103830338e+00 5.330376930534839630e+00 1.035249385982751846e+01 9.764531977474689484e+00 1.424636381864547729e+01 1.244639369100332260e+01
1.337712419506614514e-01 9.002725191874798387e+06 3.873304046690464020e+00 3.964062109589576721e+00 7.698329728096723557e+00 7.264533217996358871e+00 1.058942896872758865e+01 9.258329039439558983e+00
1.429968448438105333e-01 5.041203613442790695e+06 2.692953927442431450e+00 2.759024388156831264e+00 5.358618752099573612e+00 5.061055230908095837e+00 7.366840345785021782e+00 6.446144767105579376e+00
1.522224477369596152e-01 2.972259921458076686e+06 1.643028884194791317e+00 1.684029486496001482e+00 3.276086420752108097e+00 3.098644994664937258e+00 4.499549984931945801e+00 3.941458590794354677e+00
1.614480506301086971e-01 1.831608552937848261e+06 7.007877314463257790e-01 7.174685804639011621e-01 1.403577434131875634e+00 1.328480719821527600e+00 1.922492731362581253e+00 1.687862788327038288e+00
1.706736535232577512e-01 1.172682894656690769e+06 1.563968700356781483e-01 1.472069327719509602e-01 2.886556647717952728e-01 3.086809997912496328e-01 3.637380928266793489e-01 4.175525584723800421e-01
1.798992564164068331e-01 7.762566357973740669e+05 9.652393292635679245e-01 9.353353530168533325e-01 1.773596004117280245e+00 1.862194545450620353e+00 2.247113901888951659e+00 2.568942307843826711e+00
1.891248593095559150e-01 5.291079426755021559e+05 1.716947371256537735e+00 1.668445506482385099e+00 3.150169466855004430e+00 3.316989865968935192e+00 4.001701460336335003e+00 4.568135584588162601e+00
1.983504622027049968e-01 3.701013837938996730e+05 2.425637545413337648e+00 2.359540496428962797e+00 4.446323371084872633e+00 4.687447265372611582e+00 5.655563075211830437e+00 6.450340188574045897e+00
2.075760650958540787e-01 2.649022793514091172e+05 3.102852057432755828e+00 3.017445771314669400e+00 5.684321670094504952e+00 5.995954273559618741e+00 7.235476661939173937e+00 8.246351275767665356e+00
2.168016679890031329e-01 1.935413114871903090e+05 3.759283532592235133e+00 3.654779009957564995e+00 6.883602444635471329e+00 7.263218814419815317e+00 8.766212249116506428e+00 9.984618068672716618e+00
2.260272708821522147e-01 1.440349368062258873e+05 4.405173351347912103e+00 4.281458484765607864e+00 8.062745263654505834e+00 8.509038130781846121e+00 1.027145119430497289e+01 1.169229732168605551e+01
2.352528737753012689e-01 1.089865208581754559e+05 5.050697525264695287e+00 4.907320583108230494e+00 9.240166708070319146e+00 9.753040671639610082e+00 1.177467317703121807e+01 1.339626636634056922e+01
2.444784766684503230e-01 8.371293455692709540e+04 5.706367832230171189e+00 5.543199830921366811e+00 1.043483978231961373e+01 1.101566493748396169e+01 1.330007419986941386e+01 1.512416725883667823e+01
2.537040795615994049e-01 6.517975845679425402e+04 6.383479764110234100e+00 6.200280731129168998e+00 1.166709314026229549e+01 1.231898564659786643e+01 1.487358710764237912e+01 1.690556216287222924e+01
2.629296824547484590e-01 5.137896404458624602e+04 7.094646718272997532e+00 6.890120256008231081e+00 1.295955953020165907e+01 1.368680377773853252e+01 1.652409349378285697e+01 1.877329858407028951e+01
2.721552853478975686e-01 4.095583071161663247e+04 7.854473581915954128e+00 7.626828467793529853e+00 1.433836645404517185e+01 1.514706406990444520e+01 1.828494623475125991e+01 2.076521542277623666e+01
2.813808882410466228e-01 3.298000924185358599e+04 8.680445435107685626e+00 8.427280630436143838e+00 1.583524419941386441e+01 1.673313956423953641e+01 2.019597195812093560e+01 2.292637379701773170e+01
2.906064911341957324e-01 2.680199517297710918e+04 9.594143689268094022e+00 9.312283601702802116e+00 1.748933654872962506e+01 1.848611386572156334e+01 2.230620385972360964e+01 2.531208135144333937e+01
2.998320940273447865e-01 2.196134567848538063e+04 1.061412397248932393e+01 1.030235697311582044e+01 1.934856829623822705e+01 2.045798358451065724e+01 2.467772658983813017e+01 2.799211348057724535e+01
3.090576969204938407e-01 1.812688842807268884e+04 1.176729277973208809e+01 1.142916706580581376e+01 2.148773584236187162e+01 2.271626528910928755e+01 2.739122862098520272e+01 3.105674829953568405e+01
3.182832998136429503e-01 1.505707895831226051e+04 1.310797246635411284e+01 1.274136043259568396e+01 2.398702743936701154e+01 2.535076552390091820e+01 3.055420666842655919e+01 3.462556696506726439e+01
3.275089027067920044e-01 1.257325402897730601e+04 1.469623257449529774e+01 1.430558625499907066e+01 2.696181145613263652e+01 2.848370408765367756e+01 3.431333381473632471e+01 3.886047924294507538e+01
3.367345055999411141e-01 1.054124133592355975e+04 1.663784694717105594e+01 1.620740874201692350e+01 3.057645672069702414e+01 3.228501942015645909e+01 3.887339338077435968e+01 4.398513340032332053e+01
3.459601084930901682e-01 8.858404927333351225e+03 1.900880870219225471e+01 1.856350446069700411e+01 3.506665472775603121e+01 3.699544932627759408e+01 4.452642399784235749e+01 5.031352830366631679e+01
3.551857113862392223e-01 7.444158560021654921e+03 2.195036887396508973e+01 2.154733982179823215e+01 4.077510117092788278e+01 4.296007239417667734e+01 5.169573095156101772e+01 5.828993468967746594e+01
3.644113142793883320e-01 6.232486006566457945e+03 2.596606266595154011e+01 2.536006377749981766e+01 4.811539636778161366e+01 5.067032571075924352e+01 6.099641905931548536e+01 6.853839678963049664e+01
3.736369171725373861e-01 5.165152189564671062e+03 3.115901420351656270e+01 3.023130476682490553e+01 5.780812471073204506e+01 6.079328433672435494e+01 7.328802122319939372e+01 8.185121241527485836e+01
3.828625200656864958e-01 4.184111555253157348e+03 3.789274047560957115e+01 3.670611553072467359e+01 7.060058057585411007e+01 7.405960304342261225e+01 8.955234431016469898e+01 9.890369349774346119e+01
3.920881229588355499e-01 3.221813422104611618e+03 4.624988441910818437e+01 4.461019689440718139e+01 8.621584191832880606e+01 8.912164697899925159e+01 1.097098741468930712e+02 1.185313512879079099e+02
4.013137258519846040e-01 2.196078447666310240e+03 5.213422066130306121e+01 4.903469919024837509e+01 9.867953525396478653e+01 9.761275706033393362e+01 1.261057405716260291e+02 1.300013230930389909e+02
4.105393287451337136e-01 1.089078055319377654e+03 3.928496999705362214e+01 3.735647068060347920e+01 7.713006765912973606e+01 7.133493142821930633e+01 9.924008502472020155e+01 9.340744960699214516e+01
4.197649316382827678e-01 4.637184109807069490e+02 2.240987308263697741e+00 2.356283623484159762e+00 4.708369398185311638e+00 4.019402222628912114e+00 6.386241612713092763e+00 4.920250820892078991e+00
4.289905345314318219e-01 1.297615279162396746e+03 2.644237180575373714e+01 2.617540623321747262e+01 4.756213273285879950e+01 5.429220877749935426e+01 6.625861308032767738e+01 6.974494347249174098e+01
4.382161374245809315e-01 2.199377766995911770e+03 4.314137949257565197e+01 4.183244911693191170e+01 7.899316577354375113e+01 8.563504556539055557e+01 1.012827952588058906e+02 1.128537897701980910e+02
4.474417403177299857e-01 2.426393053571499422e+03 2.723153129446154708e+01 2.638158630543239269e+01 4.826866848507006580e+01 5.490321301157518974e+01 6.152243788314308404e+01 7.425423413837052067e+01
4.566673432108790953e-01 2.348833950406879922e+03 1.357909268997809704e+01 1.310229031320477588e+01 2.344959506871646227e+01 2.809087696969845638e+01 2.927611352051053473e+01 3.903431266799225341e+01
4.658929461040280939e-01 2.182611943681584762e+03 5.696287323290562199e+00 5.551553003334447567e+00 9.359016080371475255e+00 1.248603503502727108e+01 1.126576911680149351e+01 1.797816958427392819e+01
4.751185489971772036e-01 2.001085609018869718e+03 1.430101866477798467e+00 1.391771538590546697e+00 1.719596477124014200e+00 3.888630508712139999e+00 1.742655541074100256e+00 6.140126733641409373e+00
4.843441518903262577e-01 1.827502982838900607e+03 8.460827424828494259e-01 9.096973894527309312e-01 9.435254578991134622e-01 2.401319198254896037e+00 9.630458390201965813e-01 3.549088128702123868e+00
4.935697547834753673e-01 1.668594307393035706e+03 2.131304693634774594e+00 2.207163671824901030e+00 3.559195061709715446e+00 4.665420885989988165e+00 4.278726789919346629e+00 6.354525060776950340e+00
5.027953576766244215e-01 1.525467929277102940e+03 2.822068552771725081e+00 2.922940781119905296e+00 5.057101415692841329e+00 5.883841471054211070e+00 6.414203570944209787e+00 7.844013600406469777e+00
5.120209605697735311e-01 1.397309254253028939e+03 3.187001790034855730e+00 3.300844464784631782e+00 5.870553638684214093e+00 6.499889872912717692e+00 7.589377599518911666e+00 8.583192990290626767e+00
5.212465634629225297e-01 1.282711156802910864e+03 3.358141752564279159e+00 3.478334442228515400e+00 6.277865668418598943e+00 6.764300631585683732e+00 8.202744156729750102e+00 8.884083263572165379e+00
5.304721663560716394e-01 1.180169047669163319e+03 3.412779175227342421e+00 3.534177432147316722e+00 6.438275572656721124e+00 6.819328763359862933e+00 8.470449513508810924e+00 8.925008752347594054e+00
5.396977692492206380e-01 1.088262500728270425e+03 3.396367332476302181e+00 3.510620212994126632e+00 6.446218873292082208e+00 6.748726763648619453e+00 8.520752773639969746e+00 8.811067611072076033e+00
5.489233721423698587e-01 1.005714102645564708e+03 3.336680835294941971e+00 3.442428419238922288e+00 6.360216413608100083e+00 6.603291886795886967e+00 8.435506134696311165e+00 8.605795815894339285e+00
5.581489750355188573e-01 9.313994664914899886e+02 3.251188660696811894e+00 3.348879965001515302e+00 6.216958457008217920e+00 6.414466567752015180e+00 8.266341052784241583e+00 8.348379526964777142e+00
5.673745779286679669e-01 8.643383982100129970e+02 3.150915126933000465e+00 3.241187708511347410e+00 6.039841997996632017e+00 6.202009057526765901e+00 8.046393305750257241e+00 8.063340864331053126e+00
5.766001808218169655e-01 8.036797059998527857e+02 3.042950133628323783e+00 3.126479306791566160e+00 5.843973978680310211e+00 5.978455453891228899e+00 7.797208553223754279e+00 7.766160448245727821e+00
5.858257837149661862e-01 7.486848634496953991e+02 2.931866706034384151e+00 3.009308293979415794e+00 5.639184127615635589e+00 5.751787658018429283e+00 7.532919374396897183e+00 7.466632574711638881e+00
5.950513866081151848e-01 6.987126146329270568e+02 2.821450659851620912e+00 2.892578187705112214e+00 5.431883706457142580e+00 5.527067837102663361e+00 7.262833004808044279e+00 7.170916641196185992e+00
6.042769895012642944e-01 6.532052496536852004e+02 2.713015689396570451e+00 2.778192886025067310e+00 5.226237142134550595e+00 5.307461335587959184e+00 6.993068984402270871e+00 6.882818429004146310e+00
6.135025923944132931e-01 6.116766914121039918e+02 2.607467829565166539e+00 2.667191164737459985e+00 5.024914684573559498e+00 5.094888894347832320e+00 6.727615304338769420e+00 6.604605341465003221e+00
6.227281952875624027e-01 5.737022918174096731e+02 2.505451455125466964e+00 2.560221879200867079e+00 4.829584037591871493e+00 4.890449281608653109e+00 6.469020989505679609e+00 6.337533476191083537e+00
6.319537981807114013e-01 5.389101485574165054e+02 2.407360195714886686e+00 2.457640751464055029e+00 4.641236191110237996e+00 4.694696965198659200e+00 6.218856967661849922e+00 6.082193060420877373e+00
6.411794010738606220e-01 5.069737354556707487e+02 2.313395498209786183e+00 2.359597046255998976e+00 4.460404096507147642e+00 4.507826676097920426e+00 5.978026681679921239e+00 5.838737422782173780e+00
6.504050039670096206e-01 4.776056505466910949e+02 2.223616810891712703e+00 2.266103647254283260e+00 4.287310998695318176e+00 4.329797248143108845e+00 5.746977737666497887e+00 5.607036149621933419e+00
6.596306068601587302e-01 4.505523078532966679e+02 2.137248150916605027e+00 2.177084503887954270e+00 4.121971943476921751e+00 4.160293143978492481e+00 5.525847454668280534e+00 5.386778223318628989e+00
6.688562097533077289e-01 4.255894230920937957e+02 2.054021007687310885e+00 2.092406936182271693e+00 3.964263726280876199e+00 3.998426842189189756e+00 5.314563711276377944e+00 5.177541774580106448e+00
6.780818126464568385e-01 4.025181665586903250e+02 1.974761294250527044e+00 2.011903699959304959e+00 3.813973336189519614e+00 3.844579789697831984e+00 5.112915220197180588e+00 4.978841324970801452e+00
6.873074155396059481e-01 3.811618768927363590e+02 1.899594549920948339e+00 1.935942253657856327e+00 3.670831604224645162e+00 3.698758090538490251e+00 4.920286349764126044e+00 4.790159723459055385e+00
6.965330184327550578e-01 3.613632469731844594e+02 1.827276953590626363e+00 1.863775501907753096e+00 3.534536586589354101e+00 3.560414502977948814e+00 4.736161665225949946e+00 4.610969603354078572e+00
7.057586213259040564e-01 3.429819079795734638e+02 1.758686942042004375e+00 1.795145565309383073e+00 3.404769775787997332e+00 3.428912002649724400e+00 4.560700337836237850e+00 4.440747626370409762e+00
7.149842242190531660e-01 3.258923499840180966e+02 1.693388673247625320e+00 1.729864082045537543e+00 3.281207271731773290e+00 3.303872372045532302e+00 4.393490408123170710e+00 4.278983744951574408e+00
7.242098271122021647e-01 3.099821276642290968e+02 1.631196372416695795e+00 1.667747059044017988e+00 3.163527395512630846e+00 3.184929284373652081e+00 4.234118134964205638e+00 4.125187018720964716e+00
7.334354300053513853e-01 2.951503081875652015e+02 1.572271975543003464e+00 1.608641992917966945e+00 3.051415784963410260e+00 3.071731507648053139e+00 4.082175812753575883e+00 3.978889049432837055e+00
7.426610328985003839e-01 2.813061253108587039e+02 1.516663355363675691e+00 1.552363727114538960e+00 2.944568705256301655e+00 2.963944727359717035e+00 3.937266978100865344e+00 3.839645776148472578e+00
7.518866357916494936e-01 2.683678095273116355e+02 1.463647237805616896e+00 1.498746722974317436e+00 2.842695095011151807e+00 2.861252414597345251e+00 3.799009755123734067e+00 3.707038149752179379e+00
7.611122386847984922e-01 2.562615688852966969e+02 1.413163103115493868e+00 1.447637380215013536e+00 2.745517719189024319e+00 2.763356040703001781e+00 3.667038875412686139e+00 3.580672051218698471e+00
7.703378415779476018e-01 2.449206990820045746e+02 1.365114967052619477e+00 1.398890913746214437e+00 2.652773694661448189e+00 2.669974851308637653e+00 3.541006758000150967e+00 3.460177709831100401e+00
7.795634444710966005e-01 2.342848047434886780e+02 1.319235774509877501e+00 1.352371181652813448e+00 2.564214579429972218e+00 2.580845350345157385e+00 3.420583927253062484e+00 3.345208801446176494e+00
7.887890473642458211e-01 2.242991165606949266e+02 1.275474437808185257e+00 1.307950396853556185e+00 2.479606162903451150e+00 2.497167650399006789e+00 3.305458969612459441e+00 3.235441353122979535e+00
7.980146502573948197e-01 2.149138912560440531e+02 1.234209292950225745e+00 1.265508766175514666e+00 2.398728056134871167e+00 2.417237135484555210e+00 3.195338174612714965e+00 3.130572542294856930e+00
8.072402531505439294e-01 2.060838832860354159e+02 1.194757164610507516e+00 1.224934087774897762e+00 2.321373153134317135e+00 2.338894370209033013e+00 3.089944965434455071e+00 3.030319451537707209e+00
8.164658560436929280e-01 1.977678788072646796e+02 1.157016346113096006e+00 1.186121328627791627e+00 2.247347014237817575e+00 2.263922582022502183e+00 2.989019195048172151e+00 2.934417820678532962e+00
8.256914589368421487e-01 1.899282837987675805e+02 1.120891620959014290e+00 1.148988924128786948e+00 2.176467207884911659e+00 2.192131016873361204e+00 2.892316362698807097e+00 2.842620824214549202e+00
8.349170618299911473e-01 1.825307593869000868e+02 1.086293861466884891e+00 1.113602607573341174e+00 2.108562636522520961e+00 2.123341310354476263e+00 2.799606789929356410e+00 2.754697892244934110e+00
8.441426647231402569e-01 1.755438983909967874e+02 1.053139638066312500e+00 1.079237002497762887e+00 2.043472864532247968e+00 2.057386650646293447e+00 2.710674783874338800e+00 2.670433586047892049e+00
8.533682676162892555e-01 1.689389379442568213e+02 1.021350843830646227e+00 1.046247812051632309e+00 1.981047460583056363e+00 1.994110982563313428e+00 2.625317807364439204e+00 2.589626534848122219e+00
8.625938705094383652e-01 1.626895037348463404e+02 9.908543369337792228e-01 1.015369159870289195e+00 1.921145362468649864e+00 1.933368255928030521e+00 2.543538579897813179e+00 2.512088436425131022e+00
8.718194734025873638e-01 1.567713820227543806e+02 9.616072002880287073e-01 9.857474980127562958e-01 1.863634269705727320e+00 1.875021719719370594e+00 2.466628262147992245e+00 2.437643122243798643e+00
8.810450762957365844e-01 1.511623160941223034e+02 9.335354306556382653e-01 9.568007752222911222e-01 1.808390066906440552e+00 1.818943261865285876e+00 2.392741856780503440e+00 2.366125685972008341e+00
8.902706791888855831e-01 1.458418242546293868e+02 9.065623483115246017e-01 9.289852966012119850e-01 1.755296279429444439e+00 1.765012793627363408e+00 2.321724239662472655e+00 2.297381673252573364e+00
8.994962820820346927e-01 1.407910368390800784e+02 8.806315867549017185e-01 9.022429134404887918e-01 1.704243561711336952e+00 1.713117676883342710e+00 2.253429715931531518e+00 2.231266329916479663e+00
9.087218849751836913e-01 1.359925500374361036e+02 8.556902482508803587e-01 8.765190684129890997e-01 1.655129217917107098e+00 1.663152192225709314e+00 2.187517717563252972e+00 2.167643905443554786e+00
9.179474878683329120e-01 1.314302946157033034e+02 8.317648833579198708e-01 8.517625461142301901e-01 1.607856754025959845e+00 1.615017045568549747e+00 2.122636935159022187e+00 2.106387008280478312e+00
9.271730907614816886e-01 1.270894178501763037e+02 8.083381440554120445e-01 8.272958399629430915e-01 1.562335460129432363e+00 1.568618910855732906e+00 2.060094697912958850e+00 2.047376009577064337e+00
9.363986936546309092e-01 1.229561772010844862e+02 7.856866277128204956e-01 8.034454212852324417e-01 1.518175267341149492e+00 1.523870006445577019e+00 1.999775335487854022e+00 1.990498491941636416e+00
9.456242965477800189e-01 1.190178444314664432e+02 7.638439225262914078e-01 7.804283313843853875e-01 1.475367980734944240e+00 1.480687702787989224e+00 1.941569806981704005e+00 1.935648739919855643e+00
9.548498994409290175e-01 1.152626190330639986e+02 7.427708291430263898e-01 7.582033667931824539e-01 1.434076617750463356e+00 1.438994159087428670e+00 1.885375256552720202e+00 1.882727269046128526e+00
9.640755023340780161e-01 1.116795499566737107e+02 7.224304028527086530e-01 7.364475581041887153e-01 1.394228829909977208e+00 1.398715986749394347e+00 1.831094599075171914e+00 1.831640390484878367e+00
9.733011052272271257e-01 1.082584647624018857e+02 7.027878008112651287e-01 7.152273210942325932e-01 1.355756398016239928e+00 1.359783937523388886e+00 1.778636133937709474e+00 1.782299808457594281e+00
9.825267081203763464e-01 1.049899054082673331e+02 6.838101402959466668e-01 6.959493729933541317e-01 1.318594956970258636e+00 1.322132614378304538e+00 1.727913185117415651e+00 1.734622247836384190e+00
9.917523110135253450e-01 1.018650699855721058e+02 6.655406800746987983e-01 6.765672887724889506e-01 1.282683740296860719e+00 1.285700203271929354e+00 1.678843765710738012e+00 1.688531645147165250e+00
1.000977913906674344e+00 9.887575978810242816e+01 6.477271337430465792e-01 6.577046476845396228e-01 1.247965342928381460e+00 1.250428224097163366e+00 1.631350265168904912e+00 1.643970079423610287e+00
1.010203516799823564e+00 9.601433117125633032e+01 6.305646854081885522e-01 6.394646304439106643e-01 1.214385500883651048e+00 1.216261299207715751e+00 1.585359157563587473e+00 1.600848490889518416e+00
1.019429119692972563e+00 9.327365171767470997e+01 6.139472443627340681e-01 6.222144572356853587e-01 1.181892886564412493e+00 1.183146938036230722e+00 1.540800729289074411e+00 1.559100530688340314e+00
1.028654722586121562e+00 9.064706027915950415e+01 5.975543796030251542e-01 6.057782438729049090e-01 1.150438918475813921e+00 1.151035336423376521e+00 1.497608824692790108e+00 1.518663381949380664e+00
1.037880325479270560e+00 8.812833051146157004e+01 5.813449311417144827e-01 5.898516409846479291e-01 1.119977584259828518e+00 1.119879189373975237e+00 1.455720608209759348e+00 1.479477523348506907e+00
1.047105928372419781e+00 8.571163755978969334e+01 5.656889772147906115e-01 5.744113702566835400e-01 1.090465276007677176e+00 1.089633516043591044e+00 1.415076341656615000e+00 1.441486509173188324e+00
1.056331531265569001e+00 8.339152758927404818e+01 5.509348502792335012e-01 5.594353014751192177e-01 1.061860636892390630e+00 1.060255495842199025e+00 1.375619175417313045e+00 1.404636764493645273e+00
1.065557134158718000e+00 8.116288988678216754e+01 5.366713557840228077e-01 5.444761451205124558e-01 1.034411880559247265e+00 1.031800723158298183e+00 1.337294952324000974e+00 1.368877394149293991e+00
1.074782737051866999e+00 7.902093128892923346e+01 5.198235539512978676e-01 5.292594024511458883e-01 1.007828836576024401e+00 1.004243316874664060e+00 1.300052023100832344e+00 1.334160004353066142e+00
1.084008339945015997e+00 7.696115271631796872e+01 5.033081409372499593e-01 5.146896484656764414e-01 9.820409687665545562e-01 9.802977030097110855e-01 1.263841072296116863e+00 1.300438535805184870e+00
1.093233942838165218e+00 7.497932761636413090e+01 4.898767448440111139e-01 5.009641974623235683e-01 9.570149140121912978e-01 9.576870811290092433e-01 1.228614953679979749e+00 1.267669107283794006e+00
1.102459545731314217e+00 7.307148213689063709e+01 4.776469101381621840e-01 4.877435516651189573e-01 9.327189335456438357e-01 9.315753827876278592e-01 1.194328534125631336e+00 1.235809868748631857e+00
1.111685148624463215e+00 7.123387687026969672e+01 4.658397082984180315e-01 4.742097930073327916e-01 9.075054335922203563e-01 9.055656999219507952e-01 1.160938545028159297e+00 1.204820863053072344e+00
1.120910751517612436e+00 6.946299002355645769e+01 4.545795337904650069e-01 4.620906796471189182e-01 8.827078772415717367e-01 8.806318156590009494e-01 1.128403440338573205e+00 1.174663895410489545e+00
1.130136354410761435e+00 6.775550188397585316e+01 4.432083137437246023e-01 4.503278832684287636e-01 8.609289721231192516e-01 8.574137224680242753e-01 1.096683260308154217e+00 1.145302409803591104e+00
1.139361957303910433e+00 6.610828046156194659e+01 4.323762143613265607e-01 4.393217045645201324e-01 8.397665961485358821e-01 8.347614998441912348e-01 1.065739500041217980e+00 1.116701371557667244e+00
1.148587560197059654e+00 6.451836820180191978e+01 4.209954870321723774e-01 4.269682224884121524e-01 8.164073360641594945e-01 8.128936138914397702e-01 1.035534981948956101e+00 1.088827155324629814e+00
1.157813163090208652e+00 6.298296967106021782e+01 4.107277184042033014e-01 4.146419959769005459e-01 7.928992171372470921e-01 7.918630842373772794e-01 1.006033731176231072e+00 1.061647437737924804e+00
1.167038765983357873e+00 6.149944012640687419e+01 3.999707454204397550e-01 4.043063071821677568e-01 7.702788090779222330e-01 7.713278016775646506e-01 9.772650206912913973e-01 1.035131094003510555e+00
1.176264368876506872e+00 6.006527488944161064e+01 3.911170441309650414e-01 3.936284583057059194e-01 7.482770162636498412e-01 7.512641967265594189e-01 9.491703143471141857e-01 1.009248097685549794e+00
1.185489971769655870e+00 5.867809945090715473e+01 3.805183734205215274e-01 3.832169229023776325e-01 7.267426040099849160e-01 7.316494084136451193e-01 9.216783750608783521e-01 9.839694229234510203e-01
1.194715574662805091e+00 5.733566023941460088e+01 3.697707675159875862e-01 3.734570413832898339e-01 7.056503169249239704e-01 7.124612066203681593e-01 8.947570509493232294e-01 9.592669482827105298e-01
1.203941177555954090e+00 5.603581599362516386e+01 3.605278290679763131e-01 3.647734544861052086e-01 6.861702646455185572e-01 6.924801558712019300e-01 8.707786541063029517e-01 9.351133613879198947e-01
1.213166780449103088e+00 5.477652968288673208e+01 3.492826533212181062e-01 3.556295799329021179e-01 6.703083333252237708e-01 6.729519725737986846e-01 8.493324500448125036e-01 9.114820634082505535e-01
1.222392383342252087e+00 5.355586092671675402e+01 3.417360503805113581e-01 3.470927875371572213e-01 6.549286469334489880e-01 6.544866953991217429e-01 8.284409659149289951e-01 8.883470723636222033e-01
1.231617986235401307e+00 5.237195886893696439e+01 3.329944638816257907e-01 3.379731947970725514e-01 6.399830819400875725e-01 6.342100610515046810e-01 8.080850167268067707e-01 8.656829240795929081e-01
1.240843589128550528e+00 5.122305546787126929e+01 3.260366830265439830e-01 3.292376807821213447e-01 6.206514326452960972e-01 6.153550545933228477e-01 7.865386147109632020e-01 8.434645694347793210e-01
1.250069192021699527e+00 5.010745917020037155e+01 3.186690926477595553e-01 3.213301828285537454e-01 6.039792696718677689e-01 6.030534551813886424e-01 7.599754070688149454e-01 8.216672663042743352e-01
1.259294794914848525e+00 4.902354894326361290e+01 3.115891399464203460e-01 3.122435316333280753e-01 5.884916878742245672e-01 5.848975771273998703e-01 7.337523893107800177e-01 8.002664642825081387e-01
1.268520397807997524e+00 4.796976864944737429e+01 3.028123012464263297e-01 3.038033394778736351e-01 5.697544995254659739e-01 5.659444339073047558e-01 7.158198643834623454e-01 7.780890716468960022e-01
1.277746000701146745e+00 4.694462175773211499e+01 2.951170249256875877e-01 2.953629435153501959e-01 5.515213146046846759e-01 5.486411240475206341e-01 6.968144444278152605e-01 7.551218238110593006e-01
1.286971603594295521e+00 4.594666640277976910e+01 2.853894369429852418e-01 2.876945185493298140e-01 5.360141752156266648e-01 5.348213021908421183e-01 6.743281025260046135e-01 7.324237230111307895e-01
1.296197206487444742e+00 4.497451082309225256e+01 2.779296376905051602e-01 2.784741819902265547e-01 5.227138984795232091e-01 5.209252200317138204e-01 6.521213146549200701e-01 7.099640711216466116e-01
1.305422809380593963e+00 4.402680923956858550e+01 2.693526261614493933e-01 2.717615392174224098e-01 5.068173009330152468e-01 5.063192868090808929e-01 6.302236430825871594e-01 6.912840710791456900e-01
1.314648412273742961e+00 4.310225827851270708e+01 2.629547180635043446e-01 2.641033959178002988e-01 4.932012092360835709e-01 4.908922982092676079e-01 6.085118302199248319e-01 6.760647848083536360e-01
1.323874015166892182e+00 4.219959410514413634e+01 2.575546107906419024e-01 2.549246533627353983e-01 4.807776255489386585e-01 4.752383087169747000e-01 5.869473686267596690e-01 6.571798715198298169e-01
1.333099618060040958e+00 4.131759052467118920e+01 2.505025511225937862e-01 2.487842682298122554e-01 4.687110110181222922e-01 4.623825334742122095e-01 5.654887207268473048e-01 6.372949797372982061e-01
1.342325220953190179e+00 4.045505844288212671e+01 2.399139409891972718e-01 2.404471800719676366e-01 4.522120974715946318e-01 4.511084564605454261e-01 5.440931403207684980e-01 6.213560303999301482e-01
1.351550823846339400e+00 3.961084728015076450e+01 2.385168690440764294e-01 2.345324088936067142e-01 4.360165033689895608e-01 4.384671695053796725e-01 5.228001591694635408e-01 6.040956348053683200e-01
1.360776426739488176e+00 3.878384923811096030e+01 2.347249786406919725e-01 2.314682249339128361e-01 4.236521963230970300e-01 4.275012149026125030e-01 5.112410817872401481e-01 5.877583735467766246e-01
1.370002029632637397e+00 3.797300778494295059e+01 2.271743775617593997e-01 2.244868785148170787e-01 4.133559206597681168e-01 4.172741465979328268e-01 5.115992518499510311e-01 5.814084087585698057e-01
1.379227632525786396e+00 3.717733244667013537e+01 2.196824902265461787e-01 2.171190674059246817e-01 4.055937586110829329e-01 4.051467026408488437e-01 5.129281807687462447e-01 5.632559135814076967e-01
1.388453235418935616e+00 3.639592312107373573e+01 2.145369146886650924e-01 2.107925842569429165e-01 3.947351663984974834e-01 3.946138057403913990e-01 5.153123492395224048e-01 5.582572066440576464e-01
1.397678838312084837e+00 3.562800892214146842e+01 2.101318308617621256e-01 2.062667366528145863e-01 3.797072394726939137e-01 3.846820756039335265e-01 5.180839872618534514e-01 5.548136011901050324e-01
1.406904441205233613e+00 3.487300944626713317e+01 2.050608311437258635e-01 2.030919173678000789e-01 3.766715357661709618e-01 3.784359426231702628e-01 5.056965648452802498e-01 5.430448145764188439e-01
1.416130044098382834e+00 3.413063106588621309e+01 2.009020803845515957e-01 2.010674331651784996e-01 3.678103688493834511e-01 3.732540818683816042e-01 4.936856735564205678e-01 5.315774959028374269e-01
1.425355646991532055e+00 3.340101869582542093e+01 1.987416756627169434e-01 1.976564227825079456e-01 3.602814858310807722e-01 3.702098211185145260e-01 4.819446993355640529e-01 5.203931875183585021e-01
1.434581249884680831e+00 3.268499674919137732e+01 1.974500019377813942e-01 1.928340081334241063e-01 3.614274847093454923e-01 3.711170427804617589e-01 4.706075920949785996e-01 5.094601373072578099e-01
1.443806852777830052e+00 3.198445588995671685e+01 1.957141612664692332e-01 1.963452634504072591e-01 3.613033045233500218e-01 3.654241337971946280e-01 4.842707086982365183e-01 4.987816265885278710e-01
1.453032455670979051e+00 3.130298242196938929e+01 1.969285517141301511e-01 1.937456757094153659e-01 3.675070644111713136e-01 3.659648185658816999e-01 4.817928424171924462e-01 4.983153720462070169e-01
1.462258058564128271e+00 3.064689914857185826e+01 2.006314089886096497e-01 1.942173523291721438e-01 3.772128303025148455e-01 3.657104660942955832e-01 4.870960393419458967e-01 5.116343436283692370e-01
1.471483661457277492e+00 3.002701727654129726e+01 2.052401306304716400e-01 2.004479585825542642e-01 3.841752089439829376e-01 3.777572847544128365e-01 5.098137236631004043e-01 5.371140284813016308e-01
1.480709264350426269e+00 2.946163789510454833e+01 2.105093874843362300e-01 2.034098784510867119e-01 4.008253576447913247e-01 3.972459251316173834e-01 5.482212967245416735e-01 5.739590274953805249e-01
1.489934867243575489e+00 2.898177238802141176e+01 2.166257650581897565e-01 2.122657250286188457e-01 4.200069729177364763e-01 4.274195243224383489e-01 5.858420960925521115e-01 6.162666643840033487e-01
1.499160470136724488e+00 2.864027709712727443e+01 2.307406476189548528e-01 2.250195836005879357e-01 4.415608616227579830e-01 4.522440204045743428e-01 6.290118229102077407e-01 6.565776072836051469e-01
1.508386073029873486e+00 2.852753481609124364e+01 2.387545706567877346e-01 2.473678918903310375e-01 4.750486744873931855e-01 4.835844369133219800e-01 6.759179553374750071e-01 7.141398148601396656e-01
1.517611675923022485e+00 2.879595752335256265e+01 2.532834763152287394e-01 2.740598862443093253e-01 5.126146369521471513e-01 5.179201641845700976e-01 7.372356560439499162e-01 7.670992143923029971e-01
1.526837278816171706e+00 2.968495313954787918e+01 2.816282100515756781e-01 2.984704990313957751e-01 5.649640911352058481e-01 5.648857184652378294e-01 7.840787598167899830e-01 8.266942729870372375e-01
1.536062881709320926e+00 3.147675769119767608e+01 3.054381355110926677e-01 3.186708698878284451e-01 5.883161615873859773e-01 5.989540926989711522e-01 8.474382285010690907e-01 8.790143805803865007e-01
1.545288484602469925e+00 3.409007064585249225e+01 3.042596840250624268e-01 3.103110891137532690e-01 5.897634707727519299e-01 6.028821981724021839e-01 8.176627719693527752e-01 8.903093104035590954e-01
1.554514087495618924e+00 3.582916941578120884e+01 2.958813824227206624e-01 2.738808329953315024e-01 5.330702307493169201e-01 5.564873760558484150e-01 7.476076635706050411e-01 8.390217665247163836e-01
1.563739690388767922e+00 3.305474778717524487e+01 3.213870052749498996e-01 3.136059727357576321e-01 6.360359711345537903e-01 5.990722443411016229e-01 8.776330343398939249e-01 8.523409306742237845e-01
1.572965293281917143e+00 2.500870262736673055e+01 3.258516008405294428e-01 3.373232424209753333e-01 6.927271167451110045e-01 6.509976746760024469e-01 9.105939218124952106e-01 9.160916468301358861e-01
1.582190896175066142e+00 1.581586200850080814e+01 2.516419935171470001e-01 2.616331089789323272e-01 5.006929815098111192e-01 5.016898260541253762e-01 7.061396430888429165e-01 6.282375532084483183e-01
1.591416499068215140e+00 1.059421373356340546e+01 2.296772563066795669e-01 2.245199197451217543e-01 4.777215312810110248e-01 4.298046255779404135e-01 6.444587676880306759e-01 6.491932081167703927e-01
1.600642101961364361e+00 1.433266753848480946e+01 4.303292903066004982e-01 4.247976957346200066e-01 9.090607684064746508e-01 7.997192550354981222e-01 1.234193662103050926e+00 1.007369996642184518e+00
1.609867704854513359e+00 2.486303196808318816e+01 9.154671519239556687e-01 8.831530587111551256e-01 1.918763932752543866e+00 1.677749474109095473e+00 2.632652231981808200e+00 2.184540354040073851e+00
1.619093307747662580e+00 3.309702025949282955e+01 1.088434450033396672e+00 1.046032076848156578e+00 2.096728095159349436e+00 1.940431073435124887e+00 2.946651917388464881e+00 2.651503763107683653e+00
1.628318910640811579e+00 3.650514814588058243e+01 9.595475810107103598e-01 9.545600816592809679e-01 1.900136143602288996e+00 1.756956300306192986e+00 2.277139497360579412e+00 2.394374072879877247e+00
1.637544513533960577e+00 3.710026009488547061e+01 7.933492994900248618e-01 8.235801037922882983e-01 1.571575461653559103e+00 1.514764035120450103e+00 2.025700285209133256e+00 1.982878118374941323e+00
1.646770116427109798e+00 3.652873539170074224e+01 6.596237717939743561e-01 7.035897570229252551e-01 1.364236200263860610e+00 1.335211013645100309e+00 1.795059797860645290e+00 1.734175625079672045e+00
1.655995719320258575e+00 3.555714236218140911e+01 5.972798394120459875e-01 6.204748472159664630e-01 1.213361608739788267e+00 1.189188313609498948e+00 1.592467894946317131e+00 1.556713223434272209e+00
1.665221322213407795e+00 3.449500797712077826e+01 5.436886032387846512e-01 5.624565758968316231e-01 1.055201592466374905e+00 1.083243209772547289e+00 1.414319218588445892e+00 1.440679351807411024e+00
1.674446925106557016e+00 3.345954239051360446e+01 4.852405603716150040e-01 5.022435468486392551e-01 9.608180120695166693e-01 9.719495500101160701e-01 1.267537487945567420e+00 1.335090771617664984e+00
1.683672527999706015e+00 3.249056477133549237e+01 4.461081900604710881e-01 4.632076459262464141e-01 8.827845745621942797e-01 8.900936419337099892e-01 1.147169963724621766e+00 1.227594545398968506e+00
1.692898130892855235e+00 3.159717129194558538e+01 4.157133606455332142e-01 4.272261170114148854e-01 8.186561603140063426e-01 8.270639290093022566e-01 1.060281713453008479e+00 1.134305341013622126e+00
1.702123733786004012e+00 3.077667015783943683e+01 3.877762444791521546e-01 3.970519636512577222e-01 7.582248487179512608e-01 7.804722823947187749e-01 9.912379604302863356e-01 1.055535306287310959e+00
1.711349336679153232e+00 3.002233552231376734e+01 3.647968643181336290e-01 3.713567940922182231e-01 7.039931127113980835e-01 7.408240682770994567e-01 9.216796958990407518e-01 9.882744558343503627e-01
1.720574939572302453e+00 2.932656860772867091e+01 3.433407222029210004e-01 3.494974714420422401e-01 6.588445087399108502e-01 7.010492965338599447e-01 8.618960999225926400e-01 9.301974162147104153e-01
1.729800542465451230e+00 2.868213429650135993e+01 3.231364199108561763e-01 3.312410181034977086e-01 6.200930455591660007e-01 6.587773131876524246e-01 8.098164842078539039e-01 8.795177717437780984e-01
1.739026145358600450e+00 2.808258363253692735e+01 3.083072319626012359e-01 3.133354863808790469e-01 5.865935967181030719e-01 6.218147543868255411e-01 7.639517440035596962e-01 8.364357259830121905e-01
1.748251748251749449e+00 2.752233601990351275e+01 2.945065162766198341e-01 2.984394686548093034e-01 5.552381655132592186e-01 5.933147455709821827e-01 7.253739746997602822e-01 8.012901463013335501e-01
1.757477351144898670e+00 2.699662661572648759e+01 2.814925797558700538e-01 2.845945314356548295e-01 5.277429425437603072e-01 5.684047462714509891e-01 6.929306039335365597e-01 7.691846753683648785e-01
1.766702954038047890e+00 2.650140825573807746e+01 2.691011707633990113e-01 2.723198517657401396e-01 5.029912320537732739e-01 5.457102889112910304e-01 6.633606599709729323e-01 7.397286341205564497e-01
1.775928556931196667e+00 2.603324594309243878e+01 2.575829673612659576e-01 2.614969572845602386e-01 4.804934283571959952e-01 5.249209036402469053e-01 6.362830311496310287e-01 7.125925028146049556e-01
1.785154159824345887e+00 2.558921904420895999e+01 2.468445618276184916e-01 2.514754827811138682e-01 4.599263521129337562e-01 5.059451125156897433e-01 6.113402895064723452e-01 6.874951222597545097e-01
1.794379762717494886e+00 2.516683617800821438e+01 2.367832870848083360e-01 2.420368495274693998e-01 4.410251774172877504e-01 4.884554115789221385e-01 5.882795886042622158e-01 6.641966129548357856e-01
1.803605365610643885e+00 2.476396340913965588e+01 2.264028382693723529e-01 2.332807719849441241e-01 4.235712087507472745e-01 4.719882422271162170e-01 5.676359093856433446e-01 6.424919598069038784e-01
1.812830968503793105e+00 2.437876461546247953e+01 2.172377967592105108e-01 2.251228875651740680e-01 4.073824972946233913e-01 4.554911130319574397e-01 5.489635608761780361e-01 6.222054543625610279e-01
1.822056571396942104e+00 2.400965234696642625e+01 2.101536037709621496e-01 2.176716992201832568e-01 3.924373741328928133e-01 4.400919367357474243e-01 5.314832932101616336e-01 6.031859904113439086e-01
1.831282174290091325e+00 2.365524745521903327e+01 2.037192580248294860e-01 2.103466819028660950e-01 3.784761276815764575e-01 4.256672593730712606e-01 5.150836059903980413e-01 5.853031303099669458e-01
1.840507777183240323e+00 2.331434593775532349e+01 1.962154685470913762e-01 2.036824168949600278e-01 3.654201386170186083e-01 4.121118269592720651e-01 4.996652949119031462e-01 5.684438356250609559e-01
