9.225602893149067790e-04 1.406970435598181666e-03 5.286687519699250631e-05 5.324304292974734072e-05 1.036897119796405167e-04 1.180738070643610940e-04 1.324172207498349862e-04 1.748571945216906894e-04
1.014816318246397446e-02 1.435788684486151261e-03 5.367935200160998781e-05 5.502890906692019940e-05 1.049451989986753455e-04 1.205546587175663174e-04 1.362351164668213887e-04 1.794670036364594008e-04
1.937376607561304073e-02 1.466116319281197131e-03 5.555347308606453302e-05 5.692995435388654990e-05 1.072229194240283644e-04 1.238741810653583991e-04 1.391069519772992428e-04 1.840560599585252741e-04
2.859936896876210874e-02 1.498387530118292692e-03 5.744197691402459088e-05 5.812863691526917904e-05 1.107048317719498080e-04 1.266055718827580664e-04 1.420875454621760205e-04 1.888897725057677151e-04
3.782497186191117328e-02 1.532457466435687907e-03 5.934833855406485698e-05 5.940988738388454024e-05 1.149755723777329004e-04 1.293729196202727215e-04 1.456007583313686897e-04 1.936881000347422284e-04
4.705057475506025516e-02 1.569371892034314431e-03 6.062405133042039068e-05 6.116711217492168742e-05 1.176979104518666164e-04 1.337902535732120746e-04 1.489757902336261240e-04 1.993402783533795158e-04
5.627617764820931623e-02 1.608726032707874813e-03 6.184093523047386534e-05 6.274521798251930620e-05 1.210553484501898300e-04 1.380774855385003691e-04 1.539390250706994950e-04 2.053126006088415532e-04
6.550178054135838424e-02 1.650945614323749222e-03 6.370025104489502633e-05 6.431872350933561661e-05 1.247303400223960697e-04 1.424031232336391527e-04 1.592290792881423389e-04 2.116831477297219551e-04
7.472738343450743836e-02 1.696617944086055733e-03 6.473354896229508749e-05 6.722154815608943380e-05 1.284248591868078840e-04 1.484874829781764310e-04 1.630449967682480114e-04 2.190240880019327357e-04
8.395298632765652025e-02 1.744735580341524699e-03 6.668067975404727218e-05 6.971033991912405255e-05 1.322766750549413811e-04 1.538052195038789628e-04 1.681019409726168101e-04 2.259245883840627859e-04
9.317858922080557438e-02 1.797025886935232127e-03 6.843138820240824392e-05 7.336728638970054645e-05 1.367808679559555634e-04 1.586882967120313917e-04 1.729663380230900792e-04 2.338866679587319353e-04
1.024041921139546424e-01 1.852678548831747157e-03 7.171773796847279343e-05 7.519610593488567675e-05 1.429135826364299252e-04 1.630243904740290902e-04 1.787029735817759462e-04 2.417451616612642604e-04
1.116297950071036965e-01 1.913405269697677786e-03 7.442567284077737655e-05 7.862144509907529125e-05 1.490752695909743596e-04 1.674151516552614509e-04 1.847235693207939858e-04 2.507711828509775250e-04
1.208553979002527506e-01 1.978983902655605340e-03 7.775152188062729036e-05 8.076410763158234536e-05 1.553763266622623825e-04 1.715182813599677204e-04 1.912707920745716252e-04 2.603056480886838022e-04
1.300810007934018186e-01 2.049401797496342575e-03 8.242661779976102887e-05 8.326067635218209126e-05 1.625741210310146026e-04 1.761128276148995423e-04 2.009805924215921601e-04 2.699099232498986586e-04
1.393066036865509005e-01 2.127334284467256864e-03 8.618025799366933401e-05 8.707526486032186874e-05 1.693339985345413204e-04 1.842671891288626389e-04 2.094693094666310283e-04 2.814760928185717440e-04
1.485322065796999824e-01 2.211862871079868162e-03 9.053736431725552605e-05 8.925470629301060499e-05 1.779103560922198207e-04 1.932525002523877850e-04 2.194549767895580955e-04 2.934000501939831689e-04
1.577578094728490643e-01 2.305370120079940511e-03 9.423241129053946952e-05 9.461821957186446891e-05 1.854976719995004956e-04 2.021156798106831139e-04 2.291955802402856866e-04 3.076104155589572987e-04
1.669834123659981462e-01 2.407739603676517948e-03 9.858109360597879997e-05 9.937683616986336260e-05 1.952176932101044697e-04 2.123459964532697919e-04 2.406675013478551221e-04 3.225351271188866935e-04
1.762090152591472003e-01 2.521442876953933990e-03 1.012339589694160810e-04 1.039699773386390351e-04 2.060339565016617268e-04 2.277965894058862385e-04 2.525564785895687177e-04 3.398307516477698000e-04
1.854346181522962822e-01 2.646882211686629738e-03 1.074319410052119658e-04 1.116932646977662584e-04 2.180712739235203881e-04 2.398063455544227097e-04 2.663470276539907540e-04 3.584032725133497535e-04
1.946602210454453641e-01 2.786475934569884218e-03 1.129797079705459339e-04 1.183482839450982274e-04 2.304593535313067924e-04 2.525000833160087263e-04 2.817103537865938909e-04 3.781141160777734024e-04
2.038858239385944460e-01 2.941974445354351465e-03 1.195765618804446595e-04 1.255006473241640670e-04 2.443865487637597762e-04 2.673009993374845551e-04 2.993806657287339905e-04 4.013618627052985104e-04
2.131114268317435001e-01 3.117719862455417545e-03 1.274822174053384660e-04 1.350872186604307884e-04 2.610588841337742154e-04 2.871936789040430496e-04 3.182269538019215707e-04 4.276530697148988452e-04
2.223370297248925820e-01 3.316702623543046121e-03 1.350170495988032258e-04 1.481446492185784294e-04 2.789658236710145824e-04 3.101285776041383564e-04 3.389494819359328490e-04 4.578966973810098817e-04
2.315626326180416361e-01 3.542067732982568176e-03 1.454998297592260612e-04 1.609380422395432532e-04 2.982514401095610196e-04 3.353411235929703443e-04 3.631579677887963875e-04 4.924592405463972498e-04
2.407882355111907180e-01 3.798853053780162220e-03 1.564498922272247391e-04 1.743878970658350493e-04 3.233617439580196290e-04 3.644160750313103769e-04 3.916617328706467269e-04 5.338887630787153907e-04
2.500138384043397721e-01 4.093961257923783154e-03 1.692364760717711067e-04 1.863444024701238141e-04 3.529329043002772670e-04 3.989320692014981101e-04 4.286222436096845390e-04 5.812633797829766004e-04
2.592394412974888818e-01 4.436497172179027296e-03 1.854915154488176107e-04 2.018780319755775210e-04 3.888124287170094742e-04 4.380294164354221059e-04 4.713468581881248218e-04 6.367267574603164768e-04
2.684650441906379359e-01 4.835628313816658225e-03 2.060049423750088399e-04 2.204895638577833092e-04 4.306734287224779981e-04 4.822038199217794016e-04 5.231343683244002452e-04 7.001672091571228482e-04
2.776906470837869900e-01 5.310298039089242882e-03 2.273576739257703039e-04 2.471457417791778424e-04 4.768044030835985603e-04 5.381483814277006339e-04 5.808059829949599462e-04 7.788836048622585495e-04
2.869162499769360997e-01 5.874132028567131958e-03 2.559489562738931703e-04 2.752140161498117105e-04 5.299464961448169600e-04 6.026792971492314979e-04 6.522488639270551322e-04 8.706289749757546714e-04
2.961418528700851538e-01 6.558914734700450541e-03 2.908170350028795731e-04 3.131408005729949956e-04 5.925438675668387445e-04 6.823673831543907234e-04 7.348125179127253451e-04 9.857063888698662513e-04
3.053674557632342079e-01 7.392771065335423941e-03 3.351228374790723996e-04 3.519630931457977743e-04 6.729463999316735029e-04 7.742870652742315715e-04 8.405231300263327210e-04 1.122816924237671210e-03
3.145930586563833176e-01 8.429121891695347257e-03 3.882870054644858154e-04 4.061158186582439211e-04 7.736160253114451879e-04 8.883592115093031510e-04 9.727126074416548446e-04 1.293540585384689648e-03
3.238186615495323717e-01 9.742074231104845203e-03 4.552526022713766080e-04 4.712222697201198102e-04 9.015082957743499742e-04 1.034874434301580673e-03 1.139556594172188783e-03 1.511501710606039453e-03
3.330442644426814813e-01 1.143932633324312373e-02 5.484563257906853451e-04 5.578790961525761927e-04 1.066814105520936737e-03 1.237929156612142118e-03 1.356459140028284938e-03 1.793931103884975620e-03
3.422698673358305355e-01 1.369179223650232591e-02 6.613704083728941946e-04 6.766504865633616445e-04 1.282607057224353572e-03 1.493303615914281027e-03 1.641833646581852824e-03 2.172800324659805021e-03
3.514954702289795896e-01 1.676266916303787921e-02 8.145718215760051895e-04 8.323115153781243669e-04 1.599766457126363534e-03 1.844133889528514619e-03 2.038169048727240390e-03 2.686771421960174391e-03
3.607210731221286992e-01 2.111170116806882976e-02 1.048236565534807485e-03 1.053743895751045601e-03 2.030934334825401644e-03 2.329032113813689353e-03 2.601027475071755052e-03 3.416899486127777941e-03
3.699466760152777534e-01 2.756031440370906860e-02 1.393664931750530217e-03 1.408782794987222670e-03 2.708132256303473484e-03 3.084144264220236437e-03 3.422494350229472043e-03 4.513081135811967959e-03
3.791722789084268630e-01 3.763255553249290897e-02 1.953466558297721478e-03 1.936214126666828406e-03 3.798736663170945715e-03 4.251322748387631467e-03 4.706522314375377603e-03 6.226732800100880094e-03
3.883978818015759171e-01 5.442920801332588182e-02 2.888313251739903220e-03 2.888562211504512589e-03 5.637604671297549719e-03 6.278343407708969481e-03 6.877737604274125616e-03 9.231850944928406133e-03
3.976234846947249713e-01 8.456881626562709475e-02 4.537203828852226506e-03 4.610849841091280155e-03 9.216390316770045610e-03 1.032794820187463158e-02 1.100798479404105357e-02 1.425668076358124758e-02
4.068490875878740809e-01 1.410842025351681239e-01 8.195812184255163446e-03 8.690928569053707475e-03 1.644129858999204830e-02 1.872369451831110143e-02 2.096621334604345521e-02 2.694699970832159508e-02
4.160746904810231350e-01 2.294981074947002875e-01 1.683531004281310639e-02 1.748020695656873902e-02 3.408137953772050199e-02 3.564472481639477386e-02 4.383972765039556574e-02 4.827218077104800109e-02
4.253002933741722447e-01 2.638583004086989536e-01 2.257033948601572249e-02 2.376991673721115528e-02 4.308067833348372400e-02 4.610140900598011515e-02 6.004986812382934191e-02 6.172275720725767245e-02
4.345258962673212988e-01 1.785173592627838091e-01 1.328810837679667012e-02 1.387188964834562555e-02 2.678813207386535056e-02 2.836723561548526451e-02 3.473647880153163392e-02 3.814022616562204315e-02
4.437514991604703529e-01 1.004043388012254290e-01 6.216906886186673864e-03 6.657793393186201003e-03 1.294813958674684296e-02 1.465242222966621488e-02 1.701373473950648640e-02 2.093112164386995433e-02
4.529771020536194626e-01 5.841751318975097612e-02 3.461597252094966715e-03 3.514290713135907740e-03 7.183187830827435227e-03 8.062571226276633862e-03 9.147833916401441889e-03 1.073116339165712529e-02
4.622027049467684612e-01 3.669921247723699487e-02 2.121166590583742351e-03 2.167703120635494640e-03 4.343976310158891019e-03 4.904022365043274323e-03 5.393574390276226205e-03 6.616072512445961284e-03
4.714283078399175708e-01 2.463162397404231041e-02 1.415090130704951127e-03 1.465599551474919271e-03 2.849981452606537013e-03 3.234440596054363737e-03 3.562531003647652350e-03 4.528875261103938732e-03
4.806539107330666249e-01 1.741287318798788453e-02 1.028734373121009682e-03 1.049910883662057842e-03 2.009159484533090678e-03 2.303930803142169997e-03 2.536425251699624822e-03 3.238317508481296236e-03
4.898795136262157346e-01 1.282349021710606912e-02 7.738554092110282862e-04 7.750890088363479591e-04 1.490103032254653376e-03 1.689627530941279626e-03 1.885156614598258382e-03 2.421537095131704245e-03
4.991051165193647332e-01 9.751463651760720192e-03 6.055595026058981784e-04 5.936106519282818156e-04 1.144592413140516421e-03 1.294843676761471898e-03 1.450944605236542326e-03 1.865360381819308744e-03
5.083307194125139539e-01 7.611061457976280725e-03 4.808884772978111455e-04 4.677279507586456705e-04 9.078847063462760353e-04 1.018805911801893768e-03 1.146735293505507514e-03 1.473625678615999440e-03
5.175563223056629525e-01 6.071493271220378476e-03 3.877512771928194601e-04 3.773015743230726318e-04 7.273232464191769359e-04 8.192931017762640836e-04 9.229892069406147453e-04 1.191501917496262317e-03
5.267819251988120621e-01 4.932213852292430603e-03 3.171639119656571512e-04 3.139516548857374661e-04 5.964670590759904578e-04 6.767713075023296457e-04 7.540943087785030585e-04 9.822908381144912493e-04
5.360075280919610607e-01 4.067852213420774382e-03 2.633156788329153036e-04 2.657834579130767191e-04 4.925901020226171323e-04 5.704876461788809666e-04 6.248198726937813710e-04 8.223314119676257417e-04
5.452331309851101704e-01 3.395219014183462232e-03 2.242258522966384185e-04 2.230605935730528740e-04 4.152054352480416891e-04 4.837852915936051955e-04 5.373009330613279580e-04 6.937541994194483877e-04
5.544587338782591690e-01 2.865012548297124397e-03 1.916597980225710415e-04 1.896452929639508463e-04 3.555508607172817859e-04 4.131897736840543268e-04 4.612028314267871930e-04 5.892602098014278374e-04
5.636843367714083897e-01 2.442443053419277119e-03 1.639578312723067970e-04 1.644749070262188466e-04 3.067765692952779434e-04 3.575830672636632485e-04 3.952216736555673807e-04 5.064868204007900564e-04
5.729099396645573883e-01 2.098586216711223126e-03 1.436447562772600640e-04 1.419357374635504473e-04 2.657550918376203053e-04 3.102638124603445194e-04 3.437148694277873152e-04 4.374867999094372503e-04
5.821355425577064979e-01 1.817568381710208455e-03 1.250240440087767128e-04 1.242088254366209652e-04 2.344963524530262362e-04 2.693161203148430709e-04 3.034964329154564086e-04 3.811077252055185705e-04
5.913611454508554965e-01 1.584593399751007929e-03 1.121817196693031433e-04 1.086056474570243086e-04 2.089362637739773307e-04 2.344680121318784474e-04 2.699474998098842175e-04 3.339348013308648683e-04
6.005867483440046062e-01 1.390543440651398777e-03 9.925154459892245214e-05 9.608585765868223223e-05 1.862091256269581691e-04 2.074854358650902054e-04 2.410981592758326773e-04 2.947409707991599601e-04
6.098123512371537158e-01 1.226948506692659025e-03 8.862244721809372713e-05 8.536189988521793517e-05 1.667248179006630346e-04 1.847500462832446164e-04 2.167278087007477524e-04 2.614385500853204066e-04
6.190379541303028255e-01 1.088453058528702361e-03 7.861495514301358040e-05 7.644709514721659792e-05 1.492771203958933018e-04 1.656723224703582050e-04 1.955969753161300798e-04 2.332432198350319627e-04
6.282635570234518241e-01 9.697479011667744196e-04 7.091367565329148408e-05 6.764748027126416246e-05 1.346716921083802084e-04 1.476533637320892383e-04 1.777713359294743039e-04 2.085126742261255578e-04
6.374891599166009337e-01 8.682951007789473010e-04 6.336910494235718175e-05 6.178160706980058078e-05 1.218968923194932788e-04 1.331114589065821073e-04 1.608171067863629032e-04 1.877200113154729169e-04
6.467147628097499323e-01 7.802918923651096629e-04 5.752970836064884904e-05 5.583929687636628256e-05 1.125396957297844806e-04 1.202464612119304773e-04 1.467931004381281806e-04 1.692337434862817335e-04
6.559403657028991530e-01 7.038629295447938706e-04 5.246026468187846119e-05 5.094963106735939627e-05 1.044642715222279545e-04 1.092581591861197876e-04 1.345056908234761560e-04 1.532101682278337682e-04
6.651659685960481516e-01 6.372566045800150646e-04 4.783458855286092364e-05 4.637590914150478433e-05 9.612697843936596730e-05 9.967057357959880140e-05 1.234946706141265473e-04 1.396125442749905328e-04
6.743915714891972613e-01 5.787403271165078231e-04 4.409259378479490378e-05 4.237453110703690105e-05 8.761187866279088101e-05 9.101553838403912775e-05 1.139094640054777409e-04 1.273384413402488583e-04
6.836171743823462599e-01 5.274975164586575595e-04 4.039851955428888901e-05 3.968787480104649058e-05 8.013239361189525897e-05 8.343654734254400164e-05 1.051193209944508355e-04 1.166203872469964643e-04
6.928427772754953695e-01 4.822075369555781045e-04 3.732208043619612142e-05 3.671587030744529563e-05 7.375243124265948302e-05 7.653545656846995945e-05 9.731418741202625677e-05 1.069554121928780778e-04
7.020683801686443681e-01 4.422034372953407341e-04 3.414718843162273254e-05 3.421311618486989068e-05 6.789799577363697224e-05 7.062211219025421377e-05 9.016662733883217158e-05 9.839439745842827774e-05
7.112939830617935888e-01 4.066686992905390523e-04 3.117595356608062872e-05 3.192361852977893509e-05 6.257279790583661393e-05 6.550245606909969225e-05 8.373006867180404203e-05 9.066246852261939000e-05
7.205195859549425874e-01 3.750976491222998742e-04 2.859886805066087865e-05 2.957292510626601369e-05 5.786714735611599072e-05 6.071123244302410651e-05 7.785440745770508524e-05 8.372260530510014682e-05
7.297451888480916971e-01 3.465035660279258776e-04 2.657069045760131545e-05 2.729264877932040994e-05 5.376417230783459488e-05 5.597857480039639252e-05 7.276810292436636848e-05 7.715447699264710866e-05
7.389707917412406957e-01 3.210327983315215618e-04 2.468157728111112755e-05 2.555555303721142573e-05 5.017685474135026406e-05 5.162662292694671605e-05 6.814840589866230907e-05 7.120364427589613143e-05
7.481963946343899163e-01 2.981268961915212873e-04 2.325778183734974200e-05 2.396984693468529352e-05 4.686580726967823482e-05 4.787212662964407221e-05 6.393860695440268214e-05 6.576756518440385790e-05
7.574219975275389150e-01 2.776378971502724323e-04 2.180347991525367684e-05 2.219765083088295204e-05 4.371832956979738701e-05 4.468227409859439753e-05 5.997968276793728352e-05 6.090340155546583611e-05
7.666476004206880246e-01 2.592544624155472001e-04 2.021708752076868112e-05 2.062788704669228862e-05 4.093935533842056216e-05 4.185105464201343758e-05 5.623588471539032324e-05 5.654626304584916478e-05
7.758732033138370232e-01 2.426675261708935438e-04 1.910900293032488347e-05 1.934160980325420106e-05 3.854190831900541469e-05 3.882714555025377438e-05 5.280903299584467896e-05 5.253383913693412629e-05
7.850988062069861328e-01 2.274106471631274422e-04 1.810735321928233586e-05 1.795908074537675651e-05 3.617033550159772307e-05 3.606799575907914724e-05 4.991319600688206562e-05 4.857494931334631555e-05
7.943244091001351315e-01 2.138292605480886536e-04 1.683743410630262347e-05 1.701988206252694918e-05 3.369496626005609148e-05 3.361404418880290608e-05 4.698196324908230715e-05 4.517082623351398232e-05
8.035500119932843521e-01 2.014366551924677042e-04 1.597029994801848780e-05 1.596179908443636159e-05 3.184515130000658526e-05 3.141361923771572974e-05 4.435410726207289706e-05 4.193928237057208044e-05
8.127756148864333507e-01 1.902080132541119793e-04 1.517093252899023078e-05 1.497887956580207344e-05 2.986779878865332243e-05 2.928811154839227617e-05 4.196050679712689992e-05 3.897074506850725824e-05
8.220012177795824604e-01 1.801509386418732536e-04 1.416597951664946950e-05 1.436387855629990594e-05 2.803874348594338870e-05 2.746604377913534380e-05 4.004144255635505231e-05 3.633894272863494638e-05
8.312268206727314590e-01 1.709155509407679684e-04 1.319701746533657972e-05 1.349442272135866643e-05 2.649347214182305277e-05 2.585167105425160224e-05 3.830873642884330779e-05 3.411065768967147895e-05
8.404524235658805686e-01 1.623720067221236544e-04 1.270869197458706062e-05 1.255287452260069568e-05 2.557518491526041601e-05 2.431796090410285986e-05 3.679703252168045114e-05 3.209070780690984363e-05
8.496780264590296783e-01 1.549515197233196796e-04 1.177521936881895581e-05 1.212741390516319621e-05 2.427847072739093190e-05 2.328262515132831245e-05 3.493298189803911019e-05 3.057156125900643644e-05
8.589036293521787879e-01 1.478892477870549869e-04 1.143919934638293052e-05 1.144411095447287136e-05 2.296765505094280836e-05 2.184136930288293490e-05 3.325469683442119689e-05 2.885891024202430607e-05
8.681292322453277865e-01 1.416077267344002257e-04 1.088688845216957170e-05 1.084345090284402472e-05 2.193844696898842477e-05 2.069413648161320387e-05 3.154244992769689648e-05 2.741532000421065122e-05
8.773548351384768962e-01 1.357977294525942492e-04 1.041221108810303267e-05 1.004441095168307060e-05 2.115517118870188242e-05 1.949843389868550407e-05 2.954349387518614739e-05 2.600517272420419445e-05
8.865804380316258948e-01 1.303599524062115439e-04 1.016526592303383224e-05 9.172893862069485347e-06 2.026582149306429821e-05 1.824915462433382527e-05 2.798149708422041290e-05 2.453941478996010022e-05
8.958060409247751155e-01 1.256261617768765558e-04 9.639770463976262771e-06 8.766403953426783356e-06 1.927794505644154946e-05 1.723748757627411210e-05 2.676562329025354873e-05 2.338986856341433620e-05
9.050316438179241141e-01 1.212948235968529562e-04 9.263643947822429166e-06 8.394025800477369990e-06 1.867211450279645895e-05 1.639447415610178474e-05 2.562015493618023416e-05 2.232118066682457790e-05
9.142572467110732237e-01 1.173288139843199011e-04 8.933802856222751139e-06 7.937356215649725628e-06 1.811902796392718808e-05 1.549506806343272454e-05 2.456913959518697375e-05 2.129597314798372374e-05
9.234828496042222223e-01 1.138593004174889628e-04 8.356012653640477366e-06 7.686412355845928242e-06 1.712202605427728258e-05 1.480255759330748923e-05 2.339315075889215716e-05 2.055364907375243255e-05
9.327084524973712210e-01 1.106672588195500503e-04 7.954626551743700330e-06 7.495140425400279851e-06 1.621416255618912195e-05 1.441400190797407837e-05 2.222357888198540432e-05 1.965007546439100571e-05
9.419340553905202196e-01 1.076876004790582693e-04 7.667724713525796176e-06 7.237276234995081723e-06 1.543995633760574448e-05 1.387690316724813006e-05 2.149033226833200181e-05 1.887154465069665712e-05
9.511596582836694402e-01 1.051405895946378415e-04 7.199833595969036266e-06 7.015139100501123254e-06 1.476324672008355262e-05 1.346164222448909616e-05 2.059230062430838766e-05 1.840398064890015758e-05
9.603852611768185499e-01 1.027939201274952229e-04 6.981699566708198228e-06 6.941284173967858821e-06 1.406390286372530165e-05 1.328863602560480847e-05 1.980458075263741573e-05 1.793151690849329176e-05
9.696108640699675485e-01 1.007151323639667387e-04 6.755000473178569831e-06 6.820905327740921470e-06 1.362075608653804575e-05 1.324430403191781641e-05 1.930682666864719937e-05 1.690045676710923400e-05
9.788364669631165471e-01 9.876902755625742219e-05 6.534853440424493506e-06 6.594773331073045452e-06 1.345967853485594153e-05 1.299861446820564680e-05 1.885855339184073544e-05 1.626566833882356854e-05
9.880620698562656568e-01 9.712162937235480401e-05 6.430289441692460658e-06 6.392832049597978704e-06 1.324615124515304062e-05 1.288496190055063299e-05 1.837935688148457773e-05 1.569651104672816291e-05
9.972876727494148774e-01 9.558107102521657002e-05 6.186932730379692620e-06 6.213834263556474390e-06 1.281579108483647767e-05 1.273980587667416381e-05 1.784906634357361782e-05 1.519798018009833852e-05
1.006513275642563876e+00 9.425048142785930267e-05 6.074232805693203824e-06 6.137017059098124542e-06 1.254230507013414221e-05 1.252171536314729717e-05 1.712445940099687923e-05 1.470889258457792729e-05
1.015738878535712875e+00 9.305214801420373389e-05 6.010672597858503804e-06 5.977975374690981539e-06 1.240092762913720355e-05 1.219536589512542420e-05 1.648139922600898853e-05 1.462617406874169867e-05
1.024964481428862095e+00 9.205453406313289326e-05 5.911760381862676849e-06 5.836966209188100508e-06 1.223283773313416534e-05 1.197156150135615096e-05 1.583769948408259866e-05 1.469974819070115582e-05
1.034190084322011094e+00 9.134245466132464208e-05 5.737824998347810981e-06 5.846310302081323350e-06 1.205327125040837996e-05 1.194306583962603222e-05 1.555328004693143687e-05 1.500878623570896014e-05
1.043415687215160093e+00 9.064778560356119585e-05 5.795807695077020831e-06 5.750060804555717059e-06 1.187917155397542467e-05 1.174900509705184841e-05 1.553767734375795641e-05 1.483978629789537687e-05
1.052641290108309091e+00 9.005853728418908766e-05 5.753702614839042062e-06 5.627551773779734898e-06 1.179421429733156445e-05 1.148981748210290961e-05 1.557579382233582638e-05 1.457274365853760420e-05
1.061866893001458312e+00 8.966690967842705969e-05 5.792914082462067584e-06 5.587830140934698059e-06 1.165109165464955541e-05 1.132941408743534726e-05 1.557488537711588465e-05 1.440081689948700396e-05
1.071092495894607532e+00 8.946225494346452423e-05 5.776589676590319412e-06 5.709311795616610580e-06 1.151383259728555955e-05 1.153524979605068297e-05 1.547946373375069166e-05 1.453415084631905815e-05
1.080318098787756531e+00 8.933933919709351505e-05 5.780718047311675422e-06 5.614509421814360733e-06 1.141549628369027550e-05 1.164056506877098030e-05 1.531787119839478622e-05 1.463704916974977637e-05
1.089543701680905530e+00 8.944796806799402544e-05 5.673504280357473568e-06 5.700471358893204250e-06 1.114582608910008219e-05 1.177593611045864134e-05 1.507472368470710205e-05 1.492628610723517894e-05
1.098769304574054528e+00 8.957618088828827306e-05 5.641923905349641578e-06 5.741002319339908616e-06 1.097811458003969951e-05 1.167761022484964481e-05 1.496218790098925255e-05 1.498963034032376222e-05
1.107994907467203749e+00 8.991492220838145748e-05 5.504858089313925998e-06 5.848003796157563760e-06 1.092175651787808592e-05 1.170225841879755468e-05 1.479925131572671151e-05 1.522172049777039554e-05
1.117220510360352748e+00 9.037004769745380565e-05 5.498232629647594621e-06 5.940865080250856125e-06 1.092745589525194125e-05 1.170128304353934621e-05 1.465918537687033109e-05 1.562446476211004816e-05
1.126446113253501746e+00 9.088730237049119317e-05 5.572373868406319875e-06 6.001941695022713430e-06 1.101655167892246542e-05 1.182992166276636834e-05 1.460388018231557775e-05 1.599608423166099414e-05
1.135671716146650967e+00 9.148222195868075356e-05 5.734971696150025595e-06 6.031376780177543631e-06 1.115854820775874674e-05 1.195973199522451047e-05 1.462655092309810825e-05 1.632840670170945688e-05
1.144897319039799966e+00 9.218403094592888115e-05 5.838644616522928018e-06 6.093725267064691357e-06 1.150633943936975431e-05 1.214584592355033728e-05 1.486777770545349476e-05 1.665155570075898194e-05
1.154122921932948964e+00 9.300748047060069612e-05 5.979153968352314205e-06 6.232131468661956486e-06 1.181289539568228285e-05 1.230292708714345528e-05 1.535730808415440183e-05 1.698037167848455626e-05
1.163348524826097963e+00 9.401579153783318947e-05 6.141739312866292236e-06 6.290002559928149469e-06 1.187580234004773061e-05 1.244872767303235818e-05 1.580147535922525603e-05 1.736678000888113005e-05
1.172574127719247183e+00 9.522902345638571122e-05 6.201068880205579548e-06 6.566556234012982688e-06 1.189876456096637702e-05 1.259830995228335268e-05 1.590920359895200129e-05 1.780350998466446229e-05
1.181799730612396404e+00 9.655545484938097840e-05 6.310560308325031736e-06 6.749806149087804615e-06 1.212435144261633606e-05 1.290789667786865116e-05 1.613824292879037893e-05 1.822860596268294708e-05
1.191025333505545403e+00 9.801199667236784022e-05 6.383143670727397319e-06 6.955559645660018228e-06 1.237760854985973534e-05 1.308402365638339660e-05 1.651234836929268957e-05 1.866181460091023453e-05
1.200250936398694401e+00 9.966141214123529050e-05 6.433934078583209803e-06 7.126209536188678629e-06 1.265937186208886654e-05 1.341764714075936629e-05 1.688206831971801169e-05 1.914963629468454677e-05
1.209476539291843622e+00 1.014673750668303187e-04 6.527505014638005070e-06 7.279078807437026010e-06 1.300340954994801590e-05 1.377007934452434401e-05 1.729314565896447565e-05 1.964976261275204223e-05
1.218702142184992621e+00 1.033956978968357217e-04 6.726921494754881017e-06 7.469482434808606274e-06 1.347178975187623452e-05 1.409598830542365755e-05 1.759497337381681840e-05 2.012198275662943137e-05
1.227927745078141619e+00 1.055061174789726381e-04 6.889655073226492641e-06 7.589624500893636357e-06 1.405694164539383667e-05 1.444067322589631273e-05 1.807632657899520495e-05 2.061345389357761761e-05
1.237153347971290618e+00 1.078348698582843994e-04 7.049258340710226611e-06 7.831797094063402075e-06 1.452298958509406590e-05 1.466400932847146074e-05 1.862073984231624375e-05 2.115139636682685344e-05
1.246378950864439838e+00 1.104097034367551946e-04 7.310615869025370128e-06 8.024642459898706373e-06 1.500700934830434411e-05 1.500878178359046314e-05 1.925536165060961038e-05 2.173551762003240204e-05
1.255604553757589059e+00 1.131149311757340288e-04 7.634561961238517814e-06 8.215191036226986848e-06 1.565096712398644611e-05 1.543557096496095654e-05 2.000687471661149173e-05 2.225633961833007961e-05
1.264830156650738058e+00 1.162452616999824946e-04 7.880332503444305650e-06 8.477875366305395581e-06 1.605612355716571618e-05 1.603295584429006895e-05 2.065580703808776362e-05 2.296047518201519300e-05
1.274055759543887056e+00 1.196711758757766024e-04 8.084469905960170975e-06 8.794034498352441506e-06 1.653328588199995679e-05 1.662531147594899380e-05 2.133141773337423469e-05 2.371323962746777912e-05
1.283281362437036055e+00 1.233962671423569643e-04 8.415117589047284210e-06 9.110348551995695997e-06 1.717966518948230549e-05 1.717944412334628684e-05 2.209343903339724968e-05 2.447781608059087025e-05
1.292506965330185276e+00 1.273967425795008717e-04 8.889586038848324616e-06 9.429380308839698508e-06 1.791676630887888339e-05 1.757712905756201194e-05 2.304577987904805306e-05 2.520048200529182933e-05
1.301732568223334052e+00 1.317946424815463096e-04 9.341379997533443783e-06 9.612540388512680507e-06 1.885770489229701067e-05 1.800620223878094187e-05 2.421997310050199876e-05 2.595285920557819769e-05
1.310958171116483273e+00 1.368686672326427313e-04 9.574587170406819369e-06 1.007141054894450990e-05 1.962459450515087857e-05 1.872729752257321382e-05 2.528345350056990974e-05 2.698092386270869536e-05
1.320183774009632494e+00 1.424223593610939552e-04 1.014118322074629712e-05 1.051109419697625010e-05 2.053644309458154175e-05 1.960569748296289196e-05 2.652540230895200201e-05 2.801989501356132834e-05
1.329409376902781492e+00 1.486315847922808778e-04 1.058581653306584673e-05 1.100231150011552459e-05 2.162265660132111538e-05 2.058561369527124379e-05 2.786116042826768547e-05 2.917275991393521520e-05
1.338634979795930713e+00 1.554876963782749746e-04 1.128071404312002844e-05 1.137342961714851155e-05 2.289775595250276557e-05 2.156239920748858024e-05 2.940886420015696571e-05 3.035377873827853194e-05
1.347860582689079489e+00 1.633337357506036336e-04 1.191333837219414821e-05 1.196097485488126829e-05 2.417974898116776296e-05 2.230423294640265460e-05 3.096629756584647628e-05 3.179319321771779797e-05
1.357086185582228710e+00 1.723134302203741387e-04 1.251500323591955973e-05 1.302121433595422747e-05 2.529426884002376166e-05 2.389165450921072352e-05 3.280568722617688000e-05 3.351771909286448896e-05
1.366311788475377931e+00 1.821918725133089216e-04 1.333182393884436924e-05 1.353736740984019826e-05 2.692029026607524749e-05 2.557858302204836878e-05 3.525728345269967131e-05 3.512924123874564962e-05
1.375537391368526707e+00 1.936007330994104310e-04 1.433473133703611221e-05 1.416037261821727366e-05 2.862861153126502328e-05 2.710987770885786509e-05 3.790461782851895791e-05 3.706722515660993908e-05
1.384762994261675928e+00 2.067767019048753004e-04 1.555650154731104558e-05 1.499639334035261567e-05 3.093534107112238239e-05 2.880034396993881736e-05 4.086419635607429742e-05 3.932085016782472641e-05
1.393988597154824927e+00 2.220174554183766474e-04 1.676198431375009335e-05 1.629955850217514545e-05 3.390812196739199794e-05 3.073800801492606021e-05 4.427410721499997013e-05 4.187849202512620279e-05
1.403214200047974147e+00 2.400123487553106603e-04 1.802343482220958347e-05 1.766144152545736875e-05 3.711567776460230781e-05 3.318604800102228241e-05 4.801443717135134336e-05 4.502717432687316904e-05
1.412439802941123368e+00 2.610643137888265532e-04 1.927612593289831531e-05 1.910493134553792132e-05 4.016904730892527885e-05 3.596272208627882406e-05 5.252084676346155910e-05 4.855694600939546740e-05
1.421665405834272145e+00 2.861149030118598593e-04 2.108817163597436622e-05 2.091498514524995972e-05 4.396243660484151078e-05 3.930999371633460025e-05 5.797852723887997545e-05 5.270321454937728777e-05
1.430891008727421365e+00 3.161217782205746158e-04 2.341627083158963861e-05 2.267312410917477839e-05 4.825267275879993384e-05 4.333001882910923145e-05 6.481019972656422391e-05 5.779003993987156043e-05
1.440116611620570364e+00 3.529613008969642975e-04 2.620054820810395263e-05 2.568702157638958709e-05 5.378395154909891129e-05 4.932494129844023929e-05 7.279862866433283418e-05 6.489857978966839802e-05
1.449342214513719362e+00 3.982711971845587836e-04 2.941879367532177544e-05 2.891929950947594872e-05 6.041918128064515010e-05 5.532408156206253822e-05 8.280587698708015551e-05 7.348891856614954724e-05
1.458567817406868583e+00 4.554524308484696562e-04 3.353487717228927989e-05 3.325437096327586196e-05 6.897644446696946660e-05 6.312711431813601949e-05 9.495264891691053031e-05 8.461454323844635984e-05
1.467793420300017582e+00 5.280139743689112129e-04 3.931566478112028754e-05 3.865084603663917432e-05 7.992003468272168131e-05 7.337043113816543553e-05 1.108476107750604829e-04 9.842578757993027550e-05
1.477019023193166802e+00 6.224762296981867487e-04 4.656370263400036111e-05 4.566199081363459759e-05 9.540592234331946291e-05 8.742577320870997381e-05 1.315338234272004237e-04 1.173713235422102876e-04
1.486244626086316023e+00 7.486501789481938380e-04 5.598567139646418167e-05 5.476690190584583475e-05 1.143918669011810855e-04 1.082830022367278723e-04 1.586844380859640715e-04 1.445591407526114393e-04
1.495470228979464800e+00 9.206412250189475229e-04 7.051395575447308960e-05 6.749955639215646751e-05 1.420367278283354764e-04 1.355337446776770172e-04 1.961555026289457833e-04 1.816510747444276741e-04
1.504695831872614020e+00 1.163343523149226039e-03 8.929489841880610887e-05 8.558875047713328590e-05 1.788362678968183697e-04 1.715782922991500835e-04 2.477773832006021325e-04 2.350057854196116632e-04
1.513921434765763019e+00 1.515159355352782653e-03 1.157416886995935989e-04 1.134902355685112572e-04 2.308925393051928544e-04 2.238039689107782816e-04 3.209031884538933194e-04 3.135023016986313634e-04
1.523147037658912017e+00 2.033053170140388700e-03 1.593040722769043828e-04 1.516235906103430026e-04 3.153422299439533408e-04 3.079609297059688125e-04 4.350764870877294778e-04 4.272456442522265790e-04
1.532372640552061016e+00 2.807093939674188375e-03 2.258638090833651677e-04 2.098017778346182409e-04 4.352774903779231368e-04 4.360535353783714582e-04 6.146025451059457419e-04 6.001504932632898380e-04
1.541598243445210237e+00 3.898455669686236042e-03 3.165162488887123503e-04 3.017120774554478586e-04 6.115255477489004061e-04 6.123279398362667207e-04 8.784584082823158717e-04 8.420173729088314442e-04
1.550823846338359457e+00 5.124597974256856446e-03 4.214408574464891671e-04 3.900857517165493352e-04 8.105689490253264323e-04 7.890419475719209763e-04 1.191214237877177493e-03 1.098153215339283013e-03
1.560049449231508456e+00 5.783050279385314879e-03 4.576209373394245564e-04 4.351977134566002367e-04 8.892006167760379415e-04 8.557279010845495609e-04 1.324025340615732176e-03 1.225343679302219775e-03
1.569275052124657455e+00 5.221965135093245905e-03 3.942830630538074477e-04 3.777045032720650550e-04 7.745395948248814944e-04 7.507513479929218275e-04 1.132515932718828125e-03 1.081740589120337888e-03
1.578500655017806453e+00 3.988763761999384802e-03 2.827513236428897542e-04 2.789037892958652620e-04 5.638303865847594035e-04 5.694148500400651042e-04 8.016233299499454096e-04 8.234057250770224386e-04
1.587726257910955674e+00 2.853546307109844707e-03 1.995317444108942254e-04 1.942838488678427268e-04 3.929196057076427169e-04 4.178938847265402032e-04 5.395299009433945046e-04 5.910829816238600404e-04
1.596951860804104451e+00 2.046606120630559654e-03 1.367134524468795534e-04 1.409126919782420495e-04 2.732981283348444312e-04 3.027044402000344039e-04 3.811369217300861548e-04 4.286468705086280469e-04
1.606177463697253671e+00 1.502832335054397374e-03 1.041413684226665925e-04 1.040068747907600330e-04 2.033882268897471007e-04 2.156364967893205711e-04 2.848108203002315281e-04 3.142238435883285084e-04
1.615403066590402892e+00 1.142248828998045128e-03 7.937252525066942725e-05 7.865687154275449733e-05 1.531501234340272230e-04 1.647811092679361909e-04 2.166666120345269158e-04 2.396911843652717398e-04
1.624628669483551890e+00 8.951991245405465552e-04 6.372844057337377372e-05 6.251643410568258948e-05 1.184419139698664235e-04 1.245191993355416896e-04 1.676369284802984834e-04 1.868496242540424465e-04
1.633854272376701111e+00 7.216475584929315460e-04 5.178353232190900744e-05 5.055489494201097830e-05 9.385520635180630376e-05 1.007575207166383578e-04 1.334168483942590588e-04 1.490549939727358513e-04
1.643079875269850110e+00 5.960562000774406993e-04 4.218462491156402521e-05 4.153347205596816423e-05 7.665548549648287715e-05 8.392343987005483879e-05 1.087936311778329133e-04 1.238272517951336449e-04
1.652305478162999108e+00 5.029931237949152641e-04 3.517514686722045345e-05 3.497279657007013520e-05 6.348061415156747416e-05 7.177573529682450921e-05 9.244635384693855509e-05 1.037092601682528328e-04
1.661531081056148329e+00 4.319592370892842291e-04 3.048941262082989099e-05 2.928048660124813688e-05 5.458044707223614744e-05 6.097419853500342206e-05 8.080779556365137511e-05 8.790804615265985882e-05
1.670756683949297106e+00 3.773570248969471195e-04 2.645293036881497155e-05 2.508255242743111235e-05 4.774144972634531857e-05 5.289246179466584223e-05 7.078864875861292597e-05 7.596891262318350132e-05
1.679982286842446326e+00 3.343552814230432279e-04 2.320091205680033155e-05 2.258534135368548594e-05 4.219965359830306394e-05 4.610768245404838926e-05 6.219998861145472225e-05 6.649733796571736643e-05
1.689207889735595547e+00 2.998383627214707228e-04 2.056962925909064767e-05 1.990892471342043269e-05 3.753848336332998512e-05 4.032917366751713429e-05 5.509838553303931076e-05 5.873005203812649527e-05
1.698433492628744546e+00 2.717938566371171354e-04 1.843521007208941218e-05 1.768960417195106129e-05 3.397278009560660743e-05 3.690755318117150126e-05 4.966689463819286840e-05 5.231308882650147793e-05
1.707659095521893766e+00 2.488671536227310193e-04 1.653474231591475210e-05 1.623643758895900358e-05 3.085185139276616336e-05 3.366854445962922694e-05 4.502538828128518607e-05 4.708727913038302415e-05
1.716884698415042543e+00 2.298126626250447061e-04 1.496048348780676255e-05 1.494200912528938479e-05 2.877038170382432069e-05 3.079124856641369200e-05 4.113598149739326618e-05 4.266487835596493054e-05
1.726110301308191763e+00 2.140297497604425807e-04 1.386745168937636658e-05 1.349322683918548443e-05 2.650414604963557681e-05 2.842267614635232025e-05 3.764264567726559037e-05 3.984815139531204683e-05
1.735335904201340984e+00 2.006435187403753854e-04 1.287900411408134582e-05 1.250461123340778800e-05 2.442893797703271836e-05 2.604691153591223631e-05 3.471573318513122819e-05 3.723657658427769889e-05
1.744561507094489761e+00 1.894231750426699531e-04 1.156173794102251760e-05 1.165918756822288053e-05 2.254098280382824007e-05 2.368220983166267348e-05 3.201648452905405859e-05 3.428710876738066005e-05
1.753787109987638981e+00 1.796465683512616643e-04 1.073806642502955744e-05 1.073652991041010784e-05 2.124099158379392236e-05 2.180812496595441923e-05 2.983577726399077451e-05 3.242348818372622963e-05
1.763012712880787980e+00 1.713235916353922882e-04 1.006500805114624942e-05 1.025414229631618291e-05 2.005841220674710562e-05 2.074092645726346670e-05 2.782279600055547375e-05 3.091210145032071040e-05
1.772238315773937201e+00 1.640631719625604474e-04 9.708942454344691129e-06 9.528340908936707961e-06 1.924261503421685008e-05 1.922736537446166757e-05 2.610393951077476455e-05 2.882325635515634618e-05
1.781463918667086421e+00 1.578137193290405889e-04 9.174765733517071175e-06 9.126675879901803437e-06 1.838909137080786834e-05 1.790492318403709296e-05 2.451178904342861376e-05 2.701662589898700382e-05
1.790689521560235198e+00 1.524046540408368158e-04 8.555854639923923203e-06 8.705119346225385695e-06 1.766216169304986728e-05 1.687700882726953042e-05 2.304619687819805282e-05 2.540744137979631463e-05
1.799915124453384419e+00 1.477063005020617091e-04 8.124123946195760436e-06 8.436521062684656722e-06 1.685424939213764958e-05 1.628810328248081127e-05 2.230482595201634393e-05 2.400446244122395457e-05
1.809140727346533417e+00 1.434634363955607250e-04 7.832365212594096394e-06 8.079135507482569515e-06 1.625786599759469677e-05 1.549878892982638114e-05 2.192672283382276523e-05 2.262477750168689905e-05
1.818366330239682416e+00 1.396980805416198177e-04 7.649282401034259707e-06 7.770887271879437560e-06 1.581730385337285676e-05 1.472076486877806306e-05 2.161712155165359606e-05 2.135062648914626314e-05
1.827591933132831414e+00 1.364880349127222206e-04 7.341945643742195295e-06 7.537103334743437254e-06 1.536223227648579864e-05 1.410986705931231147e-05 2.133588704857371210e-05 2.034133787045751035e-05
1.836817536025980635e+00 1.335682826480340257e-04 7.233656145423411794e-06 7.268274638358928567e-06 1.495479173293734151e-05 1.365456582925909988e-05 2.096014453291874407e-05 1.952372339126237416e-05
1.846043138919129634e+00 1.309371061731946632e-04 7.185960557092653826e-06 6.967961023269023373e-06 1.463220340798340063e-05 1.329878584759737047e-05 2.034643120650016495e-05 1.868508280169093390e-05
1.855268741812278410e+00 1.286868058481882896e-04 6.926013086234740447e-06 6.876913282898545966e-06 1.430938183558417578e-05 1.307477006486748073e-05 1.970598089804753532e-05 1.791341026806038568e-05
1.864494344705427187e+00 1.268391673030301635e-04 6.661295346853239076e-06 6.759449918361458659e-06 1.389658859401001530e-05 1.291503124685828500e-05 1.951613701118852149e-05 1.740521527762088454e-05
1.873719947598576185e+00 1.250199525619215160e-04 6.572140555959602760e-06 6.578542336981493539e-06 1.369266120145382201e-05 1.269977042359168461e-05 1.935324848300178243e-05 1.714319411822715696e-05
1.882945550491724962e+00 1.235017666577426973e-04 6.446849833799481871e-06 6.395810326609071964e-06 1.339225639695269723e-05 1.266213918409353966e-05 1.879701610042936962e-05 1.673204392284841947e-05
1.892171153384873961e+00 1.220936041253798060e-04 6.474075693231595967e-06 6.412050718758463097e-06 1.316976908827147087e-05 1.254485453915773140e-05 1.835284929679387904e-05 1.629544038579187177e-05
1.901396756278022737e+00 1.207835794509960818e-04 6.420520479761553817e-06 6.264345591433230455e-06 1.302526502782563173e-05 1.230416429030982742e-05 1.800558889126587143e-05 1.583867412090083119e-05
1.910622359171171736e+00 1.196774495677055584e-04 6.462606882821455884e-06 6.118068858075015174e-06 1.288353262746584637e-05 1.190853098793379311e-05 1.782582373957901595e-05 1.553036968449984529e-05
1.919847962064320512e+00 1.187018738840473338e-04 6.423987775726924571e-06 6.024774999566144909e-06 1.289130603866982499e-05 1.184225507481033988e-05 1.778177875386592946e-05 1.544046365690745191e-05
1.929073564957469289e+00 1.179278956886958309e-04 6.242434887537032196e-06 6.080721435886490291e-06 1.258355823935763756e-05 1.181325907719241511e-05 1.766306813243332633e-05 1.545072541518568033e-05
1.938299167850618288e+00 1.171516522005238564e-04 6.353817930719260227e-06 6.033320050040887127e-06 1.265611093576501835e-05 1.169953586672594942e-05 1.766149037410764543e-05 1.536681714622012960e-05
1.947524770743767064e+00 1.164810100822971645e-04 6.417549976890963453e-06 6.028477523428978839e-06 1.253843942011224324e-05 1.156794886517154063e-05 1.765836664826106776e-05 1.530467658046008833e-05
1.956750373636916063e+00 1.158874045161339245e-04 6.468986910546212134e-06 5.954291286645917516e-06 1.236449532140892148e-05 1.146799144436926065e-05 1.767249455155879274e-05 1.524445752951482228e-05
1.965975976530064839e+00 1.154277293919387791e-04 6.551023059608339426e-06 5.919701189554873728e-06 1.238909726666804698e-05 1.149693388827747369e-05 1.764368318033122940e-05 1.524857007148476920e-05
1.975201579423213616e+00 1.150897805736541299e-04 6.454531747849016551e-06 6.019279097363951420e-06 1.229974546387559110e-05 1.152003731759742883e-05 1.757138747483639432e-05 1.531148090297670462e-05
1.984427182316362615e+00 1.147828009865797295e-04 6.466885189585641364e-06 5.935516000691424296e-06 1.215919504589843526e-05 1.151391124205176887e-05 1.753080006334741718e-05 1.535789650944611605e-05
1.993652785209511391e+00 1.145091067796882519e-04 6.492164583483673842e-06 5.980119221160538879e-06 1.212704459199878205e-05 1.150218929649419618e-05 1.755502386969944734e-05 1.536805888974534043e-05
2.002878388102660168e+00 1.142824686823645802e-04 6.481591217417275244e-06 6.013433612339026050e-06 1.216688129280979805e-05 1.142236909123468054e-05 1.757570261256412465e-05 1.538630170536468931e-05
2.012103990995809166e+00 1.141872052542795927e-04 6.420807396004189998e-06 6.161737692376013757e-06 1.217776119837963992e-05 1.145616729447724192e-05 1.752160033042606034e-05 1.549029011146923335e-05
2.021329593888958165e+00 1.140475207353775758e-04 6.477203557687537163e-06 6.192000372135628866e-06 1.232778042984874903e-05 1.149849352293624003e-05 1.756031200878638938e-05 1.551052865442922543e-05
2.030555196782107164e+00 1.139556005279679184e-04 6.459529635054116702e-06 6.212694290901396446e-06 1.232811211588330351e-05 1.153043365491919091e-05 1.789957887229639644e-05 1.554150764817595668e-05
2.039780799675255718e+00 1.139341601711057052e-04 6.557223269971872159e-06 6.341576005603104054e-06 1.231537625382000413e-05 1.159209251197336281e-05 1.825247566043230736e-05 1.560896576441244223e-05
2.049006402568404717e+00 1.138828971413342628e-04 6.657505271797953695e-06 6.343407312349433661e-06 1.246342915761919693e-05 1.160400648113934824e-05 1.867453762806552499e-05 1.561457945819968822e-05
2.058232005461553715e+00 1.138954797550908310e-04 6.672374908080512057e-06 6.395333260984437302e-06 1.252485743067393762e-05 1.163258270184371263e-05 1.893176457007080069e-05 1.565470900117069001e-05
2.067457608354702270e+00 1.139222633558511084e-04 6.712301868287080310e-06 6.386023806730488513e-06 1.262812967878737698e-05 1.161459478983805629e-05 1.893437302580634849e-05 1.567918073285356584e-05
2.076683211247851268e+00 1.139540253023260577e-04 6.841718188194405477e-06 6.336816908036335141e-06 1.259021757235427065e-05 1.156631575610122858e-05 1.895534327574300627e-05 1.568830664220392779e-05
2.085908814141000267e+00 1.140761708878494272e-04 6.815567314681067251e-06 6.370801553022559108e-06 1.271449537444772080e-05 1.160983128555222491e-05 1.906725374385388966e-05 1.576074657083188703e-05
2.095134417034148822e+00 1.142602228231789419e-04 6.897389132991493766e-06 6.435005010835322266e-06 1.282753736690320375e-05 1.170301401494602974e-05 1.935557575437934683e-05 1.587338015428829967e-05
2.104360019927297820e+00 1.144445764385391853e-04 6.888240780507557900e-06 6.507013311815338058e-06 1.283659347673792462e-05 1.184778248934419077e-05 1.966527103434056924e-05 1.596508808838520584e-05
2.113585622820446819e+00 1.146361721246200226e-04 6.891416481131888705e-06 6.554911728982287908e-06 1.286938804484822241e-05 1.195798679087201814e-05 1.998615241812176538e-05 1.604539942668314813e-05
2.122811225713595817e+00 1.149195101405010519e-04 6.800642304496579723e-06 6.702012174590577485e-06 1.301896142720992879e-05 1.209893413880448168e-05 2.023533909362669795e-05 1.619793158697996924e-05
2.132036828606744372e+00 1.151504002214639278e-04 6.861405962566908450e-06 6.761187097882649676e-06 1.306059166494587850e-05 1.213685582775970106e-05 2.055364435367189140e-05 1.628229751963045080e-05
2.141262431499893371e+00 1.154236567359333992e-04 6.900944093411525912e-06 6.835022849498848170e-06 1.297234896625469374e-05 1.221731739239668871e-05 2.084915647660262020e-05 1.639368872165314405e-05
2.150488034393042369e+00 1.156732716230269155e-04 6.917547306444470079e-06 6.882792039401397065e-06 1.309036401346333196e-05 1.229087689933963277e-05 2.118486653201581194e-05 1.646528646596184494e-05
2.159713637286190924e+00 1.159333789344213332e-04 6.950666038050429003e-06 6.924947951278783483e-06 1.320570219950543099e-05 1.238572459078175498e-05 2.152321776679620366e-05 1.653447551271348883e-05
2.168939240179339922e+00 1.162100175372747198e-04 7.000638483055577526e-06 6.957577978026653208e-06 1.338688703161457975e-05 1.244877413193460811e-05 2.185798392031880022e-05 1.660778056330181854e-05
2.178164843072488921e+00 1.165471972852192016e-04 7.085493655722830525e-06 7.098889123045539406e-06 1.346608659870566019e-05 1.255121973454781349e-05 2.214517377843701958e-05 1.672909056759663035e-05
2.187390445965637920e+00 1.169173976908334902e-04 7.019397717360355933e-06 7.271049805759768718e-06 1.364423133568524755e-05 1.267574200668616588e-05 2.241036280091379305e-05 1.687257676123527178e-05
2.196616048858786474e+00 1.172399343662274088e-04 7.100777231692522221e-06 7.316710664995095480e-06 1.388503300444008943e-05 1.273891118624245115e-05 2.266985414307305213e-05 1.695499622465229260e-05
2.205841651751935473e+00 1.175943304322245504e-04 7.105875567492458186e-06 7.340147307294516755e-06 1.394744752464412672e-05 1.282627385309646545e-05 2.277558372991268462e-05 1.706158577570394876e-05
2.215067254645084471e+00 1.179545910969092691e-04 7.116473650653384582e-06 7.451922881675804452e-06 1.400497306889653343e-05 1.291840788891658587e-05 2.288704893469296724e-05 1.716470267909695673e-05
2.224292857538233026e+00 1.183316935289104911e-04 7.113620969863905952e-06 7.542491651727227433e-06 1.420079247686249963e-05 1.302138364767612376e-05 2.299562661868117066e-05 1.727336676389565719e-05
2.233518460431382024e+00 1.187058608224194728e-04 7.158559756803396855e-06 7.572893077344933980e-06 1.440769743789808283e-05 1.309749443043562638e-05 2.311515924254601390e-05 1.737230288542609979e-05
2.242744063324531023e+00 1.190730455550486418e-04 7.197605914041019671e-06 7.565220439220357454e-06 1.463192825879798238e-05 1.321735370251647310e-05 2.325205101454420604e-05 1.745573584857681591e-05
2.251969666217680022e+00 1.193957145886699524e-04 7.239324686797362360e-06 7.599873027368489356e-06 1.486976100525505117e-05 1.337855312679971315e-05 2.339955507383892721e-05 1.752110850591570242e-05
2.261195269110828576e+00 1.198067060851987301e-04 7.270340630997871602e-06 7.651565747078672508e-06 1.503640460605072682e-05 1.355578152418353190e-05 2.351784513180762038e-05 1.762797623361160788e-05
2.270420872003977575e+00 1.202545605495361681e-04 7.225253399174594803e-06 7.732927242727369679e-06 1.509152162487829602e-05 1.370463825723345860e-05 2.360811409558303327e-05 1.776449224618538328e-05
2.279646474897126573e+00 1.206730747144060367e-04 7.342022512323058891e-06 7.761981932817265317e-06 1.521368428391713210e-05 1.379945012116985084e-05 2.375561952377541189e-05 1.784927141563786039e-05
2.288872077790275128e+00 1.211352292437505674e-04 7.285140189267376031e-06 7.902336632604583773e-06 1.526100954345068047e-05 1.395845169779072036e-05 2.382770018800367442e-05 1.800302418003462616e-05
2.298097680683424127e+00 1.215594675947078600e-04 7.263150679625652098e-06 8.030771626197280360e-06 1.540201226086579736e-05 1.405826699030191689e-05 2.396469001467464634e-05 1.793833135919949552e-05
2.307323283576573125e+00 1.219687150622996504e-04 7.417293521433274096e-06 8.088111387154688992e-06 1.558287285393202340e-05 1.413999750423040099e-05 2.412370345738188999e-05 1.774216887314086094e-05
2.316548886469722124e+00 1.224262977758968187e-04 7.384446995561911795e-06 8.182022163277585195e-06 1.591857561923345002e-05 1.427070123256491828e-05 2.424184863607310356e-05 1.778807856166009325e-05
2.325774489362870678e+00 1.228974738128749068e-04 7.512298778773740526e-06 8.263631416198039263e-06 1.605002893007034543e-05 1.443140497657798634e-05 2.435222635063300682e-05 1.799274306456800595e-05
2.335000092256019677e+00 1.233530432373667403e-04 7.558038003725638934e-06 8.399693899890277597e-06 1.613936891611602860e-05 1.452214134920083851e-05 2.448473211725353126e-05 1.817611129873725878e-05
2.344225695149168676e+00 1.238066243480962403e-04 7.626142252593410198e-06 8.498300009020405815e-06 1.624352577336864970e-05 1.465379438212965316e-05 2.462849945534341172e-05 1.834921656758337538e-05
2.353451298042317230e+00 1.242792367873906735e-04 7.687196088794815124e-06 8.569229093848701202e-06 1.649060047714681967e-05 1.476464409181423585e-05 2.475192768859127705e-05 1.854290269617879213e-05
2.362676900935466229e+00 1.247315179754600453e-04 7.680944665800371746e-06 8.610512811004544299e-06 1.677840647606426813e-05 1.486624488343498481e-05 2.490528108738370838e-05 1.870792108771941135e-05
2.371902503828615227e+00 1.252295103125273461e-04 7.673790723488699500e-06 8.656207349900941193e-06 1.702617544401598690e-05 1.501688680050019978e-05 2.501793245533238366e-05 1.891440097090616563e-05
2.381128106721764226e+00 1.257043922069476388e-04 7.668817113805717102e-06 8.745039941589110633e-06 1.729479099017591998e-05 1.514460963978233037e-05 2.515895812265676683e-05 1.904676727828002189e-05
2.390353709614912781e+00 1.261772581208162199e-04 7.689394242189445368e-06 8.860287805300824833e-06 1.748300391637177924e-05 1.527398835696295058e-05 2.530699054400348778e-05 1.914367498187208815e-05
2.399579312508061779e+00 1.266328468627244265e-04 7.859610514563878216e-06 8.957311145658407889e-06 1.768961888002097411e-05 1.539527266195590426e-05 2.547722261059511884e-05 1.921970122803542947e-05
2.408804915401210778e+00 1.270381181157026018e-04 7.967604268927105070e-06 8.989522754393732495e-06 1.793881622866720540e-05 1.546215481007339300e-05 2.570239211123511564e-05 1.924209484824926646e-05
2.418030518294359332e+00 1.274946084067042444e-04 8.122301804149191637e-06 9.028628814569610137e-06 1.820940596487341349e-05 1.547382809989568181e-05 2.588085614412587924e-05 1.931250070730304667e-05
2.427256121187508331e+00 1.280347875689669796e-04 8.155265087095699226e-06 9.140015549366587518e-06 1.845221641256451013e-05 1.564841457240594212e-05 2.598012673857188603e-05 1.946347740423472878e-05
2.436481724080657330e+00 1.285069755633091646e-04 8.225292033297009614e-06 9.186332850337315605e-06 1.871365973648872840e-05 1.575455411352303585e-05 2.615285187536310011e-05 1.957757457140935043e-05
2.445707326973806328e+00 1.289527051801835013e-04 8.387136868233868378e-06 9.222245510847438361e-06 1.904357101910575216e-05 1.585507890206370530e-05 2.635887545051102837e-05 1.966695501905905800e-05
2.454932929866954883e+00 1.294364091654037871e-04 8.487099118028619549e-06 9.239843513227945682e-06 1.934516061778614616e-05 1.599717386315247490e-05 2.673200594930063689e-05 1.979129905799494862e-05
2.464158532760103881e+00 1.298661652388542493e-04 8.706450749280790101e-06 9.219619425246644399e-06 1.970593428943161565e-05 1.605511903230623654e-05 2.723557714890805772e-05 1.985891836755958296e-05
2.473384135653252880e+00 1.303169301365888751e-04 8.997400161790431328e-06 9.220884951333482198e-06 2.005088183130491705e-05 1.605580946718526496e-05 2.772492705627714344e-05 1.994480576013149314e-05
2.482609738546401434e+00 1.308918229374896145e-04 9.019646168209925026e-06 9.306543203108628461e-06 2.027699359500573077e-05 1.625708634902685019e-05 2.809829236263244987e-05 2.015210947284365179e-05
2.491835341439550433e+00 1.313676827890994749e-04 9.239652073117938244e-06 9.310121197485591010e-06 2.060734063336083386e-05 1.636074986513772909e-05 2.857702333314239215e-05 2.025778060197858360e-05
2.501060944332699432e+00 1.318358805305308817e-04 9.407884707523481464e-06 9.312077089819453942e-06 2.093784765878998143e-05 1.646510818965210110e-05 2.906944887029851762e-05 2.035350497583134587e-05
2.510286547225848430e+00 1.323032671719293930e-04 9.576717970627684345e-06 9.315677577002726487e-06 2.126996811168267352e-05 1.658502188923330985e-05 2.956937490490308936e-05 2.044612470585683390e-05
2.519512150118996985e+00 1.327948014787701681e-04 9.670566430006611713e-06 9.374967476528370041e-06 2.154630024234604059e-05 1.671127698285393979e-05 2.990864424267774537e-05 2.056136368457444860e-05
2.528737753012145983e+00 1.333061544902522703e-04 9.725728562035712566e-06 9.489309717400926450e-06 2.188885662670413232e-05 1.680284713231058131e-05 3.012934512452088999e-05 2.069398514092302057e-05
2.537963355905294982e+00 1.338120089537580084e-04 9.918858872528011445e-06 9.544436031258248052e-06 2.227927598168888542e-05 1.693610369128896898e-05 3.035914745633648700e-05 2.082026132770958783e-05
2.547188958798443537e+00 1.343743104916418217e-04 1.000263491820351956e-05 9.648528508151996358e-06 2.255214470106556616e-05 1.708367031184448168e-05 3.053731224755956426e-05 2.100055952281732884e-05
2.556414561691592535e+00 1.349660537108957384e-04 1.005337191149456859e-05 9.778206131251662107e-06 2.281945846974552518e-05 1.727848150950272717e-05 3.068973091349924383e-05 2.120866091411198983e-05
2.565640164584741534e+00 1.355074406662852701e-04 1.024452759285126224e-05 9.858019146884177981e-06 2.324319569010511923e-05 1.740899521572275945e-05 3.089575638639055488e-05 2.136513208709758989e-05
2.574865767477890532e+00 1.360823471314150730e-04 1.034039898367995606e-05 9.954712972663960118e-06 2.364867319441538857e-05 1.756513632772022950e-05 3.107391910150172605e-05 2.155213767512963782e-05
2.584091370371039087e+00 1.366125385342160134e-04 1.045466532193777974e-05 1.003286630695419328e-05 2.398640924787100799e-05 1.767891794582913305e-05 3.129996554491909651e-05 2.169329296004752128e-05
2.593316973264188086e+00 1.371126897495348294e-04 1.062290842533824306e-05 1.007090375148929806e-05 2.435916050099894061e-05 1.772519784122008821e-05 3.155979280154973818e-05 2.180289650945138472e-05
2.602542576157337084e+00 1.376447095274036534e-04 1.076488885886378480e-05 1.014875939279758508e-05 2.470536518122778795e-05 1.779889818630418980e-05 3.179188563846518738e-05 2.194260585131845552e-05
2.611768179050485639e+00 1.382455521667744366e-04 1.088336399338789111e-05 1.027297250003137699e-05 2.498809578416763761e-05 1.794595515431152469e-05 3.195928120785382028e-05 2.218222604588902325e-05
2.620993781943634637e+00 1.388473324603091950e-04 1.097776494251930684e-05 1.043350273394389773e-05 2.527460205523234427e-05 1.812580872727824032e-05 3.212938555479988214e-05 2.243078605569990116e-05
2.630219384836783636e+00 1.393493983279413067e-04 1.112171188962451061e-05 1.045701552675391247e-05 2.566618930277525914e-05 1.821229605202348036e-05 3.240354129149325760e-05 2.257839332530951000e-05
2.639444987729932635e+00 1.398690351529854881e-04 1.122249872494030117e-05 1.053578538696978086e-05 2.604516994085651115e-05 1.831538818888661050e-05 3.266614039492053115e-05 2.274257672221035957e-05
2.648670590623081189e+00 1.404321160211637997e-04 1.131600712297209138e-05 1.063799143033469330e-05 2.638589248075425648e-05 1.846062219743395177e-05 3.289083443366630673e-05 2.294921947682626660e-05
2.657896193516230188e+00 1.409924734938532783e-04 1.142583987333943411e-05 1.075133163980701231e-05 2.673451166805432613e-05 1.860202131253045794e-05 3.321012593889412180e-05 2.315213559148331091e-05
2.667121796409379186e+00 1.415315516105172973e-04 1.154939775483337710e-05 1.088626365150261138e-05 2.710952722563658951e-05 1.872107599778616120e-05 3.374478354334763011e-05 2.333292204549480538e-05
2.676347399302527741e+00 1.420889635923351408e-04 1.176681711079259770e-05 1.104212608887491674e-05 2.747140506886527238e-05 1.885746259902435287e-05 3.426715079217352287e-05 2.353112355326690357e-05
2.685573002195676739e+00 1.426576663747886552e-04 1.195391172038789214e-05 1.120823722247150283e-05 2.782726746349426720e-05 1.900399264353171071e-05 3.478442795881400056e-05 2.373977985910104087e-05
2.694798605088825738e+00 1.432326123852387914e-04 1.214409037499805080e-05 1.131998696615694544e-05 2.818203035664392474e-05 1.915583016039219973e-05 3.530154172413013311e-05 2.395393362186827081e-05
2.704024207981974737e+00 1.437929120970271460e-04 1.222126351708340214e-05 1.132629817841962461e-05 2.857206556203768853e-05 1.929168226829893395e-05 3.584081232059147101e-05 2.415261709302559973e-05
2.713249810875123291e+00 1.444277658965643549e-04 1.224841001844077142e-05 1.147036391854492688e-05 2.891388497541501107e-05 1.948660586450682132e-05 3.631214087246434265e-05 2.442537840337357421e-05
2.722475413768272290e+00 1.449779134570853265e-04 1.232468709512564062e-05 1.148030292265930612e-05 2.934638947372811648e-05 1.959495856495907301e-05 3.687482496561445672e-05 2.461251366864536654e-05
2.731701016661421288e+00 1.455374495044050513e-04 1.240969612935149220e-05 1.152123649362008406e-05 2.978361596076594992e-05 1.974266482127100741e-05 3.743412710663742479e-05 2.480862021386134474e-05
2.740926619554569843e+00 1.460897610389546371e-04 1.258844595422836101e-05 1.158556757821456234e-05 3.013997943494559962e-05 1.989529515846640549e-05 3.800717197366670214e-05 2.499673122370244037e-05
2.750152222447718842e+00 1.466153961640047636e-04 1.280242773311264536e-05 1.163696861562101481e-05 3.056013891902556695e-05 2.001250198910249157e-05 3.861463181011130221e-05 2.515770019047133463e-05
2.759377825340867840e+00 1.471678593629083308e-04 1.299255541448480372e-05 1.170354840616266451e-05 3.086409458965638742e-05 2.017178431803812221e-05 3.920226865930723898e-05 2.534504539378750626e-05
2.768603428234016395e+00 1.477900828515834155e-04 1.311639265864052097e-05 1.184761425772118187e-05 3.109626707010421987e-05 2.040385113398821395e-05 3.972683905615324342e-05 2.560201331001314261e-05
2.777829031127165393e+00 1.484203876057125192e-04 1.323559508966580880e-05 1.202446016764708897e-05 3.132453393248915089e-05 2.057794753834618260e-05 4.025006060254078337e-05 2.586734367240539558e-05
2.787054634020314392e+00 1.490314625470148943e-04 1.338052747604009788e-05 1.217474978095243543e-05 3.157609532224967029e-05 2.075774999299882166e-05 4.079916117480749576e-05 2.611294566822367044e-05
2.796280236913463391e+00 1.495871731941239352e-04 1.359805064288206007e-05 1.227480623405667343e-05 3.189435828537367634e-05 2.090390066174699205e-05 4.140999897673142442e-05 2.630293909586272532e-05
2.805505839806611945e+00 1.501560781613939461e-04 1.378948882188655960e-05 1.232214834880374934e-05 3.224268705200513947e-05 2.106250083216395846e-05 4.201449422987365515e-05 2.650563465087909577e-05
2.814731442699760944e+00 1.507370505400928529e-04 1.397374547426586430e-05 1.246776327554926546e-05 3.262419932876359620e-05 2.123310921374040538e-05 4.261377617606116100e-05 2.671992987986638451e-05
2.823957045592909942e+00 1.513195635942253721e-04 1.421219222307997464e-05 1.255834812078404140e-05 3.300912450023024301e-05 2.140708961675545684e-05 4.321827535219601910e-05 2.693549468165602908e-05
2.833182648486058497e+00 1.519270846379102845e-04 1.430531838558161788e-05 1.267128689935530760e-05 3.337410558401770751e-05 2.160545528848194447e-05 4.380466782119628137e-05 2.717566588744446459e-05
2.842408251379207496e+00 1.524989956708098409e-04 1.452190005595913069e-05 1.269128640332247630e-05 3.365367087645218091e-05 2.176764915090575558e-05 4.443366919925866953e-05 2.737992596889559120e-05
2.851633854272356494e+00 1.530955016165744600e-04 1.467626763996415264e-05 1.282855618810096652e-05 3.385962304797526150e-05 2.195403943603614258e-05 4.504486200459533233e-05 2.760859928548959783e-05
2.860859457165505493e+00 1.537596571883853114e-04 1.476065845018248121e-05 1.301981015975416209e-05 3.400321140931635597e-05 2.220742120140760021e-05 4.559564067954332590e-05 2.790451459978092832e-05
2.870085060058654047e+00 1.543908455653402573e-04 1.490586526761632593e-05 1.313688283941687792e-05 3.425587792214989801e-05 2.242735085296204711e-05 4.618993225983457048e-05 2.816723118505198094e-05
2.879310662951803046e+00 1.550237303345931047e-04 1.507045452726728111e-05 1.327185390151571463e-05 3.460729224940352648e-05 2.264875308674181554e-05 4.679015842380199468e-05 2.843145249503751908e-05
2.888536265844952045e+00 1.556306239344433626e-04 1.530075947886401413e-05 1.342602502863707086e-05 3.499156204198397568e-05 2.284501642735222446e-05 4.742386334458120615e-05 2.866928678647864500e-05
2.897761868738100599e+00 1.562334897856327664e-04 1.545902679696094695e-05 1.349296096739968837e-05 3.538464980588231878e-05 2.303716226474041158e-05 4.806858404902850188e-05 2.890324465673686349e-05
2.906987471631249598e+00 1.568876839700310884e-04 1.556092464213352350e-05 1.362694326966561805e-05 3.573178308405064820e-05 2.327995261730463820e-05 4.866959190110244950e-05 2.918807470650593410e-05
2.916213074524398596e+00 1.575121102911792713e-04 1.568067747738011619e-05 1.379916256365431833e-05 3.610940115218806267e-05 2.349228360122034595e-05 4.930818835381065328e-05 2.944272921331827619e-05
2.925438677417547595e+00 1.582341864079580152e-04 1.580525170337610712e-05 1.398103986005144435e-05 3.633461718838013684e-05 2.380223063902359962e-05 4.985624525827064748e-05 2.979523439748611637e-05
2.934664280310696149e+00 1.588667584291114719e-04 1.597247309786302503e-05 1.409075036679438434e-05 3.665582393371725404e-05 2.402220484550970361e-05 5.050150840890627957e-05 3.005804159570164423e-05
2.943889883203845148e+00 1.594583200607650178e-04 1.618464915519404225e-05 1.417567462288390188e-05 3.702297038627261013e-05 2.420059281797953907e-05 5.119566724574167792e-05 3.027952663170720908e-05
2.953115486096994147e+00 1.599894623543703413e-04 1.645279298115708152e-05 1.420254298331404311e-05 3.745519316743523984e-05 2.430644390633411611e-05 5.195788011433120413e-05 3.044049214835363210e-05
2.962341088990142701e+00 1.606385521217685544e-04 1.658339584420390547e-05 1.433864747800472125e-05 3.779707437720776606e-05 2.451331114286978380e-05 5.260997182123970314e-05 3.071936219087569530e-05
2.971566691883291700e+00 1.612709546028439083e-04 1.660028982273834236e-05 1.446613036553987615e-05 3.832096818496075067e-05 2.470269427644621084e-05 5.328658045660627412e-05 3.098144818133605834e-05
2.980792294776440698e+00 1.618893371583622317e-04 1.687500969364865160e-05 1.458779303416393247e-05 3.890440873449048658e-05 2.487713766416197012e-05 5.398536063719417224e-05 3.122932445341316046e-05
2.990017897669589697e+00 1.624508600900828321e-04 1.708998217349349440e-05 1.467776139352813640e-05 3.954564727326012499e-05 2.501408507830007858e-05 5.474896138749242710e-05 3.142025825798972177e-05
2.999243500562738252e+00 1.630459928004243989e-04 1.723481781141841655e-05 1.474881730819838934e-05 4.003128567276864050e-05 2.519674917209489200e-05 5.548678147701492560e-05 3.164497641894371588e-05
3.008469103455887250e+00 1.636169652838659686e-04 1.749351932071741412e-05 1.483411590020057027e-05 4.054766649941893178e-05 2.535841953222028053e-05 5.625745928198886488e-05 3.184506014553884932e-05
3.017694706349036249e+00 1.642778784535749094e-04 1.757642198098836937e-05 1.498097709191754359e-05 4.097993843404768954e-05 2.561015362563239125e-05 5.694614306834568356e-05 3.213528296993177773e-05
3.026920309242184803e+00 1.649221873132443060e-04 1.771121667610076121e-05 1.515227362254583819e-05 4.143500789778912455e-05 2.584510455872689140e-05 5.765979650939337875e-05 3.240880972166996880e-05
3.036145912135333802e+00 1.655215886794290047e-04 1.791484614077710536e-05 1.523661336582421053e-05 4.194130037873762735e-05 2.603493119632239138e-05 5.842688220383449298e-05 3.263730295939611527e-05
3.045371515028482801e+00 1.660829118944140512e-04 1.816906643023892239e-05 1.528985157090142284e-05 4.249172923465426694e-05 2.618669126739834024e-05 5.924029772364893865e-05 3.282779702250049119e-05
3.054597117921631799e+00 1.666817486808628147e-04 1.839492358444240515e-05 1.539487218048452748e-05 4.301101228170072020e-05 2.637577628109978958e-05 6.002478151144878299e-05 3.305569935223504605e-05
3.063822720814780354e+00 1.672598885792056641e-04 1.867654645164255737e-05 1.548424272251457557e-05 4.355782514126412984e-05 2.654390809413677212e-05 6.083899329406425782e-05 3.326281253148485190e-05
3.073048323707929352e+00 1.678813632906981301e-04 1.885531248813887540e-05 1.557013102815231909e-05 4.406753050836424495e-05 2.675537917886801581e-05 6.161840712100142658e-05 3.351334039230455556e-05
3.082273926601078351e+00 1.684652818854690079e-04 1.906548941548277159e-05 1.563291189325477027e-05 4.462074766510351078e-05 2.692937114054448459e-05 6.244369997752841225e-05 3.372639713436991317e-05
3.091499529494226906e+00 1.691006660205331483e-04 1.927889875568618056e-05 1.580536183717638006e-05 4.516814302210815256e-05 2.713398865675169355e-05 6.322005924324372800e-05 3.399092901165814756e-05
3.100725132387375904e+00 1.697568453442337599e-04 1.958127201829974544e-05 1.595565514250917743e-05 4.570845845340904185e-05 2.736212726418290231e-05 6.378789755726976384e-05 3.427601256333261213e-05
3.109950735280524903e+00 1.704463850230033758e-04 1.985856623561697322e-05 1.612642123253251207e-05 4.623510235611825786e-05 2.763570546442025442e-05 6.432867169365769663e-05 3.459473251600595628e-05
3.119176338173673901e+00 1.711148682026997713e-04 2.008384891484261406e-05 1.627858939169381193e-05 4.679088518762418631e-05 2.788772969521908303e-05 6.489742516704890521e-05 3.489226627376190064e-05
3.128401941066822456e+00 1.716977750500239494e-04 2.039710804808172713e-05 1.640070387851739423e-05 4.744046710198043305e-05 2.805372426152940939e-05 6.555899337695381330e-05 3.510423697499626128e-05
3.137627543959971455e+00 1.723707001126492016e-04 2.062449037038951495e-05 1.658673240693793395e-05 4.802270347400460263e-05 2.830944131418169376e-05 6.613704117931792459e-05 3.540618052142805307e-05
3.146853146853120453e+00 1.730396693155597304e-04 2.086023745200127192e-05 1.679020144666523696e-05 4.856690977992389100e-05 2.856096577511803812e-05 6.695023679374829321e-05 3.570438402970837902e-05
3.156078749746269008e+00 1.737485483425743268e-04 2.106024164916432033e-05 1.702355857369734901e-05 4.913688077286111036e-05 2.885185559727161935e-05 6.784038125461693491e-05 3.604255509953458044e-05
3.165304352639418006e+00 1.744174606403368628e-04 2.130530091845313310e-05 1.721566358956299584e-05 4.979723873985432664e-05 2.909539509178741645e-05 6.878290913835116965e-05 3.634046504676928979e-05
3.174529955532567005e+00 1.750607084199648283e-04 2.158021637237869336e-05 1.738193234459729374e-05 5.045574760782173631e-05 2.931746938339250966e-05 6.976253659962363589e-05 3.661298430012417606e-05
3.183755558425716004e+00 1.757241649354385573e-04 2.184015158118921798e-05 1.756790366249822723e-05 5.109401820811682688e-05 2.955945435716383733e-05 7.073387790276666580e-05 3.690572688544303099e-05
3.192981161318864558e+00 1.763560556347818734e-04 2.216607972636475588e-05 1.765519079284809303e-05 5.178775447235207680e-05 2.975653060115595314e-05 7.177428550215491135e-05 3.715930777228632249e-05
3.202206764212013557e+00 1.769405235597434618e-04 2.249382702134087165e-05 1.770068982485099212e-05 5.250670303528015364e-05 2.993215469217853832e-05 7.282307853017445974e-05 3.738086230900365941e-05
3.211432367105162555e+00 1.775915657822969905e-04 2.293528793941490215e-05 1.781103427297951063e-05 5.318323282623455147e-05 3.016092855601934302e-05 7.384314701361209023e-05 3.766133736821079153e-05
3.220657969998311110e+00 1.782089499194263339e-04 2.338795349272565038e-05 1.791050203548072905e-05 5.390247368925222432e-05 3.035551397581807260e-05 7.488887347507504387e-05 3.790804941431898090e-05
3.229883572891460108e+00 1.788199368886359366e-04 2.382989893548803704e-05 1.800307251704821713e-05 5.463658365950047426e-05 3.049884642773392448e-05 7.583131062436276534e-05 3.814873469116904160e-05
3.239109175784609107e+00 1.795257293306709297e-04 2.416206168217837074e-05 1.818957377809201303e-05 5.517166850432922215e-05 3.077019277818992811e-05 7.668890038598082885e-05 3.848412549132428822e-05
3.248334778677758106e+00 1.801463200477024847e-04 2.450327395107427435e-05 1.829325428623999601e-05 5.578956495050485238e-05 3.097098260470396614e-05 7.764513523246204842e-05 3.873431671139196072e-05
3.257560381570906660e+00 1.808553750793978816e-04 2.476124298778057428e-05 1.850110234132175532e-05 5.632839670080232782e-05 3.127003883031257217e-05 7.852622138320949387e-05 3.907299076647512267e-05
3.266785984464055659e+00 1.815498013632880440e-04 2.503882499149513523e-05 1.869381940668989896e-05 5.687039519478072499e-05 3.153753577252364315e-05 7.943218961160126252e-05 3.939726204421541709e-05
3.276011587357204657e+00 1.822861086909843907e-04 2.527985608263751821e-05 1.892764891902795881e-05 5.755267579969497991e-05 3.181283465872181680e-05 8.030690224471748206e-05 3.976340580996056469e-05
3.285237190250353212e+00 1.829925285850119278e-04 2.556177477947555636e-05 1.915904286187435253e-05 5.827828459006048839e-05 3.205752930277394152e-05 8.122210409156741299e-05 4.010664831274350834e-05
3.294462793143502211e+00 1.837024683936369705e-04 2.589203746266639404e-05 1.943271132802938347e-05 5.900324265184614370e-05 3.230486865757754410e-05 8.214496614496229676e-05 4.046244839250309278e-05
3.303688396036651209e+00 1.843725021002012897e-04 2.617191672702715195e-05 1.966647868570307986e-05 5.968830875784103280e-05 3.252931066972144765e-05 8.311821909371081094e-05 4.077861257191625535e-05
3.312913998929800208e+00 1.850366202072727681e-04 2.645953006472878915e-05 1.987311057185709470e-05 6.041471219624897776e-05 3.277687768952878850e-05 8.410854156661832105e-05 4.108905419864466264e-05
3.322139601822948762e+00 1.856544773843976865e-04 2.676709267379731626e-05 1.998277848220685222e-05 6.119675424411856555e-05 3.298244093335412296e-05 8.515617915030577849e-05 4.135345200569957467e-05
3.331365204716097761e+00 1.862810979617342657e-04 2.711752092746005428e-05 2.008082445490604918e-05 6.197975499748172631e-05 3.319646191689867745e-05 8.620645220020351895e-05 4.162657904091231621e-05
3.340590807609246760e+00 1.870372737006670077e-04 2.732191512876353066e-05 2.035677510473502720e-05 6.264249000837099758e-05 3.354012639396309302e-05 8.713820293611043949e-05 4.202957776081644374e-05
3.349816410502395314e+00 1.877518064878846656e-04 2.755583106053971086e-05 2.056473277134182966e-05 6.337339686575719448e-05 3.384208425297251070e-05 8.812293752860172981e-05 4.239117361370982871e-05
3.359042013395544313e+00 1.883866910941669418e-04 2.800390433697975468e-05 2.069058813377417858e-05 6.421694169413106300e-05 3.406445127509998894e-05 8.919861665145631998e-05 4.267342030614838170e-05
3.368267616288693311e+00 1.890643891774702163e-04 2.834552062493152637e-05 2.083832749557294360e-05 6.505165916998660418e-05 3.432896692458331620e-05 9.024382823519515881e-05 4.299825275328833475e-05
3.377493219181842310e+00 1.897243937260253629e-04 2.878220176466149329e-05 2.094818761181217043e-05 6.599382020550245091e-05 3.456826127498923177e-05 9.131752189496858668e-05 4.330598473965884074e-05
3.386718822074990864e+00 1.903891822846923143e-04 2.920509881440555371e-05 2.111641224423213775e-05 6.693682820568339358e-05 3.480064103782252050e-05 9.239896009432090464e-05 4.361840906637033752e-05
3.395944424968139863e+00 1.911194110502368009e-04 2.950752528107025512e-05 2.129673848374913510e-05 6.755104481976072716e-05 3.509815081189309295e-05 9.342665100481558943e-05 4.399658359203562161e-05
3.405170027861288862e+00 1.918575638098103653e-04 2.977699601169187232e-05 2.157087743173482521e-05 6.817476721866834477e-05 3.539973682660044348e-05 9.445827200719745576e-05 4.438294495234489773e-05
3.414395630754437416e+00 1.926178234929603076e-04 2.993524810916911865e-05 2.185828157998912251e-05 6.889521082011708418e-05 3.570212023552019401e-05 9.548014747712453435e-05 4.479166331847954201e-05
3.423621233647586415e+00 1.933041689483842179e-04 3.017220129574609867e-05 2.206708311158943271e-05 6.970002209433779337e-05 3.592936944288920519e-05 9.658924471740571566e-05 4.512640567410727724e-05
3.432846836540735413e+00 1.940141892177632056e-04 3.047703579821533040e-05 2.220964009341043531e-05 7.049078973553839613e-05 3.618465121662696048e-05 9.768635262488413939e-05 4.548554649244250167e-05
3.442072439433883968e+00 1.947384436690281838e-04 3.085931701669590468e-05 2.240245462404149017e-05 7.127797245453656267e-05 3.643244570243695923e-05 9.878204830450276275e-05 4.585914958604364795e-05
3.451298042327032967e+00 1.954670709100704627e-04 3.129300444310400653e-05 2.265361340016275034e-05 7.207280193345958971e-05 3.671954628391222906e-05 9.988728922584076079e-05 4.623566152761989434e-05
3.460523645220181965e+00 1.961966884935225459e-04 3.171640167459733022e-05 2.284247419546996853e-05 7.284245206281783494e-05 3.704769872732311124e-05 1.010024983999006616e-04 4.661516996399972935e-05
3.469749248113330964e+00 1.969292966586067353e-04 3.195643927985796244e-05 2.312818721098973841e-05 7.353910122937716391e-05 3.736850087438715775e-05 1.021275195406560815e-04 4.699769671570862848e-05
3.478974851006479518e+00 1.976637046227940260e-04 3.228336190869241580e-05 2.341766260249015163e-05 7.424681260850005474e-05 3.767578357317258190e-05 1.032652332523145526e-04 4.737082735260515656e-05
3.488200453899628517e+00 1.984078332381036228e-04 3.263477950437933847e-05 2.368357247554180793e-05 7.498239192396633857e-05 3.801124347518593455e-05 1.044043995560938300e-04 4.773589721638121721e-05
3.497426056792777516e+00 1.991654655115820353e-04 3.299371676181056296e-05 2.375367225249515411e-05 7.572524589784197574e-05 3.833683256965360721e-05 1.055449158846718735e-04 4.811296731498158983e-05
3.506651659685926070e+00 1.999368494017569431e-04 3.334346097979700059e-05 2.391078841426725536e-05 7.646214231292643160e-05 3.865770076939825856e-05 1.066831663520966976e-04 4.850528437923493368e-05
3.515877262579075069e+00 2.006828766247297164e-04 3.372473794421756424e-05 2.411172102977801146e-05 7.723381252611497775e-05 3.896209102023927588e-05 1.078597656146442450e-04 4.887260292228283497e-05
3.525102865472224067e+00 2.014499568983131930e-04 3.409379362038459250e-05 2.431710286393648935e-05 7.799677248621666634e-05 3.928979802299620489e-05 1.090311686151730056e-04 4.925891600737742054e-05
3.534328468365373066e+00 2.021862171873522551e-04 3.450253834324978268e-05 2.444620771683341464e-05 7.879845592895817524e-05 3.958866573299991043e-05 1.102450471436445102e-04 4.961610355846935664e-05
3.543554071258521621e+00 2.029148143949572897e-04 3.493243963156769227e-05 2.457862765446093773e-05 7.962789394293473370e-05 3.988166668530279549e-05 1.114817412101504657e-04 4.996438824398996082e-05
3.552779674151670619e+00 2.036618345193021867e-04 3.535087300576841645e-05 2.473250726229395710e-05 8.053001896524402412e-05 4.019264091284965846e-05 1.127136397218679435e-04 5.033106886859748698e-05
3.562005277044819618e+00 2.044073872080559660e-04 3.579949943834944250e-05 2.488764627363394062e-05 8.127837187526051497e-05 4.050332065366009284e-05 1.139595302094434728e-04 5.069760213930807943e-05
3.571230879937968172e+00 2.051268584316242607e-04 3.624144039431030097e-05 2.503437810895276232e-05 8.206425161967216596e-05 4.078387457228280460e-05 1.152472681129023389e-04 5.103660810070845028e-05
3.580456482831117171e+00 2.058566432495403053e-04 3.675557071852636232e-05 2.526976387103873375e-05 8.284725889690710155e-05 4.107239053085457847e-05 1.165369605445608120e-04 5.138756691451456062e-05
3.589682085724266170e+00 2.066043807849810639e-04 3.728479899018678767e-05 2.541379540460297686e-05 8.364518825021557621e-05 4.137642042119940534e-05 1.178252011432407939e-04 5.175459367123835547e-05
3.598907688617415168e+00 2.073528974517488237e-04 3.776632433611650744e-05 2.551733270742223385e-05 8.454474452195714267e-05 4.168342680920908319e-05 1.191247922200823072e-04 5.208332163989331750e-05
3.608133291510563723e+00 2.081353969617335837e-04 3.809109326938692240e-05 2.567983882417228182e-05 8.556511694587557544e-05 4.202915022021076904e-05 1.204070838571091916e-04 5.244038561485862707e-05
3.617358894403712721e+00 2.089598611856271397e-04 3.835559193425482115e-05 2.594104085068465256e-05 8.658808246144285769e-05 4.242757092448259547e-05 1.216598767019257186e-04 5.284081395082534873e-05
3.626584497296861720e+00 2.097795783089856315e-04 3.874222662091306450e-05 2.620219173084356763e-05 8.764785261089190504e-05 4.281106337911152310e-05 1.229346117637954096e-04 5.323421737448927066e-05
3.635810100190010274e+00 2.105730952672753287e-04 3.916239224180861553e-05 2.644746852101110385e-05 8.874784442463765858e-05 4.316474798734835157e-05 1.242507320049394222e-04 5.364103067296142782e-05
3.645035703083159273e+00 2.113777259599125243e-04 3.958491297566089787e-05 2.670626550920220089e-05 8.984782347790435091e-05 4.353407847471416070e-05 1.255680755950108296e-04 5.407656315792666590e-05
3.654261305976308272e+00 2.121610282425691351e-04 4.007401216966221960e-05 2.697074324944240069e-05 9.098534828681277163e-05 4.387974944472083222e-05 1.269243646958913719e-04 5.448893583866678430e-05
3.663486908869457270e+00 2.130039976680923658e-04 4.060100218096160136e-05 2.735998195057813445e-05 9.190652244026454969e-05 4.428658329463212059e-05 1.283080612325786783e-04 5.496278192977264651e-05
3.672712511762605825e+00 2.138226874643657212e-04 4.111181023338519262e-05 2.770512868085448508e-05 9.293344828806613224e-05 4.466663804235108579e-05 1.297947314347300827e-04 5.541035729390262092e-05
3.681938114655754823e+00 2.145958056019311262e-04 4.159310248015015907e-05 2.801881395472251290e-05 9.391666021805610172e-05 4.500261458119242928e-05 1.313421628911689816e-04 5.581417483268118749e-05
