9.225602893149067790e-04 1.169171117297321071e-04 4.638860009655400903e-06 4.551558776520365514e-06 9.040517317408523269e-06 8.664151857648320020e-06 1.301604283787713803e-05 1.230481217496245201e-05
1.014816318246397446e-02 1.191397059648927173e-04 4.725223035142146429e-06 4.625996086840347145e-06 9.246579648171081582e-06 8.835900361807698757e-06 1.322449579470597058e-05 1.253686056496625524e-05
1.937376607561304073e-02 1.215067402408221694e-04 4.819297480975531160e-06 4.714431039049826462e-06 9.444922041289930694e-06 9.018251592376015993e-06 1.348475272666830379e-05 1.272577142847854852e-05
2.859936896876210874e-02 1.240346638368375765e-04 4.906272741469515494e-06 4.814550185188652513e-06 9.628356625819448154e-06 9.205799283901099973e-06 1.382849220197027943e-05 1.292792087153976871e-05
3.782497186191117328e-02 1.267359793957298798e-04 5.002906119181712132e-06 4.938398306686148792e-06 9.874889130339037065e-06 9.459041009872871247e-06 1.419402945400984875e-05 1.324493456282056130e-05
4.705057475506025516e-02 1.296248767783553539e-04 5.111502796267293610e-06 5.095302206691438825e-06 1.015792272688042239e-05 9.701615973357763660e-06 1.458326870573808595e-05 1.366302309309118152e-05
5.627617764820931623e-02 1.327132237710506950e-04 5.211169326726551067e-06 5.245848700581351616e-06 1.045102201522349165e-05 9.984015574877723063e-06 1.500996356630413019e-05 1.403995316086813737e-05
6.550178054135838424e-02 1.360327750836092073e-04 5.360581143257420796e-06 5.369445019769511366e-06 1.079993325858621782e-05 1.029736516801050801e-05 1.555861885858854984e-05 1.440278276995702277e-05
7.472738343450743836e-02 1.395860240717705929e-04 5.522299466063402976e-06 5.527294204135652480e-06 1.110796555713961442e-05 1.058694258656585731e-05 1.614150616130444584e-05 1.477389191382886061e-05
8.395298632765652025e-02 1.434099848784066618e-04 5.699452788287699473e-06 5.693618001406723595e-06 1.150893725877503884e-05 1.092500812753980049e-05 1.673887376730826427e-05 1.513713230105783250e-05
9.317858922080557438e-02 1.475262416489316964e-04 5.881373990739669844e-06 5.923476704656235707e-06 1.183315299245032612e-05 1.126517829486812193e-05 1.726726755189793663e-05 1.558783368761255473e-05
1.024041921139546424e-01 1.519681720724550726e-04 6.091831175541350578e-06 6.092674310845762721e-06 1.219094788470936647e-05 1.167220245706739306e-05 1.779126509511479788e-05 1.607442577343184704e-05
1.116297950071036965e-01 1.567769026452686882e-04 6.333644708310224745e-06 6.303338360266194174e-06 1.261746023835936376e-05 1.207329222338308287e-05 1.834307108047002525e-05 1.660158173155069287e-05
1.208553979002527506e-01 1.619937114146375191e-04 6.583198957954740230e-06 6.534937151612919479e-06 1.309457688482089897e-05 1.250395492753244631e-05 1.888688538012096591e-05 1.718685055336350697e-05
1.300810007934018186e-01 1.676592973849948460e-04 6.850122819670859987e-06 6.787738884308407508e-06 1.361164174531957999e-05 1.301424835572768772e-05 1.958407771150347254e-05 1.794090542423846754e-05
1.393066036865509005e-01 1.738463848839139265e-04 7.144760948814212094e-06 7.065928232664208828e-06 1.414413089190026999e-05 1.363775216468466754e-05 2.033092126474744864e-05 1.874702137297731028e-05
1.485322065796999824e-01 1.806197547345096709e-04 7.492776022265004547e-06 7.354945674564072238e-06 1.481552424710048292e-05 1.424932613884168715e-05 2.108099196907917919e-05 1.963089960355394927e-05
1.577578094728490643e-01 1.880244745434634312e-04 7.822141098009788990e-06 7.693908377056214547e-06 1.554382985602574476e-05 1.497769520373719082e-05 2.198308409827055268e-05 2.059989474004301222e-05
1.669834123659981462e-01 1.961951145474430923e-04 8.282409387319481300e-06 8.074664087934387263e-06 1.632093081841326618e-05 1.567947928794984698e-05 2.310620475440782438e-05 2.168777302051974457e-05
1.762090152591472003e-01 2.052159208424373423e-04 8.703578820773579753e-06 8.530221076373111118e-06 1.723158806346764341e-05 1.651342510807486349e-05 2.441814412475757485e-05 2.285764991097430929e-05
1.854346181522962822e-01 2.152249632699186350e-04 9.158394021886051171e-06 8.999709776795673409e-06 1.818942270525854363e-05 1.745412707707745710e-05 2.586995128499845233e-05 2.412046997272006233e-05
1.946602210454453641e-01 2.263731220051363633e-04 9.665574609217368086e-06 9.525664642314547780e-06 1.931437558467052700e-05 1.838673748482763811e-05 2.746215509528165846e-05 2.557995737412026814e-05
2.038858239385944460e-01 2.388403917747785904e-04 1.030138841313381804e-05 1.015827296696014508e-05 2.057380090738429828e-05 1.958174255564784421e-05 2.916269667409626351e-05 2.726170344230480799e-05
2.131114268317435001e-01 2.528595907381594792e-04 1.096192199554596979e-05 1.086109123388928881e-05 2.202667469931054956e-05 2.092762193172330960e-05 3.110035562477707349e-05 2.923282835925536936e-05
2.223370297248925820e-01 2.686987331110166034e-04 1.176738505088509518e-05 1.163379328436895494e-05 2.367157727262234751e-05 2.230109127616350948e-05 3.326332151501091390e-05 3.136573079779076713e-05
2.315626326180416361e-01 2.867020882054623098e-04 1.259537273058750767e-05 1.254235107273619270e-05 2.555232268826752038e-05 2.399841683556927204e-05 3.566417449995628978e-05 3.371459294241306061e-05
2.407882355111907180e-01 3.072912911039938385e-04 1.366750234209373376e-05 1.356803144719498930e-05 2.771682873226613769e-05 2.610162089761430132e-05 3.839523757768337079e-05 3.639934341356023144e-05
2.500138384043397721e-01 3.310001819561046114e-04 1.489386168731235893e-05 1.481017982821089107e-05 3.026476463908301480e-05 2.829363712134210212e-05 4.149582242404716709e-05 3.948838755084147422e-05
2.592394412974888818e-01 3.585056977080887429e-04 1.624282471370886230e-05 1.620339875703765082e-05 3.316483496178490283e-05 3.085791081743077422e-05 4.549947800957203489e-05 4.306945009584255872e-05
2.684650441906379359e-01 3.907142325179001840e-04 1.788038486829252082e-05 1.794515109821174723e-05 3.663294597874052882e-05 3.420504304552936898e-05 5.048025084724249139e-05 4.725857335571425222e-05
2.776906470837869900e-01 4.287524237961680982e-04 1.978067836403449124e-05 1.982906964056503239e-05 4.095930390824706379e-05 3.763332723302612775e-05 5.612984394858574339e-05 5.220091039581100604e-05
2.869162499769360997e-01 4.741644488694898721e-04 2.222645840405156146e-05 2.208803610186072745e-05 4.559532398271202297e-05 4.200564439130172710e-05 6.313039087704763481e-05 5.813584360353111829e-05
2.961418528700851538e-01 5.290438183075196017e-04 2.521944239516947864e-05 2.504974190359484341e-05 5.171523661260703231e-05 4.742680546252587637e-05 7.075714881728104901e-05 6.583779351128886273e-05
3.053674557632342079e-01 5.962659172552037690e-04 2.883968195752171625e-05 2.859616354065528353e-05 5.914785027220860643e-05 5.417182892076730615e-05 8.051465486305327875e-05 7.503558592624349349e-05
3.145930586563833176e-01 6.799239758828840800e-04 3.323925715178230149e-05 3.302842878285671031e-05 6.843814257835795830e-05 6.234369179876862992e-05 9.329557009372035307e-05 8.615013754030391435e-05
3.238186615495323717e-01 7.859499284671534001e-04 3.898886206283875677e-05 3.862087079959178326e-05 8.006040344417939339e-05 7.389523382637420718e-05 1.092230745798398973e-04 1.000429235065979647e-04
3.330442644426814813e-01 9.232369346875287860e-04 4.643410772634827804e-05 4.605354926868413922e-05 9.563736457295557089e-05 8.760970321546024918e-05 1.299561774096875000e-04 1.176586763268568005e-04
3.422698673358305355e-01 1.105492200344429434e-03 5.635704726946301826e-05 5.608282392725720024e-05 1.166467445849147556e-04 1.068540055771958000e-04 1.578964996410046027e-04 1.415652074515535118e-04
3.514954702289795896e-01 1.354925729694559213e-03 7.038736295448427306e-05 6.989247113722602163e-05 1.465946314499542817e-04 1.321899637595222790e-04 1.969725786820689627e-04 1.759225325451238987e-04
3.607210731221286992e-01 1.709135757966844318e-03 9.065957970161536532e-05 8.990668446788715670e-05 1.898719307081959354e-04 1.700322229558808365e-04 2.538299686835666404e-04 2.235732918782348203e-04
3.699466760152777534e-01 2.235125867341451831e-03 1.211297102865689125e-04 1.198278954670697199e-04 2.553939726775188504e-04 2.267326562343319543e-04 3.422342085276914962e-04 2.977335378053194877e-04
3.791722789084268630e-01 3.060579628123886141e-03 1.719268784320178607e-04 1.683480173441036058e-04 3.655819453020686324e-04 3.204408903760302442e-04 4.840364983099221599e-04 4.165214897167801404e-04
3.883978818015759171e-01 4.445443518847251065e-03 2.648390602281135153e-04 2.558895368234099729e-04 5.583043689654041547e-04 4.869445951037236833e-04 7.313224439754045791e-04 6.153061795616892281e-04
3.976234846947249713e-01 6.943790584242165095e-03 4.539549678530922783e-04 4.414345203062070705e-04 9.255847422602499208e-04 8.010700761906753772e-04 1.224305217193324274e-03 1.012657573814086664e-03
4.068490875878740809e-01 1.162561588558401297e-02 8.581245729959493390e-04 8.392597925797867092e-04 1.694444201035873523e-03 1.503345844427305539e-03 2.313542855518879726e-03 1.956078350245272005e-03
4.160746904810231350e-01 1.881106363948174126e-02 1.546494397359952921e-03 1.582031026023038994e-03 3.174782223742990406e-03 2.863819151429410764e-03 4.479531915324238417e-03 3.671915163505925367e-03
4.253002933741722447e-01 2.092722776451458669e-02 1.799607047508474528e-03 1.792912945675909780e-03 3.683533777374039392e-03 3.384186458140862885e-03 5.266639729875174231e-03 4.610564331703054936e-03
4.345258962673212988e-01 1.382246203334260709e-02 1.064363063929879213e-03 1.034933111329064057e-03 2.116508537577714566e-03 2.008878790174703846e-03 3.043724085203525914e-03 2.867276676999293630e-03
4.437514991604703529e-01 7.729027830963138002e-03 5.356936117349980070e-04 5.186392460225022760e-04 1.060432347443258233e-03 9.974337591917943266e-04 1.500033357100102535e-03 1.458638552866939678e-03
4.529771020536194626e-01 4.512703302827372406e-03 2.965793473882595913e-04 2.864389760729637441e-04 5.861508579697981974e-04 5.571765352487675557e-04 8.134924368141680309e-04 7.799751594276104621e-04
4.622027049467684612e-01 2.842491504573880882e-03 1.809792466345295885e-04 1.761056080307674132e-04 3.617841467411894892e-04 3.464610195690934723e-04 4.930548119087864445e-04 4.766365407142965881e-04
4.714283078399175708e-01 1.912215801642986246e-03 1.203599006523788529e-04 1.175889146238868945e-04 2.420753910988787758e-04 2.287406530881589198e-04 3.249198037016864851e-04 3.189057302398540152e-04
4.806539107330666249e-01 1.354776847469833269e-03 8.421938456384492171e-05 8.284081493399489231e-05 1.705930364536152165e-04 1.614673271194912076e-04 2.295094182256866410e-04 2.238324546077244924e-04
4.898795136262157346e-01 9.995155039157516564e-04 6.231464038036716932e-05 6.166201015501851599e-05 1.265239356168506180e-04 1.182743583795171699e-04 1.727964863178167634e-04 1.645689661811357762e-04
4.991051165193647332e-01 7.613824226645128819e-04 4.756687710334207581e-05 4.733792027076025571e-05 9.746353778760296835e-05 9.037516992368554297e-05 1.339908387795779761e-04 1.273103109336044380e-04
5.083307194125139539e-01 5.951427187130646501e-04 3.787634553044860134e-05 3.718857787337302451e-05 7.672261091909980159e-05 7.181493822917058446e-05 1.060657950335968129e-04 1.000468491001411204e-04
5.175563223056629525e-01 4.751466721963358867e-04 3.045289103532564101e-05 3.012860238101814758e-05 6.214964783937692878e-05 5.792396989830336188e-05 8.482475793140605881e-05 8.069986955375901567e-05
5.267819251988120621e-01 3.860896384982304120e-04 2.507560758850663337e-05 2.481052028624871003e-05 5.139283816638908972e-05 4.730298920402748993e-05 6.969003066635982412e-05 6.689831065757217195e-05
5.360075280919610607e-01 3.184314945107115011e-04 2.086474981785493669e-05 2.067980772130738332e-05 4.284023080190757764e-05 3.930458080415340357e-05 5.830583360852230335e-05 5.581887399294026232e-05
5.452331309851101704e-01 2.659944943664171893e-04 1.759929023226663785e-05 1.747529611309907912e-05 3.620108907949147860e-05 3.315827017790908102e-05 4.893140909131122413e-05 4.694776939422021949e-05
5.544587338782591690e-01 2.246699891460726532e-04 1.495786682052259974e-05 1.494315975057960879e-05 3.098115638092228388e-05 2.844119308658481465e-05 4.202593435773192398e-05 4.003378217652924908e-05
5.636843367714083897e-01 1.916121203216913796e-04 1.290330892129431541e-05 1.291899336847439263e-05 2.677475270823392916e-05 2.454017430259449882e-05 3.657534376141005216e-05 3.435867053140591104e-05
5.729099396645573883e-01 1.648167714604578009e-04 1.123772264548402160e-05 1.130741390862447546e-05 2.337787919008536179e-05 2.129019544834807919e-05 3.215652242767372119e-05 2.980633981618168262e-05
5.821355425577064979e-01 1.428726833762259383e-04 9.902784438324980240e-06 9.911993064233933946e-06 2.050508083302246651e-05 1.868153893931802497e-05 2.835501130073463539e-05 2.615717386980546228e-05
5.913611454508554965e-01 1.246893991138469911e-04 8.727746915707736185e-06 8.751625636181436596e-06 1.805995123081323146e-05 1.650744015312032779e-05 2.512607390853965113e-05 2.310050891613248092e-05
6.005867483440046062e-01 1.095075208243006593e-04 7.728969108321563555e-06 7.774566341581213517e-06 1.604755995017990988e-05 1.464743783330236626e-05 2.240410198054877265e-05 2.048348558353186677e-05
6.098123512371537158e-01 9.671320716185810974e-05 6.836109828994654000e-06 6.938725625411449054e-06 1.433799601000501731e-05 1.306183858124543469e-05 2.011867448395768514e-05 1.829849348082851371e-05
6.190379541303028255e-01 8.586299748124655252e-05 6.105269876922821441e-06 6.217210192246947452e-06 1.287833100751131180e-05 1.168728941011833243e-05 1.807958182455325885e-05 1.644216663248811118e-05
6.282635570234518241e-01 7.660267317804535356e-05 5.503965582039487014e-06 5.576186264014495499e-06 1.159523701932522772e-05 1.049359972037559690e-05 1.627486815799244926e-05 1.482790349204327778e-05
6.374891599166009337e-01 6.864166145184961434e-05 4.956096706802760638e-06 5.033213621934585352e-06 1.052346852162306279e-05 9.465226241242379566e-06 1.471347606620851498e-05 1.344841678425499394e-05
6.467147628097499323e-01 6.176890110488082589e-05 4.507153754923211254e-06 4.594484870569324065e-06 9.619129266986292800e-06 8.541190115237590511e-06 1.343268207554113762e-05 1.224420623505800934e-05
6.559403657028991530e-01 5.580371683323728045e-05 4.100713193668183078e-06 4.177401748982745419e-06 8.823647120811262254e-06 7.753690413984113197e-06 1.230843719799768528e-05 1.117780537984563034e-05
6.651659685960481516e-01 5.059755853974673103e-05 3.740579444405659957e-06 3.806263126714614330e-06 8.094760479600103661e-06 7.065079397163642565e-06 1.130929427894458581e-05 1.023330284340509284e-05
6.743915714891972613e-01 4.604214599802540020e-05 3.426673957783289508e-06 3.502784878800978220e-06 7.406064784247143318e-06 6.441896582549131237e-06 1.040335695203167555e-05 9.380467061157038281e-06
6.836171743823462599e-01 4.203798354862697351e-05 3.152693325207209392e-06 3.215069035683571202e-06 6.839764359112069367e-06 5.934491310171441717e-06 9.506046126196341338e-06 8.621682040339432402e-06
6.928427772754953695e-01 3.850709646303869050e-05 2.914566900284866295e-06 2.967169319438197597e-06 6.296112980302734472e-06 5.478123656164996468e-06 8.787171525399524539e-06 7.933314064973653477e-06
7.020683801686443681e-01 3.538118572270354539e-05 2.677091224495380117e-06 2.737144686775924653e-06 5.792081543634449337e-06 5.035094855862671663e-06 8.139254208592406432e-06 7.337094911273862147e-06
7.112939830617935888e-01 3.260811851083232930e-05 2.472293157822594864e-06 2.546538743852740815e-06 5.361056135168323260e-06 4.668425254856515882e-06 7.570391696666052420e-06 6.788362207789647211e-06
7.205195859549425874e-01 3.014290470870037468e-05 2.287230249804682813e-06 2.362820508837111565e-06 4.983169373380029552e-06 4.340173316979158808e-06 7.058313057603819371e-06 6.278818341446428994e-06
7.297451888480916971e-01 2.793277276956678812e-05 2.126826895213501808e-06 2.201598567850722422e-06 4.656831939626734034e-06 4.035507018201502777e-06 6.590467687217464737e-06 5.801183345147943279e-06
7.389707917412406957e-01 2.596581220869611189e-05 1.978593862890250227e-06 2.042887083643078641e-06 4.315594672250978371e-06 3.755869749627994638e-06 6.163787816638858531e-06 5.367662242499588837e-06
7.481963946343899163e-01 2.419976434520116577e-05 1.854451935330626199e-06 1.896661046529862652e-06 4.042549557421934990e-06 3.479776979172070239e-06 5.786965148840610769e-06 4.971787484948645883e-06
7.574219975275389150e-01 2.261441456754082955e-05 1.728188048798996523e-06 1.767338010456225104e-06 3.815121530411649619e-06 3.243176839154765707e-06 5.441481194301294366e-06 4.613514612131999098e-06
7.666476004206880246e-01 2.118626563797367421e-05 1.621148767922568813e-06 1.650783249306670021e-06 3.568022690316182484e-06 3.037200940108863143e-06 5.123847931935777739e-06 4.293472372201102350e-06
7.758732033138370232e-01 1.990092499758805967e-05 1.526677862957638175e-06 1.554105085243094852e-06 3.338583357088191565e-06 2.818353012452805392e-06 4.831784402488148488e-06 3.999728460719764885e-06
7.850988062069861328e-01 1.874145454925220684e-05 1.432580533078534415e-06 1.457924935778460101e-06 3.126616430991971662e-06 2.658024604787578539e-06 4.562345909161416439e-06 3.749459208205311149e-06
7.943244091001351315e-01 1.769285929308387836e-05 1.349209579132338579e-06 1.380784741603547397e-06 2.954193379865881376e-06 2.471570021469991232e-06 4.313103701022708133e-06 3.507439978993498965e-06
8.035500119932843521e-01 1.674495523876251454e-05 1.276484917909110088e-06 1.297487311829518099e-06 2.758420771576930013e-06 2.298362485152515968e-06 4.087032571625897731e-06 3.267324652200989164e-06
8.127756148864333507e-01 1.588664424977567590e-05 1.192970287611580396e-06 1.225579524067461529e-06 2.612797851835554523e-06 2.163537909487791764e-06 3.867568824698754349e-06 3.067092702122670519e-06
8.220012177795824604e-01 1.511141790268705277e-05 1.131238146060698760e-06 1.154326766233623554e-06 2.477204623146856999e-06 2.034437531870068262e-06 3.646764339586952211e-06 2.880176867797884724e-06
8.312268206727314590e-01 1.440749308190947655e-05 1.071284529403575107e-06 1.098995871532826855e-06 2.347322190690803419e-06 1.926669704326267686e-06 3.449921909896567812e-06 2.731888761209763731e-06
8.404524235658805686e-01 1.376802662946016512e-05 1.024695349846601464e-06 1.039810471908660688e-06 2.241757883953189126e-06 1.833467607746744479e-06 3.274367422270544153e-06 2.610381700283041702e-06
8.496780264590296783e-01 1.318903490843747754e-05 9.715284140492582305e-07 9.862077996302390974e-07 2.148935354504343751e-06 1.746638926153146413e-06 3.114092607226145450e-06 2.488681837528951391e-06
8.589036293521787879e-01 1.266383958742719378e-05 9.214383640752131564e-07 9.384719122894584346e-07 2.055821615638540900e-06 1.660106385615375547e-06 2.977113126743590973e-06 2.344893761316398900e-06
8.681292322453277865e-01 1.218863555390646351e-05 8.890198149079112859e-07 8.933439930893045993e-07 1.968057209711948923e-06 1.600886556662021613e-06 2.846185306986780483e-06 2.213183603480391523e-06
8.773548351384768962e-01 1.175650039130545728e-05 8.470668851330493451e-07 8.541147357658463086e-07 1.886170001238592834e-06 1.538966955015348754e-06 2.709459799489139957e-06 2.121342019944455693e-06
8.865804380316258948e-01 1.136636546115286075e-05 8.126717344434819144e-07 8.165682776563048005e-07 1.809709914191250698e-06 1.470094070025480866e-06 2.583915980751778899e-06 2.014609689152410075e-06
8.958060409247751155e-01 1.101454241515065029e-05 7.871595648158139820e-07 7.869161214626811256e-07 1.725965906404259035e-06 1.422349789555582466e-06 2.465374190486463633e-06 1.939655822975886436e-06
9.050316438179241141e-01 1.069505023571273195e-05 7.576934868956008073e-07 7.607177381664258263e-07 1.660778801143103587e-06 1.367934312896990122e-06 2.360374364168309742e-06 1.878021911912183361e-06
9.142572467110732237e-01 1.040749450045423142e-05 7.287893193890621589e-07 7.309590022750489703e-07 1.596318254860527673e-06 1.334466275095029736e-06 2.277615567179162975e-06 1.796760930926825822e-06
9.234828496042222223e-01 1.014925405043293669e-05 7.079410561251104630e-07 7.089362136923038187e-07 1.532495342136833496e-06 1.294084310255997996e-06 2.206894048786462896e-06 1.720682156231560556e-06
9.327084524973712210e-01 9.918248093106451753e-06 6.890668276634164734e-07 6.940582328606286215e-07 1.493801822475841127e-06 1.266028679976504250e-06 2.099175483655460624e-06 1.675150085868969994e-06
9.419340553905202196e-01 9.711491587619415901e-06 6.719268693275292509e-07 6.742363745608165537e-07 1.458698730787188751e-06 1.237700596309409347e-06 2.013364138962624357e-06 1.632465564488252722e-06
9.511596582836694402e-01 9.528974933965421229e-06 6.566769190754501167e-07 6.579222565677174097e-07 1.417884897494714851e-06 1.214933574092412176e-06 1.938921947504975072e-06 1.597535791956861226e-06
9.603852611768185499e-01 9.366554411228014638e-06 6.443367744416494459e-07 6.484399504791909754e-07 1.377537374068651374e-06 1.203820142494958437e-06 1.893649653663003583e-06 1.591245191882404445e-06
9.696108640699675485e-01 9.225703257469930374e-06 6.360003963638587632e-07 6.347660266201259988e-07 1.357853753390794328e-06 1.194194277255726690e-06 1.871295197372029181e-06 1.595281280492383283e-06
9.788364669631165471e-01 9.101817535679752850e-06 6.267591127424332624e-07 6.223262019008115171e-07 1.351903458975435703e-06 1.182090283981008665e-06 1.847050006100772973e-06 1.599108870525405915e-06
9.880620698562656568e-01 9.001619541789275441e-06 6.223720573007974181e-07 6.103179355293772239e-07 1.334927228748416931e-06 1.172241254915310066e-06 1.803480701789603215e-06 1.581998155633717476e-06
9.972876727494148774e-01 8.907817038381752505e-06 6.160874061952887069e-07 6.104375571909185637e-07 1.299866150822896177e-06 1.163548840469942443e-06 1.790741960633131951e-06 1.582228743575755870e-06
1.006513275642563876e+00 8.834773564215800195e-06 6.081867721484775024e-07 6.071228910769019141e-07 1.289884845036816399e-06 1.166863858768096862e-06 1.756937486451256691e-06 1.589890317509904665e-06
1.015738878535712875e+00 8.776712739056132784e-06 6.051982831820946779e-07 6.044994220596596152e-07 1.280634837888481787e-06 1.166484303239654518e-06 1.756472010379258092e-06 1.592878104065622830e-06
1.024964481428862095e+00 8.733114507222630412e-06 6.122640864441226711e-07 6.073693117507020678e-07 1.280430281596890246e-06 1.167646854330271248e-06 1.724910774220367169e-06 1.590126943198152598e-06
1.034190084322011094e+00 8.702567240476353621e-06 6.100280050642380587e-07 6.105743221211675886e-07 1.289333191113495956e-06 1.172735856244551389e-06 1.708307518073845787e-06 1.588154277560712458e-06
1.043415687215160093e+00 8.685675032933598625e-06 6.169239318348912200e-07 6.098660494412735223e-07 1.297005201632754100e-06 1.186205599903089008e-06 1.703368166866412641e-06 1.607113279207225584e-06
1.052641290108309091e+00 8.681006054150252338e-06 6.250249320100697046e-07 6.168722623865286001e-07 1.300211590407459870e-06 1.200704258326145152e-06 1.702115897336546244e-06 1.627563336096471416e-06
1.061866893001458312e+00 8.688794116446822558e-06 6.326137114486648420e-07 6.281214042853638116e-07 1.310136171256498925e-06 1.221639523685372252e-06 1.715907210889447759e-06 1.639833109559266727e-06
1.071092495894607532e+00 8.708316329806194483e-06 6.352508396994583674e-07 6.397421310370742458e-07 1.330023578486549016e-06 1.230660890063494578e-06 1.742376897030316986e-06 1.656039914509668675e-06
1.080318098787756531e+00 8.739903576302671353e-06 6.383102822676015508e-07 6.471265911456258420e-07 1.333408228330815922e-06 1.253907670041781648e-06 1.774241683331124239e-06 1.682356276637653578e-06
1.089543701680905530e+00 8.782691849307795013e-06 6.449124106867508909e-07 6.567958589623829676e-07 1.346370301689397666e-06 1.276436147436280532e-06 1.809969112503620600e-06 1.700252644099935704e-06
1.098769304574054528e+00 8.836946084063729837e-06 6.621766559331794869e-07 6.677294300483865532e-07 1.366660215172503523e-06 1.304154664646835035e-06 1.829880230202051781e-06 1.723383727675509025e-06
1.107994907467203749e+00 8.903395366870199811e-06 6.797782082327379468e-07 6.782835711296965662e-07 1.393226487938421560e-06 1.332221218333737994e-06 1.870370749330686324e-06 1.776962808110467357e-06
1.117220510360352748e+00 8.980827432442606094e-06 6.935108428056159524e-07 6.886171474923481793e-07 1.413248574379372181e-06 1.366188312985592818e-06 1.898885035978224554e-06 1.810739803302013780e-06
1.126446113253501746e+00 9.069812067535504193e-06 7.109788532036028972e-07 7.050540980188189211e-07 1.432972653007797244e-06 1.390770269386805988e-06 1.933495820065702519e-06 1.841224026948254190e-06
1.135671716146650967e+00 9.170887971506578462e-06 7.252021199262076770e-07 7.236133389114989749e-07 1.463461598554579023e-06 1.427829937671465653e-06 1.964344027566481787e-06 1.888564802359676468e-06
1.144897319039799966e+00 9.284302254067030070e-06 7.455072397574977530e-07 7.365513789962897714e-07 1.500346488829661920e-06 1.464200025682068073e-06 2.025124438089429126e-06 1.938770252493511945e-06
1.154122921932948964e+00 9.410275088826612443e-06 7.601503291318581116e-07 7.522924609551920121e-07 1.538593289892879116e-06 1.504472006487514096e-06 2.086211381831546774e-06 1.991299752113380281e-06
1.163348524826097963e+00 9.549292756671197985e-06 7.785803084982541940e-07 7.782250302744437290e-07 1.571928177739465030e-06 1.546271719944011791e-06 2.150091454974588153e-06 2.043978465105782087e-06
1.172574127719247183e+00 9.702023633413976443e-06 7.969431612734147375e-07 8.011522062475052563e-07 1.613602468766040665e-06 1.593841447095901062e-06 2.215338064286078392e-06 2.100003439200382259e-06
1.181799730612396404e+00 9.869400929560418373e-06 8.221148204616898222e-07 8.332625446337981221e-07 1.655722316764591379e-06 1.636467881716595146e-06 2.283845116203067491e-06 2.164874318800325462e-06
1.191025333505545403e+00 1.005116773039523409e-05 8.423430070996722858e-07 8.544227059202143861e-07 1.700833757791765993e-06 1.680573151828026549e-06 2.362980402976506939e-06 2.243543685207047633e-06
1.200250936398694401e+00 1.025010391705732215e-05 8.619389841744084461e-07 8.789592466905031065e-07 1.748507769500106025e-06 1.732802602792364244e-06 2.434095501925924541e-06 2.326162419591105336e-06
1.209476539291843622e+00 1.046630279201370248e-05 8.942808279207528388e-07 9.079674836048369242e-07 1.809672434174774627e-06 1.783591893139438865e-06 2.509610010372043308e-06 2.412556628515961010e-06
1.218702142184992621e+00 1.070123463958554213e-05 9.254051352886359601e-07 9.407742177276084191e-07 1.860602086125633377e-06 1.848864296028779076e-06 2.593574924023704347e-06 2.503393464078873635e-06
1.227927745078141619e+00 1.095644838626562510e-05 9.535053064550725129e-07 9.693588867178940145e-07 1.924606427719471356e-06 1.901311063013006947e-06 2.681057625737369671e-06 2.599027859362147629e-06
1.237153347971290618e+00 1.123354372216830470e-05 9.932163244846540433e-07 9.981009672517471233e-07 1.990148828761859867e-06 1.967853212759053687e-06 2.771157115166952110e-06 2.695683325113407388e-06
1.246378950864439838e+00 1.153600811709651249e-05 1.030036863568990868e-06 1.035589575981351056e-06 2.065075556673717075e-06 2.031975440818720914e-06 2.889536868089175145e-06 2.797158504114370109e-06
1.255604553757589059e+00 1.186307829231343311e-05 1.068945089332504927e-06 1.074507700901869886e-06 2.138106970561645941e-06 2.104690108200438968e-06 3.012550982349510386e-06 2.904300752397842542e-06
1.264830156650738058e+00 1.222127198065233882e-05 1.112957516226437130e-06 1.111993009708203456e-06 2.210302040524489181e-06 2.193130668412097715e-06 3.129553212121603193e-06 3.018323046553212811e-06
1.274055759543887056e+00 1.261115474117656285e-05 1.149954771853421633e-06 1.149657296023116665e-06 2.288008605237701725e-06 2.285861229349494549e-06 3.248143349805177548e-06 3.143199631968086522e-06
1.283281362437036055e+00 1.303823902281391761e-05 1.192873241853816693e-06 1.198634827287212005e-06 2.373443238865606205e-06 2.385309693692763856e-06 3.374844398629341856e-06 3.289647550686866355e-06
1.292506965330185276e+00 1.350644824039896824e-05 1.254189235313520577e-06 1.253781834065934451e-06 2.496396575933976965e-06 2.471587743966728321e-06 3.529057521181405848e-06 3.421174415838381779e-06
1.301732568223334052e+00 1.402192841227601976e-05 1.311840318171828907e-06 1.296102005211647844e-06 2.606577254779802701e-06 2.568105858293379915e-06 3.693292541118320139e-06 3.567480128804994763e-06
1.310958171116483273e+00 1.458959310302190777e-05 1.379875540045149304e-06 1.357573771276281998e-06 2.735365480527186772e-06 2.686758495360196683e-06 3.878104165026199522e-06 3.757295574038167139e-06
1.320183774009632494e+00 1.521802848506475452e-05 1.446845894078433660e-06 1.429301433974465273e-06 2.885125356116968252e-06 2.824208244273333977e-06 4.085371117716392550e-06 3.941120196822924952e-06
1.329409376902781492e+00 1.591627761973173969e-05 1.520063179901891471e-06 1.499584151918485902e-06 3.040631017917912155e-06 2.952867988095721980e-06 4.309108876402318174e-06 4.136939969329228768e-06
1.338634979795930713e+00 1.669458435907355710e-05 1.594318525474830889e-06 1.573894382405064318e-06 3.212833982528594083e-06 3.108188191764422873e-06 4.531992729785445359e-06 4.353418168123640076e-06
1.347860582689079489e+00 1.756729378485788072e-05 1.699700698211575910e-06 1.667588591346509045e-06 3.364067930833772682e-06 3.293105218709562832e-06 4.766116123367237199e-06 4.593905383262939264e-06
1.357086185582228710e+00 1.854929993573761819e-05 1.805647179646611674e-06 1.773145666592372777e-06 3.550478927587866738e-06 3.495529076475662202e-06 5.038523056548951793e-06 4.879737789878353492e-06
1.366311788475377931e+00 1.966115894786372135e-05 1.910266617597876170e-06 1.877768360443689879e-06 3.757940041927469667e-06 3.704726122068218309e-06 5.360390407615503260e-06 5.215072091426205730e-06
1.375537391368526707e+00 2.092718469400289420e-05 2.026467682383015033e-06 2.010803357612589985e-06 4.026664916772915154e-06 3.954691889943331409e-06 5.772279465314796547e-06 5.597657572445948062e-06
1.384762994261675928e+00 2.237842146229670467e-05 2.179242609845008657e-06 2.153654174436223892e-06 4.278613542706676405e-06 4.231531068898550864e-06 6.241310206558662097e-06 6.045235088227842932e-06
1.393988597154824927e+00 2.405368896778098395e-05 2.348652201980639472e-06 2.318721800039196256e-06 4.631638158930017165e-06 4.551287982217399236e-06 6.754629190054271831e-06 6.524830434700816268e-06
1.403214200047974147e+00 2.600307456023871522e-05 2.558773888830637888e-06 2.506855320770914549e-06 5.039312120478595743e-06 4.980401849990227287e-06 7.338865584162590342e-06 7.070792143581345929e-06
1.412439802941123368e+00 2.829134089402931071e-05 2.810497181666010431e-06 2.731484875966863016e-06 5.505616792380057958e-06 5.438558251089870379e-06 8.036838391052907266e-06 7.701706627003932664e-06
1.421665405834272145e+00 3.100293938815099911e-05 3.072994059016383097e-06 2.992732448804530658e-06 6.054210146058059609e-06 5.902831567916101176e-06 8.828462851772280883e-06 8.437625373425591639e-06
1.430891008727421365e+00 3.425164806730348341e-05 3.389032289279978057e-06 3.269778491799845191e-06 6.710991575468091826e-06 6.575819257306184280e-06 9.831721023491279911e-06 9.307689211032253940e-06
1.440116611620570364e+00 3.819027754201269293e-05 3.790838689354926537e-06 3.671795942848840556e-06 7.485663967248051495e-06 7.314007785959212671e-06 1.103157103715933393e-05 1.036755159663968248e-05
1.449342214513719362e+00 4.303049456653235333e-05 4.262801671119991430e-06 4.131005592241173026e-06 8.390949819503727930e-06 8.232024172113114617e-06 1.254749495902168549e-05 1.165420818827378371e-05
1.458567817406868583e+00 4.906929308279778446e-05 4.852251534083309775e-06 4.691884340660799489e-06 9.479823312257510011e-06 9.380553480645973839e-06 1.427802872634727731e-05 1.325466602000322582e-05
1.467793420300017582e+00 5.673470019388303365e-05 5.661810010859329579e-06 5.410829187667940570e-06 1.101586149323918837e-05 1.095775504930146012e-05 1.648974868053851501e-05 1.534956750378736956e-05
1.477019023193166802e+00 6.665586609582124615e-05 6.606287357956315814e-06 6.348835953367733818e-06 1.283588501485505632e-05 1.269197430200705827e-05 1.945800466324867147e-05 1.807014545995965768e-05
1.486244626086316023e+00 7.978385024141358890e-05 7.879105990239273680e-06 7.553275912613544116e-06 1.541292885951029757e-05 1.525254053223089540e-05 2.338680379066371707e-05 2.143819481314620607e-05
1.495470228979464800e+00 9.759413872925731738e-05 9.576923328937292433e-06 9.242654711956717968e-06 1.893560278926565354e-05 1.850043151467538056e-05 2.881842140826881588e-05 2.594885360216300969e-05
1.504695831872614020e+00 1.224315956334771861e-04 1.214938298785373330e-05 1.158020054529485584e-05 2.364412430398319612e-05 2.281200067647379444e-05 3.578063855538027066e-05 3.217813245320526674e-05
1.513921434765763019e+00 1.580846489610731795e-04 1.562975791409926068e-05 1.490272414747298413e-05 3.070186382354535759e-05 2.954662979694927007e-05 4.637157723673312397e-05 4.128559057448532004e-05
1.523147037658912017e+00 2.106103238107568721e-04 2.065538195272895085e-05 1.987336736669533671e-05 4.099217243328916746e-05 3.929128211355593231e-05 6.119653159860125426e-05 5.477330217916912360e-05
1.532372640552061016e+00 2.888478116230238420e-04 2.828735420070814695e-05 2.727184693939875733e-05 5.733298029568062145e-05 5.345798889154327769e-05 8.433384176494677529e-05 7.466673971712547726e-05
1.541598243445210237e+00 4.011457853849745530e-04 3.938519884789519780e-05 3.785630774022898191e-05 7.986966407719426654e-05 7.394107144202065026e-05 1.176292849771636202e-04 1.027896770072277252e-04
1.550823846338359457e+00 5.367146060586449859e-04 5.244801795658800888e-05 5.020994994373994148e-05 1.059578092689879248e-04 9.740376354264526377e-05 1.516031710694594253e-04 1.329145131775197200e-04
1.560049449231508456e+00 6.283043730778717579e-04 5.909323748700431693e-05 5.614717809867446948e-05 1.181171310813765958e-04 1.097248778512918297e-04 1.679173829993934426e-04 1.471141177989063729e-04
1.569275052124657455e+00 5.910007294155212015e-04 5.401937471203113739e-05 5.283429535438534733e-05 1.112089464416209398e-04 1.020261210125195193e-04 1.572368228330090281e-04 1.359620896658665255e-04
1.578500655017806453e+00 4.599623262407132756e-04 4.164681621864058233e-05 4.110511784331734612e-05 8.553575056442422461e-05 7.737375463402534556e-05 1.257895308163333912e-04 1.028737848548560356e-04
1.587726257910955674e+00 3.287903800608854067e-04 2.905955854562365962e-05 2.888315687540150487e-05 6.050799489319984206e-05 5.413727142463293238e-05 8.829430002761499453e-05 7.258886062692899250e-05
1.596951860804104451e+00 2.330555568797821665e-04 2.034903145379639983e-05 2.021351448479498120e-05 4.229271770972751294e-05 3.772328076971927344e-05 6.084031510916987047e-05 5.210628035186949192e-05
1.606177463697253671e+00 1.691531908610543762e-04 1.454762641414639244e-05 1.452596474300798840e-05 3.019968297550258240e-05 2.754624268581977410e-05 4.297573343458471360e-05 3.749985498202303364e-05
1.615403066590402892e+00 1.267889297404314734e-04 1.075651468790132423e-05 1.084831846980372579e-05 2.249872951309956032e-05 2.054055346215475828e-05 3.105099718038749389e-05 2.830413976434166643e-05
1.624628669483551890e+00 9.810563654216680567e-05 8.288527803220873671e-06 8.319425091403239336e-06 1.718052794621136058e-05 1.570594887412158215e-05 2.384192630543413528e-05 2.169510094855233459e-05
1.633854272376701111e+00 7.812370478128652406e-05 6.531248828564573637e-06 6.586254538049133829e-06 1.358480503876282241e-05 1.243623765235290298e-05 1.915336529406315728e-05 1.739869500598756710e-05
1.643079875269850110e+00 6.379949731834789702e-05 5.306493149367038395e-06 5.371686369759191989e-06 1.112035891702792267e-05 1.022714756519777494e-05 1.593562338462563342e-05 1.425675295521238096e-05
1.652305478162999108e+00 5.325805540006457191e-05 4.450548206335869477e-06 4.481411272226561203e-06 9.208324847351848617e-06 8.530406551855502682e-06 1.350813500288883235e-05 1.205735919076058004e-05
1.661531081056148329e+00 4.531664184888993275e-05 3.781943320352261278e-06 3.750115110289386122e-06 7.816124412471686016e-06 7.300981975581186155e-06 1.163017343393647171e-05 1.022011747157343723e-05
1.670756683949297106e+00 3.921076760799987391e-05 3.241879516965677759e-06 3.285415096246980030e-06 6.732493538584840231e-06 6.297048528950414037e-06 1.035407533951092531e-05 8.755523087920245249e-06
1.679982286842446326e+00 3.443122853021793214e-05 2.866703642280166620e-06 2.887121624298856460e-06 5.960065101257444066e-06 5.524277574454456000e-06 9.199725445005639611e-06 7.643993554871382723e-06
1.689207889735595547e+00 3.063071641466297534e-05 2.530921620670002910e-06 2.587525242976249605e-06 5.281857670409355950e-06 4.930197382805052156e-06 8.140274475460046954e-06 6.777132902299113601e-06
1.698433492628744546e+00 2.756733738321252573e-05 2.263626299393045756e-06 2.336036973082709727e-06 4.748200488998029055e-06 4.419342129141558707e-06 7.314033429623050978e-06 6.017535878935013736e-06
1.707659095521893766e+00 2.506782510166314997e-05 2.056078946016440235e-06 2.116392987516377381e-06 4.325016733541144488e-06 4.039078688013258381e-06 6.756550364136874355e-06 5.522828577831284582e-06
1.716884698415042543e+00 2.300682444031391320e-05 1.887727605787117884e-06 1.935904588995910513e-06 4.058856854625586969e-06 3.700301735628590781e-06 6.165324911639655903e-06 5.080160506091665660e-06
1.726110301308191763e+00 2.129127220895430772e-05 1.761365948906762661e-06 1.796347864016418935e-06 3.734404123142957995e-06 3.376036794887252412e-06 5.651986294208584291e-06 4.641769819167716830e-06
1.735335904201340984e+00 1.985146421935703658e-05 1.632781686491228832e-06 1.682089159595645972e-06 3.500853242261011739e-06 3.148623561921584592e-06 5.271984554215171110e-06 4.292627573183777518e-06
1.744561507094489761e+00 1.863422603316318950e-05 1.532282566373760274e-06 1.570087085174256766e-06 3.310589857586623743e-06 2.943434040333678761e-06 5.017013006223478157e-06 4.014129746387086795e-06
1.753787109987638981e+00 1.759835246359263080e-05 1.450225133392388552e-06 1.468095835852471537e-06 3.129294943359510239e-06 2.753786398081853665e-06 4.793695939257546439e-06 3.732346870549706398e-06
1.763012712880787980e+00 1.671145193409509673e-05 1.366995823767044649e-06 1.384602171405738719e-06 2.991262026188936366e-06 2.593853509067418396e-06 4.596214815959448821e-06 3.517249887114846007e-06
1.772238315773937201e+00 1.594856912576227183e-05 1.314564152208063969e-06 1.317309478442229914e-06 2.859044925899488303e-06 2.455438140056402335e-06 4.398323129982753283e-06 3.336355009971389771e-06
1.781463918667086421e+00 1.528900580730289312e-05 1.250164749110746422e-06 1.254783985702395368e-06 2.733976738050719168e-06 2.341293572809078152e-06 4.228632098571036388e-06 3.139135685534209176e-06
1.790689521560235198e+00 1.471696316456431757e-05 1.188888254609545787e-06 1.198309439209862648e-06 2.623794378794088217e-06 2.236469811745122566e-06 4.060785469074971584e-06 2.980428861537069563e-06
1.799915124453384419e+00 1.421853455560152849e-05 1.145101666406391332e-06 1.146557426731350797e-06 2.522404159723275644e-06 2.147481259007941011e-06 3.881547728162125854e-06 2.845683535758394139e-06
1.809140727346533417e+00 1.378326742145900049e-05 1.101970239990280546e-06 1.105462410639744140e-06 2.431525567657514013e-06 2.060497816657624231e-06 3.749516553736925934e-06 2.706465489977115935e-06
1.818366330239682416e+00 1.340227213947779375e-05 1.060029997924307219e-06 1.064391346249812968e-06 2.346091538720787643e-06 1.991220276080551941e-06 3.681443248134567481e-06 2.631639187557216695e-06
1.827591933132831414e+00 1.306799485095882417e-05 1.028056879187980662e-06 1.017275782190543463e-06 2.275725813975972977e-06 1.925013178316042754e-06 3.571278091966379305e-06 2.548661592416872623e-06
1.836817536025980635e+00 1.277408800089773878e-05 9.984159927007927443e-07 9.852272020561647463e-07 2.200972094837283142e-06 1.869436853956995620e-06 3.443656032955517876e-06 2.471842303885713157e-06
1.846043138919129634e+00 1.251564767296861627e-05 9.719819367134989251e-07 9.565944844607285151e-07 2.149569573195383591e-06 1.825372070876558859e-06 3.321515326375892250e-06 2.407875770705655784e-06
1.855268741812278410e+00 1.228800417259890843e-05 9.475246108035030216e-07 9.310273863377349987e-07 2.101307108299766289e-06 1.778262178015409438e-06 3.226506596761557309e-06 2.323106880064724553e-06
1.864494344705427187e+00 1.208748594482926023e-05 9.225143472807267425e-07 9.124660805432572186e-07 2.028778736636769624e-06 1.730616438835706969e-06 3.127751433515804362e-06 2.228782739983777006e-06
1.873719947598576185e+00 1.191077820147134458e-05 8.987899577856006846e-07 8.856199466337193210e-07 1.969808076193992822e-06 1.686938541594258667e-06 3.021456320109997971e-06 2.148430279076644499e-06
1.882945550491724962e+00 1.175538923327140751e-05 8.759686448005925985e-07 8.693333585685898923e-07 1.915035586673325552e-06 1.660886398548855805e-06 2.942699638117311062e-06 2.110101168986125422e-06
1.892171153384873961e+00 1.161863800048079773e-05 8.580156198272217923e-07 8.554659992724910435e-07 1.866927748309083314e-06 1.641819447047184843e-06 2.868737107135532245e-06 2.085748066742141335e-06
1.901396756278022737e+00 1.149874478390586282e-05 8.363378125204021013e-07 8.394963998907427393e-07 1.825966389660008829e-06 1.611945425990584391e-06 2.799149718291073718e-06 2.046685913935955594e-06
1.910622359171171736e+00 1.139355126787291573e-05 8.269665635168872703e-07 8.245903132942969632e-07 1.784916973518555373e-06 1.580091085400779649e-06 2.748582788177081622e-06 2.019256936959847512e-06
1.919847962064320512e+00 1.130205890271252069e-05 8.085749423296035226e-07 8.176581373988516113e-07 1.758455158109360791e-06 1.556216142996970407e-06 2.701430700772537315e-06 2.000396824597302077e-06
1.929073564957469289e+00 1.122253724409834531e-05 7.968506561116436962e-07 8.056682910508669045e-07 1.720301083768015020e-06 1.529330703690365739e-06 2.658752730292119758e-06 1.988379853857019430e-06
1.938299167850618288e+00 1.115387775405271810e-05 7.871008939037081440e-07 7.946836170784737490e-07 1.700645734556907601e-06 1.502550208983217665e-06 2.615492239983767040e-06 1.981536225183947616e-06
1.947524770743767064e+00 1.109501686474780288e-05 7.724271410397746495e-07 7.847504770358416888e-07 1.684290482878263162e-06 1.478406193014365701e-06 2.559597346500745051e-06 1.954974232633583650e-06
1.956750373636916063e+00 1.104495082042987010e-05 7.605474480054421054e-07 7.774177993736815473e-07 1.657937037014573447e-06 1.453543368280319962e-06 2.523664260099957963e-06 1.944431924294992504e-06
1.965975976530064839e+00 1.100309018369214643e-05 7.503665917283510156e-07 7.676852117257210005e-07 1.634844441384168150e-06 1.433323978973998796e-06 2.487077815242810433e-06 1.923885732239007955e-06
1.975201579423213616e+00 1.096854703020575767e-05 7.453850755498385813e-07 7.610761579925489912e-07 1.630062513735325961e-06 1.420279558109925760e-06 2.452474633342636276e-06 1.922001718476126607e-06
1.984427182316362615e+00 1.093935788266970843e-05 7.378273097776641410e-07 7.559739773568219327e-07 1.616960698394691399e-06 1.413639395744277025e-06 2.419565338172907306e-06 1.919119757984944695e-06
1.993652785209511391e+00 1.091893821008614165e-05 7.378482388482169078e-07 7.532027174789957062e-07 1.604381890535752148e-06 1.401651927481036215e-06 2.388597301891579830e-06 1.891893931121779357e-06
2.002878388102660168e+00 1.090273559518190401e-05 7.329994689804150021e-07 7.499046869806207002e-07 1.578938930211320121e-06 1.393290029568051638e-06 2.371876773298687985e-06 1.877449915035319503e-06
2.012103990995809166e+00 1.089180697292821591e-05 7.296304795215341666e-07 7.466630314539277362e-07 1.563652663788448629e-06 1.378865303436553654e-06 2.355947008122777448e-06 1.867320470564686193e-06
2.021329593888958165e+00 1.088538555883069656e-05 7.235489962726906121e-07 7.439862028535132991e-07 1.567717548591398362e-06 1.370958846445620736e-06 2.357846936682391457e-06 1.852499569093734436e-06
2.030555196782107164e+00 1.088339596633899935e-05 7.212855829410305062e-07 7.368713040719602916e-07 1.557579219019376965e-06 1.363810356085423539e-06 2.371801079994959727e-06 1.835471072866368732e-06
2.039780799675255718e+00 1.088544542636803098e-05 7.207681770786605809e-07 7.306179136730671104e-07 1.538004094274533711e-06 1.355477492607124490e-06 2.375321632785515970e-06 1.826397223989814519e-06
2.049006402568404717e+00 1.089112698191551656e-05 7.196030984054101648e-07 7.287080698017665023e-07 1.532138000284908748e-06 1.343508024563996276e-06 2.366088968307568564e-06 1.831968008258333600e-06
2.058232005461553715e+00 1.090021723005115770e-05 7.146081525574796421e-07 7.258793484833391842e-07 1.514969722137425977e-06 1.344869341853982948e-06 2.351495935100174806e-06 1.837509509988932420e-06
2.067457608354702270e+00 1.091273841239778079e-05 7.169336415027219165e-07 7.241089480941377982e-07 1.511269652807244277e-06 1.342549804174327101e-06 2.339481453450894020e-06 1.846750712944762528e-06
2.076683211247851268e+00 1.092758524567072467e-05 7.228341049065507026e-07 7.211257727786753386e-07 1.504883217359706288e-06 1.337275016087984588e-06 2.322023260190261444e-06 1.854340906128390843e-06
2.085908814141000267e+00 1.094549740186268343e-05 7.185558571864146435e-07 7.216360408454128679e-07 1.499505231232293515e-06 1.335444303417065726e-06 2.307071226960210868e-06 1.860639060038446238e-06
2.095134417034148822e+00 1.096589080241196866e-05 7.185662971877222169e-07 7.203610941138315115e-07 1.492430100549812285e-06 1.336837024443729329e-06 2.292474206045922206e-06 1.864366034107096858e-06
2.104360019927297820e+00 1.098874105339099981e-05 7.235242193520563417e-07 7.221924518951430231e-07 1.482964818087333431e-06 1.340786718494634455e-06 2.278232399038167258e-06 1.864950558116109099e-06
2.113585622820446819e+00 1.101371301773133354e-05 7.196315194582290984e-07 7.254802949715298131e-07 1.479405525447488568e-06 1.337572925651351027e-06 2.263459877779280103e-06 1.859228555598877128e-06
2.122811225713595817e+00 1.104094362531622767e-05 7.207753008847866055e-07 7.250355198273060101e-07 1.478429809392487254e-06 1.332934537493952139e-06 2.243179640671863798e-06 1.855361261580102406e-06
2.132036828606744372e+00 1.106992251895979615e-05 7.181579285818150940e-07 7.243117030562224362e-07 1.481073271079648434e-06 1.337677501767385948e-06 2.223203562820549780e-06 1.846646093917404918e-06
2.141262431499893371e+00 1.110065397019055189e-05 7.160070099389545707e-07 7.222694839824389979e-07 1.472159772278383561e-06 1.338219995339107903e-06 2.216795760248335207e-06 1.849398276537882568e-06
2.150488034393042369e+00 1.113328007330996728e-05 7.185508190238954266e-07 7.237551054179157281e-07 1.469977144872363045e-06 1.341037764531776322e-06 2.205486500647650756e-06 1.860541798122893913e-06
2.159713637286190924e+00 1.116729905861222310e-05 7.219374974286704483e-07 7.273667953577942890e-07 1.476126214771614564e-06 1.349196494665865225e-06 2.202237308149573400e-06 1.865282519846298110e-06
2.168939240179339922e+00 1.120279938433900547e-05 7.218379258617415163e-07 7.320107318713080707e-07 1.464665462135337232e-06 1.352464775388231608e-06 2.199925895896835432e-06 1.870051564063134609e-06
2.178164843072488921e+00 1.123974566999940878e-05 7.258643849946797737e-07 7.308243673026735003e-07 1.466875584381409445e-06 1.357505232351678391e-06 2.219198654308323653e-06 1.883923853401881451e-06
2.187390445965637920e+00 1.127789584789550517e-05 7.251248356536828938e-07 7.348973191331549147e-07 1.481976759777924835e-06 1.365860431906337170e-06 2.242237099165814645e-06 1.893057822407745805e-06
2.196616048858786474e+00 1.131763613780826592e-05 7.270488903987671096e-07 7.352234942394867708e-07 1.491292422428102581e-06 1.371576913408458057e-06 2.259676110964857447e-06 1.898428508439482172e-06
2.205841651751935473e+00 1.135821404218982925e-05 7.323350521301028341e-07 7.407376561938855983e-07 1.488971004787744784e-06 1.371707137988329778e-06 2.255415769334884177e-06 1.903718976398387859e-06
2.215067254645084471e+00 1.139990167885985475e-05 7.360207228312144159e-07 7.419242597048631853e-07 1.504842136351248403e-06 1.380228581045676417e-06 2.255059897898913207e-06 1.908985338552999673e-06
2.224292857538233026e+00 1.144294235001161859e-05 7.371095378899380005e-07 7.467114856250315751e-07 1.509644977580748565e-06 1.387127772161427723e-06 2.253294849807447223e-06 1.914326908085559880e-06
2.233518460431382024e+00 1.148676094925227223e-05 7.397575602205067020e-07 7.511611909091007024e-07 1.520047912545393509e-06 1.392197456975645658e-06 2.257984977370954111e-06 1.923320259684174538e-06
2.242744063324531023e+00 1.153154730215699618e-05 7.445028888354105140e-07 7.556149457241864015e-07 1.517714222275350948e-06 1.399524982969693583e-06 2.255767499159142683e-06 1.934507673471429798e-06
2.251969666217680022e+00 1.157288495634547323e-05 7.528520366725027568e-07 7.578528845062035713e-07 1.533446417842566261e-06 1.402717749143296842e-06 2.259088610080315745e-06 1.943027661767021515e-06
2.261195269110828576e+00 1.162015954560070500e-05 7.561189262510483816e-07 7.625050547463942314e-07 1.539823109234679725e-06 1.407981263891199165e-06 2.263444039340743128e-06 1.967030566248969341e-06
2.270420872003977575e+00 1.166822813433767152e-05 7.577125455091172467e-07 7.644506501947696890e-07 1.546845555770337853e-06 1.415779844226837335e-06 2.277785542821392299e-06 1.987612402975513578e-06
2.279646474897126573e+00 1.171910997307780487e-05 7.631591299126390664e-07 7.687997019888845253e-07 1.558218295853660711e-06 1.422620806514289635e-06 2.299582753729157708e-06 1.996848652942005640e-06
2.288872077790275128e+00 1.176669838155229797e-05 7.691097101871500666e-07 7.702096932990451516e-07 1.573635711550661314e-06 1.440605964657986474e-06 2.313348516097510184e-06 2.006394509563469458e-06
2.298097680683424127e+00 1.181700938349185123e-05 7.708501234548398778e-07 7.784994387107048100e-07 1.581964848438646834e-06 1.450226129562228624e-06 2.321977970465996326e-06 2.020637161169028170e-06
2.307323283576573125e+00 1.186798269964791641e-05 7.764577055428772783e-07 7.848521713035640392e-07 1.590587230184333124e-06 1.453568624581866368e-06 2.332145256639203175e-06 2.044234055514650681e-06
2.316548886469722124e+00 1.191961468954841107e-05 7.858064627643414590e-07 7.884238083794647365e-07 1.611207532039069957e-06 1.465207990448681336e-06 2.348322441163574358e-06 2.067820904797940129e-06
2.325774489362870678e+00 1.197185045095129437e-05 7.906981975048443724e-07 7.928177723885652928e-07 1.641066598449711402e-06 1.480120363960507292e-06 2.364562649678155455e-06 2.091394161947395653e-06
2.335000092256019677e+00 1.202469241034714252e-05 7.910114145589356886e-07 7.967270931636283998e-07 1.648935740657302701e-06 1.490850501378570685e-06 2.380869756507610248e-06 2.098361617507706566e-06
2.344225695149168676e+00 1.207852452087093925e-05 7.945062711684352125e-07 8.030737301849456025e-07 1.669875174023290691e-06 1.498486468717278265e-06 2.414352318522161250e-06 2.113151097977620336e-06
2.353451298042317230e+00 1.213204475474667689e-05 7.988458797455710690e-07 8.078965262213650984e-07 1.683537560996064942e-06 1.510710194465659031e-06 2.448164469916768625e-06 2.134055534176060336e-06
2.362676900935466229e+00 1.218653534028146820e-05 8.062657282395582759e-07 8.144343318184687813e-07 1.705474063258259981e-06 1.525374136361900784e-06 2.480626698159401104e-06 2.151397699600114875e-06
2.371902503828615227e+00 1.224150207581935406e-05 8.128415372817353161e-07 8.206742104813695399e-07 1.723819500856184635e-06 1.542847454783375302e-06 2.498262771802595082e-06 2.164233354193520812e-06
2.381128106721764226e+00 1.229696125006479125e-05 8.223275979205958502e-07 8.290169000202406190e-07 1.738709632652430699e-06 1.561677387202254570e-06 2.516633705305426895e-06 2.174095477963725788e-06
2.390353709614912781e+00 1.235292936432300345e-05 8.315733262416041003e-07 8.374456322796794351e-07 1.745981036257734465e-06 1.572376784661523450e-06 2.555987689739659121e-06 2.185144840408562609e-06
2.399579312508061779e+00 1.240930891876931967e-05 8.374235930334579612e-07 8.436923625246582409e-07 1.754499009266508752e-06 1.585760836837174273e-06 2.587470046250553381e-06 2.206736693214719034e-06
2.408804915401210778e+00 1.246611832771648320e-05 8.415730248905137911e-07 8.518426715353768467e-07 1.765145140872633776e-06 1.600435377336880953e-06 2.619000114278022501e-06 2.228366881334582411e-06
2.418030518294359332e+00 1.252334908405024068e-05 8.477351848466442580e-07 8.637536448252287034e-07 1.781576560749059728e-06 1.615850764499033457e-06 2.650584547938846698e-06 2.250038915502958295e-06
2.427256121187508331e+00 1.258103783190835223e-05 8.548995990559575244e-07 8.714263500403593297e-07 1.795656069000379690e-06 1.629470277249814465e-06 2.680586179282940510e-06 2.264552868181561525e-06
2.436481724080657330e+00 1.263909635823970647e-05 8.603862825731027598e-07 8.810769046480301710e-07 1.813332245283440984e-06 1.646184437327466950e-06 2.723185638929364789e-06 2.275847988221611236e-06
2.445707326973806328e+00 1.269753197701604305e-05 8.658934674156472828e-07 8.896877704581453297e-07 1.827594115458909766e-06 1.663042152772338636e-06 2.756038837390718211e-06 2.284803994832663464e-06
2.454932929866954883e+00 1.275634988891647765e-05 8.675312251838373145e-07 8.909710707531815979e-07 1.844717101386270301e-06 1.675597453342654971e-06 2.785182902447374905e-06 2.298318604283388234e-06
2.464158532760103881e+00 1.281552461748607684e-05 8.740221446890861668e-07 8.957950736713940834e-07 1.863760123020916768e-06 1.686254238868512508e-06 2.812691454280538903e-06 2.322181472638356321e-06
2.473384135653252880e+00 1.287504312767987844e-05 8.875162636466704723e-07 9.034546589359523114e-07 1.880015277095290402e-06 1.700759035960582410e-06 2.840302593007213464e-06 2.343697171502834450e-06
2.482609738546401434e+00 1.293492182629711608e-05 8.946231184328762748e-07 9.084709970268352726e-07 1.896354637312409305e-06 1.709644498507002542e-06 2.872228158545483368e-06 2.364073322147769503e-06
2.491835341439550433e+00 1.299514608046848860e-05 9.071128289915551010e-07 9.168099274141198757e-07 1.919645371706985953e-06 1.724290409391949241e-06 2.899387090152656622e-06 2.384543718277882900e-06
2.501060944332699432e+00 1.305568656425084644e-05 9.172611100824521450e-07 9.238356155040503226e-07 1.937370641673479270e-06 1.732762965119171575e-06 2.930816436998945630e-06 2.404800085673355225e-06
2.510286547225848430e+00 1.311653477980470646e-05 9.244895379055161815e-07 9.341029974305526166e-07 1.955289409096098172e-06 1.746930461483467366e-06 2.956674445546791474e-06 2.423129086678577139e-06
2.519512150118996985e+00 1.317771601590281284e-05 9.290884383647492369e-07 9.368103275824960386e-07 1.975116482106463800e-06 1.765135883038039492e-06 2.977171838464031509e-06 2.441541447099548757e-06
2.528737753012145983e+00 1.323918860349215798e-05 9.365715918156703108e-07 9.453512080987753899e-07 2.002928001451571215e-06 1.783444510273366797e-06 3.003916334491105796e-06 2.460054188101395568e-06
2.537963355905294982e+00 1.330097324931526064e-05 9.435477789648550597e-07 9.513850188454222922e-07 2.030619386150237708e-06 1.802085935101278442e-06 3.041674393913750132e-06 2.478651004167010564e-06
2.547188958798443537e+00 1.336306841117160875e-05 9.557219071583942811e-07 9.578126054196339377e-07 2.053507383964421661e-06 1.820653739576166420e-06 3.085111966729763678e-06 2.497356085813841805e-06
2.556414561691592535e+00 1.342542514269983066e-05 9.637372237193450705e-07 9.707902879148863298e-07 2.060207710145270810e-06 1.836478349582398081e-06 3.128825935662135995e-06 2.512862329618457025e-06
2.565640164584741534e+00 1.348800101667826137e-05 9.782191920959260192e-07 9.788717375238563449e-07 2.070248063542291312e-06 1.848763519227575200e-06 3.172819918517235559e-06 2.526856851772424348e-06
2.574865767477890532e+00 1.355100212261277096e-05 9.914277636169876556e-07 9.888849950781106906e-07 2.100621721313680198e-06 1.865492095626215680e-06 3.217119573429174479e-06 2.540934245886093153e-06
2.584091370371039087e+00 1.361417577862649272e-05 1.003966414622803392e-06 9.990107759437072551e-07 2.134910978147138409e-06 1.884684438978836797e-06 3.258134151021581647e-06 2.555068844541553437e-06
2.593316973264188086e+00 1.367765251955750243e-05 1.016517604780049837e-06 1.010120080417989445e-06 2.157496976143482437e-06 1.895157681723895734e-06 3.293593599125854140e-06 2.569259061364003675e-06
2.602542576157337084e+00 1.374138311696318531e-05 1.024441827326363585e-06 1.019855619147833737e-06 2.189948822601117532e-06 1.902284429915853246e-06 3.323721211678724971e-06 2.583520978428973473e-06
2.611768179050485639e+00 1.380540235247998313e-05 1.035146416248699326e-06 1.028499447189039738e-06 2.199004971063175069e-06 1.921033679884701133e-06 3.357228056996068330e-06 2.604580555471503744e-06
2.620993781943634637e+00 1.386964756582852084e-05 1.050113464229866997e-06 1.039561531905483800e-06 2.210649264631950572e-06 1.935255525627618643e-06 3.387127194419212178e-06 2.629680073580296793e-06
2.630219384836783636e+00 1.393414001723352775e-05 1.062579233850444955e-06 1.047636128283173821e-06 2.236715373930605325e-06 1.950250907752411417e-06 3.417166077921866352e-06 2.654848193650048013e-06
2.639444987729932635e+00 1.399892178590314683e-05 1.075372263984546818e-06 1.056407164797588144e-06 2.251608537697088333e-06 1.966038000814093628e-06 3.447347914928526800e-06 2.680070216351067554e-06
2.648670590623081189e+00 1.406392462209233156e-05 1.087792521624684537e-06 1.064635553059446941e-06 2.278304142163115520e-06 1.977821593242872953e-06 3.492506924881452280e-06 2.701860758471179519e-06
2.657896193516230188e+00 1.412918660958305787e-05 1.094195829392119134e-06 1.081038217039376379e-06 2.292313153034300407e-06 1.992200686075939374e-06 3.548815930527858005e-06 2.723673830723131515e-06
2.667121796409379186e+00 1.419470160000855217e-05 1.099957546817181391e-06 1.093336149412175472e-06 2.321273613261612065e-06 2.002058182402811592e-06 3.605515091549793246e-06 2.745552592238728186e-06
2.676347399302527741e+00 1.426046798530871926e-05 1.107927130344437438e-06 1.103853621772838718e-06 2.354313770781350023e-06 2.021333304270444203e-06 3.662186429117350554e-06 2.772098272316763832e-06
2.685573002195676739e+00 1.432645863297768846e-05 1.115628583190551059e-06 1.112265107671782762e-06 2.382105465809798491e-06 2.036022229946015234e-06 3.717735331467804803e-06 2.799865327804219859e-06
2.694798605088825738e+00 1.439269302811322287e-05 1.131944900559190767e-06 1.123792345568221693e-06 2.412425377045046928e-06 2.050781901983064968e-06 3.773705697199304936e-06 2.827745019679699031e-06
2.704024207981974737e+00 1.445917957754722936e-05 1.147018233620630099e-06 1.136060073825004502e-06 2.439672538126080672e-06 2.065484568739103894e-06 3.813813365501189296e-06 2.855739043781039654e-06
2.713249810875123291e+00 1.452588005613504478e-05 1.160436984946225004e-06 1.148478473412125830e-06 2.469511040288087820e-06 2.080127594343567297e-06 3.842536856338735172e-06 2.880072879533209935e-06
2.722475413768272290e+00 1.459283220666077676e-05 1.172137622868930088e-06 1.160401208210848605e-06 2.494446103319815339e-06 2.095361469669469615e-06 3.886012864152651233e-06 2.901978010207024994e-06
2.731701016661421288e+00 1.465999999734740307e-05 1.186881788281730807e-06 1.175988814978510801e-06 2.531206427513517246e-06 2.118190379748772297e-06 3.937298267664222212e-06 2.923985418552670914e-06
2.740926619554569843e+00 1.472743114845832162e-05 1.200074771452018941e-06 1.186697994461191792e-06 2.566469315085016361e-06 2.143442391683102240e-06 3.988970665713530438e-06 2.946104161987276831e-06
2.750152222447718842e+00 1.479505017778249160e-05 1.211134175064843043e-06 1.203103353668737760e-06 2.599962966440535280e-06 2.158015307467562260e-06 4.041032961971518378e-06 2.968324900938798942e-06
2.759377825340867840e+00 1.486295136913715404e-05 1.223443927313696753e-06 1.219282095695994558e-06 2.632545176191752347e-06 2.172569657417110898e-06 4.093489483137093904e-06 2.990664070431799093e-06
