2.306400723287267349e-02 5.572493953409608800e+16 2.400000000000000000e+01 1.600000000000000000e+01 3.200000000000000000e+01 4.000000000000000000e+01 4.800000000000000000e+01 5.600000000000000000e+01
3.228961012602173802e-02 1.163078255396276875e+14 1.707812500000000000e+01 1.651562500000000000e+01 3.120312500000000000e+01 3.293750000000000000e+01 3.987500000000000000e+01 4.546875000000000000e+01
4.151521301917080603e-02 2.104248557386603271e+12 1.557177734375000000e+01 1.508007812500000000e+01 2.850244140625000000e+01 3.008203125000000000e+01 3.640795898437500000e+01 4.149926757812500000e+01
5.074081591231988098e-02 1.178572737191824493e+11 1.446032714843750000e+01 1.401687622070312500e+01 2.649029541015625000e+01 2.795245361328125000e+01 3.383293151855468750e+01 3.855374145507812500e+01
5.996641880546894204e-02 1.301894239638311958e+10 1.360489654541015625e+01 1.319972038269042969e+01 2.494412612915039062e+01 2.631474685668945312e+01 3.185334968566894531e+01 3.628763771057128906e+01
6.919202169861800311e-02 2.246726901424263000e+09 1.293487071990966797e+01 1.254947376251220703e+01 2.372391510009765625e+01 2.502147483825683594e+01 3.029052495956420898e+01 3.449716043472290039e+01
7.841762459176707112e-02 5.296187739375054240e+08 1.239702510833740234e+01 1.202371078729629517e+01 2.274265384674072266e+01 2.398064512014389038e+01 2.903325539827346802e+01 3.305523025989532471e+01
8.764322748491613913e-02 1.568588389512208104e+08 1.195870301127433777e+01 1.159464272856712341e+01 2.194345724582672119e+01 2.313211768865585327e+01 2.800879886746406555e+01 3.187876358628273010e+01
9.686883037806519325e-02 5.523749486892911792e+07 1.159875679016113281e+01 1.124189286679029465e+01 2.128763150423765182e+01 2.243498056381940842e+01 2.716766705363988876e+01 3.091122844815254211e+01
1.060944332712142474e-01 2.226402796618575230e+07 1.130234317108988762e+01 1.095852653309702873e+01 2.074801925942301750e+01 2.186051629111170769e+01 2.647511988878250122e+01 3.011293411254882812e+01
1.153200361643633154e-01 9.994998128665799275e+06 1.105879219993948936e+01 1.072611105069518089e+01 2.030509922653436661e+01 2.138807729445397854e+01 2.590617925301194191e+01 2.945533344708383083e+01
1.245456390575123834e-01 4.898266747900133952e+06 1.086030167620629072e+01 1.053800129145383835e+01 1.994459710549563169e+01 2.100256030075252056e+01 2.544257471524178982e+01 2.891753355972468853e+01
1.337712419506614514e-01 2.580970289286521263e+06 1.070192698203027248e+01 1.038786075450479984e+01 1.965596783207729459e+01 2.069280114956200123e+01 2.507080292562022805e+01 2.848407795233651996e+01
1.429968448438105333e-01 1.445129497171761468e+06 1.057863909192383289e+01 1.027149779209867120e+01 1.943140178243629634e+01 2.045052357017993927e+01 2.478085688082501292e+01 2.814349351148121059e+01
1.522224477369596152e-01 8.519287083123060875e+05 1.048720870458055288e+01 1.018620994046796113e+01 1.926515865896362811e+01 2.026963411946780980e+01 2.456537403690163046e+01 2.788731545640621334e+01
1.614480506301086971e-01 5.248872825791282812e+05 1.042538967239670455e+01 1.012958959769457579e+01 1.915311372175347060e+01 2.014586113556288183e+01 2.441905584174674004e+01 2.770942179206758738e+01
1.706736535232577512e-01 3.359653919183972757e+05 1.039164855371927842e+01 1.009968520450638607e+01 1.909244651516200975e+01 2.007627297047292814e+01 2.433826940518338233e+01 2.760557516739936545e+01
1.798992564164068331e-01 2.223063941082799574e+05 1.038504904531873763e+01 1.009286335593787953e+01 1.908142871136078611e+01 2.005883114464813843e+01 2.432077582183410414e+01 2.757310859399149194e+01
1.891248593095559150e-01 1.514473189612625283e+05 1.040517562234890647e+01 1.011167080572340637e+01 1.911928368118242361e+01 2.009266461207880639e+01 2.436555012041935697e+01 2.761071473019546829e+01
1.983504622027049968e-01 1.058594326965157234e+05 1.045208689800347202e+01 1.015612230524129700e+01 1.920610037629376166e+01 2.017780552964541130e+01 2.447267056014970876e+01 2.771831290934642311e+01
2.075760650958540787e-01 7.569831625877536135e+04 1.052629276653169654e+01 1.022665886468894314e+01 1.934319726491230540e+01 2.031514109387353528e+01 2.464326330008043442e+01 2.789697739857365377e+01
2.168016679890031329e-01 5.523838123301703308e+04 1.062875179178809049e+01 1.032786831170233199e+01 1.952575612690998241e+01 2.050640335676143877e+01 2.487949407372070709e+01 2.814891655083920341e+01
2.260272708821522147e-01 4.104371010743737861e+04 1.076088699662068393e+01 1.045893958420492709e+01 1.976095035447360715e+01 2.075419297040934907e+01 2.518460245708411094e+01 2.847749668133474188e+01
2.352528737753012689e-01 3.099353111636648828e+04 1.092461944308888633e+01 1.062056614728862769e+01 2.005357372571961605e+01 2.106203498763352400e+01 2.556297719472786412e+01 2.888730726619905909e+01
2.444784766684503230e-01 2.374507422365240200e+04 1.112241986533990712e+01 1.081513770760284388e+01 2.040801637621189002e+01 2.143446621281691478e+01 2.602027309437471558e+01 2.938426559646541136e+01
2.537040795615994049e-01 1.842827119424590273e+04 1.135737909969611792e+01 1.104303605196764693e+01 2.082977840703460970e+01 2.187715403409310966e+01 2.656357115294667892e+01 2.997575908367798547e+01
2.629296824547484590e-01 1.446732235661739105e+04 1.163329791138494329e+01 1.130551035985627095e+01 2.132562656499794684e+01 2.239704560827522073e+01 2.720158332888604491e+01 3.067082113419564848e+01
2.721552853478975686e-01 1.147372366736441654e+04 1.195479546223577927e+01 1.161143589291896205e+01 2.190378297806455521e+01 2.300254239664718625e+01 2.794490042692450515e+01 3.148032989191960951e+01
2.813808882410466228e-01 9.180622747472856645e+03 1.232743178713099041e+01 1.196597711598951719e+01 2.257413699082826497e+01 2.370368550853345369e+01 2.880627301140157215e+01 3.241720398450706853e+01
2.906064911341957324e-01 7.401662820309777089e+03 1.275783041916656657e+01 1.237223594761508139e+01 2.334845440903973213e+01 2.451231605109751399e+01 2.980089483148185536e+01 3.349653689058868622e+01
2.998320940273447865e-01 6.004661771214872715e+03 1.325376655451054830e+01 1.284477137776684685e+01 2.424052111015680566e+01 2.544212874266395374e+01 3.094661224891933671e+01 3.473554303519449604e+01
3.090576969204938407e-01 4.894463542295139632e+03 1.380499875733130466e+01 1.338359754498469556e+01 2.526690446701832116e+01 2.650843802636063629e+01 3.226388125747598679e+01 3.615304383355760365e+01
3.182832998136429503e-01 4.001567326012223475e+03 1.441946908202862687e+01 1.400041954476500905e+01 2.646455531950732620e+01 2.772725980080440422e+01 3.377506664206202913e+01 3.776791053581973756e+01
3.275089027067920044e-01 3.274458425239014105e+03 1.511615432058260922e+01 1.470308704624903839e+01 2.783455894674307274e+01 2.911282924228044067e+01 3.550216221491109536e+01 3.959519474158332741e+01
3.367345055999411141e-01 2.674347682331072519e+03 1.589710715068531499e+01 1.549599920599393954e+01 2.939009851024411546e+01 3.067156309361462263e+01 3.746080522135889623e+01 4.163711682988378016e+01
3.459601084930901682e-01 2.171503818256418526e+03 1.675021816303660671e+01 1.637334565110177209e+01 3.112797179372137180e+01 3.238781172281278486e+01 3.964552836545817627e+01 4.386239327172734193e+01
3.551857113862392223e-01 1.742671419184767501e+03 1.762596272201858483e+01 1.728547922932489200e+01 3.300123346638997646e+01 3.419007937354558635e+01 4.199374230900912153e+01 4.615827765485505552e+01
3.644113142793883320e-01 1.369311278306708118e+03 1.860057790162795754e+01 1.809691541636016154e+01 3.478233340926840356e+01 3.586888937337585048e+01 4.429599851124885390e+01 4.821969241633792080e+01
3.736369171725373861e-01 1.036737040906564744e+03 1.920069901095075693e+01 1.856387017548161111e+01 3.604043369986106882e+01 3.687391446811352580e+01 4.596393973595309035e+01 4.925742841436135677e+01
3.828625200656864958e-01 7.351257145434759650e+02 1.870343418898380605e+01 1.811936828813531974e+01 3.547406709547783521e+01 3.579847069309505514e+01 4.540461948311212836e+01 4.728569461326026158e+01
3.920881229588355499e-01 4.667231167008772559e+02 1.541424233190821269e+01 1.481844525328739337e+01 2.966671061904105500e+01 2.862128307613056677e+01 3.831340011161313441e+01 3.733186276021939420e+01
4.013137258519846040e-01 2.769687184675713070e+02 4.602863630432523223e+00 4.328095493372188685e+00 1.012221231650028130e+01 7.082247768167292179e+00 1.379396484028183067e+01 8.378471324183010438e+00
4.105393287451337136e-01 3.673383712061202004e+02 1.753009065895565755e+01 1.847616680743885809e+01 3.568492633842180339e+01 3.388290567565826450e+01 4.834265068990072223e+01 4.224284759007645107e+01
4.197649316382827678e-01 1.200029364591994181e+03 2.078709895073507141e+01 2.207851925221393685e+01 3.897493665493084336e+01 4.388290846554423297e+01 5.013162283170572664e+01 5.918014753047214072e+01
4.289905345314318219e-01 2.267025708750827107e+03 1.608465376738467967e+01 1.576166493946629998e+01 2.829787139050085898e+01 3.378443170705031662e+01 3.875448764765997112e+01 4.366697672111331485e+01
4.382161374245809315e-01 2.333199410682342659e+03 2.390642122325971286e+00 2.382201940735740209e+00 2.798003747324855794e+00 6.190827130597426731e+00 2.976417684415537224e+00 9.108216973340859113e+00
4.474417403177299857e-01 1.979722858580986667e+03 1.813845764182451603e+01 1.889093243193474336e+01 3.501347139709082512e+01 3.590271132528073394e+01 4.536963858588046605e+01 4.737140020688730147e+01
4.566673432108790953e-01 1.644097100030145384e+03 2.201994068521753434e+01 2.279367802975843915e+01 4.309324265590316827e+01 4.257154818543858710e+01 5.719879794513758497e+01 5.532814741105789835e+01
4.658929461040280939e-01 1.385109906247945901e+03 2.121984322224693642e+01 2.176802385493897418e+01 4.182709190187051718e+01 4.080502205932521065e+01 5.620713788572561498e+01 5.262404904767572589e+01
4.751185489971772036e-01 1.187963762684491485e+03 1.921373010563661410e+01 1.974452562549868162e+01 3.807415702043726924e+01 3.691927070573342462e+01 5.143787775551754748e+01 4.741291108098585028e+01
4.843441518903262577e-01 1.034715388111020502e+03 1.712891042607157033e+01 1.764104347503348436e+01 3.404498572915781551e+01 3.286884484888719271e+01 4.606091563115569443e+01 4.214983540244531923e+01
4.935697547834753673e-01 9.125761320842342457e+02 1.527133147985648520e+01 1.573612157687352919e+01 3.037168198894221405e+01 2.924771492582044630e+01 4.112558104971481043e+01 3.747028713483496176e+01
5.027953576766244215e-01 8.130288713912938192e+02 1.366164771282308266e+01 1.409188288928385191e+01 2.718393893878010203e+01 2.613986493542836342e+01 3.687803786474262324e+01 3.346346734266205658e+01
5.120209605697735311e-01 7.303607236044490492e+02 1.229625204312480946e+01 1.268580886397000995e+01 2.445837580487068408e+01 2.349869086550506836e+01 3.325988052949696794e+01 3.006545823464512068e+01
5.212465634629225297e-01 6.606409379483720841e+02 1.113147473190315395e+01 1.148532578672268301e+01 2.213224596214729445e+01 2.125336568416037153e+01 3.015389529688707171e+01 2.718093373571696247e+01
5.304721663560716394e-01 6.010857098064052479e+02 1.013559801000030802e+01 1.045665325147137992e+01 2.013998785828721338e+01 1.933537213455474557e+01 2.748200342725237988e+01 2.471955112253112929e+01
5.396977692492206380e-01 5.496682612567533397e+02 9.277350635238235554e+00 9.571341190452699266e+00 1.842388549634279116e+01 1.768627124202782852e+01 2.517257148615419737e+01 2.260496144335013469e+01
5.489233721423698587e-01 5.048756506340626515e+02 8.537532752772506228e+00 8.798524377528622153e+00 1.693983705588567545e+01 1.625837798383889776e+01 2.316479175016655745e+01 2.077519207706620818e+01
5.581489750355188573e-01 4.655533219714031361e+02 7.891065380275563257e+00 8.121491031037521680e+00 1.564450746434039274e+01 1.501338552796880776e+01 2.140858203992365816e+01 1.918062795714143931e+01
5.673745779286679669e-01 4.308030605712976921e+02 7.320897231448384446e+00 7.527516989016135085e+00 1.450617558037748722e+01 1.392062372430694950e+01 1.986314870838788238e+01 1.778163983098818335e+01
5.766001808218169655e-01 3.999142383932087910e+02 6.808449769771812043e+00 7.003003056794568693e+00 1.349980797847712211e+01 1.295547720014491233e+01 1.849533712852814915e+01 1.654647792985542765e+01
5.858257837149661862e-01 3.723163396172614057e+02 6.355427521856768180e+00 6.535198952991493115e+00 1.260510374783478937e+01 1.209808677857154180e+01 1.727814135040716792e+01 1.544956180272947677e+01
5.950513866081151848e-01 3.475454299827328555e+02 5.955526893366993590e+00 6.117878119351416899e+00 1.180551132493019395e+01 1.133232558657044819e+01 1.618946521873169786e+01 1.447014070481282033e+01
6.042769895012642944e-01 3.252199798315199928e+02 5.596648539034788428e+00 5.743701624022946817e+00 1.108745171498378568e+01 1.064500483852651769e+01 1.521112845392616464e+01 1.359125899938203474e+01
6.135025923944132931e-01 3.050231009045148767e+02 5.272712950798279508e+00 5.406638289126021846e+00 1.043971131767688121e+01 1.002526093123555029e+01 1.432808144892862856e+01 1.279896022670305911e+01
6.227281952875624027e-01 2.866892712194860451e+02 4.979110955975897923e+00 5.101695286738618051e+00 9.852968645092573752e+00 9.464082170105825753e+00 1.352778839186834148e+01 1.208167393161420478e+01
6.319537981807114013e-01 2.699942598547053763e+02 4.711983052409607353e+00 4.826882462965670584e+00 9.319518517082769904e+00 8.953941965518879442e+00 1.279974278594818315e+01 1.142974129309322961e+01
6.411794010738606220e-01 2.547473727818380382e+02 4.468077440011285262e+00 4.576835677024007509e+00 8.832845096946329022e+00 8.488513022242273109e+00 1.213508596383749705e+01 1.083504603217656381e+01
6.504050039670096206e-01 2.407854090620918157e+02 4.244638084467567296e+00 4.347859776617241323e+00 8.387243458665551543e+00 8.062443249255863975e+00 1.152630542691750293e+01 1.029072536568278906e+01
6.596306068601587302e-01 2.279678957826726844e+02 4.039315953566813278e+00 4.135716762907122757e+00 7.977975379484831819e+00 7.671565165930843477e+00 1.096699507604401447e+01 9.790942097117238063e+00
6.688562097533077289e-01 2.161732918187580310e+02 3.850098201695686839e+00 3.940459152443565927e+00 7.600983898357753787e+00 7.312346372980329079e+00 1.045166356200391533e+01 9.330703669239596820e+00
6.780818126464568385e-01 2.052959346189067276e+02 3.675251324404115394e+00 3.760409814590161659e+00 7.252777618520212854e+00 6.980695744325601027e+00 9.975580203900506149e+00 8.905717517658388260e+00
6.873074155396059481e-01 1.952435632519999444e+02 3.513275246805932284e+00 3.593753230721205227e+00 6.930337359213780246e+00 6.673716065402970798e+00 9.534650383058504985e+00 8.512274670076521943e+00
6.965330184327550578e-01 1.859352930015308516e+02 3.362866019425979403e+00 3.439121293121019107e+00 6.631040380507414511e+00 6.388892080748092894e+00 9.125314188151463668e+00 8.147155470025950308e+00
7.057586213259040564e-01 1.772999471475016549e+02 3.222885330412054827e+00 3.295321279244291190e+00 6.352598509297365581e+00 6.124030596509641100e+00 8.744463504550680000e+00 7.807552745130976746e+00
7.149842242190531660e-01 1.692746737678956208e+02 3.092335447769869461e+00 3.161309071557099060e+00 6.093007327949891305e+00 5.877211358976921929e+00 8.389373817618263729e+00 7.491008818993719842e+00
7.242098271122021647e-01 1.618037918096057979e+02 2.970338512555571242e+00 3.036725423392283574e+00 5.850504218791002131e+00 5.646746542738185326e+00 8.057647820265060545e+00 7.195363578281131822e+00
7.334354300053513853e-01 1.548378229591479567e+02 2.856119338299748733e+00 2.920468619884502459e+00 5.623533538766309903e+00 5.431147159042751582e+00 7.747168542885702891e+00 6.918711421946142082e+00
7.426610328985003839e-01 1.483326751249690858e+02 2.748991051603525193e+00 2.811488831255900323e+00 5.410717566995714378e+00 5.229095058753557623e+00 7.456060206364043097e+00 6.659365388456990331e+00
7.518866357916494936e-01 1.422489504260348951e+02 2.648343047333810318e+00 2.709158905008195006e+00 5.212182516651637343e+00 5.039419483466360816e+00 7.182655371644244724e+00 6.415827116499684735e+00
7.611122386847984922e-01 1.365513560354569051e+02 2.553630839170693889e+00 2.612919785734362677e+00 5.025540694772274719e+00 4.861077333916369980e+00 6.925467248842494428e+00 6.186761572040211377e+00
7.703378415779476018e-01 1.312082004634675627e+02 2.464367469916425080e+00 2.522271657909499254e+00 4.849675456681069363e+00 4.693136492184962094e+00 6.683166254836010012e+00 5.970975689954514110e+00
7.795634444710966005e-01 1.261909611796051820e+02 2.380116211516991598e+00 2.436766420691157009e+00 4.683723176461654703e+00 4.534761665000203834e+00 6.454560085597677244e+00 5.767400246572137235e+00
7.887890473642458211e-01 1.214739120884313053e+02 2.300484336387782491e+00 2.356001268836124041e+00 4.526907305666128423e+00 4.385202318151200984e+00 6.238576709389562325e+00 5.575074411481850234e+00
7.980146502573948197e-01 1.170338014495462886e+02 2.225117782534780986e+00 2.279613196214725690e+00 4.378527819932457987e+00 4.243782353205759250e+00 6.034249797838114659e+00 5.393132531217062819e+00
8.072402531505439294e-01 1.128495724922056951e+02 2.153696567512625393e+00 2.207274272103333601e+00 4.237952146282012222e+00 4.109891242171244130e+00 5.840706200242507862e+00 5.220792780185263382e+00
8.164658560436929280e-01 1.089021203098024415e+02 2.085996470986387408e+00 2.138687567401532874e+00 4.104607336198213829e+00 3.982976387205354740e+00 5.657155137229864295e+00 5.057347380274038073e+00
8.256914589368421487e-01 1.051740796991768008e+02 2.021432600468486385e+00 2.073629426459163483e+00 3.977973290883596746e+00 3.862536513761668289e+00 5.482878846757927249e+00 4.902154143527440056e+00
8.349170618299911473e-01 1.016496394890553319e+02 1.959969966132334207e+00 2.011844628180710970e+00 3.858166825736816463e+00 3.748115938931746882e+00 5.317224461592942930e+00 4.754629135105389537e+00
8.441426647231402569e-01 9.831437961382410151e+01 1.901690392751746117e+00 1.953069053214932183e+00 3.744207809793337560e+00 3.639299583136448746e+00 5.159596933896764881e+00 4.614240287585886335e+00
8.533682676162892555e-01 9.515512779494504514e+01 1.846153101712289413e+00 1.897099370157633302e+00 3.635652285560965424e+00 3.535346813302709279e+00 5.009452855151536710e+00 4.480501827694112649e+00
8.625938705094383652e-01 9.215983315573519974e+01 1.793773249501654732e+00 1.843749575025682930e+00 3.532141217496629793e+00 3.435423327938806892e+00 4.866295041410296562e+00 4.352969396738942010e+00
8.718194734025873638e-01 8.931745451911019984e+01 1.743248731234459115e+00 1.792849209034997671e+00 3.433345489596561606e+00 3.340069185309900490e+00 4.729667777057983358e+00 4.231235767273162196e+00
8.810450762957365844e-01 8.661786146336456227e+01 1.693874901980407799e+00 1.744241789108471608e+00 3.338962882122373799e+00 3.248991056558509172e+00 4.599152625748160972e+00 4.114927072774477779e+00
8.902706791888855831e-01 8.405174649483056726e+01 1.647353158009636331e+00 1.697585162482596388e+00 3.248715402062813951e+00 3.161919222520566564e+00 4.474364731580038779e+00 4.003699480328265281e+00
8.994962820820346927e-01 8.161054693121762682e+01 1.602792023227308960e+00 1.652291688392523383e+00 3.162850993733741234e+00 3.078605264926054019e+00 4.354949545137003497e+00 3.897236246882471278e+00
9.087218849751836913e-01 7.928637528771274390e+01 1.559379630439551079e+00 1.608901154312277981e+00 3.081535816728461441e+00 2.998820018923083808e+00 4.240579918716420593e+00 3.795245108517647736e+00
9.179474878683329120e-01 7.707195712521763653e+01 1.517046295415894974e+00 1.565795435070370445e+00 3.003648733953923511e+00 2.922351753112749861e+00 4.130953523182029130e+00 3.697455959575194129e+00
9.271730907614816886e-01 7.496057546194550980e+01 1.476343814219262640e+00 1.523286089434634505e+00 2.928989311746192925e+00 2.849004548151441440e+00 4.025790545685964616e+00 3.603618784697516730e+00
9.363986936546309092e-01 7.294602097008568364e+01 1.437173440731513097e+00 1.485215031831643273e+00 2.857371907040260339e+00 2.778596849061784724e+00 3.924831633234632022e+00 3.513501812053448248e+00
9.456242965477800189e-01 7.102254728199541489e+01 1.400041195201737310e+00 1.448854636888626146e+00 2.788624341732528933e+00 2.710960169851176715e+00 3.827836051920613158e+00 3.426889860428616430e+00
9.548498994409290175e-01 6.918483081810323654e+01 1.365447189924765325e+00 1.412226027350627078e+00 2.722586714438449462e+00 2.645937931946292565e+00 3.734580035731383418e+00 3.343582856575579854e+00
9.640755023340780161e-01 6.742793462408674543e+01 1.332277410808046625e+00 1.377061559650400113e+00 2.658491470062728013e+00 2.583384420442413898e+00 3.644855302344296888e+00 3.263394502392443997e+00
9.733011052272271257e-01 6.574727576942190410e+01 1.300480151521242078e+00 1.344257835419782054e+00 2.594504528069251137e+00 2.523163844262640509e+00 3.558467716263663760e+00 3.186151074170126662e+00
9.825267081203763464e-01 6.413859591516116154e+01 1.269821542248266155e+00 1.314014687423203043e+00 2.532819514019749363e+00 2.465149488122030164e+00 3.475236082193703169e+00 3.111690338441420067e+00
9.917523110135253450e-01 6.259793470694193473e+01 1.240239318292466919e+00 1.285044125929623249e+00 2.473310597319475335e+00 2.409222945731180232e+00 3.394991053706270634e+00 3.039860570927295669e+00
1.000977913906674344e+00 6.112160569072919714e+01 1.211675142219043266e+00 1.257408299977804234e+00 2.415859921953376954e+00 2.355615427819266472e+00 3.317574144101456568e+00 2.970543141151480881e+00
1.010203516799823564e+00 5.970617448503965363e+01 1.184074273636177566e+00 1.230310517108009094e+00 2.360356935854980520e+00 2.303938334849085834e+00 3.242836827965057012e+00 2.903586012860337462e+00
1.019429119692972563e+00 5.834843897469343688e+01 1.157385268262785871e+00 1.203777670648896958e+00 2.306697779858822628e+00 2.254038982545012004e+00 3.170639723280118005e+00 2.838859227702791088e+00
1.028654722586121562e+00 5.704541131851727442e+01 1.131660942095017219e+00 1.176568418627702783e+00 2.254784729505026064e+00 2.205826565433419262e+00 3.100851845131153084e+00 2.776245011651866434e+00
1.037880325479270560e+00 5.579430158725544686e+01 1.106326941362354432e+00 1.152639882586186104e+00 2.204935995540289184e+00 2.159215693931514579e+00 3.033349923043608953e+00 2.715632372364666480e+00
1.047105928372419781e+00 5.459250286884779513e+01 1.080824852551351967e+00 1.126021022224833246e+00 2.157066964382735819e+00 2.114125958607516509e+00 2.968017774877829140e+00 2.656916531798522385e+00
1.056331531265569001e+00 5.343757769647547207e+01 1.054965443359769495e+00 1.099485421896496007e+00 2.113111142176911983e+00 2.070481529823098299e+00 2.904745730932411618e+00 2.599998402884253323e+00
1.065557134158718000e+00 5.232724567081654499e+01 1.029909703834874790e+00 1.075698914819696483e+00 2.070601436517762295e+00 2.028210788768760153e+00 2.843448934451402010e+00 2.544784105026245413e+00
1.074782737051866999e+00 5.125937216205397107e+01 1.008383498832422731e+00 1.051956395415501788e+00 2.029470519353751001e+00 1.987245986286907851e+00 2.784090336890166384e+00 2.491184513671498735e+00
1.084008339945015997e+00 5.023195798956713531e+01 9.891311439337613365e-01 1.029067945750441027e+00 1.989654893080007980e+00 1.944712442263721641e+00 2.726497943998126061e+00 2.439114839583353955e+00
1.093233942838165218e+00 4.924312998814689735e+01 9.691492006974797846e-01 1.007784531188747223e+00 1.951378627516248798e+00 1.902731954777706846e+00 2.670583396878988935e+00 2.388494233776114584e+00
1.102459545731314217e+00 4.829113237920171997e+01 9.497596244994994663e-01 9.875029671125119535e-01 1.914723750835236160e+00 1.861819034596642553e+00 2.616262547959003371e+00 2.339245414322036254e+00
1.111685148624463215e+00 4.737431887388453333e+01 9.277603480432219385e-01 9.676362450880375832e-01 1.879224410886614294e+00 1.821910849521017894e+00 2.563455084089369507e+00 2.291520864786122047e+00
1.120910751517612436e+00 4.649114544253652070e+01 9.108088043171989057e-01 9.477543485711734661e-01 1.844831264872986765e+00 1.782946629057541088e+00 2.512084168718331512e+00 2.249084601549832030e+00
1.130136354410761435e+00 4.564016369135761408e+01 8.921290468992353340e-01 9.282592815114298901e-01 1.811497632857495432e+00 1.745241414096135202e+00 2.462076099689141984e+00 2.207875225050663914e+00
1.139361957303910433e+00 4.482001479296273772e+01 8.738487454310472913e-01 9.113529082265898751e-01 1.779179307686618472e+00 1.708569877169296092e+00 2.413359979285644386e+00 2.167835993723521426e+00
1.148587560197059654e+00 4.402942392237631708e+01 8.563327807564320437e-01 8.916917543840341409e-01 1.747834376935536227e+00 1.674538776799771256e+00 2.365867393140121067e+00 2.128912604586759016e+00
1.157813163090208652e+00 4.326719515427303975e+01 8.399125905269428927e-01 8.723657155530162299e-01 1.717423055244047703e+00 1.646033674019541593e+00 2.319532094549451529e+00 2.091052953299140427e+00
1.167038765983357873e+00 4.253220678074886507e+01 8.238487938132550426e-01 8.558745189919747531e-01 1.686726715514467401e+00 1.618668354430973011e+00 2.274289690596610569e+00 2.054232234487031405e+00
1.176264368876506872e+00 4.182340701167684927e+01 8.108496454519098506e-01 8.391393793875678853e-01 1.652458546362161940e+00 1.592119721036006297e+00 2.230077326239701563e+00 2.018421979199615635e+00
1.185489971769655870e+00 4.113981002174749335e+01 7.960241440314916872e-01 8.241774232614247353e-01 1.618653764932389549e+00 1.566356792320569014e+00 2.186833362202392550e+00 1.983532007997197866e+00
1.194715574662805091e+00 4.048049230942034882e+01 7.803289683563576773e-01 8.106498829396500128e-01 1.584413553524903762e+00 1.541350163138211826e+00 2.144497042045699686e+00 1.949516906477846589e+00
1.203941177555954090e+00 3.984458933320094332e+01 7.650195811603666129e-01 7.943791657527228267e-01 1.552572349814361985e+00 1.514769913249715216e+00 2.103008143214516679e+00 1.916332296690995918e+00
1.213166780449103088e+00 3.923129238967895560e+01 7.518283557386169491e-01 7.801997809927740946e-01 1.519241573925924627e+00 1.486155632679519556e+00 2.062306606095027917e+00 1.883934582304874539e+00
1.222392383342252087e+00 3.863984569520269474e+01 7.405613881191541736e-01 7.679884027694257043e-01 1.486336762452538096e+00 1.459865583185418814e+00 2.022332134146907379e+00 1.852280676693055739e+00
1.231617986235401307e+00 3.806954362870440178e+01 7.285606436461691260e-01 7.522912097246106100e-01 1.453800077912525524e+00 1.437326747237392510e+00 1.983023756952974281e+00 1.821327707909659921e+00
1.240843589128550528e+00 3.751972808621484035e+01 7.121638174236011309e-01 7.363975804971971684e-01 1.421571505874460684e+00 1.416115604538958905e+00 1.944313830563572765e+00 1.791032693283057142e+00
1.250069192021699527e+00 3.698978588727914030e+01 6.933121598364522242e-01 7.222521956688794376e-01 1.389588251356457249e+00 1.387963425597405376e+00 1.905456053123927518e+00 1.761352174761206868e+00
1.259294794914848525e+00 3.647914615855346909e+01 6.841369577807299152e-01 7.084793818252492770e-01 1.358640240970203195e+00 1.357580100317846927e+00 1.867054006874006689e+00 1.732241804075528080e+00
1.268520397807997524e+00 3.598727759855640329e+01 6.782156906542482488e-01 6.951331175398820506e-01 1.331659833865494136e+00 1.325904595830948551e+00 1.829037206673142180e+00 1.703655864113194696e+00
1.277746000701146745e+00 3.551368549743882852e+01 6.641480469083020921e-01 6.836507139432370650e-01 1.306855899975609248e+00 1.303098074232444503e+00 1.791331349477225388e+00 1.675546709405075774e+00
1.286971603594295521e+00 3.505790834309742365e+01 6.511650974557170457e-01 6.721336323344289099e-01 1.272574519295666562e+00 1.281646631158082528e+00 1.753857387820119129e+00 1.647864104083893722e+00
1.296197206487444742e+00 3.461951378486272546e+01 6.385945398540684437e-01 6.597436644173058085e-01 1.240337470858605684e+00 1.260638275065602443e+00 1.716530443988460775e+00 1.620598221437354880e+00
1.305422809380593963e+00 3.419809364073299918e+01 6.300617982750225110e-01 6.487894705634076331e-01 1.211726128253111767e+00 1.237128367170818422e+00 1.679258527766059217e+00 1.593724758198504787e+00
1.314648412273742961e+00 3.379325751263506561e+01 6.164267856227638731e-01 6.321064025617317839e-01 1.184999266511375993e+00 1.211446375508892004e+00 1.641941011455223531e+00 1.567107327697272012e+00
1.323874015166892182e+00 3.340462439982503184e+01 6.059291297330702264e-01 6.217958986845601999e-01 1.159074295918244957e+00 1.176516531726377934e+00 1.604466804225268106e+00 1.540686272741474738e+00
1.333099618060040958e+00 3.303181144851819795e+01 5.868400854084896423e-01 6.049423517322907173e-01 1.134042308327174453e+00 1.141482623179857825e+00 1.566712153015707543e+00 1.514484680931275307e+00
1.342325220953190179e+00 3.267441860826528455e+01 5.785740159475665223e-01 5.902825395938009478e-01 1.112295484889727959e+00 1.116041145037783622e+00 1.528537978402404462e+00 1.479672440587663118e+00
1.351550823846339400e+00 3.233200742444775955e+01 5.668898013056349328e-01 5.797270525320747936e-01 1.086371190306756773e+00 1.095106559088282694e+00 1.489786630030863535e+00 1.447289109288764308e+00
1.360776426739488176e+00 3.200407139112312649e+01 5.491807151476990612e-01 5.635811638456829087e-01 1.060303786102586798e+00 1.073978938849688092e+00 1.450277916353314822e+00 1.431524578084928834e+00
1.370002029632637397e+00 3.168999407677830149e+01 5.302629068976791871e-01 5.507983339628133024e-01 1.026774853465180826e+00 1.049165732013214836e+00 1.409804226457499254e+00 1.408104355415947140e+00
1.379227632525786396e+00 3.138898938943310313e+01 5.153492736374545302e-01 5.379438637497351294e-01 9.973479668629217088e-01 1.019871961160930596e+00 1.368124517218024749e+00 1.380633603278599963e+00
1.388453235418935616e+00 3.110001549708595192e+01 5.028860689950818141e-01 5.251349033965801993e-01 9.772614779488542069e-01 9.913889344590032238e-01 1.324956887724678012e+00 1.352433859082392331e+00
1.397678838312084837e+00 3.082164945490490027e+01 4.953140888344087500e-01 5.106884962650859450e-01 9.493117237600223746e-01 9.614280649196729200e-01 1.279969409262534441e+00 1.323250834715988589e+00
1.406904441205233613e+00 3.055190248997703506e+01 4.843113403626908564e-01 4.930956695639743259e-01 9.192694705912742847e-01 9.292122937163433960e-01 1.232768834995290774e+00 1.292769527387807926e+00
1.416130044098382834e+00 3.028794441585006680e+01 4.725478714850375184e-01 4.808470225566523482e-01 9.031930426864036576e-01 9.131653552712108990e-01 1.192015838344879342e+00 1.263307539449311179e+00
1.425355646991532055e+00 3.002568677067241865e+01 4.548811292983607757e-01 4.696177350655155180e-01 8.864396983971616351e-01 8.917699616500414095e-01 1.147031457651724651e+00 1.236359364356850676e+00
1.434581249884680831e+00 2.975914266021182542e+01 4.324907867040650444e-01 4.546644312660177434e-01 8.674021966781033655e-01 8.700855258454147645e-01 1.096790935856624571e+00 1.205334072242521870e+00
1.443806852777830052e+00 2.947942736783033268e+01 4.280877176777728721e-01 4.390144055740101692e-01 8.443617438693600263e-01 8.643248315745282184e-01 1.079557539017368839e+00 1.152123260882707001e+00
1.453032455670979051e+00 2.917317014919763807e+01 4.264369349752819005e-01 4.231214467546386970e-01 8.239908127417585604e-01 8.323674660634594602e-01 1.057990766164820684e+00 1.109679517657728098e+00
1.462258058564128271e+00 2.881994231549431618e+01 4.151271478159479500e-01 4.231474728928930062e-01 8.349039541987757218e-01 8.001198706837939767e-01 1.052922792423800047e+00 1.089122267170626657e+00
1.471483661457277492e+00 2.838801146053414826e+01 4.012932952878713877e-01 4.204682545833975382e-01 8.022277427814472617e-01 8.086888977442328041e-01 9.954056652893825685e-01 1.068699966643578136e+00
1.480709264350426269e+00 2.782720412207811833e+01 4.121442041346519147e-01 4.135042697855446647e-01 8.017512635930188480e-01 7.894915463729930138e-01 1.003841310463016612e+00 1.048042752954781776e+00
1.489934867243575489e+00 2.705674120038955621e+01 4.169985883729196985e-01 4.193618421187217393e-01 8.077897905546542745e-01 7.921379017932927979e-01 1.076786279651134492e+00 1.039391471980717796e+00
1.499160470136724488e+00 2.594446981829917931e+01 4.330846522798914577e-01 4.263339733446649404e-01 8.418977075103590835e-01 8.227226826131932569e-01 1.072486197147590303e+00 1.056075465594613405e+00
1.508386073029873486e+00 2.427247501381250316e+01 4.436656441388784344e-01 4.408850443162748434e-01 8.822126096575573229e-01 8.497405864368374750e-01 1.131973265187614430e+00 1.105527259651037042e+00
1.517611675923022485e+00 2.168712472094543742e+01 4.607452740903923427e-01 4.510717205086116621e-01 9.219366013481149480e-01 9.009780165192715629e-01 1.234830307479814593e+00 1.170644393784836979e+00
1.526837278816171706e+00 1.766296555451301487e+01 4.471055830691206268e-01 4.420291028441667436e-01 9.195847079293351101e-01 8.570358328786404911e-01 1.205949361345037829e+00 1.145888950323261213e+00
1.536062881709320926e+00 1.166930769929330580e+01 3.891224702806290736e-01 3.858803883302677207e-01 8.360536061510313033e-01 7.396262462493776724e-01 1.102360954440083418e+00 1.022663331993390656e+00
1.545288484602469925e+00 4.265919758072752366e+00 2.243714456488499209e-01 2.212987342265337887e-01 4.803493322645913111e-01 4.205619300247955827e-01 7.006607732600009797e-01 5.749831053808938108e-01
1.554514087495618924e+00 1.557684119726961414e-01 3.623970599020787109e-02 3.909129662729013410e-02 8.874637547942898497e-02 6.270956730919172162e-02 1.446214360740116778e-01 7.608064107349932215e-02
1.563739690388767922e+00 8.486018815932560244e+00 2.986578366380960858e-01 2.955543353548044649e-01 5.404606430329845779e-01 6.052249907447153632e-01 7.689313160078672382e-01 7.936267545273585355e-01
1.572965293281917143e+00 3.100432998532344797e+01 8.068076772731913593e-01 8.154085232466314892e-01 1.501909010892365615e+00 1.620176301180592304e+00 2.063210563580309298e+00 2.017702318733316957e+00
1.582190896175066142e+00 5.885900819806699502e+01 1.121227887593256867e+00 1.083137910864245157e+00 2.172791626520911734e+00 2.166752444410469991e+00 2.974753031045487717e+00 3.026030573021877501e+00
1.591416499068215140e+00 8.189113514095650714e+01 1.418710946708046094e+00 1.427350776834146018e+00 2.571462077199456076e+00 2.768326478617865405e+00 3.769701578466950309e+00 4.044236887723698715e+00
1.600642101961364361e+00 8.585008547530972578e+01 2.004728381916635271e+00 2.006474871082403411e+00 3.784633891347226609e+00 3.959330000229698499e+00 5.327312539006584302e+00 5.625525984091254372e+00
1.609867704854513359e+00 6.617390500523568164e+01 2.631708019198427451e+00 2.612627696722661597e+00 5.117640609352179126e+00 5.332347262586893066e+00 6.142266699618701864e+00 6.840692162751579986e+00
1.619093307747662580e+00 4.238053747062458854e+01 2.497211970371779444e+00 2.541311693556416174e+00 4.898058500501250023e+00 4.794566438946709752e+00 6.956063172211415235e+00 6.528906248829059678e+00
1.628318910640811579e+00 2.697429889305860584e+01 1.853714908407049222e+00 1.865478940730451285e+00 3.723991910713053244e+00 3.441891023608235400e+00 5.172802289721328606e+00 4.705980484103861272e+00
1.637544513533960577e+00 1.888708912629097370e+01 1.234863871754981801e+00 1.232989179975170657e+00 2.512454813026860023e+00 2.266178356283042206e+00 3.488458998924567567e+00 2.976164770584635022e+00
1.646770116427109798e+00 1.488737742137128706e+01 7.939130636721571932e-01 7.775355144140831953e-01 1.609443754133323523e+00 1.433872704002940424e+00 2.325704822868569721e+00 1.836650818523576589e+00
1.655995719320258575e+00 1.295160957382839229e+01 5.200933791105590842e-01 5.108982886862794004e-01 1.041088349341803720e+00 9.372779212784401182e-01 1.546826603359443553e+00 1.206438851559838099e+00
1.665221322213407795e+00 1.204759877669864565e+01 3.519240645688537228e-01 3.577851077778060329e-01 7.257281880211028380e-01 6.849959081028291763e-01 1.058828353126406441e+00 9.009361530349320191e-01
1.674446925106557016e+00 1.166484671113652638e+01 3.011493912679377161e-01 3.040523612105090479e-01 5.746129002016324705e-01 5.721031044557154388e-01 7.351427346729977330e-01 7.830266480523615513e-01
1.683672527999706015e+00 1.154701466894046291e+01 2.875406027699067835e-01 2.921008856570139756e-01 5.602148051851578714e-01 5.628133350505937216e-01 7.404943038046791770e-01 7.922630968524924100e-01
1.692898130892855235e+00 1.156209457338743007e+01 3.107473366695092665e-01 3.082065530712352341e-01 6.213342939500989814e-01 5.737752300814715767e-01 8.135540848744966524e-01 8.061799070633295372e-01
1.702123733786004012e+00 1.164053128058486308e+01 3.313912581713509553e-01 3.242922214951757809e-01 6.465612601066172971e-01 6.024677345669111617e-01 8.687888654929167842e-01 8.191091533450105544e-01
1.711349336679153232e+00 1.174511785945303899e+01 3.461447834584010508e-01 3.478035640633265757e-01 6.869528118539030004e-01 6.028771912352084428e-01 9.126391559088613548e-01 8.302483088374668085e-01
1.720574939572302453e+00 1.185588437587793287e+01 3.644488347907621772e-01 3.616503331234088847e-01 7.160802099252254749e-01 6.285224948131631351e-01 9.519809242106056502e-01 8.400182001562885858e-01
1.729800542465451230e+00 1.196226345358163634e+01 3.780343441234439439e-01 3.773924072705323596e-01 7.312211501111836043e-01 6.515293614867250227e-01 9.875631140518272844e-01 8.725772908123090588e-01
1.739026145358600450e+00 1.205890529129921518e+01 3.840500965699309432e-01 3.837281339738272123e-01 7.528374296761555229e-01 6.690562528973931222e-01 1.002395046136548729e+00 8.952138931051596416e-01
1.748251748251749449e+00 1.214338312640482620e+01 3.868528200410565887e-01 3.911901043648811083e-01 7.705892705749395333e-01 6.829374827790122282e-01 1.012636642024018485e+00 9.045543688584860575e-01
1.757477351144898670e+00 1.221490764663872497e+01 3.917225857766197805e-01 3.977781641977493621e-01 7.834007810619194601e-01 6.918210363050452116e-01 1.019270695332940235e+00 9.219812838232730456e-01
1.766702954038047890e+00 1.227359441993538525e+01 3.945196783364526283e-01 4.022078165374001202e-01 7.919722318790167748e-01 6.958704434293263574e-01 1.023053927473199565e+00 9.346000950432546972e-01
1.775928556931196667e+00 1.232004154321312939e+01 3.976415368341079670e-01 4.011406492658444733e-01 7.972875870932885078e-01 6.990264203306750801e-01 1.024572710168975220e+00 9.412886103856372699e-01
1.785154159824345887e+00 1.235508475776325987e+01 3.990003322876862768e-01 4.026368655927718976e-01 7.977101113097351259e-01 7.017758375756599776e-01 1.024284590096113945e+00 9.419364700440784333e-01
1.794379762717494886e+00 1.237965572587681251e+01 3.993791265354698083e-01 3.998951463017998975e-01 7.964242332823108228e-01 7.032946787314582338e-01 1.022549139544061347e+00 9.414331640283446490e-01
1.803605365610643885e+00 1.239470101337300711e+01 3.998516155344322698e-01 3.977512983239641642e-01 7.943560195670755775e-01 7.033922680774011837e-01 1.019650919621003737e+00 9.399741616863312998e-01
1.812830968503793105e+00 1.240113708614325638e+01 3.998968634355168916e-01 3.954663339926529630e-01 7.927345205047515719e-01 7.017107602884458117e-01 1.015816650075521466e+00 9.377205318646044674e-01
1.822056571396942104e+00 1.239982674356875414e+01 3.993390084962982201e-01 3.932775301436723936e-01 7.906629029067122616e-01 6.993100556696205672e-01 1.011228124204048839e+00 9.348054638356124713e-01
1.831282174290091325e+00 1.239156827810869466e+01 3.979362351795021624e-01 3.926243327933747196e-01 7.879108400270471435e-01 6.962759833435736567e-01 1.006031988713775860e+00 9.313395070177641344e-01
1.840507777183240323e+00 1.237709210819669359e+01 3.958991471346369195e-01 3.918742100641185999e-01 7.835377709021678072e-01 6.930365164281511170e-01 1.000347201926036433e+00 9.275488856407072547e-01
