1.876827286844419	2.3685254010667847	35472.421284630895	-0.5181243270635605	6527.573768481612	3.5075047196931743	53228.67330084741	-0.5328799784183502	0.004752546548843384	-216.37502932548523	-0.8716035634279251	3.5462074989626853	45308.01216851175	1.01654352247715	1.0033952593803406	0.9911409318447113	1.1082939058542252	1.0909003019332886	1.1971653699874878	0.9806126803159714	1.3087907880544662	0.9085310697555542	0.908285915851593	1.2167960703372955	1.1887113451957703	1.1998821049928665	1.2056123614311218	1.1518347561359406	
1.79006877695159	2.3684855471242052	35247.9459105283	-0.4736911654472351	5335.018319964409	3.5074553663750203	54187.47389149666	-0.47470226883888245	7.873773574829102e-05	-440.4425475150347	-831.836288779974	3.54620652058134	49624.430282622576	0.9912299662828445	1.0056330412626266	0.9925106763839722	1.0162375569343567	1.0245188027620316	1.1008055806159973	0.8948734700679779	1.3364900946617126	0.826129749417305	1.1901832669973373	1.1545266807079315	1.3013969659805298	1.1018781214952469	1.2105095386505127	1.1159873306751251	
1.803104582277988	2.3684905881703546	35052.037063866854	-0.4428212642669678	16940.984085783362	3.507566008893018	52932.08415308595	-0.4428621530532837	7.805228233337402e-05	-198.9253906160593	-1404.9943008124828	3.5461941211656827	48014.47571210563	1.0032991766929626	1.0162579417228699	1.0077157318592072	0.9462474137544632	0.9171105623245239	1.0255406945943832	0.8440725058317184	1.3225841522216797	0.7951456159353256	1.3732856214046478	1.1838007420301437	0.8977442383766174	1.0510583221912384	1.1031762659549713	0.9900086522102356	
1.9633034983300526	2.3684586678867228	35343.34082664549	-0.6092337965965271	2240.936805769801	3.5075349907919784	53947.51240757108	-0.6044653654098511	0.001549065113067627	-186.29089978337288	-595.5514653921127	3.5461389263941947	48840.010204449296	1.0154553800821304	1.0091436058282852	1.0021761804819107	1.3076743185520172	1.2942882776260376	1.4083616733551025	1.151103675365448	1.4758690893650055	1.0303723365068436	1.4826155453920364	1.4406038969755173	1.3575756698846817	1.4347721636295319	1.4499675631523132	1.2515275329351425	
1.7162167921305578	2.368577279409445	35515.97366411984	-0.43490317463874817	3888.441604614258	3.507306887120685	53833.9436699599	-0.440634161233902	7.18832015991211e-05	-1076.1243279874325	-6.612215623259544	3.5462255385526413	48584.00514629483	1.0287378132343292	1.0089135318994522	0.9963769316673279	0.9408170729875565	0.939192146062851	1.0057320296764374	0.8200351893901825	1.215971902012825	0.7749727368354797	0.9229148179292679	1.1803329437971115	1.673167809844017	1.0225121825933456	1.063585951924324	0.9393532574176788	
1.650389287725087	2.368567067562819	35621.485808461905	-0.42709943652153015	617.2434617429972	3.5075224011055837	53778.30218100548	-0.4152994900941849	6.642937660217285e-05	-232.98100589215755	-3149.9090899825096	3.5462268320285166	47064.34330834448	1.028966799378395	1.0080416649580002	0.9999228566884995	0.9324711710214615	0.9285532832145691	0.9818486720323563	0.8044058382511139	1.1205557584762573	0.7069908380508423	0.7069368362426758	2.2977205067873	1.1012848168611526	0.993982121348381	1.0374569594860077	0.887969434261322	
1.7779459464282261	2.368512115555229	35205.961831599474	-0.44863714277744293	7717.704256042838	3.507536580708583	54578.90112750232	-0.4435048848390579	7.824599742889404e-05	-354.5890053510666	-738.1967841386795	3.5462298809041823	49823.75469237566	1.0156224370002747	1.0125086307525635	1.0007488429546356	0.973008781671524	0.968848779797554	1.0310315638780594	0.8475692868232727	1.2685715109109879	0.7871849685907364	1.1470729857683182	1.14432854950428	0.9077397882938385	1.0524228811264038	1.0964365452528	0.9295562356710434	
1.7716186726009175	2.3685476988828906	35399.97033022344	-0.47972989082336426	1971.6059626191854	3.507545040282451	53817.22022973001	-0.47929972410202026	7.66068696975708e-05	-809.6820719540119	-413.39672918617725	3.5460731177964124	46050.95274627209	1.0197928547859192	0.9998216480016708	0.9932369142770767	1.0447537451982498	1.038625791668892	1.100994810461998	0.9092339277267456	1.3082806020975113	0.8263959586620331	0.6729905903339386	2.5712022930383682	0.9722397327423096	1.1273866295814514	1.1761979162693024	0.99985571205616	
1.6640646553881056	2.3685084319658793	35563.789525449276	-0.4281506985425949	1207.060511097312	3.5075086704790555	53290.71758233011	-0.4325551241636276	6.692111492156982e-05	-730.1858277022839	-333.82610246539116	3.5462178138061655	45877.150201663375	1.0338719636201859	1.0082779079675674	0.9984401911497116	0.9372798949480057	0.9247768521308899	0.9908259063959122	0.8077270835638046	1.1772688776254654	0.7336606234312057	1.0513852685689926	1.4847001135349274	0.9286556243896484	1.0163486748933792	1.041217714548111	0.8598511666059494	
1.5648263128533	2.368520779560133	35582.1542108953	-0.3604375422000885	3306.790728330612	3.507493411418695	53557.036444336176	-0.35767728090286255	5.9470534324645996e-05	-169.7489924877882	-2974.398947492242	3.5462677614497746	45796.38721014559	1.0168505758047104	0.9966799169778824	1.0083978027105331	0.7885388284921646	0.7903586179018021	0.8416612893342972	0.6798665374517441	0.9835452884435654	0.6161486804485321	0.49970121681690216	2.5875151306390762	0.8675816804170609	0.8421554714441299	0.8967967480421066	0.7497838139533997	
1.933619632284703	2.3685572396579357	34914.28023798764	-0.5050825476646423	19509.105718776584	3.5074263407371324	52476.338423505425	-0.521256223320961	0.0024198591709136963	-274.7386984974146	-0.9251521229743958	3.5461726896301933	45313.69348497689	1.022315964102745	1.0178916305303574	0.9944346249103546	1.0706591457128525	1.059909850358963	1.164917767047882	0.9674763828516006	1.4210787862539291	0.930008739233017	0.7215788662433624	1.0227070748806	0.9113205373287201	1.1734532415866852	1.240699902176857	1.1307847797870636	
1.9599932608147022	2.368495049157566	35176.06202490628	-0.5083557814359665	20900.61882762611	3.5075139122886863	52574.567523896694	-0.514914870262146	9.159743785858154e-05	-149.82891988754272	-3051.680888071656	3.546210126279932	46325.069774731994	1.0296993255615234	0.9928922057151794	1.0001653879880905	1.1012373864650726	1.0984546542167664	1.172908902168274	0.9669861346483231	1.5157093107700348	0.9411222487688065	0.9289591610431671	1.0612692534923553	1.58555269241333	1.1930306106805801	1.3184331357479095	1.192266970872879	
1.7313879075782803	2.3685124077327764	35837.178415328264	-0.4438946843147278	1692.046930283308	3.5075142669558517	53095.191326349974	-0.43150594830513	7.218122482299805e-05	-257.5630432218313	-397.82926209270954	3.546182690941832	47863.17186893523	1.03025721013546	1.0078160464763641	1.0077986270189285	1.0070539116859436	0.9737809896469116	1.039370745420456	0.8326466232538223	1.1952985227108002	0.7466291338205338	0.7017020136117935	1.3632732778787613	1.0054074972867966	1.057741567492485	1.1068437099456787	0.9446994364261627	
1.6254130355776062	2.3685029460305773	35522.460994914174	-0.41952329874038696	610.0401899665594	3.5074684075433815	53768.22789108753	-0.4117794930934906	0.0014571845531463623	-321.63617856800556	0.6537915468215942	3.546232162078802	48114.01955153048	1.0302212238311768	1.0097276866436005	0.997974768280983	0.9167360663414001	0.9033905863761902	0.9643133133649826	0.7899047136306763	0.977251797914505	0.7048645615577698	1.2001584023237228	1.4550919085741043	1.1682880818843842	0.9806883335113525	1.0077499449253082	0.8526084125041962	
1.657837823464705	2.368504267490774	35560.2275775969	-0.43596339225769043	534.7769739925861	3.5075449915292345	54019.56764161587	-0.4337690621614456	0.0014339834451675415	-448.3533358871937	24.29300980269909	3.546186449082214	48087.580309569836	1.0297867059707642	1.0124051570892334	1.00382499396801	0.9498915374279022	0.9476741552352905	1.0078937262296677	0.8210659325122833	1.0231046229600906	0.7432655394077301	0.5799085646867752	1.3886783570051193	1.3959657847881317	1.0140004009008408	1.0572207123041153	0.9405021816492081	
1.718662036640016	2.3685697049834076	35507.96471761167	-0.468313992023468	1079.727908283472	3.5074924528597005	53886.49685187638	-0.4671664983034134	7.218122482299805e-05	-483.70259603857994	-2724.8817087113857	3.5461527884503794	46648.76948817074	1.0193199217319489	1.007120430469513	0.9990510046482086	1.016536459326744	0.9963695257902145	1.0777737200260162	0.8822759389877319	1.2793616354465485	0.787137046456337	0.8306261897087097	1.2875301241874695	1.0152076035737991	1.0853391289710999	1.1498833000659943	0.9492960870265961	
1.7729956548752686	2.3683345300908054	35318.71978890896	-0.5016356706619263	898.0410117506981	3.50758369969859	55026.08968155086	-0.48534250259399414	7.845461368560791e-05	-542.6948110610247	-679.8882055431604	3.54619873028642	49831.54244980216	1.0236265808343887	0.9928739815950394	1.0118001699447632	1.0796003490686417	1.0599225014448166	1.1546704471111298	0.944819450378418	1.3247417211532593	0.8269991427659988	0.7160061150789261	1.6499063819646835	1.1176528185606003	1.1917389333248138	1.20415598154068	1.027740254998207	
1.7799511220590647	2.368540094227102	35176.382251128554	-0.47477561235427856	7280.53892031312	3.5075060131090585	54676.58805602789	-0.4689917415380478	7.855892181396484e-05	-351.5712714791298	-3283.83142888546	3.546157446794453	48293.17231141031	1.0218707025051117	0.9931239783763885	0.9868038892745972	1.0076926201581955	1.0027808547019958	1.0977976769208908	0.9009834378957748	1.3292448669672012	0.8154532760381699	0.7956335544586182	1.8681555688381195	1.1748064011335373	1.1087492108345032	1.1959703266620636	0.9760994613170624	
1.6793404747431255	2.368527625572709	35729.084756180644	-0.43989673256874084	920.7552696466446	3.5076769121948486	54373.76342001557	-0.43065789341926575	6.957352161407471e-05	-461.6840040832758	-1545.7813068181276	3.5461379586221553	49208.42337317765	1.0107767134904861	1.0133011788129807	1.0059410631656647	0.9815575927495956	0.9485356509685516	1.018133670091629	0.8242834657430649	1.1804496496915817	0.7336260974407196	1.1319179981946945	1.563589259982109	1.084887906908989	1.0553202778100967	1.1018827557563782	0.9199990779161453	
1.8255427947989014	2.3685301427442536	35160.91797094047	-0.4587676376104355	14902.57973331213	3.507502823297079	52600.673307195306	-0.45893988013267517	7.949769496917725e-05	-300.08938343822956	-1356.868198826909	3.5462350975366133	48449.430586501956	1.0372479557991028	1.0074817389249802	1.0035281032323837	0.9756141901016235	0.9682168364524841	1.0774103552103043	0.8714127391576767	1.3460413217544556	0.8247106373310089	0.6884688585996628	1.0959218442440033	0.9564777910709381	1.0558104366064072	1.136456772685051	1.000178501009941	
1.5437083074045133	2.3684939726398744	35321.441929236054	-0.34576061367988586	4012.827550917864	3.507637861330711	53943.8411988616	-0.343827024102211	5.830824375152588e-05	-516.1501297652721	-920.5607431828976	3.5463013288713583	47370.826775729656	1.0240151435136795	0.9971949756145477	0.9975330382585526	0.7454775273799896	0.7399857342243195	0.7987091839313507	0.6543392241001129	0.9981067031621933	0.6038927286863327	0.6541748642921448	0.820922002196312	0.7846793383359909	0.8017758280038834	0.8569762259721756	0.7155126929283142	
1.7697622349594408	2.368497555605217	35431.343948319554	-0.48281489312648773	1698.0765847712755	3.5074913400309584	53651.83657592535	-0.4714806079864502	7.620453834533691e-05	-397.44179397821426	-1277.2434748411179	3.546202748644017	46684.54350091517	1.0270319283008575	1.000431403517723	0.9949991106987	1.0501146614551544	1.0670728236436844	1.1094567477703094	0.9090056270360947	1.2930267006158829	0.8031567633152008	0.6927150338888168	1.8499121814966202	1.0732836425304413	1.1252913028001785	1.176163837313652	0.9763218611478806	
1.7791662810419784	2.3685396099375997	35440.967796862125	-0.4876646548509598	1582.1281828582287	3.5074822177743004	53844.68672427535	-0.48745594918727875	7.729232311248779e-05	-603.2299899309874	-1082.5848674327135	3.5462788558887097	46813.84695841372	1.0268339216709137	1.0046572834253311	1.0002967417240143	1.0615413933992386	1.0387435406446457	1.1317315697669983	0.9205179065465927	1.3271027356386185	0.832969605922699	0.817471981048584	2.3142977356910706	1.0782982110977173	1.144392803311348	1.1999039053916931	1.0257083475589752	
1.7539636282119524	2.3684946959084283	35249.511435076594	-0.43382321298122406	9555.414115920663	3.5075321866144202	52344.18996709585	-0.4302435368299484	7.303059101104736e-05	-255.9215708076954	-1087.3276193141937	3.5462009066246654	46179.16103768349	1.0116256922483444	1.0057888478040695	0.9999293237924576	0.9377569109201431	0.9250855445861816	1.0062485486268997	0.8225303590297699	1.2233185172080994	0.7596144676208496	2.1077866554260254	1.6680583506822586	1.0181935280561447	1.0178902596235275	1.0901536792516708	0.9308560639619827	
1.8610043417924251	2.368537947494074	35476.10468527675	-0.5413837879896164	2315.687435179949	3.507524178064905	54085.22740344703	-0.5357313305139542	8.495151996612549e-05	-338.2804421186447	-3810.3003473728895	3.546146949849842	48492.02622950077	1.0318018645048141	1.014625757932663	1.0050099194049835	1.1618358045816422	1.1356288194656372	1.2409487664699554	1.0244366079568863	1.4727739244699478	0.9057895541191101	1.084894597530365	1.5019298642873764	1.14167620241642	1.289880022406578	1.3179926425218582	1.0905980169773102	
1.831540377902373	2.368553192032453	35325.570347860456	-0.4829142540693283	7462.598743647337	3.507539338014075	53193.72983670235	-0.4743644744157791	8.092820644378662e-05	-111.9014120399952	-2087.53297072649	3.5461549190200365	46057.99372141063	0.9937446266412735	0.9969509690999985	0.9986274987459183	1.0452649146318436	1.0626182109117508	1.1242649853229523	0.9097757935523987	1.3487084358930588	0.8253144323825836	1.733611837029457	2.1052788347005844	1.1578279733657837	1.135873943567276	1.1939554065465927	1.0207014083862305	
1.9266284430149079	2.3684670058383017	35363.29129268229	-0.5490289330482483	5936.860355973244	3.507483095850342	53095.4927393347	-0.5399585962295532	8.937716484069824e-05	-318.5738872140646	-1175.0895476937294	3.546178286212167	47378.19501194358	1.0322560518980026	1.0178214311599731	1.0022457242012024	1.1850835382938385	1.1670560985803604	1.2671662122011185	1.0364547818899155	1.5042152255773544	0.9365779310464859	0.867454931139946	1.1005225628614426	1.15468630194664	1.2953884452581406	1.4530348628759384	1.1697419732809067	
1.8456295213310896	2.3683998937757744	35618.49457247555	-0.514590710401535	1443.9874046891928	3.507521038967473	52993.85787554085	-0.5162592828273773	8.186697959899902e-05	-730.1933487355709	-444.7373462766409	3.5461481985293917	47448.61201168597	0.995560884475708	1.0100458860397339	1.0152026116847992	1.1190994083881378	1.1222570836544037	1.183280035853386	0.9658715128898621	1.3976904451847076	0.9012714773416519	1.1093243807554245	0.8846912384033203	1.3665403872728348	1.2230319380760193	1.3005012571811676	1.090375855565071	
1.5925242712238874	2.3684634997541787	35473.68818472326	-0.39168569445610046	1094.181347489357	3.50769498810053	53518.684055268764	-0.39402149617671967	6.157159805297852e-05	-461.53810381889343	-1381.0481962263584	3.5460918376510713	45916.287547916174	1.037005990743637	1.0020182430744171	1.0048996359109879	0.8474815338850021	0.8412674516439438	0.9056518226861954	0.7409660816192627	1.066828891634941	0.6662562042474747	2.3649942725896835	1.2655284106731415	0.9141504466533661	0.9028639644384384	0.9779066443443298	0.8347673714160919	
1.811431709691898	2.368598972698212	35141.41406904161	-0.47580844163894653	7754.682839795947	3.5075260297867548	53361.347618088126	-0.47898435592651367	7.940828800201416e-05	-483.3733110278845	-2195.2387575507164	3.5460860156204723	46782.1425845176	1.0156584680080414	0.9980229735374451	0.9940151125192642	1.0032572150230408	1.0130120515823364	1.0989241749048233	0.901562973856926	1.357074424624443	0.8348680436611176	0.9250711053609848	1.344239741563797	1.0550614148378372	1.1191476434469223	1.210811585187912	1.0254519432783127	
1.6804138677477547	2.3685076476100404	35267.38820640743	-0.4109767824411392	5701.089434191585	3.507388726077578	53398.20473995805	-0.414287731051445	6.836652755737305e-05	-633.1373743265867	-416.8556955307722	3.546229673234743	47394.42755495012	1.0145813971757889	1.0030521750450134	0.995998352766037	0.8931451588869095	0.882890447974205	0.9527536928653717	0.7794043570756912	1.1680892705917358	0.7296564728021622	1.07074336707592	1.9457584470510483	0.9218431413173676	0.9601647704839706	1.014014109969139	0.8979662954807281	
1.8280966220822028	2.3684270190120964	35431.274074971676	-0.5161546915769577	1817.5633194744587	3.5076021665102424	53595.13262012601	-0.5117989629507065	8.124113082885742e-05	-453.65120765566826	-2054.7963886111975	3.546168168138389	47342.3300601691	1.0123479217290878	1.0019456595182419	0.9982932507991791	1.1258187890052795	1.1202025562524796	1.1914773434400558	0.9724328517913818	1.3935621976852417	0.8759965896606445	0.8282214254140854	1.2272881865501404	1.1611233353614807	1.1956370174884796	1.2777534872293472	1.071904256939888	
1.9304137247441804	2.3684527388356273	35489.323791474104	-0.5899239033460617	1988.0531302541494	3.507441452927345	53089.13306811452	-0.5773080140352249	0.005901262164115906	-116.38480778038502	-0.9220511615276337	3.5462790489849927	46709.64360162616	0.9986665695905685	1.0086233615875244	0.9976075291633606	1.279680535197258	1.2848667204380035	1.3712020367383957	1.1133817434310913	1.3129017800092697	0.995246633887291	1.4394269734621048	1.9542911350727081	1.3094467222690582	1.3791660219430923	1.3553201407194138	1.1685293465852737	
1.8650452670628856	2.3684230623170466	35214.71491625905	-0.5143146514892578	5535.249845966697	3.507522922369787	53293.8766746372	-0.5077921152114868	8.407235145568848e-05	-298.0616674721241	-1631.1128867268562	3.5462197233046995	47115.93978112936	1.0197979807853699	1.0023983269929886	1.008246198296547	1.1108800917863846	1.0928466767072678	1.1845945119857788	0.9727480411529541	1.4143158197402954	0.883819192647934	0.7825604826211929	1.144079253077507	1.6883476376533508	1.188970372080803	1.300983190536499	1.096323937177658	
1.8734682497118327	2.3684904187124727	35089.89523857832	-0.48414039611816406	9622.897128641605	3.507515790150238	51761.377385005355	-0.5014798641204834	0.0015722811222076416	-272.1590039283037	-0.8684618473052979	3.5462097953465634	46506.44814616442	1.0087036043405533	1.0285553932189941	0.9962245672941208	1.0571893602609634	1.0281883776187897	1.1165217608213425	0.9201978743076324	1.320925012230873	0.8779941946268082	0.62467360496521	1.6530807167291641	0.9764313399791718	1.1222428977489471	1.1337343752384186	1.100495159626007	
1.8739241523464956	2.3684974691460794	35580.857235208154	-0.5364036858081818	2031.3660662174225	3.5074202611390715	53687.01330190897	-0.5306065231561661	8.5487961769104e-05	-605.2591131180525	-914.4701173454523	3.54618873372408	47160.75062714517	1.0261377543210983	1.017397403717041	0.9949348419904709	1.187699869275093	1.1917508095502853	1.2480265200138092	1.0126156955957413	1.4549010396003723	0.9156796038150787	1.1166970431804657	1.397276133298874	1.1058410704135895	1.2480722665786743	1.319284975528717	1.1077948957681656	
1.7469022769654337	2.3684287839024862	35289.12547565997	-0.49043332040309906	914.5102161169052	3.5075173903106913	53555.602062791586	-0.48028038442134857	7.411837577819824e-05	-561.8516623228788	-1691.790701791644	3.546248081106883	48270.23573563993	1.0180950462818146	1.0008898824453354	0.9961550235748291	1.062611237168312	1.035194292664528	1.1227323561906815	0.9255533665418625	1.3062988072633743	0.8089975118637085	1.419008493423462	0.9978028386831284	1.0360849052667618	1.1429122388362885	1.1946765184402466	1.003260314464569	
1.9430694830491442	2.3684930280691834	35218.211104393005	-0.5480304062366486	10193.112914040685	3.5074610298082316	52524.57569371164	-0.5474594980478287	8.99285078048706e-05	-203.04460035264492	-2246.6770098358393	3.5461721545793634	44554.309381991625	1.011739730834961	1.0114668160676956	0.9991281777620316	1.179175540804863	1.1600852459669113	1.2705064564943314	1.0399001389741898	1.5679232627153397	0.9568795263767242	0.9977419376373291	1.268019199371338	1.1038971096277237	1.2892022281885147	1.3099822998046875	1.1528719067573547	
1.6796516827877774	2.368525984021055	35524.13726790249	-0.43315117061138153	1137.8958389759064	3.507500350588909	53793.8590349406	-0.4295220226049423	6.882846355438232e-05	-225.65234810113907	-2551.245639964938	3.546196760583672	49037.704346627	1.004260540008545	1.0077001303434372	1.009986162185669	0.9469783157110214	0.9358875453472137	1.0087872594594955	0.8154149949550629	1.1652775406837463	0.7233456075191498	0.7109357267618179	0.9615917354822159	0.9221295267343521	1.0133220553398132	1.0888469517230988	0.9031883031129837	
1.7161434335233128	2.3685020731483726	35633.468052089214	-0.4561956524848938	1064.4757231473923	3.507403716722494	53628.878104522824	-0.4503694325685501	7.161498069763184e-05	-553.789738714695	-1322.5083681344986	3.546411585084513	46726.929722845554	1.022134616971016	1.00932115316391	1.0016413182020187	1.0043089985847473	1.0047231316566467	1.061577320098877	0.8565627485513687	1.2160828411579132	0.7730875909328461	0.786093607544899	1.1284527331590652	1.0507054179906845	1.0751453340053558	1.1456454396247864	0.9552521705627441	
1.9008847735654117	2.3684288648115213	35411.77896402776	-0.5604397803544998	1470.6570246517658	3.507568590176373	53716.70444020629	-0.563992515206337	0.0012290775775909424	-654.1100967228413	-0.9185012429952621	3.546138205861847	47705.42709186673	1.02090984582901	1.0100754648447037	0.9972097128629684	1.213787093758583	1.2021444290876389	1.2920264601707458	1.0570595562458038	1.3681876510381699	0.9696475565433502	1.0311319380998611	1.5146852731704712	1.4274287819862366	1.3206546008586884	1.3617814034223557	1.2367312014102936	
1.762843421683072	2.3685823113137645	35499.810307994485	-0.45558446645736694	4447.16640150547	3.5075446027256447	53867.41682122648	-0.45406197011470795	7.592141628265381e-05	-342.4781922250986	-845.7285975813866	3.5461078066623184	46680.0853241384	1.0317455977201462	0.9993085265159607	0.9849189966917038	0.9873432964086533	0.9794742166996002	1.061379536986351	0.8639862984418869	1.2682811468839645	0.7784245014190674	1.1375718861818314	2.227661371231079	1.1298934072256088	1.067222535610199	1.1250692158937454	0.9901234954595566	
1.7869661100381096	2.3684676173496593	35072.17129434645	-0.47747939825057983	5233.092270001769	3.5075061342496787	53908.50514450669	-0.4772093892097473	7.806718349456787e-05	-545.3836754411459	-829.6144379079342	3.5461062987266616	47235.03567709029	1.02483232319355	1.0007920116186142	0.9877330660820007	1.015547975897789	1.0021352022886276	1.103015497326851	0.9036000221967697	1.3299590796232224	0.8257305771112442	1.4225037395954132	2.5286676585674286	1.0550849586725235	1.1156645119190216	1.2047530710697174	1.0301382690668106	
1.7462589169647453	2.368591082068677	35943.898798659444	-0.486474946141243	199.32816214859486	3.5073795984207163	55202.639005467296	-0.47751329839229584	7.63237476348877e-05	-493.7464410364628	-1161.1454028785229	3.5462494851100193	49675.38602131605	1.0367802828550339	1.019838273525238	1.002398744225502	1.0862274020910263	1.0889967530965805	1.1225925981998444	0.9138220250606537	1.2923291772603989	0.8117921203374863	0.6888815462589264	0.7724830359220505	1.0537306368350983	1.1335530579090118	1.147565871477127	0.993838906288147	
1.582846975261838	2.36857256596755	35509.92192727327	-0.37649309635162354	2085.286941304803	3.507465257589619	53604.12404681742	-0.37232349812984467	-0.0013944804668426514	-576.5660143494606	-4098.613735109568	3.5463084511459	47202.79916535318	1.0191789418458939	1.0025862753391266	1.001425102353096	0.8209628015756607	0.8099668473005295	0.8700757622718811	0.7099111080169678	1.1649515181779861	0.6424016207456589	0.6585523188114166	0.937821239233017	0.8374256640672684	0.8819607496261597	0.9689568430185318	0.7868833094835281	
1.872171525395836	2.368516678024271	35515.4729231596	-0.5582496523857117	723.8455483466387	3.5075031839992987	53724.951078519225	-0.5443353801965714	8.539855480194092e-05	-381.8774925172329	-2245.0316698402166	3.546216992739344	47657.60496419668	1.025393307209015	1.0131367594003677	0.9994379132986069	1.2121751308441162	1.2077963799238205	1.2945610135793686	1.053992137312889	1.4674683660268784	0.9244592934846878	0.9186287671327591	1.2277225703001022	1.1961691230535507	1.3032859712839127	1.399672418832779	1.1629637479782104	
1.8087508158655952	2.3685529855452616	35264.68735744059	-0.501921072602272	2434.097410902381	3.507455936178106	52883.01883672178	-0.491657555103302	7.845461368560791e-05	-348.54751904308796	-2483.810829848051	3.546169103023051	47345.938349187374	1.0399918109178543	1.003370925784111	1.005848005414009	1.0738189220428467	1.060092881321907	1.1574430018663406	0.9469931125640869	1.358084574341774	0.847490519285202	1.18296118080616	1.4832032918930054	1.0559032559394836	1.186723455786705	1.2034336477518082	1.0306821167469025	
1.8058435685462224	2.368501873613815	35648.09884609282	-0.48675015568733215	1498.4955551922321	3.5075890046049545	52336.480768829584	-0.48911596834659576	7.741153240203857e-05	-387.75624138116837	-1178.8249902427197	3.5462232775802245	46535.19853532314	1.0030503273010254	1.0039098262786865	1.0044656693935394	1.047109067440033	1.0912450700998306	1.1148164868354797	0.9138799011707306	1.3337948769330978	0.8397686779499054	0.5878793299198151	0.9019997119903564	1.0608987659215927	1.128927156329155	1.1451745331287384	1.0422065705060959	
1.4776466262938517	2.368553469463722	35333.83390490711	-0.3368726670742035	1301.4493456184864	3.5074040095952226	53323.25621858239	-0.34712402522563934	0.001125440001487732	-1017.9950478076935	4836.222843155265	3.546164773609556	47019.924270257354	1.015604242682457	0.9995767921209335	0.9982938915491104	0.727446123957634	0.7209062278270721	0.7757629901170731	0.6375434398651123	0.8287321478128433	0.6164631247520447	0.5552150905132294	0.7027851790189743	0.7310326993465424	0.7891935706138611	0.8173948377370834	0.7419809252023697	
1.7925947897993737	2.368533540748271	35425.849235609174	-0.4973323941230774	2543.4676289856434	3.5075072233705464	53294.25937028229	-0.48639562726020813	7.766485214233398e-05	-232.68861216306686	-3680.0073268711567	3.5462374269208103	47327.550669670105	1.0177344530820847	1.0058074444532394	1.0054350644350052	1.0999249666929245	1.059639424085617	1.1512446999549866	0.9396084547042847	1.329797625541687	0.824873298406601	0.9674551337957382	0.9525616317987442	1.0756116211414337	1.16643987596035	1.2058118432760239	1.025830715894699	
1.830477584661277	2.3685074868027214	35358.81947673857	-0.5197428613901138	2540.383199557662	3.5075714978376316	53919.39429692924	-0.5156804025173187	8.194148540496826e-05	-408.24373269081116	-3484.29720453918	3.546174595324731	48222.17913161218	1.017839789390564	1.0042988657951355	0.9979399591684341	1.1223434209823608	1.110141560435295	1.2005005478858948	0.9830785244703293	1.4173433035612106	0.8790875524282455	0.9244586676359177	1.2081577777862549	1.2076185196638107	1.2096168994903564	1.270064115524292	1.0801661610603333	
1.6474339551925272	2.368470152459953	35671.12220828235	-0.4297015368938446	600.7448813021183	3.507533664135589	52965.587241858244	-0.4184829145669937	6.51925802230835e-05	-358.8924378156662	-2206.71512773633	3.5462214698385823	47319.2484613955	1.0315513610839844	1.0101660192012787	0.9926736354827881	0.9473297297954559	0.9352443963289261	0.9980189502239227	0.8099683523178101	1.1272382140159607	0.6999400556087494	0.6142404824495316	1.551512822508812	1.0047348737716675	1.0163488239049911	1.0801672488451004	0.8738993704319	
1.7630754098083419	2.3685120208378523	35086.6323492825	-0.4590087831020355	7411.716125264764	3.5075144508072995	53349.30784717202	-0.4610599875450134	7.520616054534912e-05	-532.3334453850985	-1292.3750339150429	3.546181739879608	45987.569299981	1.0294836163520813	1.000238075852394	0.9988259822130203	0.9660648256540298	0.9400906562805176	1.0625616759061813	0.8737299293279648	1.300593540072441	0.8012294769287109	0.6840145587921143	1.3487901389598846	1.0734961181879044	1.0741624683141708	1.1319623738527298	0.9381596446037292	
1.841891127248758	2.3684965763738006	35359.6426833123	-0.5113800168037415	3371.5105646401644	3.5074539002529246	53064.11386439204	-0.5031701326370239	0.0001147538423538208	-257.53899693489075	-1320.2515845000744	3.5462132921258225	46735.16662849486	1.021186202764511	1.0074460357427597	1.0016681253910065	1.104571983218193	1.1036398708820343	1.1834537386894226	0.9651908427476883	1.3546316921710968	0.8682956993579865	1.0795844942331314	1.6279450953006744	1.0766365826129913	1.19306381046772	1.2625914514064789	1.0683494359254837	
1.8498629549550296	2.3685239549398664	35597.21613445878	-0.5383031666278839	949.793497890234	3.507439193400381	54752.9743937403	-0.5188140273094177	8.498132228851318e-05	-330.3660248070955	-3318.255042731762	3.5461759010134895	48131.55181784928	1.0193043947219849	1.0040241330862045	0.9945202469825745	1.1776795983314514	1.1884495317935944	1.2476582676172256	1.009000688791275	1.4070717096328735	0.8843963146209717	0.8718294352293015	1.5056006610393524	1.3102534115314484	1.2598652839660645	1.308029592037201	1.1236396729946136	
1.589844903916004	2.368458168791776	35486.607182860374	-0.4274577796459198	36.67776846885681	3.507587595745139	53018.67074249685	-0.4219248592853546	0.01506216824054718	-290.9883704930544	14859.01375567913	3.5462123308030122	47175.33916409314	1.0267279297113419	1.0058898329734802	1.0025669783353806	0.9304385930299759	0.9264077246189117	0.9859302937984467	0.8056260496377945	0.7514252066612244	0.7470020204782486	0.8428741991519928	1.1177088767290115	0.9937551915645599	1.0049975961446762	0.9939582198858261	0.9010395258665085	
1.7733356281436212	2.368467200926271	35285.389444068074	-0.4776783734560013	4134.1599253714085	3.5074879370100844	53519.63425548375	-0.4766206741333008	7.63237476348877e-05	-731.8059532642365	-839.0668753087521	3.5462580580897898	46412.8091173023	1.0292712450027466	1.0012557059526443	0.996179074048996	1.0244591236114502	1.0192226618528366	1.102119505405426	0.9040614515542984	1.323735237121582	0.8157398998737335	1.1970106214284897	1.5661268681287766	1.0315849334001541	1.1326389610767365	1.1198152601718903	1.0300406962633133	
1.8486402046845305	2.3684611067740127	35352.22702822089	-0.49585238099098206	6074.038315236568	3.5075085204242398	53264.4776622951	-0.4978514313697815	8.255243301391602e-05	-630.6052071005106	-577.1484133154154	3.546213013635083	51226.4359767437	1.0077285170555115	1.0201601535081863	1.0126514732837677	1.0673801004886627	1.057228460907936	1.1422207355499268	0.9345567226409912	1.3990812301635742	0.8701703995466232	1.3017916977405548	1.1684319227933884	1.0388657748699188	1.1482194811105728	1.219053864479065	1.073918953537941	
1.4365635336217952	2.368453681060697	35347.54552669823	-0.343307301402092	29.946128949522972	3.507473081480275	52742.70560899377	-0.3511944115161896	0.012722983956336975	-537.8866047859192	30294.491904199123	3.546218965923496	46243.98444072902	1.017784059047699	1.0071129947900772	0.9985541105270386	0.7470766603946686	0.7391932606697083	0.7900226414203644	0.6490707993507385	0.6136575937271118	0.6435524076223373	0.5748609751462936	1.6545936912298203	0.7852496802806854	0.7964004278182983	0.7909895181655884	0.7690402120351791	
1.6537719265160895	2.3685873699091244	35421.57756868005	-0.39981092512607574	4143.192290723324	3.5075162146618157	53138.564891174436	-0.4092198461294174	6.590783596038818e-05	-802.4211653620005	-83.46941901743412	3.5459658318352156	47742.490597486496	1.0288282632827759	1.0019152909517288	0.9974620938301086	0.8704386949539185	0.8574902415275574	0.9243428856134415	0.7563820034265518	1.143583670258522	0.7201374173164368	0.6765662878751755	3.007533937692642	0.8553957939147949	0.9474563300609589	1.0046232491731644	0.8703597337007523	
