1.7521793305406914	2.3685328428098584	35386.584082603455	-0.45741619169712067	5027.352997213602	3.5075171815044186	53244.17189052701	-0.46673059463500977	7.413327693939209e-05	-332.8338202983141	-2738.207174897194	3.546283716135419	47970.15416659415	1.004943311214447	1.0053037256002426	1.0022326111793518	0.9786029309034348	1.0018010586500168	1.0569233894348145	0.8648665994405746	1.2990779131650925	0.8014821857213974	1.8565387278795242	1.4044967889785767	1.43464757502079	1.0754009634256363	1.1148315370082855	0.9593068808317184	
1.805827187487724	2.368476302623341	35287.897315621376	-0.48480960726737976	5221.976213514805	3.5074659594587123	52428.92915555835	-0.4783966392278671	7.753074169158936e-05	-350.69939766824245	-942.4862009882927	3.5462571624416874	47429.79679593444	1.0181326866149902	1.009080022573471	0.9985506683588028	1.0422277003526688	1.0199973583221436	1.1245291382074356	0.914012148976326	1.3441091626882553	0.8330327123403549	0.9657396376132965	0.9848713129758835	1.1075303107500076	1.134241595864296	1.3104448914527893	1.0077240765094757	
1.8147107884707634	2.3683789970535014	35356.759871423244	-0.49731265008449554	3461.346933826804	3.5074664660512114	53453.39172138274	-0.4964618980884552	7.98255205154419e-05	-610.0419270545244	-386.99628306925297	3.5462422536323532	47002.351187065244	1.0261200815439224	1.0055579245090485	0.9978086650371552	1.0844790190458298	1.0767542868852615	1.1518850475549698	0.9371620863676071	1.374574214220047	0.8595418334007263	1.2551573365926743	2.4257259517908096	1.538511410355568	1.1632928550243378	1.2403833121061325	1.0429777055978775	
1.632526160316185	2.3686048288864168	35334.47329583764	-0.3790270984172821	6646.803990676999	3.5075041822445714	53052.45843537152	-0.38680846989154816	6.411969661712646e-05	-853.6229720413685	-21.546646013855934	3.546227484391062	47280.212280243635	1.005927100777626	1.010275512933731	1.0027950406074524	0.8208175450563431	0.8153815567493439	0.8716798424720764	0.7166103422641754	1.1038124710321426	0.6916399896144867	0.609286293387413	1.1792785227298737	0.8171088248491287	0.880723387002945	0.9671729356050491	0.8335253596305847	
1.7921262137674814	2.368337096826042	35399.93247394264	-0.4905252158641815	3070.0390350073576	3.5070362364621417	54151.90329669416	-0.49070703983306885	9.587407112121582e-05	-1067.9600304216146	0.9136281460523605	3.546220151256642	48259.63116157055	1.0174633413553238	0.9929924011230469	1.0014474540948868	1.0442712306976318	1.0556550323963165	1.140666887164116	0.9301837235689163	1.3236262500286102	0.8664641231298447	2.086006388068199	6.803489774465561	1.1622821539640427	1.1428830921649933	1.246997281908989	1.055670976638794	
1.7820925569297474	2.368549734095739	35335.42810229957	-0.47226154804229736	3051.8237284123898	3.507521436157112	52927.634234815836	-0.4764321595430374	0.0004801452159881592	-582.821782886982	0.7859203517436981	3.5462682275223356	49203.43318133056	1.0112646669149399	1.0003007501363754	0.987929955124855	1.0272171795368195	1.0041076838970184	1.089511975646019	0.8866309225559235	1.2207643389701843	0.8397519737482071	0.7655481547117233	2.6261245906352997	1.3895846754312515	1.1109328120946884	1.1452014297246933	1.0382228642702103	
1.705511422941854	2.3684799211790986	35675.724672332406	-0.4551595002412796	516.2262770980597	3.5075595137474433	54387.05823132396	-0.4450256675481796	7.174909114837646e-05	-518.9733175039291	-881.9490921795368	3.546186285519524	48118.708210259676	1.0368007272481918	1.0043078660964966	1.0006266683340073	1.012484848499298	0.9826793372631073	1.0490238070487976	0.8564895391464233	1.1960995942354202	0.7641470283269882	0.89269158244133	2.1294599175453186	1.0394624769687653	1.0783911049365997	1.155508890748024	0.9559997618198395	
1.763009932433691	2.368556385571083	35586.774976953864	-0.45078063011169434	5674.591870799661	3.5074990365287704	52995.22901079059	-0.45371250808238983	7.46995210647583e-05	-557.8521955758333	-148.64698460698128	3.546201549340301	49270.360642418265	0.9902240186929703	1.0010854601860046	1.0122196823358536	0.9765740483999252	0.9941627234220505	1.0535834431648254	0.8474329262971878	1.2933101654052734	0.8006428629159927	0.7923381328582764	1.1973356157541275	0.9685800820589066	1.0541065335273743	1.1033128201961517	0.934003472328186	
1.7805474744961978	2.3683965638224485	35410.34684084356	-0.4746927171945572	5172.047799423337	3.507546842903993	53743.35878747702	-0.47204098105430603	7.727742195129395e-05	-316.895983800292	-2362.6104643642902	3.5462070716385603	46879.11027340591	1.0187517702579498	1.0023349672555923	1.003172218799591	1.0327742844820023	0.9948690384626389	1.0938740968704224	0.8946494907140732	1.3371960818767548	0.8166728466749191	2.138766512274742	1.23324316740036	1.0411898642778397	1.1109811514616013	1.1697396636009216	1.014207050204277	
1.7929611300555028	2.368496576608218	35301.06089617312	-0.44564463198184967	10248.300319388509	3.5075178381895498	52801.361030071974	-0.4539016783237457	7.697939872741699e-05	-274.8418524712324	-1822.1099035441875	3.5462442295006835	45487.01641885936	1.0281788557767868	1.0105403810739517	0.9911261647939682	0.961859330534935	0.9762478172779083	1.0278781801462173	0.8456763923168182	1.2984527498483658	0.8029754012823105	0.7366222590208054	1.3104029893875122	1.306132823228836	1.0411032289266586	1.0881216824054718	0.9634930789470673	
1.8734783961046106	2.3683217744625744	35437.622097849846	-0.5516355335712433	1900.8939175456762	3.507428731192469	53535.04978223145	-0.5480583608150482	8.52048397064209e-05	-782.8889807909727	-839.9882189184427	3.5462112896774256	47605.903772845864	1.0181043297052383	1.0289818048477173	1.0024574249982834	1.1972154378890991	1.1995819061994553	1.2728224992752075	1.039824202656746	1.4955183267593384	0.9495355784893036	1.3535182923078537	1.6905944794416428	1.046209454536438	1.301001638174057	1.3886573612689972	1.1556952893733978	
1.6309707892877476	2.3685518477767715	35484.26266233623	-0.4444282203912735	38.600120052695274	3.507381134929969	53187.76673813164	-0.44022272527217865	0.014378383755683899	-280.55099414289	13202.057702958584	3.546331216401045	46352.833854705095	1.0112979859113693	1.0060029327869415	0.9974867850542068	0.9676358550786972	0.9636495858430862	1.0280862897634506	0.8386795073747635	0.7833249121904373	0.7803622633218765	0.9571409821510315	1.021689847111702	0.9332554340362549	1.0367348939180374	1.03275828063488	0.9429830312728882	
1.8408372582376675	2.3686244398186265	35469.93207450211	-0.4875657856464386	4135.851786777377	3.507438019796517	53219.95849138498	-0.4798484742641449	8.177757263183594e-05	-267.03032763302326	-1367.4990106374025	3.546209227197003	47482.91351990402	1.0228606015443802	1.0173596143722534	1.0027087330818176	1.0757334530353546	1.0606092065572739	1.1271016746759415	0.9188049584627151	1.380344420671463	0.84612837433815	0.810061901807785	1.8357868790626526	1.413777843117714	1.1440555453300476	1.2046296000480652	1.000936046242714	
1.5706197458136049	2.368578613216257	35670.49312436581	-0.39055491983890533	543.4090212285519	3.5075906718101533	54126.12025271356	-0.38417036831378937	6.0558319091796875e-05	-446.0064532160759	-1154.8403123915195	3.546164019101397	48371.58975189924	1.0174283683300018	1.0056543201208115	1.0024465918540955	0.8469713777303696	0.8530389964580536	0.9035966396331787	0.7337526381015778	1.0343673527240753	0.6533149182796478	0.886458083987236	0.7933236509561539	0.9796586483716965	0.9151584357023239	0.9802897572517395	0.7909594476222992	
1.6388321637172971	2.3685727638759717	35425.37568318844	-0.42405563592910767	728.5111401677132	3.5075170298565164	54075.1705391705	-0.4165777117013931	6.586313247680664e-05	-487.1573065370321	-992.2428304105997	3.5461945154818104	46588.24223662913	1.0366930812597275	1.0065755397081375	0.9953156262636185	0.9159740954637527	0.907909482717514	0.9784913510084152	0.8002970218658447	1.1239628940820694	0.7101433724164963	0.8328096270561218	1.1960317194461823	0.9846045523881912	0.9854581654071808	1.0452384948730469	0.858339861035347	
1.8181699101507405	2.368509643580531	35433.866037487984	-0.5041483491659164	2972.1202721893787	3.507532373481267	53631.85518285632	-0.49445444345474243	8.040666580200195e-05	-192.2152872979641	-3164.3672757297754	3.5462092424753204	47473.70825789869	1.0257350504398346	0.9997003227472305	1.0021806955337524	1.0940145403146744	1.084105521440506	1.165500983595848	0.9513343870639801	1.364167645573616	0.8459530025720596	1.1723195761442184	1.2090460658073425	1.2704250514507294	1.1819220036268234	1.2234739661216736	1.050994336605072	
1.5432871887223898	2.36856610537625	35215.273523435	-0.36207912862300873	3014.30841884017	3.50755183768146	52641.01901470125	-0.3723047822713852	5.6862831115722656e-05	-801.0636977404356	-45.10475471615791	3.546116612194484	43394.58367681503	1.0211228728294373	1.003522664308548	0.9783961623907089	0.7713785171508789	0.7688645869493484	0.8409524261951447	0.6881193816661835	1.0322857648134232	0.6425697952508926	0.7271634340286255	0.7699617147445679	0.7395560592412949	0.8500678539276123	0.8970872014760971	0.7968187630176544	
1.7953217643801436	2.3685316401556897	35599.884300515056	-0.47683072090148926	3747.015230998397	3.507500830427036	52611.37118533254	-0.47738735377788544	0.0017042756080627441	-237.18762965500355	0.7988876700401306	3.5462309192763177	45763.7884747237	1.0300753563642502	1.025103285908699	1.0055618584156036	1.0464792847633362	1.061917707324028	1.0945674628019333	0.9013295620679855	1.1616603881120682	0.8273026943206787	0.808022141456604	1.6199400275945663	1.1932816952466965	1.1224497556686401	1.1674979627132416	1.0689547210931778	
1.646505893212851	2.3684971689695464	35299.73189046979	-0.46070581674575806	39.33905851840973	3.507520782051143	52502.53330287337	-0.45633408427238464	0.02043430507183075	-193.82245056331158	27136.55886168778	3.5462107665467664	46847.55322214961	1.009841650724411	1.0059540122747421	1.007561281323433	1.007970467209816	0.9824381470680237	1.057928204536438	0.8696236461400986	0.7671190351247787	0.8318465650081635	0.8479343503713608	0.9919767826795578	0.9989418387413025	1.0710150301456451	1.0521154999732971	0.9740823656320572	
1.7492897815333956	2.3684767488619825	35178.140813589096	-0.4409586787223816	7798.708704635501	3.507554011911446	52987.37284900248	-0.4416722357273102	7.353723049163818e-05	-430.8624415695667	-696.9305944591761	3.546136159945029	46782.681218251586	1.0279258489608765	1.0066390633583069	0.9913023263216019	0.9515107870101929	0.9462242126464844	1.0183164924383163	0.8368115276098251	1.2593790292739868	0.7809702903032303	0.7410202920436859	1.4266891926527023	0.9383667558431625	1.0272411853075027	1.1148922741413116	0.9932836592197418	
1.8096569507350937	2.3684990036012654	35237.04824459553	-0.46255384385585785	10375.982549026608	3.507525268299024	52824.03410471976	-0.4738476872444153	7.845461368560791e-05	-326.5972549319267	-2193.6569930166006	3.54611776659941	48246.02821524441	1.0352814197540283	1.0014428198337555	0.9992576092481613	0.9998852014541626	0.9869060963392258	1.0715622901916504	0.8792066127061844	1.3648406863212585	0.8313906490802765	1.1809513866901398	0.9808870851993561	1.0875291526317596	1.0789555311203003	1.1777257323265076	1.0227848291397095	
1.6279677584499306	2.3684967456912633	35397.63279847801	-0.4122764617204666	1144.3854127675295	3.5074432104555275	52741.616511926055	-0.4180382788181305	0.004925832152366638	-553.4358308464289	10153.877076938748	3.54621160427404	46316.03064340353	1.0238385498523712	1.0070602744817734	0.9993865489959717	0.8946553468704224	0.8876432478427887	0.9506423473358154	0.7786667346954346	0.8990056067705154	0.7424872070550919	1.730196237564087	2.403440624475479	0.9108639359474182	0.9641581922769547	0.9783955365419388	0.8762972354888916	
1.8576810864218	2.3683123126074808	35312.56035724282	-0.5613630414009094	450.62851083278656	3.5074330069390833	54085.45278599858	-0.5525002181529999	8.463859558105469e-05	-756.0746202766895	-1259.8961898386478	3.546194256489861	45339.729981437325	1.0219842940568924	1.0026174932718277	0.9912920743227005	1.220527708530426	1.208855301141739	1.2929973304271698	1.05905020236969	1.480396032333374	0.9326690286397934	1.029450386762619	2.1265881657600403	1.1733474880456924	1.303867220878601	1.3821949362754822	1.0814338326454163	
1.7120524571276685	2.3685385730131334	35115.26273676753	-0.39989250898361206	13007.042110562325	3.507502909008956	51387.80626119673	-0.41601821780204773	6.830692291259766e-05	-628.0582328736782	-31.36567172408104	3.5462816068608567	43278.14798028767	1.013127475976944	1.0071555376052856	0.9955428540706635	0.8497321754693985	0.8392435908317566	0.9240670502185822	0.762968972325325	1.204406976699829	0.7546143233776093	1.0098616182804108	1.5716567188501358	0.810834601521492	0.9430599361658096	1.0017097890377045	0.846009150147438	
1.788972831891914	2.368506667751097	35522.19492793083	-0.4870094507932663	2618.839726790786	3.5074985104414496	53470.03248205781	-0.47180868685245514	7.76052474975586e-05	-206.01937966048717	-2188.1509932130575	3.546217642231679	46899.90167996287	1.0254291892051697	1.006305456161499	0.9946125745773315	1.0725959837436676	1.0752579122781754	1.1337111294269562	0.9153941124677658	1.3188363462686539	0.8044461160898209	0.8400139659643173	1.3602758049964905	1.0875859260559082	1.1597253531217575	1.1912707090377808	1.0142960250377655	
1.7176606635140825	2.3685040950239498	35306.45392808318	-0.4466160386800766	3163.074520289898	3.507516237772408	53123.054645970464	-0.44543446600437164	7.107853889465332e-05	-425.7139271348715	-1604.3361966311932	3.546201954089647	47287.113834545016	1.0214535892009735	0.9991432279348373	0.9985986202955246	0.9609170109033585	0.9311627745628357	1.0332413762807846	0.8487348109483719	1.229072317481041	0.7610954344272614	0.8342161923646927	1.6219622045755386	1.1144322603940964	1.051463469862938	1.0849294811487198	1.0272177755832672	
1.779352861629732	2.3684560068917966	35373.57741813362	-0.4981803148984909	1144.1423559486866	3.5075309767036877	53351.27686820924	-0.48902978003025055	7.66068696975708e-05	-319.6376079916954	-1333.9724772423506	3.5461377036206323	47672.32016645372	1.0206224769353867	1.0011610239744186	1.0026944875717163	1.0725168138742447	1.0845316052436829	1.1482155174016953	0.940997526049614	1.3263718783855438	0.8364962488412857	0.760226309299469	1.0589216351509094	1.105722263455391	1.1802705079317093	1.2772988379001617	1.0086496472358704	
1.6571732231273497	2.368503030144437	35360.805656954646	-0.4241260439157486	1986.4003798514605	3.507498452440954	53630.33895920217	-0.42277416586875916	6.681680679321289e-05	-581.6128180921078	-763.826955422759	3.5462741471477592	46806.079809203744	1.0194884091615677	1.014954760670662	0.9969907999038696	0.9216534197330475	0.9096000790596008	0.9759634286165237	0.8015908151865005	1.1511428505182266	0.7248824238777161	0.9940662235021591	1.0081940591335297	0.925004631280899	0.9958025515079498	1.1178840100765228	0.8641322106122971	
1.6902497279447293	2.3685630272680163	35398.93098978698	-0.4468013793230057	1397.1601779460907	3.507513010257298	53890.98984245956	-0.4381515085697174	6.982684135437012e-05	-524.456478074193	-1589.3007068634033	3.546231981612546	47548.77439688146	1.026850387454033	1.0038652122020721	1.0002002269029617	0.9592759013175964	0.9958324134349823	1.0225888639688492	0.841688871383667	1.1985140442848206	0.7520868629217148	0.7044912278652191	1.1308066248893738	0.925211951136589	1.0654356926679611	1.0789415091276169	0.9232784062623978	
1.7800472112675192	2.3684949634938084	35286.74611487985	-0.4910420775413513	3146.44580437243	3.507476466487799	53324.545530974865	-0.4821333736181259	0.00344124436378479	-345.079521805048	-0.7838394939899445	3.546186610554671	46097.73366987705	1.0321290642023087	1.0047798156738281	1.0010432004928589	1.047138974070549	1.027747705578804	1.1427595019340515	0.9270035028457642	1.1721059083938599	0.8353835791349411	0.782509908080101	1.3200902193784714	1.2160389572381973	1.1622350364923477	1.1859466284513474	1.0324074923992157	
1.92701807125168	2.368272905641768	35028.98142057657	-0.5580944865942001	6611.0889228880405	3.5072491054718125	52997.643133953214	-0.5578773766756058	8.921325206756592e-05	-892.2196695953608	-423.03519670665264	3.546161017919572	46926.409493893385	1.0117976516485214	1.010254442691803	0.9929948598146439	1.1850365996360779	1.2044325470924377	1.2922200858592987	1.0522667616605759	1.5618861466646194	0.9709895998239517	0.9724916815757751	1.8315209746360779	1.3261452615261078	1.304444283246994	1.3792571276426315	1.1868721395730972	
1.6984348342473932	2.368534521890284	35635.881515696645	-0.4415605664253235	1403.5875108838081	3.5075198333384967	54020.1619387418	-0.43953634798526764	7.081031799316406e-05	-600.2872659116983	-1034.7878490388393	3.546209704309032	48169.73259295523	1.026282548904419	1.005476251244545	0.9955553710460663	0.9795850962400436	0.9540511667728424	1.0251618921756744	0.826950803399086	1.1981798261404037	0.753858283162117	0.6741506010293961	1.113956242799759	0.9025927186012268	1.032742202281952	1.0993535667657852	0.9056614339351654	
1.7478876095270228	2.368566064175235	35635.58580042422	-0.48294205963611603	392.3636275678873	3.5075114448285554	53786.10490342975	-0.47641846537590027	0.0004832744598388672	-336.8205749988556	-548.0828022807837	3.546240698352344	47029.15021905303	1.021006166934967	1.0086189657449722	1.00077885389328	1.0589137822389603	1.0515512973070145	1.1150897592306137	0.9082566201686859	1.1953399628400803	0.8095134496688843	0.8313018232584	1.0961212664842606	1.2337461709976196	1.132068321108818	1.1950224786996841	0.9930320382118225	
1.7925250569238849	2.3684815196238755	35354.280065491796	-0.4727676510810852	4948.081709250808	3.5074725144372905	53475.38716433942	-0.46756187081336975	7.79181718826294e-05	-390.01392072439194	-1232.6816898286343	3.5461753701517553	49097.77482664585	1.0334254950284958	1.0060279965400696	1.0040633827447891	1.0048329085111618	1.0394821614027023	1.0920196324586868	0.8929468095302582	1.2886159718036652	0.8208774924278259	1.537326693534851	1.9863233715295792	1.0536381155252457	1.1189449429512024	1.2516175657510757	1.0019720196723938	
1.8612580717608516	2.368490986154249	35301.285802558064	-0.4953603148460388	10275.064665958285	3.5074906198160436	52081.71289232373	-0.5025027543306351	8.182227611541748e-05	-323.2226118594408	-914.2766720205545	3.546146005734761	45464.93965573609	1.0161052644252777	1.0265549570322037	0.996682807803154	1.0843734294176102	1.03544519841671	1.1523467898368835	0.9380293041467667	1.459579810500145	0.8838858157396317	1.042363703250885	1.0967401713132858	1.423088625073433	1.1588950753211975	1.2213896811008453	1.0713361352682114	
1.7920121372395816	2.368533061131727	35473.09405258298	-0.46719329059123993	4279.636520594358	3.5075107721718624	53093.27141165733	-0.46692901849746704	7.732212543487549e-05	-261.5581910908222	-2147.5319496542215	3.546206409623885	48188.77363190055	1.0038056671619415	1.0031686872243881	1.0062330812215805	1.0332540571689606	1.021216556429863	1.0787071883678436	0.8839452713727951	1.2870912849903107	0.8104748874902725	0.9029544740915298	1.2323377281427383	1.1608342081308365	1.096676990389824	1.1667193621397018	1.0078370124101639	
1.8423335835943067	2.368471271417998	35348.78920581937	-0.47534705698490143	8813.08889220655	3.507488875368521	53013.5248491019	-0.46980151534080505	-8.159875869750977e-05	-617.1061109751463	-1044.0635276138783	3.5461180275690003	47127.65959303081	1.0704138278961182	1.0027926862239838	1.0054918825626373	1.064248263835907	1.0554071366786957	1.1022597700357437	0.9001505523920059	1.4977677166461945	0.8283445537090302	0.9530635625123978	1.1931104362010956	1.8814934939146042	1.104800745844841	1.1745593398809433	0.9959242045879364	
1.7570298325785543	2.368493909308894	35375.66555464268	-0.4088497757911682	14016.51398049295	3.5075483544870156	53267.0513099879	-0.4229516088962555	7.458031177520752e-05	-387.1532730013132	-308.54380644857883	3.5461873706861033	47663.563706204295	1.0176715403795242	1.0099211037158966	1.023092120885849	0.907543420791626	0.8827049136161804	0.9488102346658707	0.7774151563644409	1.2385786324739456	0.772380605340004	0.7390042841434479	1.7352978587150574	0.9108725041151047	0.9528087377548218	1.037442907691002	0.994415745139122	
1.7388514165306361	2.3684551020218874	35357.31561869383	-0.4179084897041321	6896.76818279922	3.5075140737954893	52066.008174449205	-0.43380725383758545	-7.413327693939209e-05	-241.14249689877033	-613.3839251548052	3.546272121436114	49581.826840400696	1.035518154501915	1.0145114958286285	0.9915863871574402	0.9012983739376068	0.8993172943592072	0.9536992460489273	0.7890144139528275	1.2812933176755905	0.7656839787960052	0.6472845375537872	1.0910610258579254	1.1114898771047592	0.9539074003696442	1.0121821761131287	0.9658937007188797	
1.7305687007543065	2.3685365061295807	35447.157944872975	-0.5043477267026901	45.4841111600399	3.5075103256427758	53854.90004593134	-0.5000130385160446	0.01853412389755249	-392.1044110506773	16156.744693994522	3.5461786932041957	47927.91871993244	1.0211974382400513	1.003657728433609	1.000094160437584	1.091231346130371	1.0905452966690063	1.1601876616477966	0.9538690447807312	0.887017011642456	0.890257939696312	0.7344474792480469	1.2662114053964615	1.1179556101560593	1.1784647554159164	1.1748171597719193	1.0641995519399643	
1.7356326361466303	2.368550009224197	35582.62320062518	-0.44802188873291016	2324.47266677022	3.5075873556725408	52385.19077852368	-0.445595383644104	-7.157027721405029e-05	-719.0314552485943	-516.1118927896023	3.546199782462499	46812.62510615587	1.010389283299446	1.009346291422844	1.0033776760101318	0.9918178468942642	0.9544255882501602	1.0401194095611572	0.8410691767930984	1.353825956583023	0.7773654013872147	0.7296082675457001	0.991796463727951	1.1164218187332153	1.0545537322759628	1.2068172842264175	0.9603024125099182	
1.6216241706712027	2.3685442562281462	35307.27191744745	-0.40564823150634766	1483.1329086571932	3.5074735612198755	53827.30614493787	-0.41285309195518494	6.41942024230957e-05	-762.22240036726	-836.9847417324781	3.546300070875985	47329.22980675101	1.007614642381668	0.9997626096010208	0.9986419975757599	0.883847787976265	0.8605502545833588	0.9339666813611984	0.7671414762735367	1.1350035518407822	0.7077165693044662	0.7979384660720825	2.163872256875038	0.8752032667398453	0.9488708674907684	0.9767443984746933	0.9124604612588882	
1.7522631206835704	2.3685051456708095	35370.26788452268	-0.4417124390602112	6784.72184933722	3.507531674858983	53363.60286715627	-0.44091297686100006	7.431209087371826e-05	-344.16207306087017	-1037.2766928821802	3.546205663102244	48757.56230477989	1.0314894914627075	1.0019032955169678	0.9965269565582275	0.9871925711631775	0.9392050504684448	1.0206004232168198	0.8364277780056	1.247387021780014	0.7748368829488754	1.697494551539421	1.3188657760620117	0.9822345674037933	1.0401074886322021	1.0827986747026443	0.9119710922241211	
1.7124553218935927	2.3685551528129394	35670.72819066048	-0.4471896290779114	1452.4625959992409	3.5075324675757056	54227.96248365939	-0.4404377043247223	7.212162017822266e-05	-610.2110330164433	-1029.9178860932589	3.5461166933991795	48488.96157474816	1.031677782535553	0.9902659952640533	1.0058668553829193	0.971662774682045	0.9991919696331024	1.0246346145868301	0.8393350690603256	1.200485736131668	0.7650721371173859	0.8847403079271317	1.7105430364608765	0.8977567106485367	1.051291137933731	1.1257040202617645	0.9294786304235458	
1.913287275745366	2.36856176106692	35270.10491472483	-0.5242902189493179	8550.01543931663	3.507467311475538	53211.76457609236	-0.5207484662532806	8.83340835571289e-05	-112.73429326713085	-2226.138411089778	3.5461929451676304	46812.888474300504	1.0214830935001373	1.0146512985229492	0.99954953789711	1.120760217308998	1.1211785972118378	1.2079404592514038	0.9915260821580887	1.478960394859314	0.9170324057340622	0.8372421413660049	1.8826497197151184	1.1290750056505203	1.2399565130472183	1.2937316745519638	1.1273844987154007	
1.7231275630433989	2.368507046947039	35246.60108606517	-0.4380973130464554	5432.56701348722	3.507524645036134	52320.70673441887	-0.44080545008182526	7.045269012451172e-05	-259.83343985676765	-1548.5488268136978	3.5462115271143175	46782.66533476114	1.0267547518014908	1.0039588958024979	0.9976847171783447	0.9459147751331329	0.9404244869947433	1.0073296427726746	0.8310332149267197	1.2502706199884415	0.7653612345457077	1.7860293984413147	0.988010436296463	0.866408571600914	1.023026779294014	1.033997267484665	0.9579557180404663	
1.9334209701750802	2.3685142479650994	34914.61938866973	-0.5537462681531906	7482.797679543495	3.507384224294789	53303.239221438766	-0.5511249750852585	9.034574031829834e-05	-370.6284216493368	-3371.862789079547	3.5462302383222	47025.19501897693	1.0227001309394836	1.0150056630373	0.9927695095539093	1.1826094835996628	1.1527753621339798	1.283146008849144	1.0548316687345505	1.557990401983261	0.9554207921028137	1.099736899137497	2.1080823093652725	1.0749147087335587	1.2827250808477402	1.3752749413251877	1.1075605601072311	
1.850291087801208	2.368497110391636	35375.8279889524	-0.5291668921709061	3350.1025786548853	3.5075005014128964	53228.029488906264	-0.5159271061420441	8.26418399810791e-05	-324.19930294156075	-2211.0683082044125	3.5462087188026508	47003.35639047623	1.0298192501068115	1.0037195980548859	0.998835876584053	1.1424478441476822	1.1248907148838043	1.2206472307443619	1.0007421523332596	1.4360723048448563	0.8757065981626511	1.2010234743356705	1.198417991399765	1.1152282655239105	1.2345373332500458	1.3087844103574753	1.0568921566009521	
1.779071874147437	2.368522403173628	35227.92670740187	-0.453536257147789	8003.4885752648115	3.5074759848003145	52843.79126869142	-0.45709098875522614	7.584691047668457e-05	-337.0294749587774	-922.2395161688328	3.546227300107513	46332.02266693115	1.0439651757478714	1.006725549697876	1.002159908413887	0.9979191273450851	0.9368376731872559	1.0574388951063156	0.8618086874485016	1.3149189800024033	0.814126580953598	0.6789634823799133	0.7278840690851212	1.12748783826828	1.0914075821638107	1.0234818756580353	0.9226069897413254	
1.8205128462485258	2.3685197461181486	35381.52106368542	-0.5092239677906036	2551.1711596399546	3.5075256289462273	53711.67639397085	-0.49830320477485657	8.07344913482666e-05	-346.2388110458851	-1605.1264028698206	3.546216868731167	46860.80911396444	1.0205925405025482	1.0064264982938766	1.0012304484844208	1.0995159894227982	1.0865342170000076	1.17948517203331	0.9629987627267838	1.3671442717313766	0.8509465754032135	0.8234496265649796	1.9007885456085205	1.2323305904865265	1.1888921409845352	1.2535146474838257	1.0323069244623184	
1.8658239297594945	2.368476851649662	35278.57757112384	-0.5148391872644424	7203.686476394534	3.507517124076204	52819.73841397464	-0.5175241678953171	0.004010677337646484	-252.93172307312489	-0.861469566822052	3.5462000459573453	44183.738746747375	1.021423876285553	1.0059520304203033	0.9877801090478897	1.1044313311576843	1.0987740010023117	1.1842144429683685	0.9741087555885315	1.2945663630962372	0.9042150378227234	0.9722922891378403	1.4113198220729828	1.6345517337322235	1.2251902669668198	1.2513704895973206	1.1407554000616074	
1.877176907633444	2.3685129411837904	35435.755535796285	-0.4881003499031067	9109.26251591742	3.507559519328295	52715.76721957326	-0.4912107437849045	8.425116539001465e-05	-230.17926847934723	-522.6993979364634	3.5461705848505676	46375.42156390846	1.0237572342157364	1.0150830000638962	0.9938934743404388	1.0658743381500244	1.0564698725938797	1.1237251609563828	0.9247227609157562	1.4060825407505035	0.8720096200704575	1.099269300699234	2.421604245901108	1.134253829717636	1.1401549726724625	1.22422556579113	1.05705888569355	
1.8565300342323778	2.368458035094419	34837.32238714397	-0.46245186030864716	16881.51760327816	3.5075222819409015	53297.84538760781	-0.47294850647449493	8.331239223480225e-05	-612.0421523749828	-94.45192167162895	3.5461252872781435	48396.98528391123	0.988125666975975	1.0046819001436234	1.0062480121850967	0.9844463616609573	1.0273556411266327	1.0608113557100296	0.8826382756233215	1.390609934926033	0.8722120970487595	0.8333314508199692	0.6891862154006958	1.0560138076543808	1.0707972347736359	1.1529857069253922	0.9881742298603058	
1.7769750266710114	2.3685296113253673	35563.7922950089	-0.4740302115678787	3501.546183541417	3.507591514757344	53065.36421738565	-0.48160648345947266	0.003139972686767578	-529.8618529438972	0.7803291082382202	3.546180973315225	43749.99912165105	1.0401235818862915	1.0314629971981049	0.9959229826927185	1.0540635734796524	1.0244407504796982	1.0847747176885605	0.8937219381332397	1.1990908682346344	0.8317988812923431	0.6070248335599899	1.9645711332559586	1.1493782848119736	1.12880177795887	1.0869362354278564	1.0363136976957321	
1.7651335233510042	2.368476440169572	35128.56653094292	-0.44586342573165894	9973.534271508455	3.507559485339256	53252.5372941196	-0.4456619471311569	7.525086402893066e-05	-505.24352626502514	-1385.1765033900738	3.546232355572125	48326.430397331715	1.0212413519620895	1.0081283152103424	1.0000338405370712	0.9553873687982559	0.9714637994766235	1.0296874642372131	0.8491113781929016	1.283307045698166	0.7848475426435471	1.1416331231594086	0.8399437963962555	1.5429388284683228	1.0572800487279892	1.0984955430030823	0.9738250374794006	
1.7202948303756738	2.368538876440466	35471.45014925301	-0.4936605542898178	42.94462014734745	3.5074789193144182	53013.23476150632	-0.49079635739326477	0.018826603889465332	-283.359034717083	22028.534100607038	3.5461873517875477	47096.170411765575	1.0227486789226532	1.006557747721672	1.0035317838191986	1.0730346590280533	1.0641244053840637	1.1355815678834915	0.9315504431724548	0.8603738993406296	0.8805755227804184	0.8157458454370499	1.424643561244011	1.0551766753196716	1.160613939166069	1.140844613313675	1.0205742716789246	
1.7908987059884893	2.368475870070465	35598.9563202858	-0.4783705770969391	2105.978535309434	3.507581609295631	53746.46281425655	-0.47615692019462585	7.818639278411865e-05	-664.4745357483625	-622.0516432672739	3.546208496259539	46428.18359179795	1.0191866010427475	0.9998371005058289	0.9991303980350494	1.0619433522224426	1.0685920119285583	1.1049741506576538	0.9006160646677017	1.2916545569896698	0.8287029713392258	0.7461034506559372	1.5033389180898666	0.9844150543212891	1.1289114505052567	1.248423233628273	1.0563498735427856	
1.74682017856241	2.3685850257195797	35387.04319395125	-0.47363902628421783	1485.5898729860783	3.507541984353685	53978.350031897426	-0.47224196791648865	7.46995210647583e-05	-570.2595342248678	-1210.6498714536428	3.546174302811549	47908.38357783854	1.0199241489171982	1.002926543354988	1.0045499354600906	1.0213882476091385	1.001333236694336	1.0891721695661545	0.8957158327102661	1.2884563356637955	0.8099889904260635	1.3248196691274643	1.7618975639343262	0.9999072253704071	1.0992795825004578	1.1397517770528793	1.0247852057218552	
1.567379936605813	2.3684624828609215	35118.25737270713	-0.37807056307792664	2666.527509018779	3.5074777359475506	53343.927711218596	-0.38636893033981323	5.942583084106445e-05	-794.0973684638739	-373.0338421911001	3.5463448451646538	46041.48405058682	1.0336177498102188	1.001270443201065	0.9977817535400391	0.795107826590538	0.8105080872774124	0.8700467497110367	0.7134941965341568	1.0572513341903687	0.6583352982997894	1.6066444218158722	0.9269341230392456	0.7995389401912689	0.8699266016483307	0.9409641027450562	0.8017711192369461	
1.8246894272405698	2.3684817090174306	35383.92338295281	-0.4719074070453644	5513.372419074178	3.5075021639799258	53686.174207150936	-0.468469500541687	8.106231689453125e-05	-316.80458357930183	-1479.1501259356737	3.5462286153116818	47125.51208028197	1.0472855418920517	1.0007668286561966	1.0000138729810715	1.0353399217128754	1.0487822592258453	1.078838735818863	0.8914807289838791	1.3221736401319504	0.820939376950264	2.2419887334108353	1.684063583612442	1.0371204316616058	1.1158226132392883	1.1008987128734589	1.004530742764473	
1.8403598560371959	2.36845788046112	35142.268779963255	-0.4749401807785034	7968.356299012899	3.5075197670197027	52405.45838482678	-0.48444052040576935	8.049607276916504e-05	-283.80481262505054	-1723.3144495040178	3.5462160552218083	47393.05726240575	1.0204230397939682	1.0170601457357407	0.9989842474460602	1.0210130959749222	1.0091192573308945	1.0998862534761429	0.9031765162944794	1.4234960973262787	0.8429302126169205	0.7465236186981201	0.8586403131484985	0.9646473377943039	1.105914443731308	1.2057191878557205	1.0764164626598358	
1.7501254237946726	2.368507906806036	35481.160272851586	-0.5120602697134018	574.9561068415642	3.5074461195076836	54405.56477564573	-0.4905802607536316	7.556378841400146e-05	-220.98302015662193	-9035.513896718621	3.546318986089711	47682.46474045515	1.020608201622963	1.0024059563875198	1.000131756067276	1.100864738225937	1.0981515496969223	1.1942681223154068	0.9641904383897781	1.307260274887085	0.8167848438024521	0.8605029582977295	2.275069236755371	0.98165263235569	1.2219037562608719	1.2448318749666214	0.9876470565795898	
1.8638346212716388	2.3684940536682073	35333.20176625252	-0.5204548090696335	4096.93358951807	3.507532864016353	52993.38479049504	-0.5174896568059921	8.349120616912842e-05	-535.4694623202085	-708.1687355041504	3.5461501436658223	44843.95966351032	1.0258321315050125	1.006107285618782	0.9952465742826462	1.125083476305008	1.119044080376625	1.204606369137764	0.9818410575389862	1.4353548139333725	0.9021834582090378	1.968674972653389	1.3327225148677826	1.1143287420272827	1.2129471451044083	1.3368744850158691	1.0569090992212296	
1.909701717311453	2.3685274590881833	35413.51911711693	-0.5742301344871521	1640.0100325345993	3.5073693652974836	53925.29613023996	-0.5630892962217331	8.916854858398438e-05	-738.777443498373	-1097.3655836880207	3.5462220963658573	46708.69896583259	1.0158640891313553	0.9994525611400604	1.0072309374809265	1.252501219511032	1.2305874824523926	1.3278814554214478	1.0788894295692444	1.528423011302948	0.9578404575586319	1.361149087548256	1.2622649371623993	1.2644520699977875	1.3565685451030731	1.3988728374242783	1.1816099882125854	
1.7598704996078263	2.368519963909441	35477.25525908172	-0.48057952523231506	1470.466958284378	3.5075080146165925	54388.344531178474	-0.4810338616371155	0.00012186169624328613	-479.2996851950884	-624.1445368081331	3.5461820979503473	47447.27933818102	1.0158306807279587	1.0037916004657745	0.9943938851356506	1.046282634139061	1.0292543768882751	1.1117900758981705	0.9058151841163635	1.2777077108621597	0.8233420103788376	0.7919282764196396	1.6758417338132858	1.0285927057266235	1.131614089012146	1.199345052242279	1.0277742147445679	
1.8099749085757486	2.3684804713594794	35098.84988452494	-0.4684109389781952	11342.729295060039	3.5075317217264668	52925.25060713291	-0.4706164747476578	7.863342761993408e-05	-393.52800537645817	-1771.9030126035213	3.546205802554745	46102.85955737531	1.0292314291000366	1.004011556506157	0.9945432543754578	1.0003235191106796	0.9979002475738525	1.0835211127996445	0.8910800963640213	1.366902306675911	0.825796827673912	1.1230729967355728	1.090385690331459	1.0775510519742966	1.097090795636177	1.100897178053856	0.9685906022787094	
1.8372606839868062	2.368405493991855	35332.69339826703	-0.49904200434684753	5946.236541613936	3.5076169706889133	53109.05674555898	-0.5089650452136993	8.131563663482666e-05	-1023.5956246256828	-139.1749093681574	3.546133817228968	45960.49445281923	1.0163019597530365	1.0142997801303864	0.9909461885690689	1.070179432630539	1.0822645872831345	1.1533683836460114	0.9451519995927811	1.4222797453403473	0.893225908279419	2.7040791362524033	1.0638596266508102	1.0933361053466797	1.1724162995815277	1.2733790874481201	1.1074827462434769	
1.747747236256438	2.368516830425682	35511.88201542199	-0.47792497277259827	1965.373313933611	3.5075118816326722	54225.026778653264	-0.47673387825489044	7.511675357818604e-05	-148.1297089010477	-6199.997909799218	3.546223474580187	45981.703943669796	0.9952716678380966	1.000854417681694	1.0137543082237244	1.0421731024980545	1.047891303896904	1.0946195721626282	0.908170610666275	1.2961496114730835	0.812070906162262	0.6947265863418579	1.6649301052093506	0.9804492592811584	1.135565459728241	1.2122663259506226	0.9573804438114166	
1.7768013906535074	2.3684969452739812	35353.771817952394	-0.4818383753299713	2400.576296567917	3.5074698785283416	53985.628544300795	-0.4814956933259964	7.729232311248779e-05	-1109.461550310254	-106.321149289608	3.5462078369691095	47070.53204809129	1.0047044157981873	1.0040825307369232	0.9972338676452637	1.0395147204399109	1.037262961268425	1.1075797826051712	0.9094756990671158	1.308901458978653	0.8324682116508484	2.097840368747711	1.2838784903287888	1.066507264971733	1.1413868963718414	1.214265614748001	1.0243286043405533	
1.766032547510763	2.368433881733008	35245.24878402054	-0.46220411360263824	5585.817463263869	3.507537816406969	52663.00288462639	-0.4636295288801193	7.449090480804443e-05	-640.0168998986483	-428.75406984984875	3.546226100947326	45114.1651878804	1.0279316306114197	1.0028790533542633	0.999867856502533	1.0101520717144012	0.9935048520565033	1.0748222470283508	0.8756546378135681	1.29719278216362	0.8115839064121246	1.3611955046653748	0.9292798489332199	0.9786491245031357	1.0878301411867142	1.1474021971225739	0.9461172521114349	
1.7804596756122144	2.3684722904318916	35118.38680329919	-0.4551570862531662	7951.454267814755	3.507562593818745	52463.64298838377	-0.4590063840150833	7.542967796325684e-05	-387.2909990400076	-1363.1140642762184	3.5462170870836953	48160.266979530454	1.0162749737501144	1.0074597001075745	1.0063724964857101	0.9659278094768524	0.9835816621780396	1.0497642159461975	0.8629941493272781	1.3106765449047089	0.7971220761537552	0.6981394290924072	1.355388805270195	1.3910161405801773	1.0669260770082474	1.120535060763359	0.9610491693019867	
1.808745349626509	2.3685279462992037	35270.90862055123	-0.4952862858772278	4568.232482820749	3.5074779674525502	53339.295589864254	-0.500768631696701	0.004127472639083862	-311.7308740615845	-0.8091038316488266	3.546182632443332	46421.599519357085	1.041338011622429	1.0112433284521103	0.998243659734726	1.0790962725877762	1.0558307766914368	1.1482750475406647	0.9394430816173553	1.2207014113664627	0.8600402176380157	1.7614024430513382	1.7867003381252289	1.0072101801633835	1.1693236380815506	1.1279344409704208	1.0658459514379501	
2.089490804880755	2.368490493249075	35193.56491325796	-0.6861728131771088	2769.6390105187893	3.507448051397377	53393.18469321728	-0.6921370774507523	0.003867432475090027	-619.477322101593	140.5560558885336	3.5460952081018258	47387.17723061144	1.0005119442939758	1.0073433369398117	0.9977357089519501	1.4573893249034882	1.4665476381778717	1.5884620696306229	1.2985104620456696	1.6169443577528	1.1871320307254791	0.9660683572292328	1.1987843811511993	1.6619131863117218	1.5895639955997467	1.6179638803005219	1.4118847250938416	
1.7477349428666762	2.3685047929183356	35343.31218017638	-0.5177427679300308	54.091084972023964	3.507457006682524	52902.02562722564	-0.5122095793485641	0.022076427936553955	-165.0261236280203	16514.488693088293	3.546188187194434	47329.75897732377	1.013841524720192	1.000508189201355	1.0006150305271149	1.1127231568098068	1.0866899192333221	1.188482940196991	0.9791350662708282	0.8842335492372513	0.9055577665567398	1.2497516125440598	1.011737123131752	1.0773733854293823	1.2108366787433624	1.1844869554042816	1.0406553149223328	
1.6816685021212978	2.3685617770528067	35654.08934007585	-0.43039827048778534	1877.9512951523066	3.5074889646413787	53623.22516719997	-0.4256528317928314	6.876885890960693e-05	-388.1552091240883	-1237.6686341315508	3.546243276726216	47007.91517958045	1.0266128778457642	1.0066712647676468	0.9983577132225037	0.9380881786346436	0.9365419745445251	0.9989389777183533	0.8085041046142578	1.1634442508220673	0.7262816578149796	1.046483650803566	1.5206298828125	0.8670616298913956	1.0135828405618668	1.0603926181793213	0.8975595086812973	
2.008330664552903	2.368544905313315	35383.24415996671	-0.6045199930667877	4752.651934117079	3.5074405742964694	52890.677148997784	-0.5979190766811371	9.673833847045898e-05	-421.0264412164688	-1676.865577623248	3.5461502778981178	45579.29496704042	1.0248942822217941	1.0072896033525467	0.9965054094791412	1.306933656334877	1.3279439955949783	1.4037861973047256	1.144574761390686	1.6561374515295029	1.0365270227193832	0.8830713331699371	1.2892509549856186	1.469807282090187	1.4240441024303436	1.46111960709095	1.3087532222270966	
1.6342442311750307	2.3685142897597156	35243.843737870455	-0.41061045229434967	2482.276001304388	3.5075684069802784	53943.96677738428	-0.40482935309410095	6.534159183502197e-05	-280.3751520961523	-1983.6732084453106	3.5462185495483487	47241.49701830745	1.013762965798378	1.012340635061264	1.0034188330173492	0.8815082609653473	0.8737446516752243	0.9450724720954895	0.7781590223312378	1.1154279559850693	0.6911937445402145	0.973833367228508	1.001687839627266	0.8624929934740067	0.9661195576190948	1.0177230834960938	0.8135894238948822	
1.7930169171514412	2.368516296133081	35319.85636371374	-0.5025175362825394	3168.4834206551313	3.507459186408508	53444.12855774164	-0.49796251952648163	0.005135565996170044	-151.4616925418377	-0.7952876091003418	3.5461685012373447	47898.8997848928	1.005978748202324	0.9987694174051285	0.9975211769342422	1.0948338061571121	1.071025162935257	1.168725073337555	0.9509717226028442	1.1533084064722061	0.8544305264949799	1.0574507862329483	1.6709118783473969	1.0502506494522095	1.1913729310035706	1.1485304981470108	0.986788421869278	
1.7789753409848623	2.368441031727023	35468.631144315004	-0.48330187797546387	2228.8289203196764	3.507527413273889	53322.64496892691	-0.4783960282802582	7.653236389160156e-05	-441.91993322968483	-1573.51722535491	3.54621589010005	46413.54889823496	1.0216938257217407	1.012107953429222	0.9975766688585281	1.0553091913461685	1.0473661869764328	1.1183617413043976	0.9099835157394409	1.3109010756015778	0.8211004137992859	1.2695172876119614	1.2001013457775116	1.1900512427091599	1.137947827577591	1.182227298617363	0.996239110827446	
1.8086104763749506	2.36850785702204	35485.87963075936	-0.4677800089120865	6814.7908237576485	3.507516378227953	53237.55388481915	-0.4524078071117401	7.897615432739258e-05	-113.9186734110117	-1163.0568588376045	3.54619427566559	45782.586048319936	1.0324130058288574	0.991693377494812	1.005834698677063	1.0169494599103928	1.0048402845859528	1.0835838615894318	0.8820056021213531	1.2822004407644272	0.7962827980518341	0.8590763211250305	1.5606756061315536	1.0552039444446564	1.0980117321014404	1.200916349887848	1.0532477051019669	
1.9509090214860365	2.368348367540948	35095.37236712873	-0.5712645649909973	6287.704827666283	3.507588672872818	53429.879923671484	-0.574402242898941	9.223818778991699e-05	-719.8738749474287	-991.2699205726385	3.5461197056138962	47495.55669398606	1.0134785026311874	1.0046838074922562	1.0066962093114853	1.2344370484352112	1.2030517309904099	1.314459204673767	1.0792173892259598	1.599241629242897	0.9869230389595032	1.0998034477233887	1.4552976340055466	1.1135575622320175	1.3331861793994904	1.4636237770318985	1.273079290986061	
1.7139477410205048	2.3685121477313564	35461.61433389783	-0.44649380445480347	2439.425021097064	3.507513462152614	53980.124465465546	-0.44785086810588837	7.191300392150879e-05	-498.0524718016386	-1616.4157754033804	3.546141450102042	47730.650814428926	1.0262457579374313	1.0127758383750916	1.0037374645471573	0.9679822325706482	0.9712191671133041	1.0270717144012451	0.8417149484157562	1.237303078174591	0.7740667164325714	1.0411565452814102	1.1368632018566132	1.1071505695581436	1.052648812532425	1.0985756814479828	0.9628582000732422	
1.642728967802736	2.368518412524092	35344.90301606059	-0.42197616398334503	1160.27583527565	3.507462044471762	53038.61260479689	-0.4339330494403839	0.0022956132888793945	-1359.8468493521214	9068.85537801683	3.546199905024588	46508.11364290118	1.022715374827385	1.005583569407463	0.9983241111040115	0.9144569486379623	0.9046190530061722	0.9720383435487747	0.7975867688655853	0.9932240396738052	0.7743005156517029	0.8944896161556244	0.9674259573221207	0.9432263374328613	0.9884402006864548	1.0101361125707626	0.938386395573616	
1.6164454673915691	2.3684938757627685	35371.744346529245	-0.4037139564752579	1468.076628729701	3.507566235564883	53629.898804068565	-0.40861256420612335	6.355345249176025e-05	-1068.2638437896967	-18.02203592658043	3.5462011295531273	46633.66175766289	1.0252023935317993	0.9992614984512329	1.002823606133461	0.8726725727319717	0.8698349595069885	0.9328073263168335	0.761851117014885	1.106003686785698	0.7068838775157928	0.720781072974205	1.5381281971931458	0.8592528700828552	0.9479994177818298	0.9969155937433243	0.8603870123624802	
1.90547302557533	2.368435385558942	35263.490162566304	-0.5348570346832275	6435.22642301023	3.50752756903676	53146.007272705436	-0.5345645099878311	8.751451969146729e-05	-388.4247670918703	-1858.64816313982	3.5462115537280945	47188.83536592126	1.0183142274618149	1.0128985941410065	0.9971501380205154	1.1519204527139664	1.1459462940692902	1.2361290603876114	1.010046362876892	1.5110391825437546	0.9282582253217697	1.0546474307775497	1.6839294582605362	1.1707795411348343	1.2540205270051956	1.349249318242073	1.1271651983261108	
1.7344033463751813	2.3685110887716063	35064.03915591538	-0.440918430685997	7926.022785261273	3.5075394444674375	53334.42605639994	-0.44742003083229065	7.27623701095581e-05	-380.83864241838455	-2581.4605989307165	3.546167678830422	46669.86418655515	1.0186436176300049	1.028004840016365	0.9928615242242813	0.9423109591007233	0.9202654808759689	1.0215254575014114	0.8391590118408203	1.2765135765075684	0.7661907821893692	1.3051463663578033	0.8138280510902405	0.8309265077114105	1.016387552022934	1.0892390608787537	1.014068067073822	
1.7253326752758966	2.3685352978185747	35494.67560251057	-0.48106949031352997	578.9603978842497	3.5074708119983087	54377.70597575605	-0.4674319326877594	7.340312004089355e-05	-373.14609874784946	-2756.525930687785	3.5461210301518182	47147.67765542865	1.0364155024290085	1.0061249434947968	0.9966233670711517	1.0307356119155884	1.01640085875988	1.1147197633981705	0.9069042652845383	1.2595799267292023	0.7920373976230621	0.8088928014039993	3.224398523569107	0.9904361367225647	1.1471644937992096	1.2147095799446106	1.0311712175607681	
1.8428930240054038	2.3684633594179645	35515.19267132878	-0.5301459431648254	1375.7029876410961	3.507544330327647	53984.43003317714	-0.5204038172960281	0.00012643635272979736	-439.7388494461775	-1232.9675638377666	3.5461013491762277	46886.59313996136	1.0294042229652405	1.004930004477501	0.998357504606247	1.1543560922145844	1.1444794237613678	1.225431352853775	0.99720199406147	1.3809452950954437	0.8902944177389145	0.8677192777395248	2.304332509636879	1.1585858464241028	1.2460996955633163	1.305231899023056	1.1043592691421509	
1.71549814225423	2.3684909768154965	35453.81531406939	-0.45217277109622955	1897.1048915982246	3.5075063958377166	53189.66235163808	-0.4500744491815567	7.098913192749023e-05	-356.8574427962303	-1764.869374513626	3.5462436937256494	47024.97872374952	1.0174565017223358	1.009929046034813	1.002195656299591	0.9760296791791916	0.9789644926786423	1.0434528291225433	0.85263691842556	1.2313015908002853	0.7690065503120422	0.7601337283849716	1.1734089106321335	0.9709496796131134	1.0620146095752716	1.1191862523555756	0.9374290853738785	
1.735072543909092	2.3684506046073732	35380.57352936268	-0.4679314196109772	2141.5427718758583	3.5075519853923183	53689.956345409155	-0.462819367647171	7.331371307373047e-05	-414.5894905477762	-1936.9497257173061	3.5462167146634855	46884.62765574455	1.0227216631174088	0.9990413784980774	0.996000126004219	1.0070649832487106	1.002439945936203	1.077601134777069	0.8814653903245926	1.2685376107692719	0.7875404357910156	1.3446700423955917	1.1605618000030518	1.004592701792717	1.089408814907074	1.1446079015731812	0.9756566286087036	
1.8775200978365674	2.3684803056198223	34707.50392970443	-0.5162912756204605	8100.281036794186	3.507513740083512	52279.49533341825	-0.516422301530838	0.004119053483009338	-173.01272135972977	-0.8721721917390823	3.546196140122681	45028.977613553405	1.0194221436977386	0.9853005558252335	0.9944873154163361	1.08943709731102	1.0936667323112488	1.1778161376714706	0.9818439781665802	1.2925256937742233	0.8900528252124786	1.2079567313194275	1.8971504420042038	1.163275808095932	1.2046903669834137	1.1735807955265045	1.2436354160308838	
1.6609457903498952	2.3685177884605264	35350.312914445996	-0.42606011033058167	2193.29915869236	3.507518994379325	53054.24982966483	-0.42402440309524536	6.638467311859131e-05	-447.22530041635036	-677.6268514692783	3.546154364087652	46163.69298450649	1.0186861157417297	1.0257920026779175	0.9998476058244705	0.9202515184879303	0.9236573129892349	0.9713983237743378	0.8045741617679596	1.1672207415103912	0.7205414772033691	0.8353760838508606	1.406842291355133	0.9098071157932281	1.0309652835130692	1.0688850283622742	0.8681966662406921	
1.820633821683232	2.36840444265773	35243.7628993243	-0.5008597820997238	3730.073239043355	3.5075665867561634	53553.05592884123	-0.4964073747396469	8.051097393035889e-05	-381.42278848588467	-2465.8770906478167	3.546209026676398	47525.98636607826	1.0208428502082825	1.0053411424160004	0.9959434568881989	1.0752882808446884	1.0753632187843323	1.158143699169159	0.9487481415271759	1.3728956133127213	0.8516391217708588	0.8603770434856415	1.1690085977315903	1.2523467987775803	1.170476034283638	1.2311880588531494	1.0484418272972107	
1.740640578514352	2.368482003174216	35393.643016308546	-0.4551205486059189	3986.4677404761314	3.5075209315021127	53290.668487250805	-0.4480127990245819	7.322430610656738e-05	-241.67994558811188	-2544.43179538846	3.546260158161396	46677.92627866566	1.0223096162080765	1.011840283870697	0.9960774481296539	0.9836429953575134	0.9735824316740036	1.0540468990802765	0.8589018434286118	1.249273955821991	0.771756500005722	1.5801854729652405	1.0753362029790878	1.01549531519413	1.074305310845375	1.1232387870550156	0.9512993693351746	
1.8816570011827396	2.3684455577655195	35075.55762156844	-0.5230114161968231	8786.522131502628	3.507524789134306	51296.853904500604	-0.5234713852405548	0.0016703903675079346	-324.44926330447197	-0.8831737190485001	3.546192466295691	44199.28237815201	1.011745736002922	1.007421389222145	0.9888535588979721	1.1236571222543716	1.111205905675888	1.223904311656952	0.9933873265981674	1.2961642444133759	0.9128197282552719	0.840214416384697	0.8185614347457886	1.21852208673954	1.2129519879817963	1.2333928346633911	1.0617608726024628	
1.8110366422273687	2.368493359351606	35416.84298451245	-0.5075936615467072	2128.530284270644	3.507401140454818	53624.29183022678	-0.5074105113744736	7.975101470947266e-05	-678.6117649078369	-801.1648907065392	3.546213823668244	47128.47878150642	1.0225168764591217	1.0109311640262604	1.0021369010210037	1.094456747174263	1.0748853385448456	1.1702151000499725	0.9593617618083954	1.3979285955429077	0.8687460124492645	1.0200268179178238	1.4177387952804565	1.1209967583417892	1.183716431260109	1.2349345088005066	1.056983307003975	
1.8912696418019794	2.3684763634882624	35368.166031986475	-0.535154178738594	4803.660515591502	3.507509784173106	53377.463940143585	-0.5435356646776199	8.659064769744873e-05	-641.1948419064283	-2367.289860546589	3.5462391160960363	47702.62970532477	1.0105169415473938	1.0028607100248337	1.0055584162473679	1.139966681599617	1.141755685210228	1.2370886355638504	1.0115363895893097	1.5061548054218292	0.924744501709938	1.029322937130928	0.9648723751306534	1.2294181734323502	1.2499726116657257	1.3151552081108093	1.122484177350998	
1.795822483279483	2.368500457568435	35409.83093178272	-0.506450742483139	2163.0024797916412	3.507484917744918	53376.34555366635	-0.49518781900405884	7.806718349456787e-05	-402.16210030019283	-1551.7099099755287	3.546225228848714	45385.648589372635	1.0159975588321686	1.0152448415756226	1.009959876537323	1.088838130235672	1.076683983206749	1.1745229065418243	0.950933113694191	1.3760571777820587	0.8487210720777512	1.0648868083953857	1.0223198533058167	1.0239462852478027	1.1648270785808563	1.2171564251184464	1.0101215243339539	
1.7278399560228312	2.368505107537164	35545.72076681256	-0.46231839060783386	1092.1400423645973	3.5075197653043566	53399.854307428	-0.46340930461883545	0.0010984092950820923	-425.1163619309664	0.7387897819280624	3.546295568377574	46565.361526072025	1.025842472910881	1.0072848945856094	0.9949803203344345	1.0152259916067123	1.000137746334076	1.0676846951246262	0.8697137236595154	1.1370839625597	0.793141171336174	0.6653657555580139	1.1897814124822617	0.991549551486969	1.0842826813459396	1.1167981177568436	0.9811606854200363	
1.7780600239231317	2.3685180595857607	35428.409829989076	-0.49323131144046783	1239.0984972119331	3.5075775601081594	53383.950931191444	-0.492183119058609	0.0020075440406799316	-292.1594509035349	0.7823716849088669	3.5462050880199283	47690.153608843684	1.0097734183073044	1.009470745921135	0.9975039213895798	1.0604831725358963	1.0467414259910583	1.125526711344719	0.9331322312355042	1.1704818457365036	0.8518078476190567	0.7427913546562195	1.0946829915046692	0.9845614582300186	1.1550307124853134	1.2104685455560684	1.0692506283521652	
