1.8324037544762661	2.3684759079504003	35468.813594058156	-0.4703056365251541	8771.53005412221	3.5076068160508598	52207.94975848496	-0.46924827992916107	7.95125961303711e-05	-210.29307006299496	-1435.5005081444979	3.5461932631292035	45647.113954499364	1.049235761165619	1.020395040512085	1.0063468962907791	1.0210235714912415	1.0468721240758896	1.0895932167768478	0.8862822502851486	1.329676017165184	0.8255720138549805	1.574930101633072	1.2738499343395233	1.2466086447238922	1.0964564383029938	1.293495461344719	0.933551549911499	
1.6095929496886299	2.3683706382521663	34974.216378197074	-0.391389399766922	4419.54976657033	3.50746113635785	53450.29338635504	-0.3983068913221359	6.279349327087402e-05	-1616.3356299549341	338.0321112126112	3.546145987795323	46714.57631640136	1.0083427429199219	0.995778813958168	0.9946501404047012	0.8405128568410873	0.8352052122354507	0.911725178360939	0.7406027168035507	1.1038156002759933	0.7104803621768951	0.8445106893777847	0.7795242071151733	0.7839439511299133	0.9199700057506561	0.9591527730226517	0.8919547349214554	
1.8586194664901128	2.3684930917994436	35102.38077451289	-0.49379704892635345	9520.087162286043	3.5075984085180227	53437.504653677344	-0.49892406165599823	8.372962474822998e-05	-403.7267977297306	-1826.3412886410952	3.5460759949127514	47480.116343170404	1.0104044526815414	0.9959085583686829	0.9963423013687134	1.046310767531395	1.0377511233091354	1.132461816072464	0.9416128545999527	1.4156637787818909	0.87375108897686	0.8110232949256897	1.7105673998594284	1.049397125840187	1.1678784787654877	1.195825681090355	1.015988051891327	
1.857605821604399	2.3685259177063753	35626.16026738286	-0.542402982711792	607.6501919478178	3.5074975422371044	53780.57445137203	-0.5350102633237839	8.416175842285156e-05	-442.24851371347904	-3075.5316426306963	3.546191826652121	47192.855902820826	1.0243641287088394	1.0172216892242432	0.995187446475029	1.1879544407129288	1.1742374897003174	1.2539253383874893	1.019158586859703	1.4445410370826721	0.9101902991533279	0.9376846849918365	0.9497054070234299	1.2777834832668304	1.2814704477787018	1.312772586941719	1.1789691597223282	
1.6083846613641715	2.3685038068682704	35510.47079786658	-0.4281158596277237	49.31602568924427	3.5075056855827866	53504.883199989796	-0.4259486496448517	0.01550474762916565	-359.7179834842682	17691.224843785167	3.5462185942024385	48153.755824521184	1.028023973107338	1.0033728033304214	1.001567468047142	0.938060536980629	0.9240721315145493	0.9872404485940933	0.807545006275177	0.7606228142976761	0.7628671228885651	0.8080706745386124	0.9691451042890549	1.139191523194313	1.0083563029766083	0.9694241434335709	0.9381211847066879	
2.1045799404059653	2.3685023045975493	35320.792804688215	-0.6548797339200974	6210.593509450555	3.5074949448295025	53588.262828692794	-0.6436475962400436	0.00010764598846435547	-238.4918847680092	-3776.0893513411283	3.5461768985052036	47281.17002362013	1.0206414312124252	1.013651356101036	1.002885490655899	1.418233335018158	1.429394707083702	1.5087121278047562	1.2406581342220306	1.7969872504472733	1.119927242398262	1.0756134241819382	1.3637137413024902	1.6080431193113327	1.5419596433639526	1.6201215982437134	1.4576789289712906	
1.8006391598237508	2.3685563712468594	35486.48760922253	-0.49140769243240356	2251.1606152057648	3.507511846445927	53260.80511982739	-0.49296365678310394	7.832050323486328e-05	-735.4988206475973	-771.512383043766	3.546176649818261	47299.92756053805	1.0243070125579834	1.006296917796135	1.003475695848465	1.0642921179533005	1.062065988779068	1.1342643648386002	0.9263878166675568	1.344193309545517	0.8470240533351898	0.8901838660240173	1.4461975544691086	1.093882143497467	1.1577365100383759	1.228372871875763	1.0339132249355316	
1.9614206561123964	2.368524088544454	35394.34561955929	-0.5613452643156052	6064.14249394834	3.5075139558638297	53044.64761522412	-0.5620981603860855	9.255111217498779e-05	-367.34644919633865	-1179.9993858635426	3.54620027475774	46953.90235234797	1.0187618285417557	1.0204733312129974	1.0007625818252563	1.236377239227295	1.2188469171524048	1.2934828102588654	1.0626194179058075	1.5704534500837326	0.9659915119409561	0.9196863770484924	1.31913360953331	1.3732174336910248	1.308358445763588	1.357044368982315	1.1308571696281433	
2.2086461823319827	2.3686056756023577	35550.82778532803	-0.7265989035367966	4482.898486852646	3.50726552959309	53492.750775933266	-0.7256763875484467	0.00011830031871795654	-886.8393566012383	-1308.213096305728	3.5460185112946236	46759.11303277314	1.0147606134414673	1.0206331759691238	0.9970518350601196	1.5784175992012024	1.572463408112526	1.7010188400745392	1.3659567534923553	1.9897019416093826	1.260335698723793	1.0642277002334595	4.1383777260780334	1.712093397974968	1.7362549155950546	1.8400097638368607	1.553251102566719	
1.900440610281637	2.3685019690161315	35222.338691815734	-0.5314620137214661	6321.256435915828	3.507499068821868	53130.2466352433	-0.5313033163547516	8.702278137207031e-05	-208.58070242404938	-3114.9243929088116	3.546122564833948	47075.53824643791	1.0236685425043106	0.9989031851291656	0.9943243116140366	1.1403575837612152	1.1439430266618729	1.2273869961500168	1.0082278847694397	1.488297775387764	0.9136194884777069	0.937702864408493	0.9660452455282211	1.2006747871637344	1.2432434856891632	1.3044079542160034	1.0945104658603668	
1.7137465707118982	2.3685195936162082	35484.84540344775	-0.4401038587093353	2800.5949775874615	3.5074922193301146	53536.01838169992	-0.43251991271972656	7.130205631256104e-05	-339.0535317212343	-1227.6137418597937	3.546217294130341	46260.19745796919	1.0119078010320663	1.0015993416309357	0.9900870770215988	0.9568403214216232	0.9486835151910782	1.0113350003957748	0.8282954543828964	1.1896123886108398	0.7476336658000946	0.6480864137411118	1.774625688791275	1.0026698559522629	1.0404947102069855	1.1251243501901627	0.8991611748933792	
1.8644341675839424	2.3686097202335867	35551.29961845279	-0.5208644568920135	2452.9762202352285	3.5075145790394417	53500.923303201795	-0.5286188870668411	8.435547351837158e-05	-845.2526774406433	-621.9556217342615	3.545710363585184	47312.54952803254	1.0267688035964966	0.9988936632871628	0.9974917769432068	1.1346143782138824	1.1316011399030685	1.1892083585262299	0.9815477132797241	1.4368993788957596	0.919153243303299	1.0227381438016891	4.313793167471886	1.2486419826745987	1.219261959195137	1.3099352419376373	1.1061343401670456	
1.7536388637039302	2.3684857471185965	35808.97888185084	-0.4463789463043213	2645.3809897452593	3.50738584946223	53145.99322363734	-0.46626000106334686	7.41034746170044e-05	-987.4954921603203	-57.880194664001465	3.546189389842529	44898.311214476824	1.000204786658287	0.9987017214298248	1.0086787790060043	0.9795372039079666	0.9957699328660965	1.0317964255809784	0.8389533460140228	1.2707993388175964	0.8151500821113586	0.8560973703861237	4.365934282541275	1.2911670804023743	1.0299453884363174	1.1744298040866852	0.9449442625045776	
1.7672956915475906	2.3685858385078786	35760.44882620871	-0.46155281364917755	1561.7284292280674	3.507526552041887	53198.89065806568	-0.4715102016925812	7.53551721572876e-05	-906.3792805671692	-204.25796209275723	3.546087280162083	46208.42632423341	1.0237435102462769	1.0137122869491577	1.0100164413452148	1.035635992884636	1.0116545110940933	1.0691211521625519	0.8733524978160858	1.276646763086319	0.8201242089271545	0.7676627039909363	2.6967599987983704	1.017850250005722	1.0707800686359406	1.1512693017721176	0.9824391305446625	
1.578161502865328	2.368633019788639	35559.81414140761	-0.3809559494256973	1222.388452500105	3.5076529224167814	52812.93180912733	-0.3840287923812866	5.9664249420166016e-05	-1199.3779178857803	497.3238087743521	3.545763491640919	48314.995458588004	1.0198292583227158	1.0290691405534744	0.9966976195573807	0.8455865979194641	0.8143645823001862	0.8812673985958099	0.7189328521490097	1.0521899610757828	0.6940919607877731	1.3109375089406967	0.8987998068332672	0.814979150891304	0.8922320455312729	0.9459245204925537	0.8298868238925934	
1.7894692497809674	2.3684916233553075	35484.81720402837	-0.4770265072584152	3317.3263305723667	3.507537227116682	53589.87350764871	-0.4694375544786453	7.782876491546631e-05	-318.5792682617903	-768.9960852265358	3.546240322132487	48071.639840617776	1.0184104442596436	1.0098824054002762	1.0025868862867355	1.0351837128400803	1.028699278831482	1.1058243811130524	0.9011698216199875	1.3044319599866867	0.8158833682537079	1.3733967989683151	1.133802056312561	1.606157273054123	1.1150225698947906	1.186913788318634	1.0090070962905884	
1.831255024252127	2.3685192997584843	35250.96357561648	-0.5151050984859467	4001.2866930663586	3.5074032546693443	53560.595378264785	-0.5146002024412155	0.004372343420982361	-265.26249155402184	-0.8297805339097977	3.546302418067308	47240.66378836334	1.0245107412338257	0.9975720942020416	1.00130295753479	1.1127173006534576	1.1066794097423553	1.197315290570259	0.9743496924638748	1.2491185814142227	0.8766214698553085	0.9760038703680038	1.8564509004354477	1.223498284816742	1.1876708269119263	1.2411068230867386	1.057019054889679	
1.9831783620706838	2.3684043839679334	35268.20066854358	-0.5927129983901978	4309.808220475912	3.5074257928555657	53348.440080463886	-0.5917612314224243	9.514391422271729e-05	-912.5935711413622	-522.0222125351429	3.5461012047773357	47537.03788553178	1.024801716208458	1.0087843239307404	1.0042404681444168	1.288544088602066	1.2792836129665375	1.372459053993225	1.120719090104103	1.630029559135437	1.0216141939163208	0.9716198891401291	1.6474855542182922	1.380015105009079	1.3846348226070404	1.4542752802371979	1.2447063773870468	
1.739802136588703	2.368521964515439	35297.62274648249	-0.42873506247997284	7607.010667711496	3.507480962309374	54661.06745445728	-0.42556075751781464	0.0001318901777267456	-301.0763877481222	-809.0016972124577	3.5462066267734884	48282.678586259484	1.0307113826274872	0.9945467114448547	0.9952233731746674	0.9455041885375977	0.9336938709020615	0.9865140318870544	0.8124773800373077	1.170313984155655	0.7614370733499527	0.623061940073967	3.8978231102228165	0.862575426697731	1.0110809952020645	1.0782339870929718	0.9367090165615082	
1.7971883115262155	2.3685320150095572	35406.270555093884	-0.49439603090286255	2489.0930911898613	3.5074205892687362	53679.063159033656	-0.4929842948913574	0.00011458992958068848	-551.5027385056019	-897.6517778486013	3.5462410568354388	47242.82066360116	1.0220378935337067	1.0043981820344925	0.9964887201786041	1.0675396621227264	1.055690586566925	1.139666736125946	0.9327206760644913	1.3307575434446335	0.8469319939613342	0.9832243472337723	1.1003099828958511	1.6838611662387848	1.1628573834896088	1.2124846428632736	1.0414399057626724	
1.6568921324130985	2.3685358375003576	35435.318982198834	-0.39411622285842896	4634.013955920935	3.5075351513762216	54154.3071757704	-0.3929589241743088	6.742775440216064e-05	-575.5686601698399	-928.0899388641119	3.5461948702332298	49677.50518628955	1.0294676423072815	0.992680698633194	1.0136731714010239	0.8771786838769913	0.8288062512874603	0.9098387807607651	0.745330199599266	1.0902106165885925	0.684940755367279	0.8995645940303802	1.226072534918785	1.2248036414384842	0.9238772839307785	1.0910724699497223	0.8423333615064621	
1.8818221082100728	2.368587442443789	35423.55600127578	-0.5372821390628815	2186.7007650882006	3.507524197356511	52966.99438466132	-0.5268329679965973	8.507072925567627e-05	-207.06843475997448	-3227.926339134574	3.546100911265151	46685.50391127169	1.0203676372766495	1.009286254644394	0.9966772347688675	1.1637851744890213	1.1629273146390915	1.2375265657901764	1.0121814459562302	1.434942901134491	0.9013759791851044	0.8290866613388062	0.9143826365470886	1.3106983453035355	1.2575592994689941	1.3165693581104279	1.1374754309654236	
1.758006153373523	2.36849132779227	35279.41736854613	-0.45922841131687164	6348.776763647795	3.5075534286807284	51134.420773893595	-0.44769802689552307	7.167458534240723e-05	-304.12060713768005	-263.69173434376717	3.546246341224854	44605.8827201128	1.0307965874671936	1.005716934800148	1.0014064013957977	1.0129863321781158	0.9537407755851746	1.0745321810245514	0.8660540580749512	1.2890820652246475	0.7860182672739029	0.7175909131765366	0.8983021378517151	1.0416279584169388	1.1104593724012375	1.1079255044460297	0.9465211778879166	
1.6065857303644273	2.368540816673747	35467.42868967354	-0.41988302767276764	185.9038033336401	3.5075402655000545	52998.563433110714	-0.4184279441833496	0.010298177599906921	-216.29726596176624	5020.289302647114	3.5462188604088585	46536.551777392626	1.019919440150261	1.0017652213573456	1.0010286420583725	0.9161376357078552	0.9072487354278564	0.9654569625854492	0.7925502955913544	0.8056895434856415	0.7296807318925858	0.6447548866271973	0.9152056723833084	0.9002556055784225	0.9886583536863327	0.9672672897577286	0.8811758607625961	
1.8539028582951	2.3685361551524307	35170.49351131916	-0.5032327175140381	8590.682859227061	3.5074827161508035	53156.153274297714	-0.5039687901735306	8.285045623779297e-05	-465.1584784090519	-1312.0392809659243	3.546193674356089	51306.26327551901	1.0099842250347137	0.9985988885164261	1.0122581869363785	1.0632498264312744	1.0441745221614838	1.1638490408658981	0.9526931047439575	1.4344109892845154	0.8801283538341522	0.8225403726100922	0.7619828134775162	1.07110895216465	1.2126630544662476	1.2670611441135406	1.2185473293066025	
1.6328338463907435	2.368511574411655	35387.09363208711	-0.448369100689888	38.68836656212807	3.5075047574644342	53020.80368843675	-0.43793217837810516	0.01839694380760193	-237.6674945950508	21150.904600948095	3.5461969837197196	47130.67677728832	1.0187912285327911	0.9942548274993896	0.9975142478942871	0.9708276391029358	0.9592278897762299	1.0319547653198242	0.8473586738109589	0.7499921172857285	0.7860265821218491	0.766036719083786	1.3205020874738693	1.1345321983098984	1.047492355108261	1.0330646336078644	0.9235389530658722	
1.7345473769384243	2.3685209421712927	35222.3908983469	-0.41858552396297455	8931.401692271233	3.5074743528309216	51343.65639027953	-0.42784740030765533	7.005035877227783e-05	-690.8072001188993	619.7308835238218	3.5462269359017164	47450.5574169904	1.005735144019127	1.0145309418439865	1.0025044530630112	0.8959431797266006	0.8853150904178619	0.9682345986366272	0.7974010556936264	1.241575375199318	0.7653887718915939	0.7881332039833069	1.0743996798992157	0.8381028771400452	0.9751587808132172	1.067067340016365	0.9396796673536301	
1.6387569327295617	2.3685486369259254	35425.58374595642	-0.40762004256248474	2106.6071025133133	3.5074986324583786	52757.791470870376	-0.40468651056289673	6.42538070678711e-05	-684.8203518092632	-162.67960277199745	3.5462023592982432	44840.1978495419	1.0269166231155396	1.0117369145154953	0.9950957894325256	0.8887191861867905	0.8743616491556168	0.9370300471782684	0.7689205259084702	1.1096715033054352	0.6988267302513123	0.6807276755571365	0.904703751206398	0.8688662052154541	0.9485407322645187	0.9724607616662979	0.891094446182251	
1.735032239856002	2.368492260148357	35380.82296155393	-0.47403840720653534	1160.8326907008886	3.507481707718614	53966.81176356971	-0.46864400804042816	7.367134094238281e-05	-577.9732152819633	-465.1561816781759	3.546227429416612	46013.116603165865	1.0293685644865036	1.0151656121015549	0.9973543584346771	1.009006530046463	1.0154155045747757	1.0947338193655014	0.893763080239296	1.2799114435911179	0.799739345908165	0.9849345088005066	0.8042615205049515	1.3161773383617401	1.1251018345355988	1.1450074464082718	1.092767208814621	
1.5080202345622622	2.3685916208747377	35543.37152145803	-0.35090796649456024	948.8983161449432	3.5074797271983287	53975.14752201736	-0.35368064045906067	5.5670738220214844e-05	-980.3275827169418	0.5627464205026627	3.5460709029640323	46984.708970949054	1.0336689054965973	1.0065705627202988	0.9972858726978302	0.7702328711748123	0.7567271292209625	0.807588592171669	0.6584658175706863	0.9524850398302078	0.6129396706819534	1.4229158908128738	0.643406480550766	0.9387500733137131	0.8314947187900543	0.868735134601593	0.7506294101476669	
1.7414005239103383	2.368486651420189	35447.199184417725	-0.5200760513544083	44.021007001399994	3.5073717419813906	54369.826821655035	-0.516609251499176	0.01598525047302246	-591.3789627999067	8862.842168226838	3.5462022659579766	48701.96221727133	1.0250366777181625	1.0090656131505966	1.0036717057228088	1.1222284585237503	1.1558463275432587	1.2014476507902145	0.982294574379921	0.9524783790111542	0.8926013261079788	1.3257253915071487	1.713225468993187	0.9837013930082321	1.2379236072301865	1.1934836506843567	1.0926470458507538	
1.7999427711795637	2.3685094605947095	35263.8680242151	-0.4788454622030258	5221.47481559217	3.5075511145355502	52884.33804933727	-0.4762810468673706	7.770955562591553e-05	-186.6731514632702	-2786.6905446350574	3.5462497822642907	46022.76077796519	1.0196897089481354	1.0071714520454407	0.9985281676054001	1.0255273282527924	1.0187161713838577	1.1036914438009262	0.9057938605546951	1.343638151884079	0.8217543810606003	0.8577550947666168	1.2127139270305634	1.199516013264656	1.1234537959098816	1.161500245332718	0.9940430521965027	
1.7730912766212021	2.3685362194210513	35553.17476736009	-0.48629483580589294	1728.1508940160275	3.5075034812025905	53378.36679242551	-0.4820180684328079	7.611513137817383e-05	-336.85293669998646	-2648.0594252198935	3.546206507714466	46897.8228867352	1.0190965235233307	1.0053167343139648	1.0018595457077026	1.0529846549034119	1.044964760541916	1.125502422451973	0.9157208800315857	1.3200134485960007	0.8170659989118576	0.7470031678676605	1.995688408613205	1.0264415740966797	1.148067370057106	1.2037151455879211	1.0025799572467804	
1.810348525068575	2.368453312386269	35854.031080812216	-0.5002996623516083	2395.979281708598	3.5074934178366237	53515.76599688828	-0.49478763341903687	7.958710193634033e-05	-830.1498476564884	-307.1413647979498	3.5461529321934067	45412.21177509427	1.0214787274599075	1.0133809596300125	0.9940955638885498	1.0626939982175827	1.0919291526079178	1.1670575439929962	0.9376690685749054	1.3596604764461517	0.8549807071685791	1.7807397097349167	1.849103957414627	1.1569521129131317	1.1726095378398895	1.199763223528862	1.0398950427770615	
1.9644480236805768	2.36846654272357	35327.894064217806	-0.5765617191791534	6161.925729081035	3.5075312115170885	53271.34644335508	-0.5739746540784836	9.323656558990479e-05	-335.2350985109806	-3560.966260328889	3.5461790007727862	46242.038484066725	1.0239155739545822	1.0075666904449463	0.9972104430198669	1.2412464171648026	1.2262499034404755	1.3335082828998566	1.0910201221704483	1.6031123995780945	0.9880500584840775	0.943572148680687	1.2814333587884903	1.2365860044956207	1.3497903645038605	1.4094459414482117	1.2146814912557602	
1.7507237331509133	2.368543636838131	35515.84057188034	-0.4685691148042679	2040.8522432297468	3.507521705148868	52839.22852522135	-0.45663970708847046	7.34478235244751e-05	-277.3235039114952	-2908.7021002173424	3.5462151135501836	45210.11861512065	1.0281646400690079	1.01051726937294	1.0043170750141144	1.0354316234588623	1.0062720626592636	1.0816856771707535	0.8815125674009323	1.238922968506813	0.7829208374023438	0.7444468885660172	0.9179539382457733	0.9501708596944809	1.1011505275964737	1.1675780415534973	0.9552105069160461	
1.8178495781756083	2.3684991540618996	35504.43527247012	-0.5066891014575958	3713.6458998173475	3.5075046874233107	53934.31674461067	-0.4967111796140671	0.002485916018486023	-208.97672802209854	0.8316913545131683	3.5462044067410523	49091.673530712724	1.0229922086000443	0.9932712614536285	1.008041426539421	1.0869969129562378	1.0914019495248795	1.1691285967826843	0.9562758356332779	1.1840302795171738	0.8621281534433365	1.1667040288448334	1.4443040490150452	0.9339403212070465	1.1931688040494919	1.2643363922834396	1.1248449981212616	
1.8021879926762374	2.3685440808823883	35581.1931553036	-0.5069477558135986	1029.7302580624819	3.5074562878521536	53081.23433418572	-0.5050689578056335	0.0008717626333236694	-584.235086157918	0.803747683763504	3.5462289072218516	45764.819316506386	1.0189506113529205	1.0141802281141281	0.9999452084302902	1.117149457335472	1.1152990907430649	1.1702046692371368	0.9542084634304047	1.2424475699663162	0.8664961606264114	1.0547443628311157	1.3901021033525467	1.1262770742177963	1.1824521869421005	1.203012228012085	1.0764814168214798	
1.8969777343969263	2.3684855661198485	34896.81281962991	-0.5129717141389847	10651.364266395569	3.5075244631972873	54161.7689460367	-0.5266193747520447	8.83936882019043e-05	-429.23269931972027	-1590.531561806798	3.5461288071738077	49921.235807552934	1.0180949568748474	0.9832700937986374	0.9955467134714127	1.10196053981781	1.096537634730339	1.1849191188812256	0.9771256893873215	1.5055277943611145	0.9246283769607544	0.8527102172374725	0.984417274594307	1.0847964137792587	1.177168145775795	1.2546313107013702	1.1306814849376678	
1.8296631428062669	2.368521513011869	35669.99703454971	-0.5015842616558075	2261.8528465032578	3.507493855174446	53140.04711660743	-0.4907219260931015	8.067488670349121e-05	-285.1492095589638	-1422.4305859357119	3.5461983943410633	47591.86104770005	1.0181008279323578	1.0078285336494446	1.0109368860721588	1.124999776482582	1.0823534280061722	1.1649566441774368	0.9406476765871048	1.3424298763275146	0.8464736491441727	1.2029256075620651	1.205551654100418	1.2555025070905685	1.168817400932312	1.2235368937253952	1.0351792126893997	
1.87025370227135	2.3684842664970667	35244.02042533457	-0.5203775465488434	5903.257585719228	3.507539587966084	53518.66932827234	-0.5203888714313507	9.208917617797852e-05	-475.508544459939	-751.2313138097525	3.5462950261937682	47439.40453450382	1.0177355110645294	0.9971637576818466	0.9988759756088257	1.119806930422783	1.102214738726616	1.2023113816976547	0.9866187423467636	1.440848633646965	0.908701553940773	0.9767931997776031	1.100710928440094	1.040507972240448	1.2254280000925064	1.2755029648542404	1.1056459248065948	
1.7929219642755847	2.3684758572170606	35168.2510895282	-0.4571979194879532	11789.428923100233	3.507478322932241	53737.403066560626	-0.4750553220510483	7.833540439605713e-05	-245.76464512944221	-2661.0592176020145	3.546228285112004	53335.03377503157	1.0002068877220154	1.001840204000473	1.0052434206008911	0.9639217257499695	0.9607059806585312	1.0558411926031113	0.8724212646484375	1.3833130151033401	0.8335561603307724	0.9623773396015167	1.5811644196510315	1.1676948517560959	1.0753199458122253	1.166754499077797	0.9738596528768539	
1.930100559745052	2.3684597442171325	35525.23591662943	-0.5607811957597733	2032.350465297699	3.5075051304419236	53270.339996472	-0.5549850463867188	0.0005804300308227539	-501.39219848811626	-53.67332601547241	3.5460810538526584	48066.52785935998	1.011956736445427	1.0002615451812744	0.9969856292009354	1.222749263048172	1.2474311292171478	1.2878013104200363	1.0554257929325104	1.380973920226097	0.9586039930582047	1.1948074996471405	1.4310916066169739	1.329546496272087	1.3271093368530273	1.4327337741851807	1.123411014676094	
1.8246932693662221	2.368468085478376	35363.96136972308	-0.5058076679706573	3111.5680622309446	3.5075285102355145	53251.181310370564	-0.5005301237106323	8.04215669631958e-05	-417.3410961329937	-1461.1485063582659	3.5462255131174922	46915.57289157808	1.024780973792076	1.0061143040657043	1.000019297003746	1.0953703224658966	1.0780064463615417	1.1667778491973877	0.9545371830463409	1.3801076263189316	0.8591132760047913	0.9485649615526199	1.0935415625572205	1.1004080772399902	1.186914786696434	1.2451978772878647	1.0603612810373306	
1.7985722229226226	2.368501262349825	35366.38826149702	-0.490987166762352	3437.1508733034134	3.507518130859855	53325.97106175125	-0.4820781499147415	0.0004878044128417969	-312.5277777016163	-279.5770420283079	3.546175236024575	46140.260367795825	1.0111050009727478	1.0049671977758408	1.0002672523260117	1.0640649199485779	1.0502558201551437	1.1349390596151352	0.9272816926240921	1.2461228221654892	0.8324743807315826	0.6172592490911484	1.0153383314609528	1.1531343460083008	1.1557357460260391	1.2017061561346054	1.029551088809967	
1.949974480651618	2.368527072148488	35039.47751553357	-0.5292651057243347	13299.318512037396	3.507569987985664	53405.04250173271	-0.5387902855873108	9.210407733917236e-05	-561.1006178855896	-465.0875020623207	3.546143775332596	48947.009741678834	1.0317362546920776	1.001314029097557	1.0026938319206238	1.1414467990398407	1.0998921543359756	1.2175572365522385	1.0097099542617798	1.5458562225103378	0.9625345021486282	0.6748997867107391	0.8886659890413284	1.495747148990631	1.2347373515367508	1.3459896594285965	1.1161307245492935	
1.6322805325393397	2.3685321971143067	35584.09054033458	-0.44646354019641876	38.66214710474014	3.5074705033525135	53283.069588556886	-0.43871280550956726	0.013950437307357788	-355.64709690213203	14683.606619983912	3.5462180466181237	46655.265636116266	1.0220971405506134	1.0246203392744064	0.9997953623533249	0.96391861140728	0.951086238026619	1.0336962789297104	0.838436096906662	0.789219468832016	0.7758473604917526	0.7043671160936356	1.2989090532064438	0.9489016085863113	1.0437035709619522	1.0561681687831879	0.9467806816101074	
1.9160044490898709	2.3685207273598636	35209.04751807451	-0.5111217945814133	9668.15131624043	3.507482129458411	52850.71657791734	-0.511136382818222	8.799135684967041e-05	-351.62653067708015	-846.8506944179535	3.54619239549887	46907.214584201574	0.9963748306035995	1.0242126435041428	1.000462993979454	1.1109906136989594	1.1316339373588562	1.180920496582985	0.9684773236513138	1.4436320960521698	0.9096893668174744	0.8445755243301392	1.4128934442996979	1.1432521343231201	1.181621327996254	1.2795422226190567	1.1165412813425064	
1.9383364138023853	2.368478713185103	35514.937720775604	-0.5341625511646271	6690.877533659339	3.5074734156402103	53076.58374749124	-0.5442260056734085	9.043514728546143e-05	-623.1526180356741	-479.62340269982815	3.545991141912181	47883.64334642887	1.015008494257927	1.0197039246559143	1.0045999139547348	1.1621370017528534	1.1606522798538208	1.2400202006101608	1.0103953182697296	1.5302795469760895	0.9515522867441177	2.282566577196121	1.4783233106136322	1.2632704377174377	1.2344872057437897	1.3165320605039597	1.1730259209871292	
1.8570995912737704	2.368479111586657	35536.80904178321	-0.5215024352073669	3327.700924128294	3.507508203017824	53544.48894503713	-0.5154149234294891	8.375942707061768e-05	-344.05728083848953	-1561.21554492414	3.546141172960485	46925.73039408028	1.0244029462337494	1.0112819224596024	1.0014128237962723	1.1345983743667603	1.126941978931427	1.214415118098259	0.9786037504673004	1.4203608930110931	0.8884948045015335	1.1298184096813202	1.3978994637727737	1.2335700690746307	1.2308132350444794	1.3033217191696167	1.0877851098775864	
1.7964970202331318	2.368563821571413	35314.90855845809	-0.47017820179462433	7032.161598056555	3.507491518057617	53054.17649842799	-0.4659724235534668	7.764995098114014e-05	-183.86195316910744	-2071.769384533167	3.5461994821887917	46238.34039244056	1.0270693898200989	1.0111896395683289	1.004132702946663	1.002252459526062	0.9972222000360489	1.0841278284788132	0.8900059312582016	1.314980909228325	0.8113118410110474	1.289352759718895	1.2151537090539932	0.9207266122102737	1.112739384174347	1.1417421400547028	0.971314013004303	
1.87938525755159	2.368487248870637	35720.75428530574	-0.5163946002721786	5054.383326232433	3.5075127292759296	52782.14029125869	-0.5100914090871811	8.45491886138916e-05	-228.58076670765877	-759.9330618232489	3.5462248580714313	46468.98785418272	1.0264669358730316	1.0231770128011703	0.9962408244609833	1.1509497612714767	1.1350670158863068	1.2042152881622314	0.9679156094789505	1.4359791725873947	0.8764293789863586	0.8251297175884247	1.015384465456009	1.227088451385498	1.205992192029953	1.3404057025909424	1.1053447276353836	
1.927186022275368	2.368557942788606	35432.8906236887	-0.5722297728061676	2246.8620392531157	3.50745518749087	53483.103425338864	-0.5673288851976395	9.007751941680908e-05	-286.71691657602787	-3395.8447577655315	3.5461657790489345	46878.970142394304	1.0277812331914902	1.003530591726303	0.998553529381752	1.234937310218811	1.2337668240070343	1.3204490542411804	1.0787852555513382	1.5493270456790924	0.9665493071079254	1.513027310371399	1.4085675477981567	1.4012252241373062	1.34464493393898	1.4213526099920273	1.1983578503131866	
1.801088617525329	2.3684938509804425	35331.14829137921	-0.4696982204914093	8001.505082383752	3.507530074911943	53175.6566170156	-0.46541599929332733	7.82310962677002e-05	-259.194015994668	-5324.7393219172955	3.5462431944104553	48299.45924411714	1.0196392387151718	1.018881916999817	1.0012639313936234	1.0052826553583145	1.0207532346248627	1.088949203491211	0.8889912515878677	1.3896217495203018	0.8088193386793137	0.9838464260101318	1.116682842373848	1.0859656035900116	1.1114231795072556	1.1470792591571808	1.0096768140792847	
1.7634731233389012	2.3684553412433247	35369.69795721769	-0.4998742789030075	800.1138469129801	3.507485329430192	53592.92636139691	-0.5020546615123749	0.004569515585899353	-543.8225622028112	760.2430509626865	3.5461586205329874	47256.86339366436	1.0279309898614883	1.0078916549682617	0.9978578686714172	1.078791230916977	1.068659856915474	1.1522288620471954	0.9443233013153076	1.114658683538437	0.8611404895782471	0.7486607581377029	1.3834921717643738	1.1144545674324036	1.1791283339262009	1.1810533702373505	1.0146917700767517	
1.6976969876829284	2.3684746683395907	35458.455899983644	-0.4858524650335312	41.82371264696121	3.5075208746963944	54422.223416909575	-0.4833783358335495	0.008359134197235107	-509.08738297224045	3502.7637388408184	3.5462107223704176	47653.32171905041	1.045106053352356	1.0049295127391815	0.9861811399459839	1.0521748065948486	1.0720227360725403	1.1234658062458038	0.9124786555767059	0.9455680400133133	0.8221604079008102	0.6429942846298218	1.3078259974718094	1.110807403922081	1.1413820832967758	1.1500302255153656	1.034726768732071	
1.7826925126048752	2.368513191689607	35252.85777208209	-0.42371276021003723	16230.27555961907	3.50750896516371	51768.369669780135	-0.4324600398540497	7.461011409759521e-05	-235.62051248550415	-1011.1329927742481	3.546243630353713	46645.83521395922	1.0223198235034943	1.0114800333976746	0.9999963343143463	0.9158849269151688	0.9123840630054474	0.9911036938428879	0.808140754699707	1.2737062573432922	0.7776891142129898	1.3612199425697327	1.146943524479866	1.1590343117713928	1.0014615654945374	1.0377103686332703	0.9564641118049622	
1.8556015380378508	2.3685695860306115	35348.58260431886	-0.504742443561554	6102.261794894934	3.5074956893220017	53200.92269651592	-0.511361613869667	8.307397365570068e-05	-541.8729671537876	-1652.3508114367723	3.546078165828091	46317.92145630717	1.028494507074356	1.0054184794425964	0.9995711296796799	1.0831069350242615	1.0586747527122498	1.170565664768219	0.9582917541265488	1.4232649058103561	0.882194921374321	1.0343804508447647	1.2334604859352112	1.255872368812561	1.186205729842186	1.2863358557224274	1.2651448994874954	
1.7329308783372117	2.3685277637342708	34915.87390831113	-0.42369817197322845	10316.47951425612	3.5075664586953694	52613.07518899441	-0.42038702964782715	7.165968418121338e-05	-446.3085592240095	-234.73997031152248	3.5462739399643963	48930.84745337069	0.9595747292041779	1.005073830485344	0.9961409717798233	0.9029575288295746	0.8991012424230576	0.9683176726102829	0.8083396553993225	1.2138173133134842	0.7488532662391663	0.9129773378372192	1.1765505969524384	0.9678596556186676	0.9901041090488434	1.1050708591938019	0.8658317774534225	
1.6917180034246297	2.368520046653258	35564.31108273566	-0.4327390491962433	1609.967383414507	3.5075057280075956	53640.87716585398	-0.42582185566425323	6.961822509765625e-05	-309.0724346637726	-979.3462006747723	3.5462616030070273	47189.974941924214	1.023500144481659	1.0058932304382324	1.001193791627884	0.9369639307260513	0.9373049736022949	0.9975965172052383	0.8145984709262848	1.1596152931451797	0.7344327121973038	0.7439099848270416	1.663547232747078	1.4243829846382141	1.0151249021291733	1.0747611224651337	0.8914176970720291	
1.639518142098136	2.3686233851647502	35572.47276748717	-0.41324545443058014	963.4491877555847	3.507481708868673	52971.49315972626	-0.41993822157382965	0.001879766583442688	-384.6731228083372	-0.6650648713111877	3.5462331974695402	48921.674144655466	0.9933410584926605	1.0194705724716187	1.0106412768363953	0.9067566990852356	0.8743628859519958	0.9579720199108124	0.7798057794570923	1.024189755320549	0.7197578102350235	0.7210258096456528	0.9409923255443573	0.8465777188539505	0.973459780216217	1.0270766913890839	0.8839782625436783	
1.8007815631608266	2.3685259564542838	34987.22902293503	-0.4000436067581177	26880.912822768092	3.507513039520474	50560.7897118181	-0.4224151074886322	7.43567943572998e-05	-512.2297491282225	-39.79564759135246	3.5462051725585084	47997.36748474836	1.0147049576044083	0.994406446814537	1.0032994449138641	0.8615216910839081	0.8621042370796204	0.9228871017694473	0.7669587135314941	1.2791737020015717	0.7935552448034286	1.3016034662723541	0.8552953004837036	0.7720355689525604	0.9419679641723633	0.9954172968864441	0.8974960595369339	
1.93514916244684	2.3685553961853922	35417.17968466878	-0.5862972736358643	2449.3948184102774	3.507355742557168	53499.1638879776	-0.589421957731247	0.0007763504981994629	-851.4246849268675	4.308130383491516	3.546102693054047	46951.48868922889	1.0131870657205582	1.0069248378276825	0.9976355582475662	1.2547369599342346	1.2404972314834595	1.3631479740142822	1.106091246008873	1.4859244227409363	1.01692134141922	2.103389546275139	1.46183080971241	1.2915271073579788	1.374113291501999	1.414705604314804	1.2299261838197708	
1.5642363378688815	2.368538797188059	35594.20714314282	-0.38600143790245056	308.48801612854004	3.5077493408136875	53721.93343868852	-0.3831741213798523	5.963444709777832e-05	-540.6411356627941	-510.7814961820841	3.546153568259519	48023.42382952571	1.0224167704582214	1.015510454773903	0.9963662177324295	0.8548793941736221	0.8441702276468277	0.8877275735139847	0.7269687056541443	1.037606418132782	0.6559610366821289	0.7536765933036804	0.7023483961820602	0.8719428032636642	0.8984054774045944	0.9257331639528275	0.8337653428316116	
1.7351292907387632	2.3685327786047017	35087.74507789314	-0.4176027774810791	13562.911511048675	3.507565854790985	52152.4458629787	-0.4313836991786957	7.121264934539795e-05	-165.26453657448292	-2064.319108441472	3.5462356402517297	46099.71318411827	1.0359051823616028	1.006307765841484	1.0066040009260178	0.8739463835954666	0.876832902431488	0.9650638103485107	0.7969234883785248	1.254990816116333	0.7600381672382355	0.7317938953638077	0.8337618559598923	1.7391107231378555	0.9771063327789307	1.1137562841176987	0.9249372333288193	
1.7820781648504753	2.3685191292161676	35404.16163936257	-0.4799664616584778	3354.44051168859	3.507494677351681	53833.25512637198	-0.4695049524307251	7.753074169158936e-05	-432.5719143152237	-2974.8145050257444	3.5461838298973274	47694.56938740611	1.0127322971820831	1.0023434311151505	0.9975740015506744	1.037612646818161	1.0320452749729156	1.1072825491428375	0.9055908471345901	1.30521622300148	0.8156100958585739	0.7053494900465012	1.0778790563344955	1.0937324613332748	1.1224112510681152	1.2127935141324997	0.980090543627739	
1.8639572237328332	2.368487223338678	35323.800478085876	-0.49780528247356415	9415.888610497117	3.507498720250841	52592.26206578314	-0.5026795268058777	8.286535739898682e-05	-386.92902159690857	-2145.5004218518734	3.546179337213103	45556.97714547813	1.0165891647338867	1.014573097229004	0.995892658829689	1.0743125081062317	1.0508652180433273	1.149108037352562	0.9449595957994461	1.4242679476737976	0.8767322897911072	0.7698310166597366	1.157644733786583	1.3739166259765625	1.166343092918396	1.2298260927200317	1.039610669016838	
1.6911602791534042	2.368498114694672	35401.43083380163	-0.4445873200893402	1561.8173012584448	3.5075403158489586	53431.88508205116	-0.43864478170871735	6.930530071258545e-05	-440.84253875911236	-1390.2397470623255	3.546185835895866	47237.96316193044	1.0183448791503906	1.0048016607761383	0.9918230921030045	0.9576936066150665	0.9472335427999496	1.0256540477275848	0.8373576253652573	1.1999124735593796	0.7461870461702347	1.588530883193016	1.1965560168027878	1.0258815586566925	1.0475022345781326	1.0981283485889435	0.9342571645975113	
1.6500873117251693	2.3685338113970946	35444.39484399557	-0.4031989574432373	2093.0125968158245	3.507521761683282	53279.05051244795	-0.40874628722667694	6.57886266708374e-05	-493.51325395703316	-603.620932623744	3.5462527858045116	48226.68617480993	1.0274675488471985	1.0090399235486984	1.001911848783493	0.8764306157827377	0.8778389990329742	0.9314600229263306	0.7600611299276352	1.1217035055160522	0.7051690965890884	1.2424060851335526	1.6749918162822723	1.0295118540525436	0.9376107007265091	0.9823998063802719	0.917053610086441	
1.696934838354652	2.3684789536088315	35472.71640731394	-0.48480042815208435	41.791992127895355	3.5074809089754235	53952.41970132291	-0.47785237431526184	0.008850336074829102	-486.2580707371235	5747.380562916398	3.546234640192264	46326.0711183697	1.0337270200252533	0.9853772521018982	0.9933468550443649	1.053070604801178	1.0516972839832306	1.1233360171318054	0.9146341681480408	0.9330624490976334	0.828076183795929	0.7856124490499496	1.0442051738500595	1.3529205024242401	1.1252169609069824	1.1547956764698029	1.0103868693113327	
1.6706462914050946	2.3684533237931333	35387.85285721719	-0.45869575440883636	138.56647971272469	3.5074953838923184	53335.910427868366	-0.46321190893650055	0.012694060802459717	-599.1996736079454	13768.758455708623	3.546195782028034	47185.89494343102	1.0193456560373306	1.0036535859107971	0.9993647634983063	1.0039551854133606	0.988007590174675	1.058085635304451	0.8667161166667938	0.8685561418533325	0.8185897022485733	0.6779638677835464	1.1914395093917847	0.9210331439971924	1.0679126977920532	1.072591483592987	0.991692528128624	
1.7373154889167197	2.3685017239674364	35416.19884343445	-0.47974587976932526	1493.9581506848335	3.507478384387395	53313.85186184943	-0.48218293488025665	0.002075701951980591	-388.92557057738304	-0.7468730211257935	3.5462041936424114	48195.88194407523	1.0214270949363708	1.002429649233818	1.0050519555807114	1.022885113954544	1.0243418961763382	1.116083800792694	0.9061664491891861	1.2009027302265167	0.8169429153203964	1.2389577776193619	2.13358710706234	1.208498239517212	1.1263700425624847	1.164402037858963	1.032490000128746	
1.8145887612409062	2.3684458877218253	34897.11346012354	-0.4666680097579956	9214.489097610116	3.50749918592967	53647.16148425639	-0.4711610823869705	8.0108642578125e-05	-348.17886628210545	-334.0334306806326	3.5461956640008894	48356.68480485678	1.0284743010997772	0.9945528358221054	1.0015445351600647	0.9921752065420151	1.008989930152893	1.0777948945760727	0.8861948549747467	1.3361966460943222	0.8347801268100739	0.9029543399810791	1.036691203713417	0.8248030096292496	1.0884053707122803	1.2203177958726883	0.9160985797643661	
1.8370372320121244	2.368522361751443	35666.76309351623	-0.5455228686332703	442.7336219251156	3.507397432884003	53764.9432606101	-0.5359614342451096	8.226931095123291e-05	-290.7332753688097	-5806.600978940725	3.5462107566925742	47731.315748244524	1.0102690756320953	0.9998799860477448	1.008480116724968	1.184573233127594	1.1725722402334213	1.2708784490823746	1.0271572321653366	1.4315495193004608	0.8944789618253708	0.8041152209043503	1.8993191421031952	1.2166300565004349	1.2578957229852676	1.370768055319786	1.135657250881195	
1.6474011335428278	2.368500818821843	35329.26409326494	-0.37961187958717346	8476.575222492218	3.5075224131645326	52811.31251271069	-0.38673292100429535	6.499886512756348e-05	-573.2826066166162	-171.0561875551939	3.5461914550391183	46481.32503643632	1.0065731555223465	1.0164944231510162	0.9980849027633667	0.8164763152599335	0.8090450763702393	0.8756061494350433	0.7187652736902237	1.099071204662323	0.6867577135562897	0.7362340688705444	0.6718828827142715	1.077144980430603	0.8931821286678314	0.9663643836975098	0.8126860707998276	
1.837963227859035	2.3684460130933473	35475.34296616912	-0.5343133807182312	1297.667229220271	3.5074035191223665	54157.723966017365	-0.523845449090004	8.29547643661499e-05	-440.634615033865	-3115.4899268448353	3.5462700276159143	46699.30920538306	1.0284602493047714	1.004075825214386	0.9975070357322693	1.1629419177770615	1.1342317759990692	1.2369970232248306	1.0073924511671066	1.427111342549324	0.888404056429863	0.9518873244524002	1.2038290202617645	1.155063733458519	1.2580516189336777	1.3323964327573776	1.0884152948856354	
1.8314271487365363	2.368539928626929	35385.44250923395	-0.4932323843240738	6078.657627403736	3.5075210393654235	53133.38212709129	-0.4853932559490204	8.082389831542969e-05	-338.49356086552143	-2377.491464138031	3.546168898892646	45928.44246636331	1.014860838651657	1.0042617172002792	0.9991484135389328	1.0629420727491379	1.0449582785367966	1.1373719573020935	0.931030347943306	1.3647301346063614	0.8431871682405472	0.9541540294885635	1.3760536015033722	1.1050710827112198	1.1554031670093536	1.2246998697519302	1.0302535444498062	
1.7546885082536166	2.3685354802783007	35702.700793117285	-0.4704553931951523	2067.7991715073586	3.5074767043459287	53761.42611911893	-0.46757078170776367	7.516145706176758e-05	-488.182018622756	-2422.230520874262	3.5461505762975594	46102.520024612546	1.035782128572464	1.0148697197437286	1.0019339323043823	1.026366487145424	1.0115733295679092	1.0962649434804916	0.8877407908439636	1.2981053292751312	0.8059611618518829	1.8384753316640854	1.1635894477367401	1.282635435461998	1.0982904136180878	1.1387502551078796	1.0035894513130188	
1.615836616350263	2.368444787560459	35679.40186673403	-0.43661539256572723	37.8869891166687	3.507573114794937	53397.693168237805	-0.43564146757125854	0.009408965706825256	-643.8658730685711	16041.016148298979	3.5462093046567356	45926.55182172358	1.0307448953390121	1.0034130364656448	0.9980158060789108	0.9524572640657425	0.9555487930774689	1.0186343789100647	0.8185432106256485	0.8257902413606644	0.7757396548986435	1.246547594666481	0.7725158780813217	1.1228105276823044	1.018881306052208	1.0398963242769241	0.8979484289884567	
1.8591591554784028	2.368486459764239	35108.274540007114	-0.4695557653903961	16609.248593613505	3.507465066810488	52230.16375531256	-0.47443461418151855	8.186697959899902e-05	-275.0839625597	-863.0058957636356	3.5461792669456074	46395.74932938814	1.0030291080474854	0.9948062598705292	1.0017131865024567	0.995946928858757	0.9913543313741684	1.0874179750680923	0.8935194611549377	1.4065790474414825	0.850522518157959	2.0965298861265182	1.0938121974468231	1.3000957369804382	1.1070652604103088	1.1514745205640793	1.0180277526378632	
1.7693980021701972	2.368588484409551	35436.73095758259	-0.4786999225616455	3129.9810866713524	3.5074944794990275	53379.773650720716	-0.4723302870988846	7.578730583190918e-05	-253.4653625637293	-3299.189273580909	3.546194119955954	46314.40611755848	1.0221604704856873	1.0109123140573502	1.0028433799743652	1.0398947447538376	1.0249620527029037	1.1081431061029434	0.9035923779010773	1.312252327799797	0.8049138933420181	0.9379210472106934	0.9371277093887329	1.070657029747963	1.1222416162490845	1.1694879680871964	0.9927369803190231	
1.9446681549632014	2.3684641998614757	35179.49983014166	-0.5450220108032227	9597.874714910984	3.5076158064450187	53093.400139302015	-0.5485836565494537	9.107589721679688e-05	-742.72169226408	-482.36315923929214	3.545970499413711	47558.7056401521	1.0138203352689743	1.0072211027145386	1.0010921359062195	1.1631845086812973	1.1559325456619263	1.2616427689790726	1.0336835384368896	1.547488272190094	0.9663204848766327	1.21938556432724	3.142390877008438	1.1770217716693878	1.276241734623909	1.3537266254425049	1.1788130402565002	
1.725407417119227	2.3684561738929366	35421.547972396016	-0.47263313829898834	1021.9110206216574	3.507517650955372	53397.42597012222	-0.4659097492694855	7.209181785583496e-05	-382.0695005506277	-3470.6863756477833	3.546233574015479	46582.508112847805	1.015129029750824	1.0078108310699463	1.0006169825792313	1.021164909005165	1.0127223283052444	1.089789241552353	0.8883741348981857	1.250270664691925	0.7792589515447617	0.9959528744220734	1.009886622428894	1.171216830611229	1.1048152595758438	1.185628965497017	1.0236669033765793	
1.816094000300125	2.3685107736637425	35501.16486492753	-0.5144343823194504	1199.5302495509386	3.507508117222678	53696.98450411856	-0.509430393576622	8.031725883483887e-05	-696.8357491195202	-688.6448940485716	3.54621899151199	47103.10382077098	1.0136862695217133	1.005702406167984	0.9963771551847458	1.118904486298561	1.1138536483049393	1.1885194778442383	0.9684601724147797	1.3780332058668137	0.8756147772073746	1.5025835186243057	2.022715598344803	1.1553070694208145	1.2071548849344254	1.2587589472532272	1.0636435002088547	
1.9509181596180827	2.3684964039927077	35539.43370832503	-0.5841715037822723	2461.723728492856	3.5075464117563775	53661.537872478366	-0.5721465945243835	9.264051914215088e-05	-401.89781707525253	-2483.5305294543505	3.546199498179604	47951.765041068196	1.0239591896533966	1.0068375915288925	1.0036329329013824	1.2803414165973663	1.2585886120796204	1.344564437866211	1.0956977754831314	1.5634648650884628	0.9863512963056564	1.3580500781536102	1.247052788734436	1.337187647819519	1.3916549533605576	1.4771940112113953	1.2213003039360046	
1.5593162209511928	2.368480235430289	35361.0465374738	-0.37691886723041534	1397.2695761024952	3.50745122693378	53448.51682278514	-0.3906075954437256	0.0005539059638977051	-1612.0769454836845	4650.026491060853	3.54630534161527	46731.29808501899	1.025484099984169	1.0033090859651566	0.9980559945106506	0.8192753344774246	0.8111208081245422	0.8699005544185638	0.7121631801128387	0.9782227724790573	0.6960496157407761	0.607484757900238	0.9397584944963455	0.8302812874317169	0.8834623545408249	0.9202071279287338	0.8456119745969772	
1.7944532106781634	2.3685341350596154	35400.19647336006	-0.511540025472641	1604.416187286377	3.5075150044564336	54093.89614367485	-0.4980044662952423	0.0024847835302352905	-102.5839316546917	-200.8770042359829	3.5461788422284966	49407.08972790837	1.0262223929166794	1.0044877529144287	1.0012201070785522	1.1042630523443222	1.0908298045396805	1.1841926574707031	0.9660399556159973	1.1690632849931717	0.8537967056035995	1.1763014495372772	1.0881612002849579	1.073153167963028	1.2127958834171295	1.2026911079883575	1.0330281257629395	
1.919981956052031	2.368515107024375	35477.02183872461	-0.568880170583725	1668.8194804787636	3.507469786305055	53607.62733981013	-0.5602937340736389	8.96155834197998e-05	-321.28943325579166	-3448.972644522786	3.5461868548167352	47264.37892614305	1.0112552642822266	1.0003706365823746	1.0022477805614471	1.238726258277893	1.2441308498382568	1.31039460003376	1.073592185974121	1.5199926495552063	0.9595924913883209	0.923549234867096	1.3784558176994324	1.3541718423366547	1.3345416486263275	1.3806968033313751	1.159468099474907	
1.8046054912522667	2.3685095949234305	35241.44630688429	-0.4892050474882126	4268.324355050921	3.5074940794308858	53393.13382677734	-0.48936066031455994	7.940828800201416e-05	-543.6900210082531	-464.54718708992004	3.54622758925535	47403.71067260206	1.0247553288936615	1.0087526589632034	0.9981955736875534	1.0521275699138641	1.0413419008255005	1.132554143667221	0.926071435213089	1.3557143360376358	0.8430158197879791	0.6992535889148712	1.4357970207929611	1.0273238867521286	1.1461219936609268	1.189307078719139	1.038192868232727	
1.695866191064673	2.3684936262112393	35372.512625172734	-0.43312375247478485	3399.951612353325	3.507551462926391	54254.30095988512	-0.4265958070755005	7.076561450958252e-05	-317.89962027966976	-954.6784482002258	3.546193985573688	50256.3330938071	1.0280431360006332	1.0222894549369812	1.0007588118314743	0.93486388027668	0.9118660092353821	1.0007771253585815	0.8165785670280457	1.1922069936990738	0.7316157966852188	1.3449717164039612	1.4254257827997208	1.724295750260353	1.0234499871730804	1.0812451094388962	0.9007495790719986	
1.8474082250633688	2.3685209687228768	35260.78604134917	-0.4944717139005661	6468.230764687061	3.5073271686336795	53795.171531796455	-0.5028537213802338	8.323788642883301e-05	-652.5215533673763	-703.9089788645506	3.546201389920762	48843.850637346506	1.0117366462945938	1.0028038620948792	0.9925088584423065	1.0519314259290695	1.0529514849185944	1.1554722487926483	0.9388752430677414	1.406649112701416	0.8734840005636215	0.9832038134336472	1.9384503811597824	1.1887346655130386	1.1596223562955856	1.2521355897188187	1.0826160907745361	
1.6639215444942717	2.3685362423371417	35628.5241676569	-0.42295150458812714	1879.5556510090828	3.5076209980683877	53610.14794667065	-0.42178475856781006	6.732344627380371e-05	-593.0582387894392	-726.9382897466421	3.5461660936977566	47377.06930890679	1.0176801234483719	1.0167827010154724	0.9995423555374146	0.9338368326425552	0.9078519493341446	0.9778695404529572	0.7957557737827301	1.1550519615411758	0.7235162258148193	1.178238958120346	1.130191057920456	2.185010105371475	0.9951121658086777	1.041936308145523	0.8665053844451904	
1.7475924455941283	2.368502567203704	35257.4908464998	-0.4366544336080551	6591.417235553265	3.5075188771638164	53102.305591240525	-0.4426751285791397	8.35806131362915e-05	-450.0552870631218	-417.908126950264	3.5462357124813644	47535.28569367528	1.005049780011177	0.9982121735811234	0.9991668611764908	0.9593482911586761	0.9366781413555145	1.0084140598773956	0.8277249336242676	1.2258784621953964	0.7790578603744507	1.009093850851059	1.145352080464363	1.4444335252046585	1.0063342452049255	1.073627382516861	0.9601560831069946	
1.7932509499628329	2.3685423716511553	35504.92963451147	-0.4925214648246765	1516.4583166092634	3.5075390568704985	54074.13550400734	-0.49838319420814514	0.0024554431438446045	-474.1998592168093	-0.7957622706890106	3.5462010491395457	47757.03362955153	1.0047141313552856	1.0169241726398468	1.001144990324974	1.0703658014535904	1.0555875301361084	1.1387476474046707	0.92611263692379	1.2229879796504974	0.8557618409395218	0.6295160353183746	1.2170492857694626	1.3317070752382278	1.1586470007896423	1.1914507150650024	1.037727877497673	
1.7643743789537119	2.3685019208140385	34895.96956880391	-0.4685087651014328	7845.3395922631025	3.5075203262872954	54800.40883900225	-0.47745582461357117	7.736682891845703e-05	-261.86732514202595	-7232.149073138833	3.5462370406712727	48621.57414571941	1.0219864696264267	0.9993864446878433	0.9874974638223648	0.968754455447197	0.9801044166088104	1.0806939601898193	0.8959398716688156	1.3563149720430374	0.8092694580554962	1.1577666997909546	0.8385613113641739	0.9196649491786957	1.0914268791675568	1.1872678995132446	1.0334425270557404	
1.844946789914214	2.3684964829432427	35424.63670653105	-0.5021746605634689	4224.146185860038	3.5075489215440507	53815.53441499174	-0.4962734878063202	8.308887481689453e-05	-305.38082997500896	-1954.7862144261599	3.5462303251298257	46940.57224141061	1.0110430866479874	0.9947665184736252	1.011558786034584	1.0727652162313461	1.0981051176786423	1.1682256013154984	0.9475427269935608	1.3857444375753403	0.8687589019536972	0.6984448134899139	0.9397187530994415	1.057824268937111	1.1847096234560013	1.1993250101804733	1.0446890741586685	
1.7367474858110419	2.3685184735972418	35172.549609303474	-0.4163728505373001	9822.990783825517	3.5074963588196137	53586.41923762858	-0.42257003486156464	7.329881191253662e-05	-454.3689844459295	-491.3006231635809	3.5461805186186854	46951.83446119726	1.0205074101686478	1.0026413202285767	0.9991974830627441	0.9020986557006836	0.8950225859880447	0.9600667357444763	0.7911124229431152	1.213202878832817	0.7611938118934631	1.7904496937990189	1.2621649354696274	1.2039022892713547	0.9773593246936798	1.071408897638321	0.9059406369924545	
1.7141248253950327	2.3684550902193684	35393.560900479555	-0.47578833997249603	285.46798318624496	3.5074393791918377	53009.540622487664	-0.4853229522705078	0.009689420461654663	-866.6790754795074	19984.078312426805	3.546151514609027	46600.81901821494	1.0219008475542068	1.0082698613405228	1.0023288130760193	1.0333473831415176	1.0280554592609406	1.0966337323188782	0.8984418362379074	0.9526375979185104	0.8703787475824356	0.758980393409729	1.106961727142334	1.0246657729148865	1.113481655716896	1.1131901144981384	1.0353094190359116	
1.7580930431474509	2.3684707561018143	35366.27956499159	-0.4862411618232727	1315.5306228846312	3.5076048355026908	53484.216646790504	-0.48417069017887115	0.0023910850286483765	-285.94903513789177	0.7648956328630447	3.546226467391789	46775.39983506501	1.0214449763298035	1.0023582875728607	0.999173030257225	1.048676684498787	1.0300727188587189	1.1211401373147964	0.9166928380727768	1.141162469983101	0.8270057588815689	0.7481488138437271	1.0278755128383636	1.1386001408100128	1.1390620023012161	1.177816778421402	1.0129764080047607	
1.7014374689270313	2.368481143828723	35101.29234857857	-0.4082179069519043	9756.591817170382	3.5074666609542184	52820.003808796406	-0.41372573375701904	3.013014793395996e-05	-593.784864962101	-1416.9046280533075	3.546207289804629	46522.5454646647	1.0290128737688065	1.0020092278718948	1.0010455399751663	0.8591268360614777	0.8732363432645798	0.9444019943475723	0.7743095308542252	1.2747914046049118	0.7301360219717026	1.664546549320221	1.3959933817386627	1.1263018250465393	0.9802203923463821	0.9939345717430115	0.8946381211280823	
