1.7744e+00 0.0000e+00
2.3697e+00 0.0000e+00
3.6439e+04 0.0000e+00
-5.0865e-01 0.0000e+00
-7.5751e+02 0.0000e+00
3.5050e+00 0.0000e+00
5.4176e+04 0.0000e+00
-5.1661e-01 0.0000e+00
2.2064e-03 0.0000e+00
-4.5200e+02 0.0000e+00
4.3725e+03 0.0000e+00
3.5470e+00 0.0000e+00
4.7775e+04 0.0000e+00
1.0159e+00 0.0000e+00
1.0118e+00 0.0000e+00
1.0098e+00 0.0000e+00
1.1277e+00 0.0000e+00
1.1125e+00 0.0000e+00
1.1775e+00 0.0000e+00
9.5625e-01 0.0000e+00
1.1476e+00 0.0000e+00
8.9027e-01 0.0000e+00
8.0863e-01 0.0000e+00
1.5113e+00 0.0000e+00
1.0718e+00 0.0000e+00
1.2107e+00 0.0000e+00
1.2282e+00 0.0000e+00
1.0556e+00 0.0000e+00
