1.7488e+00 0.0000e+00
2.3686e+00 0.0000e+00
3.5649e+04 0.0000e+00
-4.9350e-01 0.0000e+00
-1.0878e+03 0.0000e+00
3.5052e+00 0.0000e+00
5.4346e+04 0.0000e+00
-4.8672e-01 0.0000e+00
6.6174e-03 0.0000e+00
-2.1887e+02 0.0000e+00
4.4747e+03 0.0000e+00
3.5469e+00 0.0000e+00
4.7975e+04 0.0000e+00
1.0119e+00 0.0000e+00
1.0084e+00 0.0000e+00
1.0123e+00 0.0000e+00
1.0983e+00 0.0000e+00
1.0955e+00 0.0000e+00
1.1329e+00 0.0000e+00
9.0749e-01 0.0000e+00
1.0054e+00 0.0000e+00
8.7263e-01 0.0000e+00
8.6587e-01 0.0000e+00
1.3681e+00 0.0000e+00
1.0914e+00 0.0000e+00
1.1705e+00 0.0000e+00
1.0464e+00 0.0000e+00
1.0749e+00 0.0000e+00
