2.306400723287267349e-02 5.572493953409607200e+16 -8.000000000000000000e+00 8.000000000000000000e+00 -8.000000000000000000e+00 8.000000000000000000e+00 -8.000000000000000000e+00 8.000000000000000000e+00
3.228961012602173802e-02 1.163078255396025938e+14 9.218750000000000000e-01 9.687500000000000000e-01 1.828125000000000000e+00 1.609375000000000000e+00 2.468750000000000000e+00 2.109375000000000000e+00
4.151521301917080603e-02 2.104248557363682617e+12 8.432617187500000000e-01 8.955078125000000000e-01 1.658447265625000000e+00 1.475341796875000000e+00 2.247802734375000000e+00 1.921630859375000000e+00
5.074081591231988098e-02 1.178572736978783722e+11 7.834625244140625000e-01 8.268127441406250000e-01 1.532150268554687500e+00 1.367340087890625000e+00 2.077880859375000000e+00 1.780929565429687500e+00
5.996641880546894204e-02 1.301894237632150841e+10 7.376232147216796875e-01 7.759857177734375000e-01 1.436605453491210938e+00 1.284067153930664062e+00 1.945989608764648438e+00 1.672426223754882812e+00
6.919202169861800311e-02 2.246726882343052387e+09 7.005262374877929688e-01 7.374658584594726562e-01 1.367944717407226562e+00 1.222665786743164062e+00 1.840589046478271484e+00 1.586340904235839844e+00
7.841762459176707112e-02 5.296187556445937157e+08 6.754897236824035645e-01 7.079995870590209961e-01 1.312840104103088379e+00 1.174055993556976318e+00 1.754581212997436523e+00 1.516701400279998779e+00
8.764322748491613913e-02 1.568588213002353609e+08 6.489790678024291992e-01 6.838697493076324463e-01 1.268214583396911621e+00 1.134737819433212280e+00 1.683308362960815430e+00 1.459603846073150635e+00
9.686883037806519325e-02 5.523747774459648877e+07 6.264691278338432312e-01 6.636325418949127197e-01 1.231986105442047119e+00 1.099649295210838318e+00 1.623586080968379974e+00 1.412386566400527954e+00
1.060944332712142474e-01 2.226401127505372092e+07 6.103854514658451080e-01 6.465505547821521759e-01 1.201963849365711212e+00 1.070302721112966537e+00 1.573165260255336761e+00 1.373178791254758835e+00
1.153200361643633154e-01 9.994981792962547392e+06 5.954356957226991653e-01 6.330920197069644928e-01 1.177860567346215248e+00 1.045952422544360161e+00 1.530415054410696030e+00 1.340633595362305641e+00
1.245456390575123834e-01 4.898250701314177364e+06 5.837853448465466499e-01 6.220658486708998680e-01 1.158491442911326885e+00 1.025842182338237762e+00 1.494128030724823475e+00 1.313764312304556370e+00
1.337712419506614514e-01 2.580954473967033904e+06 5.747632747516036034e-01 6.185300494544208050e-01 1.143265549093484879e+00 1.009409756865352392e+00 1.466153099201619625e+00 1.291840555611997843e+00
1.429968448438105333e-01 1.445113861527746310e+06 5.686182684730738401e-01 6.102188616059720516e-01 1.127276415470987558e+00 9.986535951029509306e-01 1.448206902248784900e+00 1.274320066673681140e+00
1.522224477369596152e-01 8.519132053471341496e+05 5.635493879672139883e-01 6.034063679398968816e-01 1.111697506275959313e+00 9.919930617325007915e-01 1.434580845525488257e+00 1.260702557163313031e+00
1.614480506301086971e-01 5.248718685896333773e+05 5.606966047780588269e-01 5.984577103517949581e-01 1.099469283362850547e+00 9.881380128208547831e-01 1.424953971989452839e+00 1.249596779351122677e+00
1.706736535232577512e-01 3.359500254438722041e+05 5.604122279328294098e-01 5.951157319941557944e-01 1.098097069421783090e+00 9.889303482486866415e-01 1.419101674808189273e+00 1.244724836957175285e+00
1.798992564164068331e-01 2.222910350495714520e+05 5.606911938230041414e-01 5.933691341197118163e-01 1.102797071973327547e+00 9.932592144468799233e-01 1.416879274474922568e+00 1.241852663340978324e+00
1.891248593095559150e-01 1.514319278121784737e+05 5.611580155091360211e-01 5.931849858898203820e-01 1.110519388603279367e+00 9.948413376114331186e-01 1.418210887961322442e+00 1.242317492782603949e+00
1.983504622027049968e-01 1.058439698437319021e+05 5.645778926555067301e-01 5.939596446260111406e-01 1.117770658020162955e+00 9.977399427007185295e-01 1.423082239722134545e+00 1.247216326621128246e+00
2.075760650958540787e-01 7.568274131518691138e+04 5.692810910550178960e-01 5.963931469304952770e-01 1.121318585428525694e+00 1.003387987570022233e+00 1.431536539472290315e+00 1.259873501214315183e+00
2.168016679890031329e-01 5.522265237471016007e+04 5.758201137869036756e-01 6.027444960272987373e-01 1.127415821458271239e+00 1.011816450962214731e+00 1.443672861321829259e+00 1.276524114095082041e+00
2.260272708821522147e-01 4.102778338720775355e+04 5.838481850441894494e-01 6.108032683041528799e-01 1.136262819236435462e+00 1.023143596103182063e+00 1.459646660223370418e+00 1.297462927352171391e+00
2.352528737753012689e-01 3.097735972766994746e+04 5.946867807178932708e-01 6.204903799189196434e-01 1.148075396733474918e+00 1.044731840305757942e+00 1.479672187593678245e+00 1.323074914595053997e+00
2.444784766684503230e-01 2.372860768859483142e+04 6.030647224979475141e-01 6.302697495921165682e-01 1.163011148306395626e+00 1.072402625311951851e+00 1.504026619262731401e+00 1.351562359912350075e+00
2.537040795615994049e-01 1.841145444831532222e+04 6.142310098693997134e-01 6.447847585950512439e-01 1.181269300985150039e+00 1.091233769871905679e+00 1.533055670974135865e+00 1.381524446154799080e+00
2.629296824547484590e-01 1.445009470232020976e+04 6.271469192797667347e-01 6.640371704452263657e-01 1.203091957015203661e+00 1.111969426747236867e+00 1.567180298925450188e+00 1.416189094215951627e+00
2.721552853478975686e-01 1.145601757066016580e+04 6.477996937082934892e-01 6.864232462812651647e-01 1.228764134672019281e+00 1.141233063430263428e+00 1.606903646465070779e+00 1.456046709547081264e+00
2.813808882410466228e-01 9.162362458854324359e+03 6.672071774519281462e-01 7.062281965281727025e-01 1.259838482030318119e+00 1.180130060585725005e+00 1.652816470324978582e+00 1.501670561232458567e+00
2.906064911341957324e-01 7.382762824888802243e+03 6.870250297242819215e-01 7.273059945764543954e-01 1.291623644568062446e+00 1.225163126435290906e+00 1.705597373706041253e+00 1.553717492944088008e+00
2.998320940273447865e-01 5.985025127128513304e+03 7.177479308102192590e-01 7.543834927719217376e-01 1.332794993819334195e+00 1.277213762026804034e+00 1.766000279495528957e+00 1.612903608184751647e+00
3.090576969204938407e-01 4.873980293163095666e+03 7.665759231313131750e-01 7.953135655161531758e-01 1.377977709950755525e+00 1.342912566294216958e+00 1.834813536880574247e+00 1.692996907111592009e+00
3.182832998136429503e-01 3.980113458252606051e+03 8.071477430894447025e-01 8.275052803433027293e-01 1.430838292866610573e+00 1.423799493040860398e+00 1.912742246675406932e+00 1.789203619564432302e+00
3.275089027067920044e-01 3.251896485626624781e+03 8.662797995857545175e-01 8.643844569764951302e-01 1.516737423739868973e+00 1.514123940653007594e+00 2.000175158958882093e+00 1.901866308686294360e+00
3.367345055999411141e-01 2.650531655146596222e+03 9.253505314914036717e-01 9.154691086387174437e-01 1.590622698865445273e+00 1.615738608234096318e+00 2.096746481220634450e+00 2.033604469731471909e+00
3.459601084930901682e-01 2.146294381623161826e+03 9.948527909959921089e-01 9.774480564451550890e-01 1.698185940321309317e+00 1.720941380572185153e+00 2.239063505865942716e+00 2.186545205456241092e+00
3.551857113862392223e-01 1.715976389057883125e+03 1.065455063102717759e+00 1.027061167266083430e+00 1.768353710764131392e+00 1.849722937877913864e+00 2.447634366635611514e+00 2.360538868626917974e+00
3.644113142793883320e-01 1.341188526865240647e+03 1.148075426545801747e+00 1.101986654909069330e+00 1.895793815624983836e+00 2.012626271285853363e+00 2.663745887014556502e+00 2.547550430753744877e+00
3.736369171725373861e-01 1.007658225193203975e+03 1.192213505454219558e+00 1.152592624613362204e+00 2.001469985464041201e+00 2.132693579309147935e+00 2.741626538514083222e+00 2.715502051518683402e+00
3.828625200656864958e-01 7.066704467106582115e+02 1.185096585349469933e+00 1.177598538325696609e+00 2.034412474986538655e+00 2.178854585420140211e+00 2.798528352508810713e+00 2.861057788830635218e+00
3.920881229588355499e-01 4.434292592927977239e+02 1.005430870648694963e+00 1.026712487900510951e+00 1.751566334503991129e+00 1.908826226851886076e+00 2.319124073009277254e+00 2.569968623836018651e+00
4.013137258519846040e-01 2.706922671729747663e+02 2.397033969200492720e-01 2.347021065816647933e-01 4.152664997835131544e-01 4.250435750147971703e-01 5.700028228250744178e-01 5.558723491080286294e-01
4.105393287451337136e-01 3.987422931319129589e+02 2.474476667764179183e+00 2.481293722592909035e+00 4.558365288967024753e+00 4.395816174172807678e+00 6.384367351583193795e+00 6.087353105999227409e+00
4.197649316382827678e-01 1.242029765524976710e+03 6.654088325990869635e+00 7.233354249732656172e+00 1.197474979992421140e+01 1.309325610758060066e+01 1.768886000899442479e+01 1.680588081107930520e+01
4.289905345314318219e-01 2.253390009054376605e+03 4.551354634647850617e+00 4.522764177273074893e+00 8.731407446659886773e+00 8.620269479234593746e+00 1.200603641994939608e+01 1.131017729263840010e+01
4.382161374245809315e-01 2.335914663975151598e+03 9.829098468117081211e-02 8.963316469134952058e-02 1.729856289844065032e-01 1.871670471505240130e-01 2.036336993728582456e-01 2.347465423063113121e-01
4.474417403177299857e-01 2.004327519136801357e+03 1.459836855164894587e+00 1.375399619991640066e+00 2.542386276426441327e+00 2.809351091384996835e+00 3.363506299620894424e+00 3.593021880847345528e+00
4.566673432108790953e-01 1.674880458735404090e+03 1.619158439888906287e+00 1.536728481429463500e+00 2.620488777400851177e+00 3.010862121491527432e+00 3.437706927798672041e+00 4.205835566906898748e+00
4.658929461040280939e-01 1.415378955581003311e+03 1.497937345816581001e+00 1.376357197056677251e+00 2.384770818367314860e+00 2.692385855376187465e+00 2.925228146309109434e+00 3.915649519233056708e+00
4.751185489971772036e-01 1.215773409381951751e+03 1.320895643518724683e+00 1.210230512058842578e+00 2.050724310499845160e+00 2.328054268328969556e+00 2.496022268870547123e+00 3.383149107640747388e+00
4.843441518903262577e-01 1.059753789761282405e+03 1.134009025213117638e+00 1.040871238785257447e+00 1.830911510438681944e+00 2.036185230800356294e+00 2.124718714861273838e+00 2.907319210988134728e+00
4.935697547834753673e-01 9.350318774336027445e+02 1.001909620962919689e+00 9.151895486643297772e-01 1.594641710740802409e+00 1.801128656534842776e+00 1.862406217442185152e+00 2.513503378823315870e+00
5.027953576766244215e-01 8.332128170036764914e+02 8.722172920440698363e-01 8.124060183088204212e-01 1.390217720226473830e+00 1.596982696688087344e+00 1.638739462537387226e+00 2.192988175729738032e+00
5.120209605697735311e-01 7.485837359470453976e+02 7.764764922561653293e-01 7.250812710426544072e-01 1.223033372156123733e+00 1.425726752605896763e+00 1.484997524161599358e+00 1.931579629633688455e+00
5.212465634629225297e-01 6.771783945638294426e+02 6.963140016486022432e-01 6.349897083441646828e-01 1.083197277676163139e+00 1.281744556936359913e+00 1.330983739464500104e+00 1.716551235118117802e+00
5.304721663560716394e-01 6.161713907909306727e+02 6.273418520933091713e-01 5.745959438409045106e-01 9.768339044929916781e-01 1.159889730098257132e+00 1.201465504899601910e+00 1.537806858169801671e+00
5.396977692492206380e-01 5.634976671918674356e+02 5.755589373206930759e-01 5.226961384405512945e-01 8.827793033128727984e-01 1.055927004504724209e+00 1.091568611029970270e+00 1.387622892841250177e+00
5.489233721423698587e-01 5.176117137712458316e+02 5.263022001936406014e-01 4.783704579139111956e-01 7.964937289780209539e-01 9.661590359557976626e-01 9.974885115669849256e-01 1.260137615292592272e+00
5.581489750355188573e-01 4.773320999324836293e+02 4.839510718089172769e-01 4.400690485898621773e-01 7.229643534128626925e-01 8.876850545145202886e-01 9.162664979085661798e-01 1.150887483764279295e+00
5.673745779286679669e-01 4.417386844718188286e+02 4.473827494416013906e-01 4.092501008490216918e-01 6.654279028082328296e-01 8.194546648900313812e-01 8.495747729416507354e-01 1.056445928803327661e+00
5.766001808218169655e-01 4.101029925003882681e+02 4.142166662472277494e-01 3.833285519026503607e-01 6.229237388006367837e-01 7.596944176122519821e-01 7.923941543355681461e-01 9.741558728774180054e-01
5.858257837149661862e-01 3.818399517262967038e+02 3.856339357778324484e-01 3.567334788242533250e-01 5.779148379038474559e-01 7.070009248155884052e-01 7.412144603824799560e-01 9.019894830057069157e-01
5.950513866081151848e-01 3.564737033393097363e+02 3.612588359831647722e-01 3.346217842959049449e-01 5.368784586708557072e-01 6.602532620916008455e-01 6.952047656956779065e-01 8.437787923189716821e-01
6.042769895012642944e-01 3.336128954238610618e+02 3.393059411027365968e-01 3.129688921235924681e-01 5.032736037561562625e-01 6.185460588865794307e-01 6.536701698298088559e-01 7.915474497764307671e-01
6.135025923944132931e-01 3.129325004759110698e+02 3.205555482876434326e-01 2.932676948072412415e-01 4.733065508489175954e-01 5.811470147212389747e-01 6.160275780798656342e-01 7.444645936002416420e-01
6.227281952875624027e-01 2.941602103079587778e+02 3.016178818699017938e-01 2.773704037900301955e-01 4.478616015711622822e-01 5.470359296097058177e-01 5.817856744604341657e-01 7.018410155046126420e-01
6.319537981807114013e-01 2.770661012860334154e+02 2.842185433378290327e-01 2.628800960159196620e-01 4.249618171326687843e-01 5.139083811918681022e-01 5.505285839400357872e-01 6.631011740681174160e-01
6.411794010738606220e-01 2.614546755157115285e+02 2.685257239762108838e-01 2.483263085182443319e-01 4.040637122162706873e-01 4.838896714974225688e-01 5.219026228253937916e-01 6.277613504626060603e-01
6.504050039670096206e-01 2.471586550152501331e+02 2.543495802294160057e-01 2.362288197971338377e-01 3.848237975729489335e-01 4.605163928046636101e-01 4.956055705773394493e-01 5.954125011853363958e-01
6.596306068601587302e-01 2.340340877272484477e+02 2.428010715009918385e-01 2.249507027866570752e-01 3.670728001484349079e-01 4.390957748732660093e-01 4.713779747895614491e-01 5.657067136111209038e-01
6.688562097533077289e-01 2.219564481238746794e+02 2.316689291926365968e-01 2.139436088697266314e-01 3.485596526404606266e-01 4.155793982000375308e-01 4.489960863138264813e-01 5.364749079300850099e-01
6.780818126464568385e-01 2.108175009775836486e+02 2.207198114334687489e-01 2.041696753445592094e-01 3.330489450995059997e-01 3.939522040411418402e-01 4.282660991293312236e-01 5.093449436174353195e-01
6.873074155396059481e-01 2.005227572142070755e+02 2.108184433274971070e-01 1.952170049116546124e-01 3.186369834967024417e-01 3.763443691896100063e-01 4.090194352292257918e-01 4.843420657818171549e-01
6.965330184327550578e-01 1.909893938061194945e+02 2.013493542634421374e-01 1.872189713230341113e-01 3.052180271271822676e-01 3.599191698937431738e-01 3.914627431505266486e-01 4.612355404433401418e-01
7.057586213259040564e-01 1.821445407723499841e+02 1.923856643138321942e-01 1.798800223426439970e-01 2.926989465146334624e-01 3.434463933810718572e-01 3.759099800094816146e-01 4.400784119481500056e-01
7.149842242190531660e-01 1.739238611184374292e+02 1.845904140747620659e-01 1.724290906646501753e-01 2.809974560113914777e-01 3.283125393020611682e-01 3.614017835090237440e-01 4.221865481437134804e-01
7.242098271122021647e-01 1.662703664049454062e+02 1.768211551802778558e-01 1.656745923554296951e-01 2.700406260945271697e-01 3.160017140302500138e-01 3.478432029353371036e-01 4.054662047960562177e-01
7.334354300053513853e-01 1.591334232496437551e+02 1.693067433042472203e-01 1.594619960417276161e-01 2.597627445809393976e-01 3.044914807151428704e-01 3.351501955663138688e-01 3.898125225492492518e-01
7.426610328985003839e-01 1.524679156081358258e+02 1.621985367467289052e-01 1.538151212858451800e-01 2.500845125013313464e-01 2.935103738107898153e-01 3.232481343658548667e-01 3.751324105964783939e-01
7.518866357916494936e-01 1.462335349603163195e+02 1.560100675726801001e-01 1.483926507578416931e-01 2.409782644563733811e-01 2.821179213397044805e-01 3.120705505739920227e-01 3.613429744434313307e-01
7.611122386847984922e-01 1.403941761393543572e+02 1.504786123616099758e-01 1.428351220196475424e-01 2.323974937708612742e-01 2.713776217336203445e-01 3.015580698019277861e-01 3.483701853595846387e-01
7.703378415779476018e-01 1.349174208967257869e+02 1.454034358270348548e-01 1.368709972243493667e-01 2.243004178172327556e-01 2.612490159158085135e-01 2.916575082446115630e-01 3.361477498726515023e-01
7.795634444710966005e-01 1.297740947076248119e+02 1.406973837359259960e-01 1.318884182120143578e-01 2.166494066825634945e-01 2.516873698120036806e-01 2.823211019516236320e-01 3.246161455436435972e-01
7.887890473642458211e-01 1.249378850107225531e+02 1.362312169733570499e-01 1.278394372272231294e-01 2.094104912169569843e-01 2.426468743473577661e-01 2.735058471332081353e-01 3.137217955270870107e-01
7.980146502573948197e-01 1.203850112123466829e+02 1.319555665374849696e-01 1.233300767948435350e-01 2.024459770094608757e-01 2.340862991277248284e-01 2.651729334986612230e-01 3.034163594371648287e-01
8.072402531505439294e-01 1.160939384922437085e+02 1.275290864711422500e-01 1.191418857950594656e-01 1.961534925696639675e-01 2.259684368592758119e-01 2.572872558453980218e-01 2.931780030214667931e-01
8.164658560436929280e-01 1.120451288211631180e+02 1.239998402031119440e-01 1.157530933862602751e-01 1.903014273487428909e-01 2.182596255627800019e-01 2.498169917172248233e-01 2.833377706960362730e-01
8.256914589368421487e-01 1.082208237108632432e+02 1.200230508225530457e-01 1.126260074851614945e-01 1.846792981891951513e-01 2.109293362209569977e-01 2.427332350489024293e-01 2.739789155001091103e-01
8.349170618299911473e-01 1.046048541213563823e+02 1.169960495505932840e-01 1.094671806733202857e-01 1.797371977463200210e-01 2.046505955287045708e-01 2.360096774251161378e-01 2.650666010807043449e-01
8.441426647231402569e-01 1.011824736818010280e+02 1.139435703891678031e-01 1.058401806588307181e-01 1.746450397596532866e-01 1.991913424396898336e-01 2.296223299372286419e-01 2.565690594629899124e-01
8.533682676162892555e-01 9.794021200518359649e+01 1.108308537655489090e-01 1.032675237384523825e-01 1.694007871793701270e-01 1.940147241452336857e-01 2.235492798566269812e-01 2.484572585329658523e-01
8.625938705094383652e-01 9.486574535205069481e+01 1.077364628454660078e-01 1.008265763487088407e-01 1.655020992006512870e-01 1.887436856199826707e-01 2.177704771388562222e-01 2.407046108160812992e-01
8.718194734025873638e-01 9.194778233500869646e+01 1.045145834468570456e-01 9.833590086428500854e-02 1.620840166771557733e-01 1.836207075149758339e-01 2.122675466667516275e-01 2.332867177287027971e-01
8.810450762957365844e-01 8.917596268953039385e+01 1.014969504907270448e-01 9.560494040115941061e-02 1.588536352869311941e-01 1.771032527434783788e-01 2.070236227166475373e-01 2.261811443300132396e-01
8.902706791888855831e-01 8.654076742817056811e+01 9.869978921075528433e-02 9.319124449554294642e-02 1.557160525953946717e-01 1.722151671118012928e-01 2.020232026818291615e-01 2.193672203912626628e-01
8.994962820820346927e-01 8.403343893650648511e+01 9.589385536428096657e-02 9.074970871793652805e-02 1.510563169744898460e-01 1.677672039861022313e-01 1.972520175284984134e-01 2.128258642283071822e-01
9.087218849751836913e-01 8.164590977265196159e+01 9.309809547607983404e-02 8.819082396031774351e-02 1.465677050759097710e-01 1.627680131095843308e-01 1.926969168280550093e-01 2.065394262742614728e-01
9.179474878683329120e-01 7.937073910387753983e+01 9.008879299605609958e-02 8.590251009331950627e-02 1.442883904031901920e-01 1.588455101527301849e-01 1.883457665229428812e-01 2.004915498079924419e-01
9.271730907614816886e-01 7.720105585940621040e+01 8.728769831607507967e-02 8.395619215968963545e-02 1.414615860414016879e-01 1.557209998629076608e-01 1.841873578443227188e-01 1.946670466261792853e-01
9.363986936546309092e-01 7.513050780204480361e+01 8.453989543292550479e-02 8.184982311843214120e-02 1.381464163624173125e-01 1.525111411164346009e-01 1.802113260199718070e-01 1.890517857550548797e-01
9.456242965477800189e-01 7.315321582668664746e+01 8.204938614308332490e-02 8.031690131639379615e-02 1.349508450012706362e-01 1.497545828611634988e-01 1.764080776002145967e-01 1.836325935608016380e-01
9.548498994409290175e-01 7.126373288366447412e+01 7.937267340425080420e-02 7.815865562562862578e-02 1.318439973034912782e-01 1.467056648963733778e-01 1.727687253871010853e-01 1.783971638378858415e-01
9.640755023340780161e-01 6.945700700220471902e+01 7.695822746806868508e-02 7.652898430347931935e-02 1.288534179426221726e-01 1.434357126998833110e-01 1.692850300886021842e-01 1.733339766415298300e-01
9.733011052272271257e-01 6.772834795536728336e+01 7.455997935365132889e-02 7.515356048082821872e-02 1.259735393351775201e-01 1.399254607309927678e-01 1.659493479351965561e-01 1.684322247891572033e-01
9.825267081203763464e-01 6.607339716498779580e+01 7.228272662597134968e-02 7.373534581492435791e-02 1.231984516834216947e-01 1.365365920294863145e-01 1.627545835962962428e-01 1.636817470894129656e-01
9.917523110135253450e-01 6.448810049445796722e+01 6.999209680201090578e-02 7.165443670676552301e-02 1.205226163029351483e-01 1.339173565335869398e-01 1.596941478176745477e-01 1.590729674724258302e-01
1.000977913906674344e+00 6.296868361967470662e+01 6.818748488268511210e-02 7.049649816532621571e-02 1.181920264538547372e-01 1.317586770288770026e-01 1.567619192760574265e-01 1.545968392915142431e-01
1.010203516799823564e+00 6.151162970560181975e+01 6.692091673995292922e-02 6.920451380044312373e-02 1.164234124612377741e-01 1.281285521759869539e-01 1.539522102101216205e-01 1.502447941483069371e-01
1.019429119692972563e+00 6.011365914791490894e+01 6.515070175792203599e-02 6.784263056520245527e-02 1.139646946396979388e-01 1.253714856726446669e-01 1.512597354419540352e-01 1.462680332389467708e-01
1.028654722586121562e+00 5.877171116721498123e+01 6.348161388751094591e-02 6.644161235765011497e-02 1.116130521551781385e-01 1.241723192700590062e-01 1.486795844509671838e-01 1.444022210779323245e-01
1.037880325479270560e+00 5.748292706766583393e+01 6.183476583731106757e-02 6.480428351345324245e-02 1.101686527740426413e-01 1.218381913621797707e-01 1.466587974589970145e-01 1.426524721955289010e-01
1.047105928372419781e+00 5.624463499328074789e+01 6.073848156569283674e-02 6.297307863246004445e-02 1.088267948090901882e-01 1.178812863479947737e-01 1.465745477045174994e-01 1.410160307158960791e-01
1.056331531265569001e+00 5.505433603371629658e+01 5.968500013085531464e-02 6.169415453394577753e-02 1.066758493563497723e-01 1.157801719532187690e-01 1.466101273024804641e-01 1.394905086900735114e-01
1.065557134158718000e+00 5.390969154780806605e+01 5.920871439514741041e-02 6.126585357179692437e-02 1.051943073716614663e-01 1.140549140546056606e-01 1.451496530560945075e-01 1.380738770136389348e-01
1.074782737051866999e+00 5.280851158746435203e+01 5.800682828635217447e-02 6.021925392496285667e-02 1.037906953120923959e-01 1.131145162783511182e-01 1.419962235242309134e-01 1.367644590961916151e-01
1.084008339945015997e+00 5.174874431715333856e+01 5.681572948603985651e-02 5.969235427730978927e-02 1.024631854545532406e-01 1.109213983770871437e-01 1.389196857207508629e-01 1.355609272648621300e-01
1.093233942838165218e+00 5.072846633531479910e+01 5.515060587033104866e-02 5.920622271176512186e-02 1.022523608955765440e-01 1.090526451537456865e-01 1.361216223969634598e-01 1.344623019260069441e-01
1.102459545731314217e+00 4.974587381380055717e+01 5.395248597540813762e-02 5.854403780015360326e-02 1.023375368889460901e-01 1.073198265219801328e-01 1.363899668321479908e-01 1.328202583021678151e-01
1.111685148624463215e+00 4.879927438001311657e+01 5.290429409943442352e-02 5.712319288370082404e-02 1.001049341538191584e-01 1.059868549908387081e-01 1.367777227205451140e-01 1.303072366427073803e-01
1.120910751517612436e+00 4.788707967394443443e+01 5.195878068926873539e-02 5.607949036335213577e-02 9.969003510460083817e-02 1.048899052879477267e-01 1.372490681262448220e-01 1.284694242014339238e-01
1.130136354410761435e+00 4.700779851885270944e+01 5.064555849236285212e-02 5.602448629466039165e-02 9.936585313329260316e-02 1.036050822308993702e-01 1.379007961686937733e-01 1.283935975585208666e-01
1.139361957303910433e+00 4.616003065004733941e+01 4.982641139161358979e-02 5.518252555334868248e-02 9.911579912146351035e-02 1.014770587399880242e-01 1.386810455995899360e-01 1.284295999065605542e-01
1.148587560197059654e+00 4.534246095108035490e+01 4.921146130605080771e-02 5.397089389472853327e-02 9.914941554760758891e-02 9.930270888921910455e-02 1.395938204601634425e-01 1.282917963942367123e-01
1.157813163090208652e+00 4.455385415078453804e+01 4.816947447525876669e-02 5.331749262520446564e-02 9.798048201223252818e-02 9.913766965716774848e-02 1.406416275804218685e-01 1.252413529178753038e-01
1.167038765983357873e+00 4.379304993790153588e+01 4.750312020613733921e-02 5.283372067478353529e-02 9.681059374386791205e-02 9.909005641209489568e-02 1.418228870200195502e-01 1.248736553384759418e-01
1.176264368876506872e+00 4.305895845257477106e+01 4.724797155325433096e-02 5.249016152630758825e-02 9.570679744800969502e-02 9.864232192236954688e-02 1.431520346633803342e-01 1.248335381690282020e-01
1.185489971769655870e+00 4.235055611571031164e+01 4.676054018728592609e-02 5.177432233075762724e-02 9.466902677272770461e-02 9.858450682879293936e-02 1.440688565768653007e-01 1.249028700992340646e-01
1.194715574662805091e+00 4.166688175792254611e+01 4.660088027200970373e-02 5.105203716752271248e-02 9.369750041511082372e-02 9.845910963097281865e-02 1.427036556095160336e-01 1.250869107887737641e-01
1.203941177555954090e+00 4.100703300944007168e+01 4.636351869116595026e-02 5.077694657458664551e-02 9.279274288601868648e-02 9.739983894643700069e-02 1.414125912222985448e-01 1.253899174433854569e-01
1.213166780449103088e+00 4.037016291070204232e+01 4.565629160723716495e-02 4.969295325503253480e-02 9.195561010741215568e-02 9.691992426579787434e-02 1.417332715751200567e-01 1.258167995492627256e-01
1.222392383342252087e+00 3.975547669996343103e+01 4.540276492117101270e-02 4.864604662805760427e-02 9.118732067038592959e-02 9.679725212847500870e-02 1.438044247767962247e-01 1.263731877550782201e-01
1.231617986235401307e+00 3.916222872880381800e+01 4.523901404515129343e-02 4.889952568848343617e-02 9.118381617366111414e-02 9.577323149621719267e-02 1.460649514410121697e-01 1.270655141623819873e-01
1.240843589128550528e+00 3.858971944810907218e+01 4.450704422816187389e-02 4.935761358714074731e-02 9.067176733644544129e-02 9.581053223142532715e-02 1.485267858929333329e-01 1.279011059605750233e-01
1.250069192021699527e+00 3.803729239506838411e+01 4.482011594426893453e-02 4.971379218579130566e-02 9.063168116234976424e-02 9.640608661366911747e-02 1.512032188255432175e-01 1.288882947398732881e-01
1.259294794914848525e+00 3.750433109464353976e+01 4.486463759980097166e-02 5.007755224936971672e-02 9.067772006088148373e-02 9.703081268692415051e-02 1.541090555726398748e-01 1.300365442944553251e-01
1.268520397807997524e+00 3.699025576492255141e+01 4.578481281416912907e-02 4.987661769048656879e-02 9.083839730121923139e-02 9.776521561732209875e-02 1.572607964576562267e-01 1.313566003165860252e-01
1.277746000701146745e+00 3.649451968217136510e+01 4.672210364947915195e-02 5.066486208293952131e-02 9.115231098703446833e-02 9.682270958393246474e-02 1.606768420958744059e-01 1.328606661010525158e-01
1.286971603594295521e+00 3.601660501438498585e+01 4.713804186454240153e-02 5.111579779767083664e-02 9.168143917976578905e-02 9.664736658320549623e-02 1.643777267198416325e-01 1.349562780934618900e-01
1.296197206487444742e+00 3.555601786629474503e+01 4.724529636463614679e-02 5.109574277115314089e-02 9.303509705144819009e-02 9.943090173720037228e-02 1.683863826600529023e-01 1.379344147793020170e-01
1.305422809380593963e+00 3.511228218608917473e+01 4.872806725401801486e-02 5.316802050845836902e-02 9.557447931717177880e-02 1.022457917589107979e-01 1.727284389408296761e-01 1.412110471495395814e-01
1.314648412273742961e+00 3.468493205295696669e+01 5.068299343961513159e-02 5.476803325950641010e-02 9.971296356697223473e-02 1.037828892642238543e-01 1.774325563544607576e-01 1.448159305272866959e-01
1.323874015166892182e+00 3.427350167757866473e+01 5.183714353610469061e-02 5.475445261205180714e-02 1.041203805278954064e-01 1.054083708729578461e-01 1.825308000665017971e-01 1.477329907930169384e-01
1.333099618060040958e+00 3.387751217913542945e+01 5.460313742455014108e-02 5.498861530489307370e-02 1.088220987202177525e-01 1.075604994009609072e-01 1.880590482886788095e-01 1.507793635800780407e-01
1.342325220953190179e+00 3.349645381305093395e+01 5.680803831074854315e-02 5.718614412822375925e-02 1.097622706896430600e-01 1.098285847719679964e-01 1.940574310472555908e-01 1.541801228907715426e-01
1.351550823846339400e+00 3.312976175375796828e+01 5.954008846251213072e-02 5.904453228415462718e-02 1.136458721018129836e-01 1.122858950464831196e-01 2.005707852784155421e-01 1.579742099641663344e-01
1.360776426739488176e+00 3.277678269351137175e+01 6.187999955135126129e-02 6.020864874302844783e-02 1.169070936517186965e-01 1.173921468761136566e-01 2.076490992635058319e-01 1.622068394502278466e-01
1.370002029632637397e+00 3.243672825605468546e+01 6.441126697243504395e-02 6.441427581191305762e-02 1.219900946674172815e-01 1.235485292907867461e-01 2.153478972443991779e-01 1.669306838847219865e-01
1.379227632525786396e+00 3.210860931099531257e+01 6.794907653486603749e-02 6.644981563783858292e-02 1.261145522486870618e-01 1.269185789294446920e-01 2.237284780085673219e-01 1.785368495833274949e-01
1.388453235418935616e+00 3.179114233653879396e+01 7.340241952539727777e-02 7.098527240961516327e-02 1.315448844706281761e-01 1.313640539159983689e-01 2.328578593086056969e-01 1.910193424495680858e-01
1.397678838312084837e+00 3.148261440021758517e+01 7.820475974369145433e-02 7.507960986960782179e-02 1.381925476389191942e-01 1.370551888218898284e-01 2.428081760723230786e-01 2.000442766743866230e-01
1.406904441205233613e+00 3.118068608458841950e+01 8.186472313010995094e-02 8.074852695344958420e-02 1.458948397616701698e-01 1.425580485310611323e-01 2.536551048798045827e-01 2.101580559589457664e-01
1.416130044098382834e+00 3.088210003953303229e+01 8.622705697688104465e-02 8.642326576277170602e-02 1.555429404800676707e-01 1.525833148614026413e-01 2.654745882687663538e-01 2.215284112611151102e-01
1.425355646991532055e+00 3.058224379667508686e+01 9.206624732934542976e-02 9.125292876002077946e-02 1.664031683019793206e-01 1.619422406748682874e-01 2.783366179980681920e-01 2.343540188271511227e-01
1.434581249884680831e+00 3.027448377512029509e+01 9.659220772472920657e-02 9.890886371020002343e-02 1.796447721712652879e-01 1.758480202549570492e-01 2.922939409939928623e-01 2.488975450302746140e-01
1.443806852777830052e+00 2.994913367026971684e+01 1.054538515834373413e-01 1.065706224950737635e-01 1.931610264844856317e-01 1.887756596189227309e-01 3.073619749296980785e-01 2.654597457338603306e-01
1.453032455670979051e+00 2.959182774251111425e+01 1.110002278898818417e-01 1.117195281314735666e-01 2.089192009479496903e-01 2.058505456889747620e-01 3.234834140096936039e-01 2.843996377390141106e-01
1.462258058564128271e+00 2.918090723960438382e+01 1.184102305493048846e-01 1.194273044750957524e-01 2.252958069791901607e-01 2.213890998620620110e-01 3.404659737630240102e-01 3.061378531937926084e-01
1.471483661457277492e+00 2.868314119358381831e+01 1.283972147516152518e-01 1.287720218892438595e-01 2.373475559565392246e-01 2.425266850196123869e-01 3.578727068692586499e-01 3.311464871161504675e-01
1.480709264350426269e+00 2.804659664764032811e+01 1.375838358185319521e-01 1.375759031495213947e-01 2.583015834900521668e-01 2.722021081147723010e-01 3.748284652563214081e-01 3.599024237000882920e-01
1.489934867243575489e+00 2.718860977584800409e+01 1.535901889308455281e-01 1.504344583178962580e-01 2.860459714959837640e-01 3.021999017954364319e-01 3.941338543866699240e-01 3.927467037145184747e-01
1.499160470136724488e+00 2.597550582579085443e+01 1.647848688636095460e-01 1.671008937542346473e-01 3.224443680374200483e-01 3.326299614236560842e-01 4.224461323173933636e-01 4.295041679708084814e-01
1.508386073029873486e+00 2.418961438674083197e+01 1.796296949995053183e-01 1.846514432269898975e-01 3.539416894865219376e-01 3.671206629785146447e-01 4.283123393320309447e-01 4.797213107223043949e-01
1.517611675923022485e+00 2.148297431791307588e+01 1.949392134155871759e-01 2.020445190895578946e-01 3.894461485746880669e-01 4.024548680842556792e-01 4.751986230880511641e-01 5.198430183099702617e-01
1.526837278816171706e+00 1.734982303027908301e+01 2.041966935293686447e-01 2.198551904788885736e-01 4.210013690559506472e-01 4.157655590099160747e-01 5.089400550844693782e-01 5.861538050244945453e-01
1.536062881709320926e+00 1.130869367528679525e+01 1.990125468568280098e-01 2.172441195798615610e-01 4.210441063797265571e-01 4.222687453628584109e-01 4.928544183196450490e-01 5.931613543982106052e-01
1.545288484602469925e+00 4.002952896195218990e+00 1.325716323018699683e-01 1.503599427968227431e-01 3.125177677222215067e-01 3.054355887528847902e-01 3.822710047680741852e-01 4.153746160846480961e-01
1.554514087495618924e+00 1.716624783495860340e-01 1.862392700204368312e-02 2.039658841795541355e-02 4.341178340366730337e-02 3.668882771854214964e-02 8.297065697807326501e-02 5.212301183942040506e-02
1.563739690388767922e+00 8.822514704157860876e+00 2.048594406469064211e-01 1.716451861972654314e-01 3.813100245859324389e-01 4.395161089071173421e-01 5.039531507551817668e-01 5.816725803256925786e-01
1.572965293281917143e+00 3.155030409421318183e+01 3.533344518884220520e-01 3.214193627477008874e-01 6.670053563127638085e-01 6.577286233881203259e-01 8.156145948543667146e-01 1.145335278690911451e+00
1.582190896175066142e+00 5.953672368262312631e+01 4.361567310178813273e-01 3.830372159985415692e-01 8.363242378476627437e-01 7.753277553247386322e-01 9.980146130387907988e-01 1.371273019758220357e+00
1.591416499068215140e+00 8.296160586119428615e+01 3.548210879453677080e-01 3.777120773251994024e-01 7.602362855079718429e-01 7.601658888714268869e-01 1.064437776054305118e+00 1.013548982552364919e+00
1.600642101961364361e+00 8.750270207284114576e+01 6.370703227200635865e-01 5.990139573187605038e-01 1.072941087178392650e+00 1.132873718312751521e+00 1.421954709204271694e+00 1.588509583136485048e+00
1.609867704854513359e+00 6.733876274468178735e+01 6.658160709579163949e-01 6.892786859837229940e-01 1.246222059940336635e+00 1.343481621414923666e+00 1.687862175576768209e+00 1.900057244705294579e+00
1.619093307747662580e+00 4.257916852070597002e+01 5.168899267904905059e-01 5.970749944380244756e-01 1.117872433923963627e+00 9.781157370148534369e-01 1.361817649505063343e+00 1.291506990097971652e+00
1.628318910640811579e+00 2.678192433845321929e+01 3.986994114240687281e-01 3.872934316324183612e-01 8.745871216924712144e-01 6.919066763327208491e-01 1.082636691744102819e+00 9.037518420259011975e-01
1.637544513533960577e+00 1.870742258124960955e+01 2.756428642388435435e-01 2.539825745253097011e-01 6.155331919007984709e-01 4.891885139880685074e-01 8.110045507333580872e-01 6.306045678240259633e-01
1.646770116427109798e+00 1.484192496091330682e+01 1.881774055123699441e-01 1.694343576125820761e-01 3.859227765509736230e-01 3.229740139804864185e-01 5.544968099530809269e-01 4.308615216977411677e-01
1.655995719320258575e+00 1.304791496484852864e+01 1.191863582058374504e-01 1.121053041354240776e-01 2.385739888569133882e-01 2.034852716117026006e-01 3.548126058370897340e-01 2.837779151680113188e-01
1.665221322213407795e+00 1.226285424166887950e+01 7.325917949367166671e-02 6.725156014203292898e-02 1.486208492077771837e-01 1.214151766642039831e-01 2.125972916505372012e-01 1.823419107425188201e-01
1.674446925106557016e+00 1.197315184331485938e+01 4.132854402969776686e-02 4.320313676826259552e-02 8.197648090683706812e-02 7.932232117694049123e-02 1.221277796167701268e-01 1.128786854829399999e-01
1.683672527999706015e+00 1.192638811447585923e+01 2.711195729771631591e-02 2.942319220302103133e-02 5.049571444270029019e-02 5.189034617284171702e-02 6.824092506032819472e-02 6.762553640245627662e-02
1.692898130892855235e+00 1.199535399450900996e+01 2.445726447458262953e-02 2.729342563580949843e-02 4.828281260775035832e-02 4.430221571843873107e-02 8.037676590275211197e-02 5.635667297918445229e-02
1.702123733786004012e+00 1.211459530316870570e+01 2.670062372886050639e-02 2.851679957251462838e-02 5.998898211452186047e-02 5.288917523742142635e-02 9.100752277645440813e-02 7.130211241967288061e-02
1.711349336679153232e+00 1.225008291283860018e+01 2.900537288707205619e-02 3.216313006351434467e-02 7.031261187579929128e-02 6.280465963786241446e-02 1.071212756647028641e-01 7.976430190164762735e-02
1.720574939572302453e+00 1.238422939774306286e+01 3.323637932299483566e-02 3.434517880686627223e-02 8.003930692357741350e-02 7.022653142592183428e-02 1.192174539899575336e-01 9.435713785764043848e-02
1.729800542465451230e+00 1.250823767834292788e+01 3.682070831161432523e-02 3.605944037936659186e-02 8.772387653553970210e-02 7.649461676186497527e-02 1.275974777838637664e-01 1.102525194046233281e-01
1.739026145358600450e+00 1.261807524075285869e+01 3.793390966219156724e-02 3.841466945905125385e-02 9.220138812737666001e-02 8.058398912100628309e-02 1.333257327466057518e-01 1.188193843508802416e-01
1.748251748251749449e+00 1.271230162246083317e+01 3.923929461326913781e-02 3.963038171236377138e-02 9.524999102871056778e-02 8.392765411212721460e-02 1.371401723142042783e-01 1.235696143350200060e-01
1.757477351144898670e+00 1.279087218125807901e+01 4.072416977792414627e-02 4.045347630714424270e-02 9.723264169092082909e-02 8.646826709913035813e-02 1.395579580506538520e-01 1.268227541363806665e-01
1.766702954038047890e+00 1.285446990997080441e+01 4.143452023680893603e-02 4.113166098679599259e-02 9.851402734792280569e-02 8.823370322991586079e-02 1.409522678434615983e-01 1.289616667986130949e-01
1.775928556931196667e+00 1.290412933166978071e+01 4.170669765470336188e-02 4.101651938821682108e-02 9.959462883134229116e-02 8.962925901687945895e-02 1.415917435479769892e-01 1.302598059174737699e-01
1.785154159824345887e+00 1.294102494123415070e+01 4.266964404345152673e-02 4.082458956837164976e-02 1.001734673000846954e-01 9.028736343428356292e-02 1.416725936076801418e-01 1.309206964633737869e-01
1.794379762717494886e+00 1.296635365386607575e+01 4.291445010922778636e-02 4.085129033459722336e-02 1.003723164523222522e-01 9.051980146705318475e-02 1.413403053355963834e-01 1.310972045817013765e-01
1.803605365610643885e+00 1.298127146235441032e+01 4.272611311416874003e-02 4.049482493957157203e-02 1.002831082306006039e-01 9.044928172639110642e-02 1.407022473928982720e-01 1.309051028340721956e-01
1.812830968503793105e+00 1.298686147213601672e+01 4.275470277941550989e-02 4.046169575059366252e-02 9.997577733798479471e-02 9.042127345341022249e-02 1.398406047171700806e-01 1.304327278469852303e-01
1.822056571396942104e+00 1.298412004061745684e+01 4.290773367232603164e-02 4.063359989373260817e-02 9.950388437908763706e-02 9.024985033824606262e-02 1.388144633918670934e-01 1.297479313391995959e-01
1.831282174290091325e+00 1.297395322717801669e+01 4.257011866464388561e-02 4.049243898576015965e-02 9.890869096100196600e-02 8.996418239645898041e-02 1.376690108549691871e-01 1.287430431181135759e-01
1.840507777183240323e+00 1.295717895043114254e+01 4.208976183767987322e-02 4.031057894540879261e-02 9.822214342097801421e-02 8.958751678421350562e-02 1.364406203751862279e-01 1.274114083564334976e-01
