2.306400723287267349e-02 1.943525371799456320e+17 3.200000000000000000e+01 -3.200000000000000000e+01 3.200000000000000000e+01 -3.200000000000000000e+01 3.200000000000000000e+01 -3.200000000000000000e+01
3.228961012602173802e-02 4.056481922928186250e+14 1.875000000000000000e+00 1.625000000000000000e+00 2.937500000000000000e+00 3.312500000000000000e+00 3.750000000000000000e+00 4.375000000000000000e+00
4.151521301917080603e-02 7.339012828399433594e+12 1.820312500000000000e+00 1.694335937500000000e+00 2.883789062500000000e+00 3.296875000000000000e+00 3.667968750000000000e+00 4.315429687500000000e+00
5.074081591231988098e-02 4.110522231389963989e+11 1.607543945312500000e+00 1.496826171875000000e+00 2.545227050781250000e+00 2.907958984375000000e+00 3.238647460937500000e+00 3.808532714843750000e+00
5.996641880546894204e-02 4.540632264723231506e+10 1.362899780273437500e+00 1.270591735839843750e+00 2.158462524414062500e+00 2.465347290039062500e+00 2.748382568359375000e+00 3.230163574218750000e+00
6.919202169861800311e-02 7.835937855512928009e+09 1.135881423950195312e+00 1.060724258422851562e+00 1.800362586975097656e+00 2.055642127990722656e+00 2.293983459472656250e+00 2.694581031799316406e+00
7.841762459176707112e-02 1.847159204339465857e+09 9.410655498504638672e-01 8.776285648345947266e-01 1.488327264785766602e+00 1.698722600936889648e+00 1.897742033004760742e+00 2.227847576141357422e+00
8.764322748491613913e-02 5.470798209685496092e+08 7.737926244735717773e-01 7.208403348922729492e-01 1.221673727035522461e+00 1.393768906593322754e+00 1.558870792388916016e+00 1.828959345817565918e+00
9.686883037806519325e-02 1.926537565684509277e+08 6.310597658157348633e-01 5.872856378555297852e-01 9.946912527084350586e-01 1.134195357561111450e+00 1.270174175500869751e+00 1.489385545253753662e+00
1.060944332712142474e-01 7.765172748966123164e+07 5.089625716209411621e-01 4.736420661211013794e-01 8.009296357631683350e-01 9.125929176807403564e-01 1.023498207330703735e+00 1.199483826756477356e+00
1.153200361643633154e-01 3.486082260853864998e+07 4.034002795815467834e-01 3.746450096368789673e-01 6.345288306474685669e-01 7.223395705223083496e-01 8.114241883158683777e-01 9.504929706454277039e-01
1.245456390575123834e-01 1.708483853000543267e+07 3.125604279339313507e-01 2.890441678464412689e-01 4.921563491225242615e-01 5.577590204775333405e-01 6.276715137064456940e-01 7.350022420287132263e-01
1.337712419506614514e-01 9.002731087948461995e+06 2.331420667469501495e-01 2.141320295631885529e-01 3.677586149424314499e-01 4.141802042722702026e-01 4.670643154531717300e-01 5.469101741909980774e-01
1.429968448438105333e-01 5.041207718765812926e+06 1.619825009256601334e-01 1.486657699570059776e-01 2.560423677787184715e-01 2.877912186086177826e-01 3.253715839236974716e-01 3.812347315251827240e-01
1.522224477369596152e-01 2.972262432195246220e+06 9.990934003144502640e-02 9.127768268808722496e-02 1.557791749946773052e-01 1.759934606961905956e-01 1.991298096254467964e-01 2.339036655612289906e-01
1.614480506301086971e-01 1.831609629219154362e+06 4.296117112971842289e-02 3.922114451415836811e-02 6.702369754202663898e-02 7.512051588855683804e-02 8.548358501866459846e-02 1.002866218332201242e-01
1.706736535232577512e-01 1.172682666613416513e+06 9.354944573715329170e-03 9.535258868709206581e-03 1.818769215606153011e-02 1.772863767109811306e-02 2.150694397278130054e-02 2.253278763964772224e-02
1.798992564164068331e-01 7.762552082323778886e+05 5.212749191559851170e-02 5.514170974493026733e-02 1.023887018673121929e-01 9.015212708618491888e-02 1.288298821309581399e-01 1.156288229394704103e-01
1.891248593095559150e-01 5.291053986295098439e+05 9.150090476032346487e-02 9.827857848722487688e-02 1.803614059463143349e-01 1.617566699860617518e-01 2.312481123954057693e-01 2.019407568732276559e-01
1.983504622027049968e-01 3.700977872104891576e+05 1.297700704890303314e-01 1.394793973886407912e-01 2.531274831271730363e-01 2.282312517054378986e-01 3.275762857520021498e-01 2.857657501008361578e-01
2.075760650958540787e-01 2.648976769891264266e+05 1.651544578489847481e-01 1.788839559303596616e-01 3.223106381483376026e-01 2.908522300422191620e-01 4.193905380670912564e-01 3.660338218905963004e-01
2.168016679890031329e-01 1.935357341795813991e+05 1.999106856237631291e-01 2.161161374824587256e-01 3.889969946176279336e-01 3.516750051639974117e-01 5.081431975122541189e-01 4.440328346681781113e-01
2.260272708821522147e-01 1.440284001280582161e+05 2.351504104735795408e-01 2.526552125636953861e-01 4.542118406679946929e-01 4.141197543649468571e-01 5.952162342728115618e-01 5.210057228978257626e-01
2.352528737753012689e-01 1.089790252159504744e+05 2.716753430286189541e-01 2.908069429395254701e-01 5.189565457549178973e-01 4.777405342028941959e-01 6.819723059452371672e-01 5.981984390964498743e-01
2.444784766684503230e-01 8.370446468036403530e+04 3.090461399115156382e-01 3.275997043529059738e-01 5.842343054246157408e-01 5.433616272202925757e-01 7.698069405887508765e-01 6.800652360689127818e-01
2.537040795615994049e-01 6.517028222078073304e+04 3.444707145463326015e-01 3.656284623939427547e-01 6.515662541205529124e-01 6.106661144294776022e-01 8.602057729585794732e-01 7.666544293388142250e-01
2.629296824547484590e-01 5.136843049206536671e+04 3.858387058207881637e-01 4.068949171341955662e-01 7.209199096032534726e-01 6.803941265316097997e-01 9.548115813086042181e-01 8.593848890159279108e-01
2.721552853478975686e-01 4.094416706829928444e+04 4.271452655157190748e-01 4.491938416540506296e-01 7.947548329393612221e-01 7.553218634930090047e-01 1.055507342127384618e+00 9.605345465970458463e-01
2.813808882410466228e-01 3.296711660024341836e+04 4.717194333425140940e-01 4.959927826057537459e-01 8.775831823586486280e-01 8.373997541857534088e-01 1.164523919956991449e+00 1.072937909564643633e+00
2.906064911341957324e-01 2.678774235505955949e+04 5.263117235735990107e-01 5.483368813620472793e-01 9.661578756313247140e-01 9.288648490037303418e-01 1.284584803215693682e+00 1.200212127445411170e+00
2.998320940273447865e-01 2.194556052971115059e+04 5.880266221502097324e-01 6.101535061825416051e-01 1.064916574370727176e+00 1.032653613019647310e+00 1.419106217013904825e+00 1.336779430457681883e+00
3.090576969204938407e-01 1.810934539445987321e+04 6.587248611285758670e-01 6.791119230801996309e-01 1.176617665940284496e+00 1.154423224110360024e+00 1.572480060312955175e+00 1.481180495204171166e+00
3.182832998136429503e-01 1.503748116259389826e+04 7.443945054492360214e-01 7.592905841611354845e-01 1.307913925536922761e+00 1.306171809845181997e+00 1.750480783486636938e+00 1.648796506313374266e+00
3.275089027067920044e-01 1.255120704529432078e+04 8.518018205850239610e-01 8.633831679071590770e-01 1.483302772981915041e+00 1.475427053936073207e+00 1.960851187001026119e+00 1.857927201870552381e+00
3.367345055999411141e-01 1.051621425340625865e+04 9.786000026761030313e-01 9.677915794654836645e-01 1.684501052504856489e+00 1.700729071679234039e+00 2.214080397940051625e+00 2.141477837538332096e+00
3.459601084930901682e-01 8.829671874205536369e+03 1.151748531225166516e+00 1.123953990492736921e+00 1.933363576607007417e+00 1.976916675797838252e+00 2.587321385792165529e+00 2.504014571974039427e+00
3.551857113862392223e-01 7.410710865981588540e+03 1.349361602647149994e+00 1.287977585435328365e+00 2.249173775420786114e+00 2.337505449398122437e+00 3.114023505807381298e+00 2.981593990437431785e+00
3.644113142793883320e-01 6.192904595681034152e+03 1.631621401736992993e+00 1.572972478955307452e+00 2.697288166653379449e+00 2.860936454770126147e+00 3.798772646042380075e+00 3.629599925987349707e+00
3.736369171725373861e-01 5.117448210947783082e+03 1.989814536533231148e+00 1.934519835907849483e+00 3.363785364724208193e+00 3.570096589452987246e+00 4.594643867020749894e+00 4.536134749099801411e+00
3.828625200656864958e-01 4.125662739005964795e+03 2.502683955123757187e+00 2.469246858452606830e+00 4.310830707616332802e+00 4.621567797683383105e+00 5.923124923324394331e+00 6.054099362703709630e+00
3.920881229588355499e-01 3.150141939659672516e+03 3.272287396529009129e+00 3.324393697499999689e+00 5.685992614001861511e+00 6.225995547177717526e+00 7.434982425787893590e+00 8.366735644344771572e+00
4.013137258519846040e-01 2.114080655280757583e+03 4.380242240886673244e+00 4.260459837005782902e+00 7.648215911546685675e+00 8.060247976664868474e+00 1.046566870521382953e+01 1.093776271245815224e+01
4.105393287451337136e-01 1.025738404772022704e+03 4.558206258400559818e+00 4.550782999296302478e+00 8.127830136269722061e+00 8.321098817022971161e+00 1.120896871919194382e+01 1.154610499438649640e+01
4.197649316382827678e-01 4.688694456676465734e+02 9.774230866342463742e-01 1.059124238230197079e+00 1.815043169675732315e+00 1.867360782660739460e+00 2.708481042165260533e+00 2.358645088224591291e+00
4.289905345314318219e-01 1.274910022285205969e+03 7.344259380388166392e+00 7.205538423178950325e+00 1.387228607903625743e+01 1.374193358649904440e+01 1.938197824953408599e+01 1.796720447548341326e+01
4.382161374245809315e-01 2.145441986327497489e+03 4.830476804552745307e+00 5.065804388973901951e+00 1.002899062456754109e+01 9.488768566619455669e+00 1.314966082015598658e+01 1.245019455568399280e+01
4.474417403177299857e-01 2.389686024199533222e+03 2.294245872853934998e+00 2.442144856548566167e+00 4.776248698415656690e+00 4.332950528325000050e+00 6.166877958058648801e+00 5.652035010826239159e+00
4.566673432108790953e-01 2.329707191216973570e+03 1.072642483083654952e+00 1.140165035335485300e+00 2.133220208910188376e+00 1.853606025647422939e+00 2.924860379175242997e+00 2.410967876207905647e+00
4.658929461040280939e-01 2.174160055008592735e+03 4.599881411386377295e-01 4.960237749196494406e-01 9.024096180219203234e-01 8.063382180034750490e-01 1.290950738886749605e+00 9.775267644863561145e-01
4.751185489971772036e-01 1.998648760532046026e+03 1.580002043465356110e-01 1.716724329276075878e-01 3.066162675006580685e-01 2.830783776769294491e-01 4.376344768545550323e-01 3.300365237607820745e-01
4.843441518903262577e-01 1.828449238297712327e+03 4.313160060746668023e-03 4.069131916594415088e-03 9.213423786832208862e-03 1.098507781807711581e-02 1.196735438520590833e-02 1.533163871931719768e-02
4.935697547834753673e-01 1.671454936202241697e+03 9.451593258563661948e-02 8.618269635098840808e-02 1.432559419110930321e-01 1.730868070098949829e-01 1.685002478025126038e-01 2.526389205745545041e-01
5.027953576766244215e-01 1.529405045432486531e+03 1.447157021641487518e-01 1.337646208737623965e-01 2.231573261349240056e-01 2.635270180578572763e-01 2.619434916784939560e-01 3.790637876170421805e-01
5.120209605697735311e-01 1.401831724562795898e+03 1.731207583984541998e-01 1.574025334878115245e-01 2.655889985271642217e-01 3.123231065064828726e-01 3.142228069771135779e-01 4.438716212027884467e-01
5.212465634629225297e-01 1.287524165813163108e+03 1.849223588128552365e-01 1.671662031169489637e-01 2.858182574827878852e-01 3.367350315797921212e-01 3.433879941451323248e-01 4.737015583052652801e-01
5.304721663560716394e-01 1.185092474768759530e+03 1.893643065197920805e-01 1.695058264776889700e-01 2.899249863351087697e-01 3.454046688163998624e-01 3.582402670888313878e-01 4.832250876640955539e-01
5.396977692492206380e-01 1.093185194821180403e+03 1.932035695954255061e-01 1.706865829407888668e-01 2.863263031372298428e-01 3.452104471282382292e-01 3.589510281990442309e-01 4.808277014262785087e-01
5.489233721423698587e-01 1.010567432986714152e+03 1.899450770482644657e-01 1.676334629573830171e-01 2.815625603318494541e-01 3.397077046894310115e-01 3.536793653047425323e-01 4.714492541968411388e-01
5.581489750355188573e-01 9.361415639350897209e+02 1.834659285581210497e-01 1.645136211153612749e-01 2.740468293267213085e-01 3.310685541432576429e-01 3.461838119516187362e-01 4.580700627403757608e-01
5.673745779286679669e-01 8.689445144980390978e+02 1.774940041683521486e-01 1.588278668912153080e-01 2.677843354813376209e-01 3.211904269360275066e-01 3.368452258414436074e-01 4.425204512228901876e-01
5.766001808218169655e-01 8.081361777072742143e+02 1.721163986846931948e-01 1.549384302704766014e-01 2.569013175994996345e-01 3.105749322794508771e-01 3.262269773754269409e-01 4.259376327112249783e-01
5.858257837149661862e-01 7.529852564365002081e+02 1.672615509030492831e-01 1.504748899038759191e-01 2.487163950387412115e-01 2.988247524129974408e-01 3.149482630037709896e-01 4.090316561155304953e-01
5.950513866081151848e-01 7.028552190065179275e+02 1.613383402986983128e-01 1.460159219326442326e-01 2.397335985669997171e-01 2.870330133922607274e-01 3.034154344612716159e-01 3.922444414249639522e-01
6.042769895012642944e-01 6.571914289201592965e+02 1.553317548792847447e-01 1.411221581630570654e-01 2.294116768190406219e-01 2.754195252177851216e-01 2.918947604013055752e-01 3.758471377437899719e-01
6.135025923944132931e-01 6.155097820253874943e+02 1.504794537119096276e-01 1.343594405648218526e-01 2.193314162435626713e-01 2.641204008140221049e-01 2.805591624941143891e-01 3.600009460434421271e-01
6.227281952875624027e-01 5.773868632229971354e+02 1.453880576451638262e-01 1.279182863374899171e-01 2.097445080703437270e-01 2.532166354218361448e-01 2.695187508676326615e-01 3.447957860680617159e-01
6.319537981807114013e-01 5.424515027455413474e+02 1.400801937809319497e-01 1.225274335698713912e-01 2.008502137080085959e-01 2.427527512653568920e-01 2.588410747856642047e-01 3.302752450505295201e-01
6.411794010738606220e-01 5.103775676182571601e+02 1.339207679793616990e-01 1.182493232123533744e-01 1.933280701579747074e-01 2.327491172833333621e-01 2.485647279402769527e-01 3.164528746866039910e-01
6.504050039670096206e-01 4.808778192415197168e+02 1.294183495523384408e-01 1.137121761543653520e-01 1.847010049194750536e-01 2.235891815116133330e-01 2.387085912834550072e-01 3.033229421911300960e-01
6.596306068601587302e-01 4.536986802517694741e+02 1.253226069774768803e-01 1.090175817785166146e-01 1.765040512617019886e-01 2.154060154853141285e-01 2.292781710885378743e-01 2.913643549785547293e-01
6.688562097533077289e-01 4.286157720613528568e+02 1.204554051005857218e-01 1.047414207550900755e-01 1.694676520891675864e-01 2.075602779344194460e-01 2.202699781356045605e-01 2.804128664689073958e-01
6.780818126464568385e-01 4.054301037045874523e+02 1.157426407319803729e-01 1.015814478179777325e-01 1.630747910023728764e-01 2.000501949381146005e-01 2.116745708914322677e-01 2.699753601513634749e-01
6.873074155396059481e-01 3.839648106222469437e+02 1.113101714159370204e-01 9.807540568675676695e-02 1.570446423468752073e-01 1.928695274312985930e-01 2.034786783723916415e-01 2.600348889739052538e-01
6.965330184327550578e-01 3.640623579720750058e+02 1.071400421965336136e-01 9.407542100012733499e-02 1.512947280880325707e-01 1.860067709515078604e-01 1.956666834910265607e-01 2.505717813932051286e-01
7.057586213259040564e-01 3.455821367834777220e+02 1.032469206315909105e-01 9.027590293101184216e-02 1.458456316171918843e-01 1.794463722491741464e-01 1.882216586888034726e-01 2.415648817345186217e-01
7.149842242190531660e-01 3.283983928971256887e+02 9.969523833075299990e-02 8.694762012197543299e-02 1.408002843152189598e-01 1.731830997156293961e-01 1.811260861595656024e-01 2.329924105075065199e-01
7.242098271122021647e-01 3.123984383775876381e+02 9.613235017297938612e-02 8.383085168378556773e-02 1.359658015336435710e-01 1.672040863433039704e-01 1.743623547768038407e-01 2.248325559696695564e-01
7.334354300053513853e-01 2.974811032195805183e+02 9.290907615582000290e-02 8.084044107965837611e-02 1.313343242173914405e-01 1.614962574234937165e-01 1.680416613941133619e-01 2.170638749875024587e-01
7.426610328985003839e-01 2.835553919371640177e+02 8.977296185969407816e-02 7.790708017944325547e-02 1.268976378394768290e-01 1.556641563447556109e-01 1.622710527871049635e-01 2.096655583137021495e-01
7.518866357916494936e-01 2.705393152543022097e+02 8.680900818598047408e-02 7.514384894028580675e-02 1.226473868393327393e-01 1.500129943501633534e-01 1.567554918627820371e-01 2.026175994488426113e-01
7.611122386847984922e-01 2.583588717981766649e+02 8.371098594295744988e-02 7.251167190042906441e-02 1.185752293899327015e-01 1.446182030179556932e-01 1.514823001594436391e-01 1.959008950618112976e-01
7.703378415779476018e-01 2.469471585965318354e+02 8.083677090982632762e-02 6.998590713200769642e-02 1.146729477262340424e-01 1.394573752558017077e-01 1.464392254353299450e-01 1.894972970436583637e-01
7.795634444710966005e-01 2.362435924332636716e+02 7.827496964989677508e-02 6.738584538263125978e-02 1.109325253410418100e-01 1.345272292442416529e-01 1.416145025562229876e-01 1.833896306393967279e-01
7.887890473642458211e-01 2.261932268346305932e+02 7.587856839364803818e-02 6.522158454771442848e-02 1.073461994778313056e-01 1.298145040685199092e-01 1.369968885810806114e-01 1.775616890815854276e-01
7.980146502573948197e-01 2.167461517347567224e+02 7.356870401775950086e-02 6.296580800588458260e-02 1.039064952276191889e-01 1.253972119714319433e-01 1.325756791773073928e-01 1.719982122499175148e-01
8.072402531505439294e-01 2.078569647792594139e+02 7.108981796281454990e-02 6.088681872407164519e-02 1.006062459650252094e-01 1.216014872584878503e-01 1.283407116436876549e-01 1.663497929676509557e-01
8.164658560436929280e-01 1.994843048327142299e+02 6.860663710901349077e-02 5.927939690252514993e-02 9.743860368854484477e-02 1.176405719765227786e-01 1.242806927062645173e-01 1.609006981662730595e-01
8.256914589368421487e-01 1.915904396102458520e+02 6.626900840092275757e-02 5.751763832992651260e-02 9.439704195293074918e-02 1.136386461672884707e-01 1.203880187311483496e-01 1.556962185916006547e-01
8.349170618299911473e-01 1.841409004988623508e+02 6.426335220027112882e-02 5.546702732803510116e-02 9.161514177759499944e-02 1.098019508969230174e-01 1.166543026001534145e-01 1.507223862199680298e-01
8.441426647231402569e-01 1.771041586003111377e+02 6.236183091581892768e-02 5.375771958122754768e-02 8.884358059219721326e-02 1.061212910745723548e-01 1.130714225062661171e-01 1.459661975786161747e-01
8.533682676162892555e-01 1.704513368593259486e+02 6.043797548403517794e-02 5.226023134181900787e-02 8.647027400979823142e-02 1.025907510445449589e-01 1.096317192726985468e-01 1.414155435503801073e-01
8.625938705094383652e-01 1.641559538283853215e+02 5.832247781052046776e-02 5.069143784066909575e-02 8.420073235342329099e-02 9.932214071534417599e-02 1.063279734535171883e-01 1.370591438473525159e-01
8.718194734025873638e-01 1.581936952285689983e+02 5.678835101502954785e-02 4.930013034544344919e-02 8.202720443384237115e-02 9.617523460690335924e-02 1.031533822255710220e-01 1.328864861124543495e-01
8.810450762957365844e-01 1.525422099705656365e+02 5.513085779014659238e-02 4.788414833069509768e-02 7.984717745787861531e-02 9.314387246556066202e-02 1.001015365128807844e-01 1.288877695044732263e-01
8.902706791888855831e-01 1.471809277386048791e+02 5.345534368089488453e-02 4.627646235894644633e-02 7.723817751113415397e-02 9.022223580126365050e-02 9.716639865337128867e-02 1.250538525713125182e-01
8.994962820820346927e-01 1.420908956148136042e+02 5.197154562392825028e-02 4.480232013148111037e-02 7.478774818409306135e-02 8.740482837515628489e-02 9.434228082454865216e-02 1.213762051798994435e-01
9.087218849751836913e-01 1.372546315440114597e+02 5.033329252486851146e-02 4.319995565714407348e-02 7.279629160069589489e-02 8.468303908185248474e-02 9.162382436448979206e-02 1.178468642527548127e-01
9.179474878683329120e-01 1.326559927167284627e+02 4.846378308644716526e-02 4.191113692809267377e-02 7.006003086812029323e-02 8.204513325017614989e-02 8.900598007593885086e-02 1.144583930621934087e-01
9.271730907614816886e-01 1.282800571880564462e+02 4.664370752550439647e-02 4.046777482164998219e-02 6.834321729135695023e-02 7.949688412406885618e-02 8.648398955844527336e-02 1.113433283765630222e-01
9.363986936546309092e-01 1.241130172573184467e+02 4.555917275267518107e-02 3.963787861181344852e-02 6.653911491982000825e-02 7.703388080633999380e-02 8.405336758390546947e-02 1.084593261964386102e-01
9.456242965477800189e-01 1.201420833132317085e+02 4.402181184076425779e-02 3.855122630173468679e-02 6.515283134072547000e-02 7.484272206525588444e-02 8.170988551239588560e-02 1.056935215648735493e-01
9.548498994409290175e-01 1.163553970051573430e+02 4.270083556083648091e-02 3.737762410081302278e-02 6.363281462463987737e-02 7.383639634163330356e-02 7.944955572833123369e-02 1.030407252587508538e-01
9.640755023340780161e-01 1.127419527366729994e+02 4.159028141982901161e-02 3.639057592941696839e-02 6.161120478778059351e-02 7.298032386880493050e-02 7.726861706615295589e-02 1.004960986472980267e-01
9.733011052272271257e-01 1.092915265957290529e+02 4.005768117265517958e-02 3.554930687779744858e-02 6.042668186454136503e-02 7.212169279823399393e-02 7.516352119172609036e-02 9.805513200170423715e-02
9.825267081203763464e-01 1.059946119386852672e+02 3.906798429035518438e-02 3.443332663681530903e-02 5.971447087587478109e-02 6.997538847073769830e-02 7.313091989753672806e-02 9.571362472513555986e-02
9.917523110135253450e-01 1.028423609355476600e+02 3.785238671900970076e-02 3.333459894113843802e-02 5.836703688935074297e-02 6.790051182643708216e-02 7.116765327121754581e-02 9.346766737570533223e-02
1.000977913906674344e+00 9.982653146242208209e+01 3.677052406881387014e-02 3.223264479237286650e-02 5.722696036330887637e-02 6.603647746098317839e-02 6.927073869464095424e-02 9.131362536408005326e-02
1.010203516799823564e+00 9.693943879629335925e+01 3.580823731472548843e-02 3.108957878984597301e-02 5.598733018709367570e-02 6.455272681151313918e-02 6.743736063226890565e-02 8.924812422240790966e-02
1.019429119692972563e+00 9.417391162777956026e+01 3.479457664100493730e-02 3.067673156114381072e-02 5.465089661944944055e-02 6.305841179602111879e-02 6.566486116958003549e-02 8.726803635168778328e-02
1.028654722586121562e+00 9.152325196077653402e+01 3.372194766335212535e-02 3.002652359458579667e-02 5.356286678163257875e-02 6.176847376502792031e-02 6.395073126316219714e-02 8.537046916876533942e-02
1.037880325479270560e+00 8.898119851476577935e+01 3.270278025516404341e-02 2.936742951148119118e-02 5.293833950224779983e-02 5.989924972834614891e-02 6.245334463571339256e-02 8.355275458356459239e-02
1.047105928372419781e+00 8.654189328688255500e+01 3.174936297078545522e-02 2.860478976737113044e-02 5.234958640312470379e-02 5.808492388817398933e-02 6.069030990204282716e-02 8.181243975123209111e-02
1.056331531265569001e+00 8.419985096727749863e+01 3.086751092757822335e-02 2.775351495259315016e-02 5.127219212590716779e-02 5.716863989719911388e-02 5.988699085087034746e-02 8.014727905306529010e-02
1.065557134158718000e+00 8.194993093351898494e+01 3.039012875053970220e-02 2.662853482348737089e-02 5.104986518080067981e-02 5.629639680689990655e-02 5.932005664327277827e-02 7.855522727393804416e-02
1.074782737051866999e+00 7.978731157827549225e+01 2.966378629361088315e-02 2.594140243405718138e-02 5.085554912187717491e-02 5.546780079252755513e-02 5.886637911925163280e-02 7.703443395492115542e-02
1.084008339945015997e+00 7.770746674975403323e+01 2.924644146729349359e-02 2.501610983381397091e-02 5.049032579694312517e-02 5.445766644125171752e-02 5.878407983907152357e-02 7.558323891106510928e-02
1.093233942838165218e+00 7.570614410673378813e+01 2.889450552886785317e-02 2.431696956342932481e-02 5.027149202567215980e-02 5.368731877956633980e-02 5.875319817090485230e-02 7.420016891961722649e-02
1.102459545731314217e+00 7.377934520989742850e+01 2.839434247864858207e-02 2.376942990363772878e-02 4.975341772173180743e-02 5.287745296912760296e-02 5.877419817936413438e-02 7.288393559559835921e-02
1.111685148624463215e+00 7.192330718879695439e+01 2.778567473205839633e-02 2.337116088597213093e-02 4.929055659171410753e-02 5.251023212690597575e-02 5.885578460889462349e-02 7.163343448777936828e-02
1.120910751517612436e+00 7.013448583948499504e+01 2.677268438471003265e-02 2.317068364845908945e-02 4.886294649665501311e-02 5.195996337872088588e-02 5.897229094262002036e-02 7.044774544306164898e-02
1.130136354410761435e+00 6.840954002179427107e+01 2.623366223889433968e-02 2.285369762984146291e-02 4.847993770442826644e-02 5.132426216512442352e-02 5.915378621224931521e-02 6.940681137439241866e-02
1.139361957303910433e+00 6.674531723771094960e+01 2.605458522300807545e-02 2.221391765492342074e-02 4.829908891042578034e-02 5.091644848543808166e-02 5.939075488524281354e-02 6.983027168242017524e-02
1.148587560197059654e+00 6.513884028337034238e+01 2.597321714203815191e-02 2.196883445502351151e-02 4.841323918793705161e-02 5.061595584304257045e-02 5.968457775155400213e-02 7.032726736635197540e-02
1.157813163090208652e+00 6.358729487714943218e+01 2.588160013338836052e-02 2.220898029463569401e-02 4.825191125436845141e-02 5.024237830633637714e-02 6.003685576079220709e-02 6.936925264635362964e-02
1.167038765983357873e+00 6.208801817520485145e+01 2.559487350093547775e-02 2.241836138036035209e-02 4.801563328100399985e-02 4.998220878803749656e-02 6.049494147462297633e-02 6.843742158872601067e-02
1.176264368876506872e+00 6.063848809379665994e+01 2.534914021214973445e-02 2.293380481319218234e-02 4.772399973662544426e-02 4.973258760445276039e-02 6.111799092472125494e-02 6.756132365644162974e-02
1.185489971769655870e+00 5.923631336496286792e+01 2.483067081402623444e-02 2.324637189700240469e-02 4.766108853166173276e-02 4.960092903596802216e-02 6.181002701880089489e-02 6.674427870740373692e-02
1.194715574662805091e+00 5.787922425866464948e+01 2.440917789468954879e-02 2.317736207716336594e-02 4.810043978835665257e-02 4.964490681754085699e-02 6.257426772032914641e-02 6.598656512677791852e-02
1.203941177555954090e+00 5.656506391056974792e+01 2.393903737472413695e-02 2.355565591295061267e-02 4.810045917768235313e-02 4.974516512787374722e-02 6.341579716870171524e-02 6.559583324843742957e-02
1.213166780449103088e+00 5.529178020032444607e+01 2.359754532329105814e-02 2.333822326043133444e-02 4.839262543944045092e-02 5.034522390944573544e-02 6.433559844170844144e-02 6.506088783401509090e-02
1.222392383342252087e+00 5.405741813059180600e+01 2.329214647145505523e-02 2.333193049527437779e-02 4.970981667385387937e-02 5.094230732364479763e-02 6.533944144892700479e-02 6.451422299604558930e-02
1.231617986235401307e+00 5.286011266258677921e+01 2.322987640324924996e-02 2.409856541990507139e-02 5.003780655733436333e-02 5.088089491507474804e-02 6.643264368878476489e-02 6.434401321648408612e-02
1.240843589128550528e+00 5.169808196949303181e+01 2.361333819458621974e-02 2.407062364965639745e-02 5.131891027961188456e-02 5.149787307286146643e-02 6.762083381055816744e-02 6.526787703377578964e-02
1.250069192021699527e+00 5.056962107538898721e+01 2.327509490881851661e-02 2.401964661223132680e-02 5.207615605220183852e-02 5.185262382958910621e-02 6.891054014674580230e-02 6.629089628506079634e-02
1.259294794914848525e+00 4.947309585458275905e+01 2.383815493826091370e-02 2.476833565884817290e-02 5.307817145710913564e-02 5.310941693689841259e-02 7.030882144767502950e-02 6.741972369701443313e-02
1.268520397807997524e+00 4.840693737520292217e+01 2.400711656818543815e-02 2.521175528614350014e-02 5.409957492042849481e-02 5.331124731858238874e-02 7.182339483242827782e-02 6.972103293920639544e-02
1.277746000701146745e+00 4.736963658245016973e+01 2.422644712134314204e-02 2.532420559735015786e-02 5.519577811469389417e-02 5.445591693619178386e-02 7.346316636434124803e-02 7.227297936146470647e-02
1.286971603594295521e+00 4.635973933238913247e+01 2.426874575657222977e-02 2.573406121729249207e-02 5.628260770170356864e-02 5.570717989766649225e-02 7.523816713046471705e-02 7.377794185669017679e-02
1.296197206487444742e+00 4.537584180852240934e+01 2.523837472399748094e-02 2.602867394223551401e-02 5.747255098040682242e-02 5.668340235280311390e-02 7.715972146779392915e-02 7.542340154046200951e-02
1.305422809380593963e+00 4.441658638346505228e+01 2.569620752140622244e-02 2.659573441487594891e-02 5.877582835269379302e-02 5.763463791296885574e-02 7.924064682091369605e-02 7.722641170638411268e-02
1.314648412273742961e+00 4.348065803112557859e+01 2.671055306591085809e-02 2.713597338710371787e-02 6.020948689424443501e-02 5.935050526891672007e-02 8.149549229005259576e-02 7.920104508734482351e-02
1.323874015166892182e+00 4.256678145727143203e+01 2.814300210815190439e-02 2.770591368084751593e-02 6.204220810613492176e-02 6.069125255024943044e-02 8.394082478819342441e-02 8.136334071189565975e-02
1.333099618060040958e+00 4.167371920796843199e+01 2.962490722703847723e-02 2.873376739888300335e-02 6.415192412417525247e-02 6.172139313514435344e-02 8.659557415578689188e-02 8.611495747140907042e-02
1.342325220953190179e+00 4.080027115104464031e+01 3.090878369815897031e-02 3.041010887481832015e-02 6.614406672199635295e-02 6.331901187375166273e-02 8.948145178882782602e-02 9.113191643770335304e-02
1.351550823846339400e+00 3.994527592861270193e+01 3.198019671518892437e-02 3.195626879706026102e-02 6.832021526865617034e-02 6.702784060956901158e-02 9.262443501253159184e-02 9.652418247986105371e-02
1.360776426739488176e+00 3.910761528515519814e+01 3.362662879519717762e-02 3.266379106968031465e-02 7.070842024806722748e-02 7.058551117508216066e-02 9.605316611163772222e-02 1.022819991240808690e-01
1.370002029632637397e+00 3.828622264357337457e+01 3.510797369141727131e-02 3.446056081384085701e-02 7.333195628465460914e-02 7.353253040546547936e-02 9.980075386975784113e-02 1.084471263884552172e-01
1.379227632525786396e+00 3.748009802413424296e+01 3.712047688888731045e-02 3.503911748525467829e-02 7.621552062059322452e-02 7.695938164215476718e-02 1.039065176703672932e-01 1.150671164551368975e-01
1.388453235418935616e+00 3.668833253085946922e+01 3.871246130371019945e-02 3.732269262959420075e-02 7.939369013129748964e-02 8.040013230696985147e-02 1.084158160857171538e-01 1.221962162398710916e-01
1.397678838312084837e+00 3.591014741970533208e+01 4.117211866311976110e-02 3.917084703326167983e-02 8.496650783742154545e-02 8.459990857131316488e-02 1.133829288511947198e-01 1.298963829304611295e-01
1.406904441205233613e+00 3.514495564011564710e+01 4.379124548047741428e-02 4.143141911107051101e-02 9.003152082023291314e-02 8.933413119327582308e-02 1.192268717698539149e-01 1.382383947589360673e-01
1.416130044098382834e+00 3.439245843972847894e+01 4.616966929413734988e-02 4.345024785677509271e-02 9.511997496021251663e-02 9.382879218670581167e-02 1.265830550762032658e-01 1.473030067955605205e-01
1.425355646991532055e+00 3.365279742319950884e+01 4.858895481938674266e-02 4.558309518516523440e-02 1.006228753071383153e-01 9.882124570070516256e-02 1.347234195037998461e-01 1.571820415951208361e-01
1.434581249884680831e+00 3.292679564175010398e+01 5.130382556591683851e-02 4.875952527321913976e-02 1.068363237251332976e-01 1.047147005359008176e-01 1.430381174147825618e-01 1.679791967857937607e-01
1.443806852777830052e+00 3.221634399264880955e+01 5.473875097872138440e-02 5.253709214051127674e-02 1.128696216548306097e-01 1.109613412059715642e-01 1.518908207774956054e-01 1.794583900279249633e-01
1.453032455670979051e+00 3.152502903290474379e+01 5.892049001906940475e-02 5.628042938775479342e-02 1.216520773333265026e-01 1.205659083731127623e-01 1.619222691732673525e-01 1.913237998741266210e-01
1.462258058564128271e+00 3.085916941911726497e+01 6.384478653025382755e-02 6.070264274167058716e-02 1.301540344093474744e-01 1.290107074385034025e-01 1.733718323936024319e-01 2.047412773942909325e-01
1.471483661457277492e+00 3.022955698101341682e+01 6.938986950929049158e-02 6.701529772992742551e-02 1.394986101775224085e-01 1.385617472323765753e-01 1.865513792768815904e-01 2.199847409775408380e-01
1.480709264350426269e+00 2.965443310116456388e+01 7.661701114800578694e-02 7.429945990967823377e-02 1.550403558879658306e-01 1.530183301795453588e-01 2.024430526687694964e-01 2.373867618689082803e-01
1.489934867243575489e+00 2.916465243170991073e+01 8.291563786053046670e-02 8.156684882116849167e-02 1.728175624554104672e-01 1.678835457770340156e-01 2.219939015409515548e-01 2.573551313731314849e-01
1.499160470136724488e+00 2.881269160170598909e+01 9.347113739094581319e-02 9.316142199378774080e-02 1.896109482125929446e-01 1.887279536440509276e-01 2.456491379390470797e-01 2.793617432415658186e-01
1.508386073029873486e+00 2.868805860317748113e+01 1.078250124704851487e-01 1.058732567401001745e-01 2.207327935047551648e-01 2.086879724474108855e-01 2.799176344792932980e-01 3.013873315845359002e-01
1.517611675923022485e+00 2.894125420593983122e+01 1.222953676083662344e-01 1.219332362276439596e-01 2.611375885975846245e-01 2.402135336791033637e-01 3.160038071656749992e-01 3.258982992854555505e-01
1.526837278816171706e+00 2.980794706277794148e+01 1.449888302212372082e-01 1.422011951460078194e-01 3.121247640570814497e-01 2.837363004112063436e-01 3.563971395415421739e-01 3.530833123808463370e-01
1.536062881709320926e+00 3.156529639408361021e+01 1.621336836427929029e-01 1.665730740593005521e-01 3.698226976325500459e-01 3.285354969294616012e-01 4.236543790419453615e-01 4.070765645451146497e-01
1.545288484602469925e+00 3.413533525918452227e+01 1.807189228252568114e-01 1.850423854044080940e-01 4.072509834953379482e-01 3.595970302320878886e-01 4.608777346153232202e-01 4.586511645500976897e-01
1.554514087495618924e+00 3.586093864941823028e+01 1.976699650180790968e-01 1.897952457303233587e-01 3.896364374568506150e-01 3.555152017230298611e-01 4.766113955514938993e-01 5.723445981300230301e-01
1.563739690388767922e+00 3.313914335342921902e+01 2.142210805547293262e-01 1.967344790620657591e-01 3.963373710053303967e-01 4.032755079426522116e-01 4.832268229185814334e-01 6.211431996541563194e-01
1.572965293281917143e+00 2.512267063752478080e+01 2.025807360511251431e-01 2.115066406485546224e-01 4.084291441027474434e-01 4.119112656145595963e-01 5.987315691504555559e-01 5.572199151059216149e-01
1.582190896175066142e+00 1.585268403993887709e+01 1.447074093244378190e-01 1.548471204298156323e-01 2.872664398268174324e-01 3.085804897548953818e-01 4.825577473861617506e-01 3.863106923436614437e-01
1.591416499068215140e+00 1.047796244645682151e+01 8.357481264602384385e-02 7.886550457098984168e-02 1.847786129831821000e-01 1.898898532839989883e-01 2.633073336037448087e-01 2.424229957757990661e-01
1.600642101961364361e+00 1.432648560153906381e+01 2.627486738302486913e-01 2.527640539473381409e-01 5.087745376052303925e-01 4.860925185382516389e-01 7.734336982720062537e-01 6.034781070504617873e-01
1.609867704854513359e+00 2.554160578579195473e+01 2.416700711112476085e-01 2.570459019875315221e-01 5.226472705148239584e-01 4.847790655408523719e-01 7.500812148263840129e-01 5.786040643685375073e-01
1.619093307747662580e+00 3.430741945960465955e+01 1.668963511934435928e-01 1.652618498115216994e-01 2.984656948865520576e-01 3.232635115699906692e-01 4.086673199732828721e-01 4.174408240428988393e-01
1.628318910640811579e+00 3.779152948266372647e+01 9.397794221359134781e-02 9.384187840513646961e-02 1.606730058946865825e-01 2.002361832398307229e-01 1.909419097315492309e-01 2.728086794457809106e-01
1.637544513533960577e+00 3.826669234626031368e+01 4.876704967649914124e-02 5.347111709618701525e-02 1.044740150018554914e-01 1.297162790939410115e-01 1.217452957434019822e-01 2.064172786193694265e-01
1.646770116427109798e+00 3.754465712587683868e+01 4.923261674271373067e-02 4.480850628429777771e-02 9.324915923463095169e-02 1.058775875263009425e-01 1.176692342395710966e-01 1.428880161171335317e-01
1.655995719320258575e+00 3.644067172894321516e+01 4.865574360250946029e-02 5.352519182778792128e-02 1.020066962584067483e-01 9.914154150257559195e-02 1.625520105319253616e-01 1.321686622913134102e-01
1.665221322213407795e+00 3.527131555374003824e+01 5.407214278577754385e-02 5.680102292370747818e-02 1.077764790955981766e-01 1.110923914041919147e-01 1.891938232786785079e-01 1.261519379410174224e-01
1.674446925106557016e+00 3.415040606823313141e+01 5.643096767503408273e-02 5.748400216059934564e-02 1.116923119637718287e-01 1.118988282610544616e-01 2.049167130275861837e-01 1.335306308576491574e-01
1.683672527999706015e+00 3.311295523748480463e+01 5.870628714662018410e-02 5.700867528090469705e-02 1.164759770474077527e-01 1.111801982134252853e-01 2.110853647801533839e-01 1.366520310005370220e-01
1.692898130892855235e+00 3.216396625758046923e+01 5.734859079269227777e-02 5.524932434404661308e-02 1.159713562177273616e-01 1.074090092414152764e-01 2.117080687556125440e-01 1.367902388031723149e-01
1.702123733786004012e+00 3.129763519515655901e+01 5.635303363834864854e-02 5.392725672404452553e-02 1.138573091431034356e-01 1.058668203960664300e-01 2.091520305853045159e-01 1.355708255835743614e-01
1.711349336679153232e+00 3.050494429694519027e+01 5.451313128645196571e-02 5.240777513241567931e-02 1.110984988182899258e-01 1.048089941374819034e-01 2.048199702136166422e-01 1.333296070265035382e-01
1.720574939572302453e+00 2.977661442076629683e+01 5.307321173500056943e-02 5.125402582500626636e-02 1.094614425236350996e-01 1.016279105902597735e-01 1.995492674372449926e-01 1.319743658850462964e-01
1.729800542465451230e+00 2.910417040073390638e+01 5.111668277143621708e-02 4.934232375369163037e-02 1.049293901994303724e-01 9.838394106862224930e-02 1.938427530527881970e-01 1.296889827145477625e-01
1.739026145358600450e+00 2.848023803285792965e+01 4.918531671422599061e-02 4.873220421716339956e-02 1.007456448549746142e-01 9.516899602467532304e-02 1.880026465574431427e-01 1.259530417345438025e-01
1.748251748251749449e+00 2.789853754651978690e+01 4.743547559298022520e-02 4.761876947245724523e-02 9.713878758410743330e-02 9.204535088586851543e-02 1.822092689566758850e-01 1.222074022033297069e-01
1.757477351144898670e+00 2.735376883330712872e+01 4.570065060869765716e-02 4.520298193839522582e-02 9.388366138824721929e-02 8.904618005622921828e-02 1.765680240583478167e-01 1.185297838074177434e-01
1.766702954038047890e+00 2.684146969594735666e+01 4.409457003740513414e-02 4.363424500652968163e-02 9.132578044219386015e-02 8.617708246331545752e-02 1.711378860825618631e-01 1.149698328097592537e-01
1.775928556931196667e+00 2.635787939637774357e+01 4.253908252049498628e-02 4.262323905196296892e-02 8.882831112431688325e-02 8.344834441480486475e-02 1.659489297981799893e-01 1.115532469292688234e-01
1.785154159824345887e+00 2.589981869753856714e+01 4.169543054254276626e-02 4.149602010949138275e-02 8.562601327152208341e-02 8.086615238049077448e-02 1.610132589192616592e-01 1.082922991891415165e-01
1.794379762717494886e+00 2.546458870368883964e+01 4.076901296845392153e-02 4.048049450871715749e-02 8.263090557742813758e-02 7.842702085994091021e-02 1.563318929816119862e-01 1.051908707546900246e-01
1.803605365610643885e+00 2.504988728828274347e+01 3.955710966061332101e-02 3.951612463972153932e-02 7.996150735875318105e-02 7.613031509795220586e-02 1.518991433378467093e-01 1.022476183999216914e-01
1.812830968503793105e+00 2.465374073476363392e+01 3.862226643653343672e-02 3.839332291444463863e-02 7.764699890024928663e-02 7.396323813213001586e-02 1.477054084830982106e-01 9.945802241381684894e-02
1.822056571396942104e+00 2.427444804903985087e+01 3.772316728204216929e-02 3.735049724731354104e-02 7.576133780865745848e-02 7.202978780717472773e-02 1.437389627899214872e-01 9.681571570152414097e-02
1.831282174290091325e+00 2.391053562467890359e+01 3.675992283847762110e-02 3.627847845174159147e-02 7.354023576825596820e-02 7.023360652072696553e-02 1.399870980000414988e-01 9.431334663088364323e-02
1.840507777183240323e+00 2.356072028403603014e+01 3.576825934656469030e-02 3.535962751133325810e-02 7.166834277056821634e-02 6.852962062814071942e-02 1.364368453215085708e-01 9.194313685339139397e-02
