9.225602893149067790e-04 1.171457640574158105e-04 3.114430216123641941e-06 3.049431510513306342e-06 7.332590050392745473e-06 7.238538449545219283e-06 9.533758714987827657e-06 9.466953208026786400e-06
1.014816318246397446e-02 1.199415943529185346e-04 3.194756717202283224e-06 3.121909214044615226e-06 7.507055075245655084e-06 7.412703203823678617e-06 9.770286645070157218e-06 9.683778930287263546e-06
1.937376607561304073e-02 1.227078274671721230e-04 3.276039267684698964e-06 3.195151752040037364e-06 7.679653080084117549e-06 7.585881311778590297e-06 1.000478682522195511e-05 9.899775262676668267e-06
2.859936896876210874e-02 1.255950755782857557e-04 3.360260116579176981e-06 3.271802084161163368e-06 7.859716357304157930e-06 7.766654296847394544e-06 1.024971345202051469e-05 1.012562609074225462e-05
3.782497186191117328e-02 1.286392502458569677e-04 3.448669626621159168e-06 3.352577287679388372e-06 8.049468043284539525e-06 7.957120099748172105e-06 1.050807875036557817e-05 1.036395078507112608e-05
4.705057475506025516e-02 1.318647880189609668e-04 3.541412320390258887e-06 3.438017047225179956e-06 8.250418840740204700e-06 8.158734430627206805e-06 1.078195423290885307e-05 1.061658156256364447e-05
5.627617764820931623e-02 1.352895312845129911e-04 3.639257571051425456e-06 3.527132467724610225e-06 8.463675068403334794e-06 8.372596929260883898e-06 1.107287745413565493e-05 1.088485751736737567e-05
6.550178054135838424e-02 1.389495010077622958e-04 3.743639085339940838e-06 3.621646158942281929e-06 8.691445942322472556e-06 8.600816211741551436e-06 1.138386609099675448e-05 1.117159790342417761e-05
7.472738343450743836e-02 1.428497128907110498e-04 3.854780028713354102e-06 3.722180282478076366e-06 8.934060343132772808e-06 8.843809781100813588e-06 1.171544499905936257e-05 1.147712192084773819e-05
8.395298632765652025e-02 1.470302302232403267e-04 3.973768828234228298e-06 3.831804463200980679e-06 9.193976133709918759e-06 9.103940569357260159e-06 1.207098737043417708e-05 1.180457257474483023e-05
9.317858922080557438e-02 1.515149020954710221e-04 4.101035344896667052e-06 3.950201483603714555e-06 9.472669714611682296e-06 9.382701261524163672e-06 1.245257205926590606e-05 1.215577645579516189e-05
1.024041921139546424e-01 1.563393691170476591e-04 4.237115439949165055e-06 4.077454432822381122e-06 9.772337166481868519e-06 9.682255324227506026e-06 1.286326089326630256e-05 1.253350107254490309e-05
1.116297950071036965e-01 1.615478500570514183e-04 4.383941953468812941e-06 4.214684888517966459e-06 1.009569554585778434e-05 1.000527897435828637e-05 1.330680722138935230e-05 1.294118458872352143e-05
1.208553979002527506e-01 1.671840538406628755e-04 4.542744103439331571e-06 4.363035806638319858e-06 1.044544010482114315e-05 1.035444148625439052e-05 1.378699036315374259e-05 1.338221226161132472e-05
1.300810007934018186e-01 1.732911524538478364e-04 4.724287490385858197e-06 4.523652558490571466e-06 1.082423884224545038e-05 1.073242427894263175e-05 1.430757942231979996e-05 1.386325363245585729e-05
1.393066036865509005e-01 1.799463145601701221e-04 4.913622225698752524e-06 4.698477493963180204e-06 1.123682367434839804e-05 1.114384240263443637e-05 1.487510725986781264e-05 1.442135859295269802e-05
1.485322065796999824e-01 1.872179641888043118e-04 5.114342104667421885e-06 4.885887889830822957e-06 1.168740745114010024e-05 1.159287426189044182e-05 1.549548502644392130e-05 1.503132704905438179e-05
1.577578094728490643e-01 1.951534384681249197e-04 5.338661569885620435e-06 5.087975615898019657e-06 1.217893956549108750e-05 1.208259125795056927e-05 1.617301470903403536e-05 1.569751236177576391e-05
1.669834123659981462e-01 2.038955390294578947e-04 5.586091327155416316e-06 5.309314761224300048e-06 1.272014978861084984e-05 1.262145241717304699e-05 1.691969211726435736e-05 1.643159023168906403e-05
1.762090152591472003e-01 2.135328005835721748e-04 5.858779355326148653e-06 5.550770994971018129e-06 1.331651519780906244e-05 1.321478983971392275e-05 1.773409586818347158e-05 1.724131757582016708e-05
1.854346181522962822e-01 2.242105972023727013e-04 6.160813669075674648e-06 5.824117534634670919e-06 1.397695527277089626e-05 1.387143500080809631e-05 1.862934944824436254e-05 1.813897028548916998e-05
1.946602210454453641e-01 2.360881300536153313e-04 6.500458148571430523e-06 6.133932598893825300e-06 1.471125657660839084e-05 1.460119642960827440e-05 1.962543513741663438e-05 1.913812845717591856e-05
2.038858239385944460e-01 2.493551906591180375e-04 6.849180846325560266e-06 6.486637832765979397e-06 1.553107952180439498e-05 1.541563101311839911e-05 2.073838774412252580e-05 2.018974709868407097e-05
2.131114268317435001e-01 2.642567523885506445e-04 7.250062866839053922e-06 6.888063174108447102e-06 1.645145887907233616e-05 1.632955589613092461e-05 2.198883160739619315e-05 2.136991487458405432e-05
2.223370297248925820e-01 2.810754667476360802e-04 7.729047767402168895e-06 7.339100400932283778e-06 1.748974028070461031e-05 1.736016468554174358e-05 2.340069654796153456e-05 2.270081087268552159e-05
2.315626326180416361e-01 3.001727794245864214e-04 8.272529365857279188e-06 7.825826386451172414e-06 1.866810230935630425e-05 1.852931567232669625e-05 2.500445641952263928e-05 2.421056429354053819e-05
2.407882355111907180e-01 3.219923947137347362e-04 8.891373036056492152e-06 8.392694840408867086e-06 2.000534478903870546e-05 1.986389795983085080e-05 2.683766425461565474e-05 2.593404567341218167e-05
2.500138384043397721e-01 3.470946401556608421e-04 9.602850647566052011e-06 9.051603384585885353e-06 2.153555440874497639e-05 2.139779312518611757e-05 2.894769422462589812e-05 2.791502741408271541e-05
2.592394412974888818e-01 3.761897629122638257e-04 1.041380426863988337e-05 9.845790232971911825e-06 2.330766099494082852e-05 2.317394311286647898e-05 3.139469484895253707e-05 3.020895333324800274e-05
2.684650441906379359e-01 4.102294228297702393e-04 1.135625116725286687e-05 1.074564181042212980e-05 2.537899388893924803e-05 2.524968539629568291e-05 3.425924764468646702e-05 3.289012140550868482e-05
2.776906470837869900e-01 4.503923002459228305e-04 1.246550139881843003e-05 1.182424005237355533e-05 2.782037174057209626e-05 2.769620616391375422e-05 3.764138046897098607e-05 3.605031095678661469e-05
2.869162499769360997e-01 4.982939219860304039e-04 1.378734552059121890e-05 1.307527594291953491e-05 3.072876620932704552e-05 3.061076628247240503e-05 4.167822440223872393e-05 3.981530541256157133e-05
2.961418528700851538e-01 5.561206497325091227e-04 1.545755257227664301e-05 1.462069857262652227e-05 3.423514234664854720e-05 3.427383797069611694e-05 4.655551831993785025e-05 4.435512479012955565e-05
3.053674557632342079e-01 6.268703513876489790e-04 1.751389306466207777e-05 1.647244043257508218e-05 3.851872333285755873e-05 3.880007219223978367e-05 5.252810494341478027e-05 4.990259080681503506e-05
3.145930586563833176e-01 7.148015058032475277e-04 2.005008919143253226e-05 1.876610672662431308e-05 4.383347207286502310e-05 4.444357558466393698e-05 5.995866664395687207e-05 5.678801813031766725e-05
3.238186615495323717e-01 8.260685061517025881e-04 2.320158820505989223e-05 2.168281971670106556e-05 5.054532013742658956e-05 5.138816515476202131e-05 6.937211659750817765e-05 6.548800317999906376e-05
3.330442644426814813e-01 9.698715374441184769e-04 2.734836145853493383e-05 2.544024531112509206e-05 5.919956538253030344e-05 6.020305204344723535e-05 8.168282614717564845e-05 7.671387123099778198e-05
3.422698673358305355e-01 1.160325693819811745e-03 3.280729120404149782e-05 3.039078432511173322e-05 7.062914155671557240e-05 7.183293799470640180e-05 9.811322677662865852e-05 9.209708781451821265e-05
3.514954702289795896e-01 1.420190040853802757e-03 4.019129940474597262e-05 3.728786621545981776e-05 8.617038966245182431e-05 8.764573815659717181e-05 1.206541016519542021e-04 1.132838513580611359e-04
3.607210731221286992e-01 1.787725368951785347e-03 5.043296693372275458e-05 4.657409322763195886e-05 1.080551383103723999e-04 1.099183924564749518e-04 1.517800251698412685e-04 1.433982045470144021e-04
3.699466760152777534e-01 2.330433863732482049e-03 6.535247213066341584e-05 6.097361402391306834e-05 1.406755720450682604e-04 1.426424472642201340e-04 1.974379984505192712e-04 1.881254248025598062e-04
3.791722789084268630e-01 3.175141408837207826e-03 8.862153338230760458e-05 8.313262061354588159e-05 1.937820313463521453e-04 1.962185835375548221e-04 2.695790005769337257e-04 2.582080321420513955e-04
3.883978818015759171e-01 4.574438449537011030e-03 1.282343843462324315e-04 1.216786192762371252e-04 2.800597269263255945e-04 2.838934099810910827e-04 3.892477916442238159e-04 3.751495132645766423e-04
3.976234846947249713e-01 7.047182506196760648e-03 1.960758567878450806e-04 1.879255765818215948e-04 4.313306858803669930e-04 4.412215162651507427e-04 6.000354723096554266e-04 5.830302716370834928e-04
4.068490875878740809e-01 1.152540780283593629e-02 3.140500281960580814e-04 3.063632238855910905e-04 7.181604078097137550e-04 7.157433139436345654e-04 1.003969421122659703e-03 9.562602163555398299e-04
4.160746904810231350e-01 1.810278980540244026e-02 4.947068933852521999e-04 4.831229620982056827e-04 1.157612759568861505e-03 1.122951680863782525e-03 1.609592648030459122e-03 1.480036236048049708e-03
4.253002933741722447e-01 2.020671807258852398e-02 5.585772012326878366e-04 5.284519467289375272e-04 1.263005500278625154e-03 1.276681338599320453e-03 1.733513318124779018e-03 1.596016581847208016e-03
4.345258962673212988e-01 1.392940950282947274e-02 3.957516481186123397e-04 3.664639121544622374e-04 8.434875886536765538e-04 8.764841182324588365e-04 1.138308248663991509e-03 1.118406087635527915e-03
4.437514991604703529e-01 8.029333142620550395e-03 2.293578057462018760e-04 2.146488139989546212e-04 4.837811164876727743e-04 5.043978293025903198e-04 6.562147596542774325e-04 6.456710249431729665e-04
4.529771020536194626e-01 4.755302460260608585e-03 1.372998979153597018e-04 1.271715492330172809e-04 2.884092088842110310e-04 2.960041506885361870e-04 3.955637475876313744e-04 3.859618021827583567e-04
4.622027049467684612e-01 3.014877902205611009e-03 8.736192420956542457e-05 8.008972585186882945e-05 1.830830941281932044e-04 1.867730516357281323e-04 2.520269103182745662e-04 2.429555740752677856e-04
4.714283078399175708e-01 2.034470270881336054e-03 5.909545205167506671e-05 5.422216331306059511e-05 1.234437482271104683e-04 1.258942385570203677e-04 1.701093452684634445e-04 1.629711279244241279e-04
4.806539107330666249e-01 1.443521666390654590e-03 4.243249987516037845e-05 3.832848472314857174e-05 8.743435184826184661e-05 8.915953746256848750e-05 1.209025832964699242e-04 1.150784236691679025e-04
4.898795136262157346e-01 1.065671669863979413e-03 3.165973987668039245e-05 2.818339251651124852e-05 6.440856371817040710e-05 6.567015189522674296e-05 8.946121462880592817e-05 8.462544092986581772e-05
4.991051165193647332e-01 8.119096110320089344e-04 2.403792540740259075e-05 2.140915376785327943e-05 4.895762947706452060e-05 4.989210759105135954e-05 6.833303927571718426e-05 6.426684539274072662e-05
5.083307194125139539e-01 6.345539375187129929e-04 1.882212475213574949e-05 1.679385592401414634e-05 3.814244050975011159e-05 3.913707664176982286e-05 5.354855110403040821e-05 5.043498057108854529e-05
5.175563223056629525e-01 5.064421629501611368e-04 1.512139502109991623e-05 1.345478066259000235e-05 3.036343243687509349e-05 3.146229430111007093e-05 4.285289697369910802e-05 4.045097364824946180e-05
5.267819251988120621e-01 4.113196187712203481e-04 1.229559643848183179e-05 1.102122235015971612e-05 2.462169675494275695e-05 2.573297526485042192e-05 3.489809025231202944e-05 3.300314323922786102e-05
5.360075280919610607e-01 3.390329528723924428e-04 1.019502074046875657e-05 9.107359476460811544e-06 2.024996324488979134e-05 2.135655355184904250e-05 2.884249012121770572e-05 2.731923887618628805e-05
5.452331309851101704e-01 2.829997392258272308e-04 8.543433673443960336e-06 7.583638747928110688e-06 1.687700631779908865e-05 1.794721183893428903e-05 2.410784065165277271e-05 2.289611606298838165e-05
5.544587338782591690e-01 2.388375775492049843e-04 7.222712255564484344e-06 6.391733049846667946e-06 1.422400682214109628e-05 1.518462494937554311e-05 2.034250103251521624e-05 1.939720984255030914e-05
5.636843367714083897e-01 2.035087824678615041e-04 6.191246649994843832e-06 5.450876940514559361e-06 1.210534171862100378e-05 1.292584284609782190e-05 1.732857727932600672e-05 1.658843339904204840e-05
5.729099396645573883e-01 1.748725035737725949e-04 5.308583287432064226e-06 4.697193272632530165e-06 1.038947540740072753e-05 1.109892542360644695e-05 1.488443498656266770e-05 1.430422048081129234e-05
5.821355425577064979e-01 1.514225716975154063e-04 4.586981040762867648e-06 4.072603419525241313e-06 8.969879848233632902e-06 9.606250615703268523e-06 1.288208511491734163e-05 1.242755744800734551e-05
5.913611454508554965e-01 1.319919317232754407e-04 4.018318362459009311e-06 3.538625774936350870e-06 7.795125001875172731e-06 8.368922517187069639e-06 1.122241922085220086e-05 1.086781184001062530e-05
6.005867483440046062e-01 1.157699624416737028e-04 3.535331888037044463e-06 3.081384823592892941e-06 6.815590463468221435e-06 7.336762633786456621e-06 9.836364511892273905e-06 9.551864058868770181e-06
6.098123512371537158e-01 1.021003701795738855e-04 3.132179514929109027e-06 2.698992990642952320e-06 5.991240176330488078e-06 6.467943750638040310e-06 8.668165811129657067e-06 8.392067588964708942e-06
6.190379541303028255e-01 9.050900067049880962e-05 2.785075758269525215e-06 2.382095881004313320e-06 5.293108200045838329e-06 5.731998451757270240e-06 7.677331601305321419e-06 7.410519605698703393e-06
6.282635570234518241e-01 8.061730258165473670e-05 2.466763778302268301e-06 2.117693195763194528e-06 4.698105265128063655e-06 5.105090431221849957e-06 6.831602174338905929e-06 6.574542208687136967e-06
6.374891599166009337e-01 7.211421068820050926e-05 2.192907147385795967e-06 1.903113216912988986e-06 4.187309856569715934e-06 4.565123392412886072e-06 6.104468778207760866e-06 5.857407608468402963e-06
6.467147628097499323e-01 6.477435991771538241e-05 1.956458714407732628e-06 1.719675625255518304e-06 3.760103343833224362e-06 4.081842563161408859e-06 5.476704270193947718e-06 5.239637301181400029e-06
6.559403657028991530e-01 5.840458695542137860e-05 1.777377947728377887e-06 1.549769667294221285e-06 3.407536820850565217e-06 3.663396269334859507e-06 4.931855695342542731e-06 4.704641861027850384e-06
6.651659685960481516e-01 5.284580938472439014e-05 1.608370668307092255e-06 1.420953764082743284e-06 3.098892855459837363e-06 3.299102404499902044e-06 4.456358214866670191e-06 4.238795931793898288e-06
6.743915714891972613e-01 4.798236118113919843e-05 1.460535650624532821e-06 1.285238987627632850e-06 2.827921132952823614e-06 2.980712665692486485e-06 4.040283870014810610e-06 3.832109629828178211e-06
6.836171743823462599e-01 4.370810730409281896e-05 1.335690354633193688e-06 1.159214697869068622e-06 2.577998941882818395e-06 2.701608154309131698e-06 3.674616582829300896e-06 3.475510061817370681e-06
6.928427772754953695e-01 3.993929964280265430e-05 1.217039046566149971e-06 1.048340137552002051e-06 2.355206390114946194e-06 2.456154548520972022e-06 3.352160543599482889e-06 3.161817538625649705e-06
7.020683801686443681e-01 3.660301379091909882e-05 1.112939450141227208e-06 9.614501361726053965e-07 2.158087590803325852e-06 2.239470521200726916e-06 3.066713490498020880e-06 2.884812696378592594e-06
7.112939830617935888e-01 3.364368882341887311e-05 1.016718368974168011e-06 8.795773658598705414e-07 1.983321120295242321e-06 2.048815559210908645e-06 2.820669082454131020e-06 2.639722159284567415e-06
7.205195859549425874e-01 3.101301355469746052e-05 9.330598868255123566e-07 8.091581264740002253e-07 1.827658855424456493e-06 1.898000550269612240e-06 2.606135567358054672e-06 2.439797336842321321e-06
7.297451888480916971e-01 2.865464055041128699e-05 8.622432363247885462e-07 7.492460683497062274e-07 1.688112107158840661e-06 1.743135505640731962e-06 2.413389932652060314e-06 2.261621049812397868e-06
7.389707917412406957e-01 2.655589303054810280e-05 7.962474702277787340e-07 6.927473869829189489e-07 1.564018098839888205e-06 1.605523189803037494e-06 2.241450576047620955e-06 2.102540187664413460e-06
7.481963946343899163e-01 2.467145251334189980e-05 7.416029239154600129e-07 6.412753281289543890e-07 1.454133722625623948e-06 1.482192392120210394e-06 2.086704237536020113e-06 1.959242825431104662e-06
7.574219975275389150e-01 2.297979214922359127e-05 6.940158966210323863e-07 6.004498679950976423e-07 1.353233593019736091e-06 1.378130518660311673e-06 1.947439413475000739e-06 1.830169759190263884e-06
7.666476004206880246e-01 2.145563915860055482e-05 6.491349124187001060e-07 5.581376611752823834e-07 1.263600861401722010e-06 1.289623169506703564e-06 1.821644091662385286e-06 1.713470464343310281e-06
7.758732033138370232e-01 2.008398692893259124e-05 6.081638840733939440e-07 5.227995097963051120e-07 1.182827037545405001e-06 1.210042800286454360e-06 1.708132766967200941e-06 1.608071622010394451e-06
7.850988062069861328e-01 1.884646382511469108e-05 5.720391258338701956e-07 4.959093440170658090e-07 1.109842929208460871e-06 1.141558222896606049e-06 1.605429570851501283e-06 1.512620548700005952e-06
7.943244091001351315e-01 1.772683584222822757e-05 5.368894147254318688e-07 4.692732193346739900e-07 1.042638762868707442e-06 1.073733954392387712e-06 1.512240637144276421e-06 1.425917940114132228e-06
8.035500119932843521e-01 1.671450202702360306e-05 5.044114188184577717e-07 4.468350537012345401e-07 9.764097972495015462e-07 1.015507008823118525e-06 1.427717777077956159e-06 1.347203690612241381e-06
8.127756148864333507e-01 1.579762499803287547e-05 4.731237882039105499e-07 4.210569821655323639e-07 9.163360870384444482e-07 9.628031987573959760e-07 1.350919564467583663e-06 1.275609819998304830e-06
8.220012177795824604e-01 1.496902123095983603e-05 4.448142786428529864e-07 3.985570974147289249e-07 8.620143131342073968e-07 9.152227744760299387e-07 1.281274693420855429e-06 1.210610508114511551e-06
8.312268206727314590e-01 1.421629426886966875e-05 4.192164891349113185e-07 3.793779259435451419e-07 8.126581811848569914e-07 8.720192141127272774e-07 1.217781073118210083e-06 1.151289154246346546e-06
8.404524235658805686e-01 1.353204428975818960e-05 3.994915184861521116e-07 3.607602084856307455e-07 7.677819835300546403e-07 8.326175513194941679e-07 1.159848027718831271e-06 1.097101766341357558e-06
8.496780264590296783e-01 1.291188748465585413e-05 3.812524971466027762e-07 3.446943635652880268e-07 7.288269052840823484e-07 7.969011442066936842e-07 1.105411142015198746e-06 1.047723690323256048e-06
8.589036293521787879e-01 1.234887493334377347e-05 3.691932786942165223e-07 3.328059428019582714e-07 6.916622482134251342e-07 7.645062620031425990e-07 1.055032022695670245e-06 1.002648295328815547e-06
8.681292322453277865e-01 1.183880776194704270e-05 3.548272372711801302e-07 3.194617580198278248e-07 6.668547934273807851e-07 7.351941972723924406e-07 1.009284534217276476e-06 9.615677836954173899e-07
8.773548351384768962e-01 1.137433153921757126e-05 3.434919951465460682e-07 3.069724200315452993e-07 6.411877020991379686e-07 7.085184408673448502e-07 9.675237761269587079e-07 9.239267706976392829e-07
8.865804380316258948e-01 1.095429100647380490e-05 3.324727734409247071e-07 2.974352172993237179e-07 6.171725963876191186e-07 6.844279349908359192e-07 9.296499438748706534e-07 8.896530595072738522e-07
8.958060409247751155e-01 1.057468988634336736e-05 3.224979846922852971e-07 2.868108959669937529e-07 5.943628405645733618e-07 6.626876992810963319e-07 8.953113202288506324e-07 8.584498032988142061e-07
9.050316438179241141e-01 1.022921360533665022e-05 3.122496103128045243e-07 2.733850768253974695e-07 5.740011457616454112e-07 6.429090038591124453e-07 8.639548785428741265e-07 8.273820901328172533e-07
9.142572467110732237e-01 9.917299285139495902e-06 3.027327335896032491e-07 2.655446284530236476e-07 5.585792118962600798e-07 6.250757078784699672e-07 8.355278244116427783e-07 7.977186247493859406e-07
9.234828496042222223e-01 9.636235732389086044e-06 2.924836152598821160e-07 2.584510064626482158e-07 5.451721695065456447e-07 6.090255223433181799e-07 8.097954870646410010e-07 7.706729241560909377e-07
9.327084524973712210e-01 9.383755795957275661e-06 2.829759275684185112e-07 2.526964756124922283e-07 5.334117719728235623e-07 5.946276510871298593e-07 7.865571901891536220e-07 7.460471746234174727e-07
9.419340553905202196e-01 9.156638107331119562e-06 2.762962180367991856e-07 2.468916052839466806e-07 5.231200918888393711e-07 5.816869564733308901e-07 7.655285636991266763e-07 7.235757383988161684e-07
9.511596582836694402e-01 8.954853212065971708e-06 2.700264295790901745e-07 2.422593599453114844e-07 5.142812244277905653e-07 5.697103423855467996e-07 7.467080160289950465e-07 7.032535989044254939e-07
9.603852611768185499e-01 8.773954984720350224e-06 2.652311907795077740e-07 2.371446068665028966e-07 5.066622361261269877e-07 5.552145027516228176e-07 7.297016110545268957e-07 6.847115241889843441e-07
9.696108640699675485e-01 8.615518874643256721e-06 2.604416273323422647e-07 2.353484488481159663e-07 5.003247973043933134e-07 5.420360508489914660e-07 7.146510208943760583e-07 6.680841326518740592e-07
9.788364669631165471e-01 8.474549042244244225e-06 2.571084798686284681e-07 2.316856234202290161e-07 4.950184865506330990e-07 5.298496727763660186e-07 7.011096643699385244e-07 6.532703138064917763e-07
9.880620698562656568e-01 8.358088565193211170e-06 2.528237374927304608e-07 2.273373816728307734e-07 4.910673605008095220e-07 5.191661291981577428e-07 6.897001938853735765e-07 6.426618034149532232e-07
9.972876727494148774e-01 8.248066825392009498e-06 2.485752941488465539e-07 2.244854709898564125e-07 4.864757661894506641e-07 5.086997740606925806e-07 6.788337868012454368e-07 6.324611096825854574e-07
1.006513275642563876e+00 8.159320784803184560e-06 2.469042560145006754e-07 2.226583304820733836e-07 4.823342324942218119e-07 5.007986635538674906e-07 6.698091248738707485e-07 6.238756538925793442e-07
1.015738878535712875e+00 8.085885285225892505e-06 2.456714017124791717e-07 2.191517985898104397e-07 4.789783000398203347e-07 4.947427299427730761e-07 6.621054667910450305e-07 6.164464871878764667e-07
1.024964481428862095e+00 8.027059533340093298e-06 2.447513596595125824e-07 2.178907971191246294e-07 4.763803273084094638e-07 4.911706635468178353e-07 6.556559601453388285e-07 6.118178713301234033e-07
1.034190084322011094e+00 7.981334842734279418e-06 2.442461880528179794e-07 2.151921707296064869e-07 4.744097394469792107e-07 4.906547869761431220e-07 6.503257589209950090e-07 6.085521960116968947e-07
1.043415687215160093e+00 7.949302472223736902e-06 2.421243958328716763e-07 2.150114445832542495e-07 4.732183464007815076e-07 4.910082114487151442e-07 6.507167793957273957e-07 6.081922810746632124e-07
1.052641290108309091e+00 7.929378337606860492e-06 2.394070128933904366e-07 2.146363170732310297e-07 4.702300753802619984e-07 4.921527518786945589e-07 6.530313241236829604e-07 6.095341161400047336e-07
1.061866893001458312e+00 7.921713652035047550e-06 2.411868874016789995e-07 2.139847834052124626e-07 4.672525343812619560e-07 4.877351363978293358e-07 6.562395808177329829e-07 6.119062198959904198e-07
1.071092495894607532e+00 7.925537998729643239e-06 2.411749587718540290e-07 2.136159235465211263e-07 4.649234638288002178e-07 4.836689501769912851e-07 6.602856721804747312e-07 6.113297125544243268e-07
1.080318098787756531e+00 7.941058566117940786e-06 2.417608606953978089e-07 2.135449364152783406e-07 4.632553782794708938e-07 4.803271706382320912e-07 6.625398529300982337e-07 6.105229087580750101e-07
1.089543701680905530e+00 7.967359691032831572e-06 2.416203937761940055e-07 2.137301752978659601e-07 4.622025338927788406e-07 4.823339876773080477e-07 6.627538843411414965e-07 6.105619529713822240e-07
1.098769304574054528e+00 8.004564172430042476e-06 2.418770825608643969e-07 2.141125627103868714e-07 4.617249652550788823e-07 4.872009359214649868e-07 6.638946741369301406e-07 6.114506306725101149e-07
1.107994907467203749e+00 8.053336939055837996e-06 2.427691716756067201e-07 2.159145426771625454e-07 4.619035793651467313e-07 4.928315706180533964e-07 6.660183082089782557e-07 6.132517156974621650e-07
1.117220510360352748e+00 8.112311206963219206e-06 2.429021142728958872e-07 2.155158267065037357e-07 4.638212271277424525e-07 4.963581578942386928e-07 6.689986801727296564e-07 6.158409989168614514e-07
1.126446113253501746e+00 8.181973091939792034e-06 2.448938616172698020e-07 2.177041370657201440e-07 4.691859929017950045e-07 4.979423225614836647e-07 6.728714525870990124e-07 6.197153073201690468e-07
1.135671716146650967e+00 8.262730234512611510e-06 2.472214231671461098e-07 2.204891278965359820e-07 4.751020055388013435e-07 5.003216577248732186e-07 6.776676242116250041e-07 6.249313647302436172e-07
1.144897319039799966e+00 8.354692063089918830e-06 2.509407917249643357e-07 2.230524738723061866e-07 4.815789371180153108e-07 5.034948718637060017e-07 6.833879031585873815e-07 6.331168295471170887e-07
1.154122921932948964e+00 8.457968276650862518e-06 2.538520575075923921e-07 2.264887346676257296e-07 4.886226462032659443e-07 5.103290796125201616e-07 6.921119412720116293e-07 6.431627044423606919e-07
1.163348524826097963e+00 8.572828584206958772e-06 2.561827498466299460e-07 2.298738048309829050e-07 4.962506665146498012e-07 5.193745903552650985e-07 7.044027534581293255e-07 6.557331460511159896e-07
1.172574127719247183e+00 8.699768853579808984e-06 2.595597640946705105e-07 2.346007883803975693e-07 5.044897032403070796e-07 5.291860914715572150e-07 7.176391958829214196e-07 6.692079778989356475e-07
1.181799730612396404e+00 8.839506795965256731e-06 2.634828188034084534e-07 2.390566222999059378e-07 5.133739674439699249e-07 5.397980293293618264e-07 7.318683506299912349e-07 6.793457762308321833e-07
1.191025333505545403e+00 8.991647691427184880e-06 2.677568069706951165e-07 2.425943009116413230e-07 5.228781522953951708e-07 5.512479411123877841e-07 7.470510295384251052e-07 6.903528857876655404e-07
1.200250936398694401e+00 9.158607798812933503e-06 2.729423904181888433e-07 2.472690095311267901e-07 5.331461051349025820e-07 5.637178719969759117e-07 7.634388506238713935e-07 7.026350041158819219e-07
1.209476539291843622e+00 9.340262465448643563e-06 2.779166443539057629e-07 2.519357617101690395e-07 5.439684715756722632e-07 5.771694306213609465e-07 7.809441775907471033e-07 7.162664528765944912e-07
1.218702142184992621e+00 9.537776604302789524e-06 2.853389248336292867e-07 2.580515143768773547e-07 5.554873113975661829e-07 5.917115381900080352e-07 7.997124189238809532e-07 7.313047744046223948e-07
1.227927745078141619e+00 9.752283556288298525e-06 2.918915763545989626e-07 2.623608428686757625e-07 5.681645853564624694e-07 6.074137379061444791e-07 8.198252846226098691e-07 7.478684922097945183e-07
1.237153347971290618e+00 9.984950793940391883e-06 2.988149892849254250e-07 2.688478077883828650e-07 5.820650612677057167e-07 6.200983197532254686e-07 8.413930065727310062e-07 7.690429053689081131e-07
1.246378950864439838e+00 1.023881795681085240e-05 3.083138668434781427e-07 2.758335991551200898e-07 5.968173881492708373e-07 6.341458908838304052e-07 8.646469321285445999e-07 7.924593771649121864e-07
1.255604553757589059e+00 1.051260005272902911e-05 3.191663401230448001e-07 2.829086366448646707e-07 6.124289081500464816e-07 6.547176103496009787e-07 8.894506655406058521e-07 8.175041499277381642e-07
1.264830156650738058e+00 1.081209800969864471e-05 3.289343914023858221e-07 2.924592291975886151e-07 6.289053519829762909e-07 6.771319986813745554e-07 9.163124790145173740e-07 8.446899494840306272e-07
1.274055759543887056e+00 1.113719776991243800e-05 3.372779010687158879e-07 3.002068204557323841e-07 6.455133810162106724e-07 7.013702382723376125e-07 9.451821754504234271e-07 8.739895095632171663e-07
1.283281362437036055e+00 1.149250908171767311e-05 3.498085085808972809e-07 3.096803008487895685e-07 6.635466333653699362e-07 7.276627378337994020e-07 9.764574612993749523e-07 9.058177082316526499e-07
1.292506965330185276e+00 1.188095641685253498e-05 3.635839473887988180e-07 3.214186224242085059e-07 6.862375504741795681e-07 7.505910700859620553e-07 1.010360815858003236e-06 9.404219015926105742e-07
1.301732568223334052e+00 1.230746873098198242e-05 3.767343848524000991e-07 3.326220667693873429e-07 7.113092828593300368e-07 7.750121640694192910e-07 1.047237180864024945e-06 9.781645554050093049e-07
1.310958171116483273e+00 1.277543186772872466e-05 3.906114509501151040e-07 3.472157014561034501e-07 7.365060038583318657e-07 8.017856863246190801e-07 1.087407957315356211e-06 1.019415122671035110e-06
1.320183774009632494e+00 1.329184191721155395e-05 4.061885374898796519e-07 3.623250805948782625e-07 7.664035566290648628e-07 8.313278001442277215e-07 1.131405354885059247e-06 1.064739413230463138e-06
1.329409376902781492e+00 1.386363454770922046e-05 4.257703428394414178e-07 3.762763984154885485e-07 8.009087871800216429e-07 8.648820738951050864e-07 1.179721717011056122e-06 1.114670733841357112e-06
1.338634979795930713e+00 1.449850813367894004e-05 4.447827211357013091e-07 3.920662272838183087e-07 8.368368394341658907e-07 9.095068954297807676e-07 1.232989360504515097e-06 1.169908076331546993e-06
1.347860582689079489e+00 1.520790604047153435e-05 4.659440428059081742e-07 4.138264429895243811e-07 8.779768362398095741e-07 9.533424662370255844e-07 1.292105654097662322e-06 1.231418898600806740e-06
1.357086185582228710e+00 1.600286437969773172e-05 4.889611249553793733e-07 4.308449868752845598e-07 9.238498997840588088e-07 1.000879222426691401e-06 1.357902688944921752e-06 1.300126118672711591e-06
1.366311788475377931e+00 1.689939985138084203e-05 5.136429953566422140e-07 4.549068781710653372e-07 9.753192760815284517e-07 1.054531701609377032e-06 1.431611236834516847e-06 1.377361793923671151e-06
1.375537391368526707e+00 1.791606540242482508e-05 5.432089917166375696e-07 4.812388943392989504e-07 1.033392889034120249e-06 1.115333652411629883e-06 1.514669678623724986e-06 1.464694688342337611e-06
1.384762994261675928e+00 1.907673319274039568e-05 5.783662256407423358e-07 5.168808825428591576e-07 1.099356336195543500e-06 1.184640130419666862e-06 1.608889129899259112e-06 1.564123168444079214e-06
1.393988597154824927e+00 2.041099915279476445e-05 6.183112275342091081e-07 5.545713992819737358e-07 1.174807621259771210e-06 1.264397167579972472e-06 1.716540086538963185e-06 1.678143644357774436e-06
1.403214200047974147e+00 2.195718855168205306e-05 6.623348937804703887e-07 5.970460638206972917e-07 1.266490564955788313e-06 1.357949372828626185e-06 1.840533398751944839e-06 1.809953711794321180e-06
1.412439802941123368e+00 2.376474073379426018e-05 7.115760616736304550e-07 6.481256376589623273e-07 1.376636941435621149e-06 1.480767906672778489e-06 1.984624222164179134e-06 1.963715379283210896e-06
1.421665405834272145e+00 2.589776011349886268e-05 7.782436489209056129e-07 7.118208340635449264e-07 1.503708061239728976e-06 1.626548528167465478e-06 2.153662395931485820e-06 2.144763135474736542e-06
1.430891008727421365e+00 2.844318428831470622e-05 8.531527175278769105e-07 7.697900113826319931e-07 1.653382294644589170e-06 1.786610698352764261e-06 2.354287684954080399e-06 2.360386101304829125e-06
1.440116611620570364e+00 3.151685438789059032e-05 9.354712641576045924e-07 8.545306717840518273e-07 1.834996247059989254e-06 1.973908347702210388e-06 2.595322920195694766e-06 2.630319945579185747e-06
1.449342214513719362e+00 3.527977165189462300e-05 1.042680281389265985e-06 9.600324319159218509e-07 2.058069173003574184e-06 2.202836540733904384e-06 2.888975930847640619e-06 2.963942168713745728e-06
1.458567817406868583e+00 3.995710772403207747e-05 1.181088143885644399e-06 1.099127143847944443e-06 2.348259797909834289e-06 2.487044260356561175e-06 3.275599962410141079e-06 3.379255826681591788e-06
1.467793420300017582e+00 4.587359264803054430e-05 1.356412562542998819e-06 1.252981390445377706e-06 2.723921814305037758e-06 2.846624105745585158e-06 3.769929860965905979e-06 3.905082250763462011e-06
1.477019023193166802e+00 5.350573933217067711e-05 1.591956400396506697e-06 1.468529980294547570e-06 3.210590416295299593e-06 3.310824306045046482e-06 4.364385116208252253e-06 4.583574708579418592e-06
1.486244626086316023e+00 6.357258370387992917e-05 1.876801061588651378e-06 1.733889256098274058e-06 3.854651104922020136e-06 3.923985000590745177e-06 5.146688125243670427e-06 5.477871864744776696e-06
1.495470228979464800e+00 7.718697734652296954e-05 2.286202527410056040e-06 2.110389713251719138e-06 4.733108151674502578e-06 4.755325487186727400e-06 6.205482283869401738e-06 6.660753988863769674e-06
1.504695831872614020e+00 9.610825007799595854e-05 2.816802544118259975e-06 2.573058837419776456e-06 5.983788319904783520e-06 5.960634746881416333e-06 7.786445523714637215e-06 8.290555607093932867e-06
1.513921434765763019e+00 1.231489740911766780e-04 3.609475663302134365e-06 3.300205995236424696e-06 7.662951596983715594e-06 7.728792438703297710e-06 1.010305828001871790e-05 1.061255665811866079e-05
1.523147037658912017e+00 1.626906674933915084e-04 4.720855951003105188e-06 4.290443681110651291e-06 1.031826266985666875e-05 1.031456571080332585e-05 1.357009021750994293e-05 1.399182711745054829e-05
1.532372640552061016e+00 2.207011268338588317e-04 6.343273587285628732e-06 5.819455466084261100e-06 1.410684077519621304e-05 1.414476446516381176e-05 1.805607190703158974e-05 1.890775576270792291e-05
1.541598243445210237e+00 3.010736715110767336e-04 8.427578540723065521e-06 7.961019444547548680e-06 1.926180726045950567e-05 1.968830890484524416e-05 2.608612576841595277e-05 2.554351907410433312e-05
1.550823846338359457e+00 3.897924887748120985e-04 1.098364163323081299e-05 1.032840946354584687e-05 2.533996795992432723e-05 2.489837118716886968e-05 3.436303241858922573e-05 3.227590485030211974e-05
1.560049449231508456e+00 4.332234112988496292e-04 1.193121917627030463e-05 1.174385872488025199e-05 2.818568154486607779e-05 2.760708563569067237e-05 3.736771116284308848e-05 3.519580609278618027e-05
1.569275052124657455e+00 3.859673146633267257e-04 1.045495359641073017e-05 1.052160733591521848e-05 2.496113108192541839e-05 2.413517301359466034e-05 3.176563451112908183e-05 3.134119322695813961e-05
1.578500655017806453e+00 2.900554316123512199e-04 8.017349051005087743e-06 7.994365987715494268e-06 1.827450557299252314e-05 1.786817202245420937e-05 2.279918692004356730e-05 2.349277088874732536e-05
1.587726257910955674e+00 2.039187570228181924e-04 5.558476364485878890e-06 5.582120152945686592e-06 1.252839250639857125e-05 1.277526141864828335e-05 1.535622781181550703e-05 1.653734783824503153e-05
1.596951860804104451e+00 1.433916680047152194e-04 3.900519177476224550e-06 3.872499426199865064e-06 8.668692319561304479e-06 8.825322413421330184e-06 1.082354091847215162e-05 1.191752151061167397e-05
1.606177463697253671e+00 1.035353994580610882e-04 2.806670416201896231e-06 2.769273782583721614e-06 6.198660045535355585e-06 6.397415280250955843e-06 7.844815388288479269e-06 8.744366617943248273e-06
1.615403066590402892e+00 7.725266044571845782e-05 2.097050908051866381e-06 2.053411172299782726e-06 4.600388829264118488e-06 4.803454695534114757e-06 5.847357925232218173e-06 6.562107560233082005e-06
1.624628669483551890e+00 5.951398449479101911e-05 1.619205865461714364e-06 1.569541489754834270e-06 3.533434871188946677e-06 3.678686363702826233e-06 4.507238496307483663e-06 5.038908959018494266e-06
1.633854272376701111e+00 4.719304907706398013e-05 1.291252162362400220e-06 1.227609371334357905e-06 2.796790602710351958e-06 2.911925602111164958e-06 3.578663162223898046e-06 3.977093048687386492e-06
1.643079875269850110e+00 3.839218429754127936e-05 1.040805628515820125e-06 9.837113978045162847e-07 2.271307607443761331e-06 2.358794254702799211e-06 2.915813610014269250e-06 3.217063366622197756e-06
1.652305478162999108e+00 3.194265897794886210e-05 8.559845833783937788e-07 8.128265562417773564e-07 1.879763153198431703e-06 1.956546583162210965e-06 2.429917741847991048e-06 2.659643552456719668e-06
1.661531081056148329e+00 2.710993321729600238e-05 7.205606282078756925e-07 6.910955783029259689e-07 1.594064845787141756e-06 1.655212493600271233e-06 2.058623010280818852e-06 2.241982583324001870e-06
1.670756683949297106e+00 2.341576891847404668e-05 6.254111149230984689e-07 5.871353702554677194e-07 1.372538053023240743e-06 1.423644174110906850e-06 1.765540739648974568e-06 1.935184497715493497e-06
1.679982286842446326e+00 2.054379315605565841e-05 5.445717900134968282e-07 5.132001214617705248e-07 1.200124105520909424e-06 1.243310276595484520e-06 1.537427660635239828e-06 1.704137929824035331e-06
1.689207889735595547e+00 1.827757501378190461e-05 4.831054802090283071e-07 4.486367853965750655e-07 1.063827541217378874e-06 1.113504981991892285e-06 1.357397585594398535e-06 1.499922578827885114e-06
1.698433492628744546e+00 1.646587724861253677e-05 4.299290980733236150e-07 4.058413831672740522e-07 9.566487036272148083e-07 1.014420304171916287e-06 1.213581120409558037e-06 1.333665731723270346e-06
1.707659095521893766e+00 1.500113510627988373e-05 3.937526238220981248e-07 3.690762736703098989e-07 8.697531135920016823e-07 9.200496292734197082e-07 1.108204534798213747e-06 1.199943372265496058e-06
1.716884698415042543e+00 1.380528183822312474e-05 3.565145903199773712e-07 3.377374101787910068e-07 7.980594923391706773e-07 8.543956777712066796e-07 1.022244650592866425e-06 1.098116553370559053e-06
1.726110301308191763e+00 1.282043640608621803e-05 3.290573857536397827e-07 3.136017112041796363e-07 7.458770327385683000e-07 7.999178493494862288e-07 9.514904880244990802e-07 1.014624256795852142e-06
1.735335904201340984e+00 1.200335919268068872e-05 3.069699950536361216e-07 2.956560574145859196e-07 6.946515896646692254e-07 7.480993353804434769e-07 8.928282937876053110e-07 9.456814249163258133e-07
1.744561507094489761e+00 1.132102588286936686e-05 2.895833077447184165e-07 2.782364844057829252e-07 6.448340863791416185e-07 7.049481032962983952e-07 8.438746506022521039e-07 8.906551815309496313e-07
1.753787109987638981e+00 1.074821527283090564e-05 2.735424981498966763e-07 2.647653387767620722e-07 6.185492181176364772e-07 6.625502364245707345e-07 8.028231088933424981e-07 8.420562037878274634e-07
1.763012712880787980e+00 1.026490750186136281e-05 2.593696275302083691e-07 2.518028641316171455e-07 5.972459059517896935e-07 6.297443154810334075e-07 7.682272963466088756e-07 8.044110039860239336e-07
1.772238315773937201e+00 9.855650723917407417e-06 2.492174834859920150e-07 2.413847768576722852e-07 5.786191433370008896e-07 6.018621401454410608e-07 7.389706027894066677e-07 7.723873219877984604e-07
1.781463918667086421e+00 9.507896652451923612e-06 2.415234065911448517e-07 2.318944002118432249e-07 5.603013873104210679e-07 5.781190184078935623e-07 7.141540149312764369e-07 7.450415066514878376e-07
1.790689521560235198e+00 9.211785171091589820e-06 2.344844852759840696e-07 2.257468003721411251e-07 5.469162559074916151e-07 5.579322153980943234e-07 6.930571828083659811e-07 7.216423144521080427e-07
1.799915124453384419e+00 8.959163344707511093e-06 2.301747822379308515e-07 2.187894298590057669e-07 5.357251427640598762e-07 5.406978438898484262e-07 6.751095937916184314e-07 7.015571710112028031e-07
1.809140727346533417e+00 8.743401941411387129e-06 2.236302085899179604e-07 2.131283888354461509e-07 5.263264077854842691e-07 5.260028186440791713e-07 6.598178273304118764e-07 6.842978116497362695e-07
1.818366330239682416e+00 8.559181167974116809e-06 2.189905546516802319e-07 2.086162377730297230e-07 5.118005818286957496e-07 5.134746133097179772e-07 6.520480419674733625e-07 6.694582948563323295e-07
1.827591933132831414e+00 8.401953813757481493e-06 2.177861317938439774e-07 2.056415609484119663e-07 5.007841860321656055e-07 5.027998338593896811e-07 6.476462994268223115e-07 6.566930831068654877e-07
1.836817536025980635e+00 8.267957244661196237e-06 2.144027123869768537e-07 2.032591729068257928e-07 4.937547573560692866e-07 4.937087646842620750e-07 6.390540154855151570e-07 6.457126642438046747e-07
1.846043138919129634e+00 8.154170290462551364e-06 2.108840891127529524e-07 2.009143784154352662e-07 4.880430933371239483e-07 4.860128853193425703e-07 6.303532910925349646e-07 6.362927736473975412e-07
1.855268741812278410e+00 8.057843818195644793e-06 2.078320640323339988e-07 2.003730920627456926e-07 4.833172545253275120e-07 4.802848659008169212e-07 6.229813146714256391e-07 6.282210164378560825e-07
1.864494344705427187e+00 7.976772624555880851e-06 2.058578797199824527e-07 1.987597979430681325e-07 4.791156473699644073e-07 4.786619590460912301e-07 6.167665841043092284e-07 6.213313433263873846e-07
1.873719947598576185e+00 7.909016708680996748e-06 2.043843545775230505e-07 1.958881097811092847e-07 4.749115845455222367e-07 4.774541519150999857e-07 6.115666552033980800e-07 6.165208412700159431e-07
1.882945550491724962e+00 7.853087392362265233e-06 2.042866930922620112e-07 1.951199118569609784e-07 4.714334315446981806e-07 4.765052479229902962e-07 6.072636793643191981e-07 6.131180086119391651e-07
1.892171153384873961e+00 7.807438415057394216e-06 2.037831449103693184e-07 1.950137161141690602e-07 4.685834819201282434e-07 4.720355674955657810e-07 6.037472402885723561e-07 6.105681894580214616e-07
1.901396756278022737e+00 7.771001800781241755e-06 2.039701725531708354e-07 1.945289094734348203e-07 4.662985585295160263e-07 4.655679103011025257e-07 6.035241563632706018e-07 6.087917774938686227e-07
1.910622359171171736e+00 7.742520619699484391e-06 2.050889987039691457e-07 1.927871376585032242e-07 4.678626243768933959e-07 4.598766325166379765e-07 6.058779697389265697e-07 6.076724592881608874e-07
1.919847962064320512e+00 7.721481512741025456e-06 2.046450369533855723e-07 1.907024881241846181e-07 4.693090458721758382e-07 4.567948655600691119e-07 6.086336569643729428e-07 6.071649144508013934e-07
1.929073564957469289e+00 7.706734961487530486e-06 2.042304769919582754e-07 1.898585789572657727e-07 4.692107914272954729e-07 4.559115936919540978e-07 6.117095094216276781e-07 6.071844073342381025e-07
1.938299167850618288e+00 7.697727314232724618e-06 2.041908035665569178e-07 1.904182448877096034e-07 4.693987139468464606e-07 4.554218446086905317e-07 6.150801002272424935e-07 6.076779953068699042e-07
1.947524770743767064e+00 7.693913625245079579e-06 2.039051721239086253e-07 1.889233624246767433e-07 4.702142296047324109e-07 4.552720453798805454e-07 6.187096975888230254e-07 6.085837848566993163e-07
1.956750373636916063e+00 7.694621529161204396e-06 2.039070672733106178e-07 1.889532030637680084e-07 4.718600514619308118e-07 4.554419985604300344e-07 6.225722771214178288e-07 6.098695754565492113e-07
1.965975976530064839e+00 7.699546249576728733e-06 2.041769112497589776e-07 1.895924534358233297e-07 4.735320363078172320e-07 4.558959452002878826e-07 6.266464124707413902e-07 6.114955112664879056e-07
1.975201579423213616e+00 7.708208138640443977e-06 2.042083600266471604e-07 1.902993116902778988e-07 4.731468561863102986e-07 4.566034463727173723e-07 6.309030883916006392e-07 6.134233105040311766e-07
1.984427182316362615e+00 7.719754701812674833e-06 2.040825742929420881e-07 1.907390570748491713e-07 4.736991093009714101e-07 4.573761200636865452e-07 6.351873315207958435e-07 6.154483221945675144e-07
1.993652785209511391e+00 7.735333208869201122e-06 2.048599426553638942e-07 1.906793706804826076e-07 4.751747843049709591e-07 4.586776856225952575e-07 6.398834755508482787e-07 6.180610680905451485e-07
2.002878388102660168e+00 7.753129962731296473e-06 2.053139689203803072e-07 1.904537001836150274e-07 4.767664515527497633e-07 4.599824098804711317e-07 6.445715304458616250e-07 6.207196352905602679e-07
2.012103990995809166e+00 7.773532493311470330e-06 2.061288965891599329e-07 1.911944910533660327e-07 4.784806882536694152e-07 4.614437554522020357e-07 6.493838728504753145e-07 6.235863724342453725e-07
2.021329593888958165e+00 7.796072073549593527e-06 2.065378962766510054e-07 1.919679091109761156e-07 4.803043957198783076e-07 4.630493794793013533e-07 6.542932572255227608e-07 6.266183725545840285e-07
2.030555196782107164e+00 7.820728656935022849e-06 2.069364601888868603e-07 1.926778557438801136e-07 4.822367508030117172e-07 4.647967149689624113e-07 6.592994273738645870e-07 6.293957894527045231e-07
2.039780799675255718e+00 7.847290545821044419e-06 2.077525722673009964e-07 1.937393138743397368e-07 4.851764924323966489e-07 4.666734869476882831e-07 6.643884945725332051e-07 6.320903784204077425e-07
2.049006402568404717e+00 7.875536343770481114e-06 2.086128126606241794e-07 1.945720464970027608e-07 4.887296516915254943e-07 4.685941479686381829e-07 6.695502131212816070e-07 6.349256765023752607e-07
2.058232005461553715e+00 7.905342459363934806e-06 2.100352549697128411e-07 1.956768820111743577e-07 4.923319241642927404e-07 4.703548559945522142e-07 6.747722125105993786e-07 6.378822763066800734e-07
2.067457608354702270e+00 7.936765825777128999e-06 2.127150023806520437e-07 1.970780151101851835e-07 4.959886296737631855e-07 4.728684550584526640e-07 6.800664270549816863e-07 6.409673286411772034e-07
2.076683211247851268e+00 7.969028541089108228e-06 2.150815802667750963e-07 1.981493130298684003e-07 4.996421247215570546e-07 4.753316574925669014e-07 6.853758590609457414e-07 6.441252176530884473e-07
2.085908814141000267e+00 8.002781865662515740e-06 2.169577279050228000e-07 1.992390690935292593e-07 5.029546783150609088e-07 4.777240031818397967e-07 6.907497852063224845e-07 6.473943700548771989e-07
2.095134417034148822e+00 8.037565944763000553e-06 2.196247999325242424e-07 2.003321801488692843e-07 5.045114982084996914e-07 4.801928008077757293e-07 6.961631906457176598e-07 6.507514545585174921e-07
2.104360019927297820e+00 8.073401906089741866e-06 2.215679787494532848e-07 2.026732453214481760e-07 5.061376614017310411e-07 4.827340483577751781e-07 7.016190082977148294e-07 6.541945772919948522e-07
2.113585622820446819e+00 8.110101963395897372e-06 2.219416182626457863e-07 2.054019059228392210e-07 5.078086665357258106e-07 4.853297521013548698e-07 7.071000899270658916e-07 6.577035849658919431e-07
2.122811225713595817e+00 8.147776127036735454e-06 2.213456155525228558e-07 2.065742433151315294e-07 5.095454686967541927e-07 4.879858806140919528e-07 7.126192705564256676e-07 6.612873704379292186e-07
2.132036828606744372e+00 8.186122340710019017e-06 2.217685714583665435e-07 2.071604024192182439e-07 5.122333425250621465e-07 4.906897041993773086e-07 7.181562499988171936e-07 6.649259953250799587e-07
2.141262431499893371e+00 8.225132180447783630e-06 2.221783043425962765e-07 2.077762882834514294e-07 5.170068490826670805e-07 4.934411232092141740e-07 7.237138358883942558e-07 6.686194623899200979e-07
2.150488034393042369e+00 8.264926408460587220e-06 2.237210446101540123e-07 2.084195472826915889e-07 5.217969204236152305e-07 4.962352315261760335e-07 7.292979249135407425e-07 6.723683530317717684e-07
2.159713637286190924e+00 8.305231230429893478e-06 2.237596293473608704e-07 2.090867618344765090e-07 5.265850756488343654e-07 4.990468045399137946e-07 7.348915401217048299e-07 6.761574406900796138e-07
2.168939240179339922e+00 8.346034824283447208e-06 2.243270678668253006e-07 2.097764457847600228e-07 5.313786593502272559e-07 5.018846813882604525e-07 7.404983181075316598e-07 6.799876013995349286e-07
2.178164843072488921e+00 8.387371351204194543e-06 2.255118975596499792e-07 2.104861605606796101e-07 5.361735503539022532e-07 5.044795485416122719e-07 7.461178957443036805e-07 6.838551141767909645e-07
2.187390445965637920e+00 8.429127327973373872e-06 2.263575722003723176e-07 2.115851010343428127e-07 5.395433004879719014e-07 5.064367715983690750e-07 7.517410428862526388e-07 6.877501456951441613e-07
2.196616048858786474e+00 8.471506440269104674e-06 2.266749266504609320e-07 2.127338256219998825e-07 5.429564676945995033e-07 5.084487177429305679e-07 7.574010268856117597e-07 6.917057045365039174e-07
2.205841651751935473e+00 8.514074622054536206e-06 2.272418613882589816e-07 2.138835150126862231e-07 5.463740286455066452e-07 5.104939405936100721e-07 7.630453091093876054e-07 6.956666379011727108e-07
2.215067254645084471e+00 8.557013817975146701e-06 2.291652169151770559e-07 2.150389939661613006e-07 5.497623223607349472e-07 5.125816207986332745e-07 7.686929495161917117e-07 6.996477071239679191e-07
2.224292857538233026e+00 8.600468448579645788e-06 2.297830955395253525e-07 2.161967988627786234e-07 5.531851864460859839e-07 5.147167786007479580e-07 7.743714913522011439e-07 7.036775058726334203e-07
2.233518460431382024e+00 8.644076049212658425e-06 2.303108792023412566e-07 2.173078404982485806e-07 5.566115028895653318e-07 5.168783231524662597e-07 7.800378369614888836e-07 7.077124387868203713e-07
2.242744063324531023e+00 8.688002287507930096e-06 2.316285238403276815e-07 2.183959387988949853e-07 5.600553980405162684e-07 5.190754292878780723e-07 7.857108358986506825e-07 7.117704754689820816e-07
2.251969666217680022e+00 8.729453199571921069e-06 2.333278053318165981e-07 2.197315995158749871e-07 5.632488832040167154e-07 5.211586656379187940e-07 7.910267357067014236e-07 7.154740861203036519e-07
2.261195269110828576e+00 8.774289245626364615e-06 2.341230039002915425e-07 2.220885894758503669e-07 5.667578008042302955e-07 5.234345083837730163e-07 7.967614721008373020e-07 7.196252417362768654e-07
2.270420872003977575e+00 8.819374494234865947e-06 2.361329688436849476e-07 2.244430259904962193e-07 5.702814882537499412e-07 5.257394963255173221e-07 8.025009925339980958e-07 7.237956608683693787e-07
2.279646474897126573e+00 8.865917990966583532e-06 2.384631798091145348e-07 2.268364349861834336e-07 5.739377950432398786e-07 5.281345954689194486e-07 8.084101770049523147e-07 7.281546943171573517e-07
2.288872077790275128e+00 8.910125377893076472e-06 2.407027083793167668e-07 2.284997517505144542e-07 5.773335490978500983e-07 5.304195355598721170e-07 8.139829109763047944e-07 7.321759742617677398e-07
2.298097680683424127e+00 8.955748603465098898e-06 2.426716007413542802e-07 2.294583195795748642e-07 5.803634732065747546e-07 5.327908550212408066e-07 8.197229500686863167e-07 7.363822800088848917e-07
2.307323283576573125e+00 9.001523640510124231e-06 2.445692699485900478e-07 2.304238942758947363e-07 5.833970259667965280e-07 5.351815302348061058e-07 8.254625920056605229e-07 7.405987145876777533e-07
2.316548886469722124e+00 9.047486157356320353e-06 2.452824199130666533e-07 2.313533287084830459e-07 5.864382325105294100e-07 5.375939126237911552e-07 8.312060901191263372e-07 7.448293571374773947e-07
2.325774489362870678e+00 9.093524566076473326e-06 2.456578605383987683e-07 2.323804153510183846e-07 5.894766087405540095e-07 5.400187979687391058e-07 8.369438722746083914e-07 7.490629268001493940e-07
2.335000092256019677e+00 9.139697264522021487e-06 2.464244613531479293e-07 2.335470128088735147e-07 5.925182648245704974e-07 5.424604991988090736e-07 8.426814394188134337e-07 7.533049028701360321e-07
2.344225695149168676e+00 9.186172662882931438e-06 2.480474873073247198e-07 2.357762017208859130e-07 5.955740453298935392e-07 5.449240052747819429e-07 8.484560974752116276e-07 7.575955218980737888e-07
2.353451298042317230e+00 9.232299819030614289e-06 2.496981472363709703e-07 2.377963780679115700e-07 5.985999365770253725e-07 5.473816059624226780e-07 8.541468381873042632e-07 7.618019714742364974e-07
2.362676900935466229e+00 9.278769925223848001e-06 2.513395533462503854e-07 2.392396983174645405e-07 6.016445806296705521e-07 5.498634760130973376e-07 8.598796980460005171e-07 7.657462532917411207e-07
2.371902503828615227e+00 9.325285959622705474e-06 2.527160936759983252e-07 2.404396170457773544e-07 6.046870369519315110e-07 5.523545824344887177e-07 8.656077760712914404e-07 7.692758691894584141e-07
2.381128106721764226e+00 9.371875241879840522e-06 2.538081562993960263e-07 2.416186886347372359e-07 6.077290634822245312e-07 5.548560682812317310e-07 8.713336037812867277e-07 7.728120753799606690e-07
2.390353709614912781e+00 9.418513588537983939e-06 2.553899725565546085e-07 2.426905162985851792e-07 6.107677762248374197e-07 5.573653739487815275e-07 8.770552149471962837e-07 7.763530878817668715e-07
2.399579312508061779e+00 9.465212578482365906e-06 2.572784315929174095e-07 2.437229076314233292e-07 6.137883099345710488e-07 5.598846082950296169e-07 8.827749290374323405e-07 7.798992801863267849e-07
2.408804915401210778e+00 9.511953614678861569e-06 2.590725903664015464e-07 2.452115527779525153e-07 6.168053537790136671e-07 5.624115127293141583e-07 8.884908951864494759e-07 7.834492598021377158e-07
2.418030518294359332e+00 9.558727845992403874e-06 2.605573202789608427e-07 2.467479793246831707e-07 6.198198975911570500e-07 5.649450024487672286e-07 8.942032091564316797e-07 7.870023591892271874e-07
2.427256121187508331e+00 9.605530825945255829e-06 2.615919017452970002e-07 2.488766486961470039e-07 6.228301897908699214e-07 5.674836789154447786e-07 8.999114586702515705e-07 7.905583509049577220e-07
2.436481724080657330e+00 9.652375348242108326e-06 2.626274274621381058e-07 2.502594178010183275e-07 6.258405381286129439e-07 5.700299452580834633e-07 9.056176142548679847e-07 7.941176664138773151e-07
2.445707326973806328e+00 9.699239675804380029e-06 2.638677494749270657e-07 2.510616016158623667e-07 6.288480196055409258e-07 5.725811911516039571e-07 9.113201451153927612e-07 7.976786254683735072e-07
2.454932929866954883e+00 9.746121990975155252e-06 2.659775692146609387e-07 2.518516909897672746e-07 6.318525110853538554e-07 5.751371901940097447e-07 9.170186727019699147e-07 8.012410784512654711e-07
2.464158532760103881e+00 9.793003772318724742e-06 2.680857225581969423e-07 2.526435284510732652e-07 6.348526091744015277e-07 5.776961629957141681e-07 9.227129489522238864e-07 8.048037574743014755e-07
2.473384135653252880e+00 9.839890993413050803e-06 2.701924868521367751e-07 2.536566138829308970e-07 6.378495721220209128e-07 5.802589384711469311e-07 9.284025079835748340e-07 8.083663825976003623e-07
2.482609738546401434e+00 9.886785666668615019e-06 2.722547986584923668e-07 2.561075757057851472e-07 6.408428440182102089e-07 5.828247700505437452e-07 9.340888232008491809e-07 8.120277556488687506e-07
2.491835341439550433e+00 9.933689060526761306e-06 2.742225039020009951e-07 2.576624972923982062e-07 6.438329747068380398e-07 5.853938903185148867e-07 9.397718446253456009e-07 8.162665329882090495e-07
2.501060944332699432e+00 9.980568498264178213e-06 2.758083737759293557e-07 2.593464053969144362e-07 6.468177407434804946e-07 5.879639446293478012e-07 9.454488835046857983e-07 8.204983923263974878e-07
2.510286547225848430e+00 1.002747395651825043e-05 2.769947518921782911e-07 2.598786445912686750e-07 6.498023349475277996e-07 5.905388235696749845e-07 9.511254687548263622e-07 8.247305257938566416e-07
2.519512150118996985e+00 1.007433636664831927e-05 2.781806980683430760e-07 2.615072526487505824e-07 6.527788782989778075e-07 5.931122925572489979e-07 9.567944600617890539e-07 8.289522614330163360e-07
2.528737753012145983e+00 1.012121732847296873e-05 2.792365847806242414e-07 2.633494858929153690e-07 6.557550225619896697e-07 5.956898724843747003e-07 9.624626039928798146e-07 8.331735199502685773e-07
2.537963355905294982e+00 1.016803574190929648e-05 2.802724260940623935e-07 2.652125983444889132e-07 6.587216204499754654e-07 5.982642067910633616e-07 9.681223534240485974e-07 8.373830266255031959e-07
2.547188958798443537e+00 1.021488695844151649e-05 2.813082088146079770e-07 2.664269675206607700e-07 6.616888921818121235e-07 6.008432423207342996e-07 9.737830961275966026e-07 8.415935698815575703e-07
2.556414561691592535e+00 1.026169386535463874e-05 2.823426644624719436e-07 2.680397072490852377e-07 6.646500276475946503e-07 6.034211253590626570e-07 9.794372594354791703e-07 8.457957934909944028e-07
2.565640164584741534e+00 1.030842098729355394e-05 2.833747613198302586e-07 2.695198790349955155e-07 6.687728672531055113e-07 6.059954172844018983e-07 9.850824463486965274e-07 8.499874397792349254e-07
2.574865767477890532e+00 1.035523750532365422e-05 2.846458762436309949e-07 2.706350789655878933e-07 6.718158784372717257e-07 6.085765622466778946e-07 9.907335274192040841e-07 8.541819761271354739e-07
2.584091370371039087e+00 1.040197834797947249e-05 2.867772084527796234e-07 2.716916883135180239e-07 6.745593116726116733e-07 6.111552184642377337e-07 9.963763683117760322e-07 8.583684644769770271e-07
2.593316973264188086e+00 1.044866621199853405e-05 2.889124582473784938e-07 2.728389029117268231e-07 6.778766178584764578e-07 6.137304265505246046e-07 1.002013219632363975e-06 8.625443796295258409e-07
2.602542576157337084e+00 1.049534743333252790e-05 2.910499216088993554e-07 2.743848864029842775e-07 6.817276882578302992e-07 6.163071353462108216e-07 1.007648389339695343e-06 8.667170133293860054e-07
2.611768179050485639e+00 1.054201377259161145e-05 2.928513517055077268e-07 2.763541616852730165e-07 6.855803060516852890e-07 6.188838520102825472e-07 1.013280933645985734e-06 8.708844205850077715e-07
2.620993781943634637e+00 1.058861306094764869e-05 2.942270848867029596e-07 2.781290719720397981e-07 6.894315079719404100e-07 6.214571576318385273e-07 1.018906606456539886e-06 8.750425634921723178e-07
2.630219384836783636e+00 1.063520071401627329e-05 2.956026373390210297e-07 2.794054103611436784e-07 6.932832459073009200e-07 6.240312537948820311e-07 1.024530807519960220e-06 8.791980106748982423e-07
2.639444987729932635e+00 1.068173135430752523e-05 2.972287683893086772e-07 2.809477210251424021e-07 6.971361815296034571e-07 6.266013733703336739e-07 1.030148729483329432e-06 8.833424446834224907e-07
2.648670590623081189e+00 1.072823642869688836e-05 2.989260744565043205e-07 2.822970424002983444e-07 7.009886740884191619e-07 6.291714680647108752e-07 1.035764145359887524e-06 8.874834520780567118e-07
2.657896193516230188e+00 1.077469940616234838e-05 3.005457795966492296e-07 2.839193439173310864e-07 7.048419356949936916e-07 6.317393002151676167e-07 1.041375188712316685e-06 8.916168004456257525e-07
2.667121796409379186e+00 1.082112163226937950e-05 3.021632865698459241e-07 2.852940645524409307e-07 7.086957916747703396e-07 6.343048136768297211e-07 1.046982826711747019e-06 8.957437129545738562e-07
2.676347399302527741e+00 1.086750056836611482e-05 3.035550904813945290e-07 2.867160404885227558e-07 7.125505887996275574e-07 6.368678862001576630e-07 1.052586034096078779e-06 8.998626849191902093e-07
2.685573002195676739e+00 1.091385358035763296e-05 3.046993094269763420e-07 2.882066810412336057e-07 7.164053047531666679e-07 6.394306079891599214e-07 1.058187041181649803e-06 9.039781507577343778e-07
2.694798605088825738e+00 1.096015749488848915e-05 3.066978617211711932e-07 2.900094460326526334e-07 7.202604977442047043e-07 6.419903050147288852e-07 1.063784158908296520e-06 9.080863820721364810e-07
2.704024207981974737e+00 1.100642113046790987e-05 3.086976121088889685e-07 2.918157738210915518e-07 7.241169163615868620e-07 6.445476507987886867e-07 1.069377270284338168e-06 9.121870003696051435e-07
2.713249810875123291e+00 1.105261625222325411e-05 3.106956333027363355e-07 2.935706039141639260e-07 7.279728425610424493e-07 6.471007725837496554e-07 1.074964484428510790e-06 9.162783537784297943e-07
2.722475413768272290e+00 1.109880485004522220e-05 3.115867750486812075e-07 2.951968855185778954e-07 7.318303954525906275e-07 6.496542860933966919e-07 1.080551952408469421e-06 9.203679249364328432e-07
2.731701016661421288e+00 1.114492237827105762e-05 3.122237090412815076e-07 2.960006457413951413e-07 7.356856193434990000e-07 6.522034515217801324e-07 1.086133299245350983e-06 9.244481377792588910e-07
2.740926619554569843e+00 1.119100486601593412e-05 3.128432987269049744e-07 2.977864433439792157e-07 7.395200782254544012e-07 6.547501312996384430e-07 1.091712206298893874e-06 9.285218631933893617e-07
2.750152222447718842e+00 1.123704416809797405e-05 3.134594526573843083e-07 2.998888360971767352e-07 7.433539474735738643e-07 6.572951281949121792e-07 1.097287803824636098e-06 9.325905225031827836e-07
2.759377825340867840e+00 1.128300328914434434e-05 3.140698461492643344e-07 3.019657134147609687e-07 7.471887086397126676e-07 6.598334524696812796e-07 1.102857005834981209e-06 9.366467552116785570e-07
