9.225602893149067790e-04 1.222610946788685868e-04 3.232845876615265002e-06 3.168298627406271740e-06 7.641669608069123721e-06 7.520110174743239290e-06 9.941369877278834893e-06 9.882581810247519885e-06
1.014816318246397446e-02 1.245695115630273916e-04 3.298982339150691905e-06 3.235630220945259891e-06 7.785927594568546519e-06 7.666778191539762636e-06 1.013800140782427305e-05 1.006450949848417789e-05
1.937376607561304073e-02 1.270284992142395851e-04 3.373777365913783110e-06 3.299403796967336107e-06 7.939478563440496330e-06 7.822645596253439125e-06 1.034744822199008298e-05 1.025825372915396166e-05
2.859936896876210874e-02 1.296552959592253121e-04 3.454583876240770266e-06 3.357219760963823033e-06 8.103380066478126911e-06 7.988739197736623100e-06 1.057115922100149998e-05 1.046517189253778999e-05
3.782497186191117328e-02 1.324628789566429494e-04 3.540636841543160461e-06 3.426097701472567442e-06 8.278433818796523394e-06 8.165859795275585541e-06 1.081025626628798870e-05 1.068627354877054825e-05
4.705057475506025516e-02 1.354659756985781432e-04 3.632385242136905706e-06 3.508235921396670506e-06 8.465549345589777445e-06 8.354915062699816127e-06 1.106601172503327620e-05 1.092270459351630521e-05
5.627617764820931623e-02 1.386769084092701542e-04 3.730251985211064823e-06 3.595881230857012317e-06 8.665491620871900108e-06 8.556694244869739825e-06 1.133950951762545943e-05 1.117541001994658452e-05
6.550178054135838424e-02 1.421288557821146251e-04 3.835098784241440560e-06 3.689862029419035917e-06 8.880292632629021785e-06 8.773144129322170892e-06 1.163353177333618276e-05 1.144701269802697033e-05
7.472738343450743836e-02 1.458242135575402415e-04 3.947195393177543822e-06 3.790088446261209026e-06 9.110119910061995020e-06 9.004536948453240259e-06 1.194838860885536944e-05 1.173764160446500479e-05
8.395298632765652025e-02 1.498016301912223646e-04 4.067570429785695918e-06 3.895899265573047037e-06 9.357342381742002205e-06 9.253154626955067052e-06 1.228733510558576293e-05 1.205034350525049751e-05
9.317858922080557438e-02 1.540835307260906607e-04 4.196590231982794128e-06 4.009647384184395315e-06 9.623348010723102846e-06 9.520410368081370922e-06 1.265233235641681562e-05 1.238684371285007284e-05
1.024041921139546424e-01 1.587046102765574693e-04 4.333583733356628472e-06 4.132235446185775554e-06 9.910273305499507027e-06 9.808414106116759368e-06 1.304636287944031976e-05 1.274984586488713554e-05
1.116297950071036965e-01 1.637080171983608032e-04 4.481688729942299478e-06 4.264760763662839163e-06 1.022076798074404214e-05 1.011978167654155824e-05 1.347309049104663354e-05 1.314271362833467909e-05
1.208553979002527506e-01 1.691365819924107951e-04 4.642163655523771481e-06 4.408346725466550601e-06 1.055747179499888912e-05 1.045713285098261386e-05 1.393622075497954636e-05 1.356877261360098859e-05
1.300810007934018186e-01 1.750324961994993364e-04 4.816304351422579823e-06 4.563651171875986266e-06 1.092299116604432841e-05 1.082309421535391711e-05 1.443944085066780833e-05 1.403127415746914866e-05
1.393066036865509005e-01 1.814719936821665230e-04 5.006013553815783727e-06 4.731511632415151374e-06 1.132199800234516204e-05 1.122222724886436118e-05 1.498920424990071287e-05 1.453617738773327057e-05
1.485322065796999824e-01 1.885224762434693790e-04 5.212083492911820251e-06 4.901594705860430005e-06 1.175864030554876760e-05 1.165865269990242923e-05 1.559133608808853247e-05 1.510454926389304510e-05
1.577578094728490643e-01 1.962300269886910230e-04 5.437286405663896947e-06 5.085232113317332374e-06 1.223578917515454035e-05 1.213537222795045317e-05 1.625003424010474490e-05 1.575226397689755901e-05
1.669834123659981462e-01 2.047363497115834081e-04 5.685469124505312163e-06 5.293923139819243931e-06 1.276210248705607060e-05 1.266078081282439455e-05 1.697719992895115829e-05 1.646716383064614209e-05
1.762090152591472003e-01 2.141278822184719598e-04 5.957190140596177073e-06 5.536866800460343071e-06 1.334292629791771845e-05 1.324026865972841786e-05 1.777896239237532401e-05 1.725683524562710968e-05
1.854346181522962822e-01 2.245489772989219164e-04 6.248935336324626085e-06 5.818823602564773562e-06 1.398711318343839752e-05 1.388257456983463603e-05 1.865330284189496593e-05 1.813345838344782761e-05
1.946602210454453641e-01 2.361563667608620033e-04 6.578120805103419063e-06 6.133010680465860679e-06 1.470429396722205202e-05 1.459724740661554900e-05 1.962734663857521847e-05 1.910060212112360762e-05
2.038858239385944460e-01 2.491372803882603224e-04 6.915852640194421457e-06 6.474407139220252246e-06 1.550596685600651994e-05 1.539570481222276958e-05 2.071691488142896618e-05 2.012671963243247808e-05
2.131114268317435001e-01 2.637337110589026666e-04 7.292129010837004096e-06 6.871387019877228403e-06 1.640697751405652098e-05 1.629259736892824844e-05 2.194238259671489003e-05 2.127976415863003386e-05
2.223370297248925820e-01 2.802246745272018676e-04 7.716579330877980283e-06 7.318664518669935459e-06 1.742444169709999853e-05 1.730492161044892190e-05 2.332737534818164239e-05 2.258155124816102954e-05
2.315626326180416361e-01 2.989670456516025873e-04 8.223358957969108176e-06 7.803975190180255546e-06 1.858024904757436726e-05 1.845399377294515463e-05 2.490198431973896865e-05 2.405975987730300195e-05
2.407882355111907180e-01 3.203990597732429076e-04 8.825649821802227478e-06 8.342804445418640011e-06 1.990125709410182431e-05 1.976650965670296266e-05 2.670330352273460675e-05 2.574880716725883815e-05
2.500138384043397721e-01 3.450739237654708498e-04 9.519206738745034872e-06 8.997869640106463413e-06 2.142136931111075608e-05 2.127608221035210984e-05 2.877811001549744575e-05 2.769184520720694700e-05
2.592394412974888818e-01 3.736931659452644486e-04 1.032381947886016607e-05 9.751724523731492011e-06 2.318355631219474067e-05 2.302516042650609501e-05 3.118581955486785223e-05 2.994355783658952377e-05
2.684650441906379359e-01 4.071972160560175706e-04 1.126595668686806648e-05 1.064175688813298820e-05 2.524535128455582603e-05 2.507044782024771051e-05 3.400606842536482016e-05 3.257726370772747208e-05
2.776906470837869900e-01 4.467498103504633552e-04 1.237847459201830893e-05 1.169853341556419644e-05 2.767800236670378555e-05 2.748228780900704689e-05 3.733762701291606012e-05 3.568345035430506729e-05
2.869162499769360997e-01 4.939470970250428453e-04 1.368175480865587920e-05 1.295865863069629430e-05 3.057911986281778433e-05 3.035684910582156200e-05 4.131599212663030103e-05 3.938622326839062455e-05
2.961418528700851538e-01 5.509492646242231551e-04 1.530738763894426684e-05 1.444132635635201039e-05 3.408074777464843459e-05 3.382407977237111580e-05 4.612452157574053156e-05 4.385334257549764782e-05
3.053674557632342079e-01 6.207183423212474412e-04 1.727710057848868413e-05 1.630351807368937266e-05 3.836385663455097166e-05 3.827006976763911925e-05 5.201522237624966669e-05 4.931454511165813282e-05
3.145930586563833176e-01 7.074627986032188840e-04 1.969035147120093508e-05 1.868305131569542379e-05 4.368540577063834834e-05 4.382528330470775862e-05 5.934664074329386915e-05 5.609584941876453058e-05
3.238186615495323717e-01 8.172644839647381313e-04 2.282542807195741055e-05 2.153366261625137661e-05 5.041395429933564609e-05 5.088384020693218022e-05 6.863741542645330172e-05 6.466764433137853121e-05
3.330442644426814813e-01 9.592166685439617669e-04 2.690999622541941517e-05 2.530954410928708351e-05 5.900918356726832324e-05 5.971211170362818611e-05 8.074993900343996767e-05 7.576481409295231315e-05
3.422698673358305355e-01 1.147271406972200569e-03 3.225492134137277617e-05 3.018488984066918825e-05 7.036051138860203481e-05 7.122259188468440215e-05 9.697471363287772303e-05 9.103577951818367028e-05
3.514954702289795896e-01 1.403927502320606461e-03 3.952027245422208047e-05 3.698896955738159749e-05 8.579455769884211658e-05 8.686703741859320115e-05 1.191664303723646758e-04 1.119669602843570422e-04
3.607210731221286992e-01 1.767012586079520732e-03 4.969111962545703746e-05 4.618052960782509202e-05 1.075267365545759437e-04 1.089051996778387862e-04 1.498105614012028731e-04 1.417262768419423873e-04
3.699466760152777534e-01 2.303272092132596562e-03 6.446865295025748163e-05 5.995151453263561012e-05 1.394304431334399477e-04 1.412880218525677627e-04 1.951045324760803529e-04 1.859374277060829583e-04
3.791722789084268630e-01 3.138127597704391293e-03 8.715412375510803514e-05 8.210479425455052827e-05 1.911467616237207991e-04 1.937934698067306748e-04 2.664585928686658521e-04 2.552292891546963267e-04
3.883978818015759171e-01 4.521413050993385897e-03 1.261893967257048804e-04 1.203769492500745414e-04 2.766855976506664080e-04 2.805007752780036209e-04 3.847665271983959773e-04 3.708817877711703334e-04
3.976234846947249713e-01 6.966443335591907676e-03 1.940323454419027455e-04 1.861227567374846778e-04 4.262233552957120017e-04 4.361848411236161210e-04 5.932057759189942811e-04 5.765299662522406499e-04
4.068490875878740809e-01 1.139572651128557997e-02 3.109903579429189324e-04 3.030130002232012121e-04 7.106877081624173725e-04 7.077502504867078104e-04 9.934431491088330235e-04 9.451175153756471992e-04
4.160746904810231350e-01 1.790410796849912362e-02 4.881393995127304708e-04 4.772878792654068614e-04 1.145934754513622950e-03 1.110745185821451764e-03 1.591908274351482022e-03 1.464532700135971061e-03
4.253002933741722447e-01 1.999199876704842865e-02 5.518826935317876214e-04 5.213006284593008077e-04 1.249906933972769196e-03 1.262286599221267708e-03 1.716711173766642673e-03 1.579747901549907046e-03
4.345258962673212988e-01 1.378728599373587466e-02 3.908841874106332159e-04 3.617730215082718553e-04 8.349448060717429981e-04 8.678424650075053370e-04 1.126623887026998935e-03 1.107688113562500451e-03
4.437514991604703529e-01 7.951412707748243408e-03 2.270273451181799990e-04 2.129091688209162891e-04 4.795866499151847651e-04 4.995785631086158141e-04 6.496186074809572747e-04 6.398634769393353114e-04
4.529771020536194626e-01 4.711889148493342977e-03 1.361566945600077225e-04 1.260279637836248662e-04 2.858235424762455013e-04 2.932864398464338218e-04 3.918610850018383260e-04 3.824924245097033326e-04
4.622027049467684612e-01 2.989323231406723538e-03 8.688327390288805643e-05 7.965223018812543979e-05 1.813936431893209932e-04 1.852934848217101249e-04 2.502126455401010655e-04 2.408629389209211540e-04
4.714283078399175708e-01 2.018717417707958667e-03 5.883481022402265240e-05 5.392228398778909845e-05 1.222752187143064627e-04 1.249829623189587218e-04 1.690387959842917613e-04 1.616393343063552649e-04
4.806539107330666249e-01 1.433520349773751822e-03 4.226015198582097447e-05 3.811338088869123918e-05 8.659141426354773942e-05 8.858172799740531705e-05 1.202615603966930048e-04 1.141962533971201295e-04
4.898795136262157346e-01 1.059244499236799454e-03 3.160788718918248162e-05 2.803748351139115184e-05 6.377558689794156008e-05 6.529080973092051855e-05 8.908344288561923820e-05 8.402519991317959364e-05
4.991051165193647332e-01 8.078099891565784134e-04 2.402318084992560807e-05 2.131417151629132894e-05 4.846830461838723403e-05 4.964811398374085853e-05 6.812437162221230552e-05 6.394500408474701122e-05
5.083307194125139539e-01 6.320273593927645296e-04 1.883554029788936032e-05 1.665776079711996441e-05 3.778423995039919322e-05 3.909711743120937791e-05 5.345252251399328428e-05 5.030309715833662914e-05
5.175563223056629525e-01 5.050108694837048343e-04 1.513150305409234793e-05 1.340597167436040956e-05 3.026531817256177936e-05 3.147604775816228778e-05 4.283398361907533782e-05 4.039428048300885499e-05
5.267819251988120621e-01 4.106689829376672872e-04 1.235406684946721611e-05 1.099241602150438819e-05 2.471458182776159604e-05 2.578413660807971595e-05 3.493306994826041265e-05 3.299969927685227067e-05
5.360075280919610607e-01 3.389492550167304535e-04 1.025065674447727402e-05 9.087406516374669715e-06 2.037909225276017533e-05 2.143415056700718416e-05 2.889071276891127865e-05 2.735415242952667905e-05
5.452331309851101704e-01 2.833337215511716012e-04 8.603106715140398843e-06 7.610602559908995202e-06 1.701604709300615862e-05 1.795957337544348744e-05 2.415087236751548277e-05 2.295900354412280797e-05
5.544587338782591690e-01 2.394825217537760432e-04 7.314827319565521055e-06 6.471997032646276257e-06 1.434934278773101514e-05 1.515715204562065907e-05 2.041063222138082747e-05 1.948066538722000962e-05
5.636843367714083897e-01 2.043868904030921637e-04 6.265501326368610449e-06 5.535360453082102889e-06 1.221770560012752920e-05 1.292946852071464063e-05 1.741519116432119771e-05 1.668707391764401695e-05
5.729099396645573883e-01 1.759260879768771626e-04 5.397457627463080661e-06 4.741709638188327906e-06 1.049115278772453459e-05 1.115880406224510710e-05 1.498465143619749705e-05 1.441406841524290033e-05
5.821355425577064979e-01 1.526082885995902569e-04 4.672908279341493869e-06 4.091788178501562555e-06 9.078241060152291483e-06 9.656988772660919868e-06 1.299226046017689122e-05 1.254563944324581302e-05
5.913611454508554965e-01 1.332766291611017599e-04 4.088612975896216200e-06 3.577448265771666393e-06 7.908282164694515606e-06 8.411722714527300341e-06 1.133978267845738540e-05 1.099186176750904104e-05
6.005867483440046062e-01 1.171282097433254171e-04 3.598429638214519855e-06 3.130144001938769743e-06 6.932113330096684525e-06 7.372339738829703144e-06 9.958806801390251637e-06 9.689054683853794126e-06
6.098123512371537158e-01 1.035122619678605115e-04 3.182210805041226702e-06 2.762930290536280936e-06 6.110019326052200058e-06 6.531611908672219600e-06 8.794048411930874341e-06 8.531766601321244515e-06
6.190379541303028255e-01 9.195901097506209139e-05 2.831984394158080154e-06 2.439712126426751143e-06 5.413290872125671991e-06 5.825777488362935677e-06 7.805331024796099515e-06 7.551547313659951778e-06
6.282635570234518241e-01 8.209317771852114821e-05 2.516332897960676983e-06 2.172628700539510531e-06 4.819028055168603350e-06 5.193327748917824752e-06 6.960742198324664431e-06 6.715983827735945888e-06
6.374891599166009337e-01 7.360615256030722813e-05 2.242364849983378766e-06 1.943468383665719916e-06 4.308449104346796831e-06 4.639561359485446998e-06 6.234016167772722574e-06 5.998542125286156169e-06
6.467147628097499323e-01 6.627455466132129022e-05 2.014211003654976188e-06 1.753563156751071950e-06 3.867916060938593904e-06 4.161855272448555907e-06 5.606044029996662729e-06 5.379905037515556238e-06
6.559403657028991530e-01 5.990680740322108945e-05 1.836211258843190237e-06 1.585680825168200544e-06 3.485771241189501506e-06 3.756472010781781187e-06 5.060502034645506496e-06 4.843606286051596827e-06
6.651659685960481516e-01 5.434494897953058427e-05 1.667230752881662681e-06 1.437482268621874490e-06 3.152420569658654574e-06 3.405427172381437074e-06 4.583918333247750119e-06 4.376106477900634046e-06
6.743915714891972613e-01 4.947440732242913681e-05 1.515827491028594819e-06 1.307469994712635896e-06 2.860873366434114710e-06 3.086285496211311325e-06 4.166455862932479115e-06 3.967502792841423565e-06
6.836171743823462599e-01 4.518979449008459219e-05 1.384257187956836630e-06 1.200096801559059846e-06 2.604311220520631590e-06 2.805871542717868893e-06 3.799159274597094119e-06 3.608778093746812978e-06
6.928427772754953695e-01 4.140798165677040288e-05 1.265814282521661915e-06 1.094101448716560646e-06 2.382461551505760436e-06 2.558868823450587073e-06 3.477791144724955207e-06 3.292800281974784691e-06
7.020683801686443681e-01 3.805653894454198548e-05 1.167203692265336322e-06 1.000812576449158385e-06 2.194552191935846073e-06 2.340523383656416322e-06 3.204792335271237783e-06 3.013385516827120261e-06
7.112939830617935888e-01 3.508032949313147174e-05 1.069862745854330537e-06 9.149662263502504676e-07 2.027110015236171473e-06 2.147119713643977964e-06 2.961811732443151498e-06 2.765793281034202697e-06
7.205195859549425874e-01 3.243145463715095306e-05 9.888794199715823211e-07 8.435812997854188057e-07 1.877537039459488714e-06 1.976135199454434778e-06 2.745064550479234863e-06 2.545918447762962546e-06
7.297451888480916971e-01 3.005359886008486531e-05 9.175998494037214122e-07 7.775306167644276069e-07 1.742854915693831694e-06 1.825040335164323320e-06 2.550053818427532601e-06 2.356254453766172270e-06
7.389707917412406957e-01 2.793458396973727944e-05 8.499803549921169910e-07 7.185276593102262876e-07 1.616496310162668506e-06 1.690750178148851091e-06 2.375841341375745634e-06 2.195859934239798570e-06
7.481963946343899163e-01 2.602915955821760171e-05 7.887933694678120116e-07 6.748071998772019805e-07 1.497749023171678892e-06 1.569933986240135783e-06 2.218808408623806569e-06 2.051190009139293316e-06
7.574219975275389150e-01 2.431597954874876498e-05 7.333680723239603000e-07 6.317257395044264450e-07 1.402518864332932597e-06 1.465862721697839524e-06 2.077255550004518403e-06 1.920698422550301722e-06
7.666476004206880246e-01 2.276992218550043617e-05 6.851114392936664326e-07 5.966408271671648207e-07 1.316633478150715876e-06 1.372886341584325171e-06 1.949177792367014954e-06 1.802545216291768772e-06
7.758732033138370232e-01 2.137585147608707449e-05 6.424271685703609243e-07 5.615306083060216829e-07 1.239253287281318907e-06 1.294886518985968895e-06 1.833377748077725708e-06 1.695650929831723569e-06
7.850988062069861328e-01 2.011571828383987710e-05 6.108018402457132939e-07 5.308885288475201684e-07 1.169265999296291257e-06 1.214140408109644169e-06 1.728401949396060345e-06 1.598683687395282589e-06
7.943244091001351315e-01 1.897339708530225419e-05 5.755668557542106150e-07 5.008238774741119112e-07 1.096306646407313326e-06 1.143802809822586184e-06 1.632961678247344187e-06 1.510450939402417089e-06
8.035500119932843521e-01 1.793823358217111897e-05 5.426110724139890840e-07 4.767054524563829447e-07 1.031267433759386744e-06 1.081010519356529766e-06 1.546203237200728496e-06 1.430191100493117797e-06
8.127756148864333507e-01 1.699832829723069112e-05 5.149011161423864072e-07 4.498304847963214626e-07 9.776991777320455303e-07 1.023767836519501453e-06 1.467177706022770287e-06 1.357032233482326206e-06
8.220012177795824604e-01 1.614679573852022279e-05 4.931121238006244602e-07 4.270944108632260510e-07 9.290278733695677956e-07 9.730994442244418602e-07 1.395337915207919914e-06 1.290468345420106762e-06
8.312268206727314590e-01 1.537099118239313369e-05 4.672491399320911540e-07 4.085672767763684596e-07 8.845533608993628300e-07 9.290554624060003998e-07 1.329657413401752540e-06 1.229566868911197955e-06
8.404524235658805686e-01 1.466361313820792679e-05 4.477103833541114838e-07 3.890537137689698899e-07 8.438765742523696780e-07 8.888035706298950961e-07 1.269552303050457725e-06 1.173791308826700673e-06
8.496780264590296783e-01 1.402045313412941424e-05 4.288938622462885983e-07 3.751925275814685520e-07 8.067634426852181003e-07 8.522671155868613888e-07 1.213673034472478507e-06 1.122827318984528274e-06
8.589036293521787879e-01 1.343436425806003538e-05 4.087327966234865123e-07 3.602892813077805830e-07 7.728225997057969389e-07 8.190163787460005791e-07 1.161561397207814099e-06 1.076156355106290918e-06
8.681292322453277865e-01 1.290128974102486930e-05 3.940911355599581206e-07 3.485662896180887713e-07 7.418327912745296043e-07 7.888234760273490014e-07 1.114082283987796539e-06 1.033480217045379003e-06
8.773548351384768962e-01 1.241373515794678102e-05 3.772156305668163584e-07 3.354809397294317418e-07 7.133757159195880095e-07 7.612374831087515470e-07 1.070579580585625458e-06 9.942344853820637334e-07
8.865804380316258948e-01 1.197066576640805317e-05 3.613812255091655013e-07 3.221887933679540414e-07 6.866619774251412489e-07 7.362143560573718956e-07 1.030963240855759520e-06 9.583548112715635113e-07
8.958060409247751155e-01 1.156808910516430747e-05 3.475892774277709369e-07 3.127410904277416493e-07 6.600801830960455365e-07 7.135213171995052293e-07 9.948820000966061470e-07 9.255447231004331149e-07
9.050316438179241141e-01 1.119950993370602697e-05 3.364586254667509659e-07 3.040440334095318868e-07 6.357047570203744303e-07 6.927623619020118498e-07 9.617678796112366543e-07 8.953103292567723373e-07
9.142572467110732237e-01 1.086451387636179981e-05 3.249297636816460841e-07 2.960837417628207262e-07 6.134841573345231191e-07 6.739304591087328495e-07 9.315811961200140654e-07 8.676262413627068836e-07
9.234828496042222223e-01 1.056032395971384264e-05 3.163274269435853935e-07 2.888529584185695157e-07 5.932578716217383426e-07 6.568600598248488062e-07 9.040802879971895635e-07 8.422928013592995210e-07
9.327084524973712210e-01 1.028467914837190605e-05 3.080920668689019398e-07 2.796930113560818534e-07 5.748751714206459080e-07 6.414220817076090616e-07 8.790655424492564528e-07 8.191400214458490647e-07
9.419340553905202196e-01 1.003428924706409611e-05 3.004875496758217167e-07 2.717612361071726203e-07 5.581289575370236637e-07 6.273364946080471990e-07 8.562468503254824315e-07 7.979166370358461340e-07
9.511596582836694402e-01 9.809227003968284706e-06 2.935065721065096731e-07 2.632883940176264592e-07 5.430048105653419860e-07 6.146979118155224326e-07 8.356308677707308900e-07 7.786398040586388401e-07
9.603852611768185499e-01 9.604847787377291082e-06 2.872318987835629302e-07 2.613074386107832020e-07 5.315410242459068623e-07 6.032223710787879830e-07 8.168074171389435461e-07 7.591998918358470273e-07
9.696108640699675485e-01 9.422907015865897808e-06 2.797512198822022070e-07 2.553456458385873918e-07 5.192275267364393991e-07 5.930288392280392499e-07 7.999318373214709570e-07 7.406471963886964821e-07
9.788364669631165471e-01 9.258127755540045676e-06 2.754396942451111502e-07 2.516651589000357044e-07 5.087558288726111894e-07 5.825963320237312934e-07 7.845350753502584315e-07 7.235678246479271671e-07
9.880620698562656568e-01 9.118161108369398856e-06 2.709698185218231426e-07 2.486134319454934923e-07 5.002267214388051440e-07 5.706412658159063552e-07 7.712882237773592786e-07 7.085960872147603059e-07
9.972876727494148774e-01 8.983625201386916277e-06 2.662446442885822641e-07 2.453449693866323951e-07 4.913619726776303619e-07 5.588405285141152264e-07 7.584969042874400102e-07 6.941142034449817834e-07
1.006513275642563876e+00 8.870538975956681000e-06 2.628199196148351611e-07 2.415063471571300978e-07 4.861133269722334676e-07 5.483285872242231175e-07 7.475552461012127263e-07 6.814490456466417676e-07
1.015738878535712875e+00 8.772482201312430212e-06 2.606592729740366031e-07 2.367594590874989337e-07 4.816468777540307169e-07 5.387349322913502215e-07 7.379018944059579553e-07 6.700899372330576976e-07
1.024964481428862095e+00 8.688791739961058332e-06 2.567466467845257562e-07 2.334570914263843782e-07 4.779288105830079237e-07 5.299901487824240837e-07 7.294760311824961536e-07 6.599573096660936542e-07
1.034190084322011094e+00 8.617818120181237497e-06 2.562437091575407478e-07 2.323457369848741955e-07 4.748477002346475172e-07 5.239331198301563902e-07 7.221301194415573522e-07 6.512627589465379529e-07
1.043415687215160093e+00 8.560242572361795367e-06 2.532093512288463891e-07 2.331868827264004250e-07 4.724350427949655954e-07 5.225003850829216607e-07 7.159224586968922715e-07 6.470667828220032393e-07
1.052641290108309091e+00 8.514341218037300120e-06 2.513633020973256830e-07 2.321473508483135485e-07 4.706370874364495605e-07 5.218347383779294149e-07 7.106982460137765885e-07 6.436391226837422563e-07
1.061866893001458312e+00 8.480310048902108685e-06 2.499687630686617815e-07 2.304647374310483352e-07 4.694664804650260353e-07 5.219426823588349881e-07 7.064715496710177603e-07 6.422023078692484750e-07
1.071092495894607532e+00 8.457275684375590289e-06 2.493384884453506031e-07 2.296793503733640239e-07 4.670243179699763372e-07 5.227728034186325003e-07 7.031638842665783798e-07 6.430047912545636184e-07
1.080318098787756531e+00 8.445477838607254163e-06 2.508796057879998632e-07 2.289793402686880270e-07 4.651614062771595391e-07 5.243438151949543908e-07 7.007915528514561357e-07 6.433198587531436667e-07
1.089543701680905530e+00 8.443858658729399040e-06 2.528173707073085616e-07 2.286041902695351758e-07 4.638564451452146874e-07 5.265885897810026751e-07 6.992588900651215602e-07 6.413695336545131897e-07
1.098769304574054528e+00 8.452554868162882263e-06 2.528042862938628579e-07 2.297084650882415637e-07 4.631134720471479887e-07 5.291475235533753708e-07 6.985730234728278155e-07 6.402203096677805600e-07
1.107994907467203749e+00 8.472303592822320420e-06 2.547707475744903101e-07 2.293787290837648898e-07 4.630611653439660073e-07 5.287965810433919187e-07 6.987953635950323850e-07 6.399465818766061448e-07
1.117220510360352748e+00 8.501475061892870030e-06 2.575614303704582610e-07 2.294121867832681246e-07 4.663195010383464512e-07 5.264283921555197224e-07 6.997761485495642271e-07 6.404485987703207109e-07
1.126446113253501746e+00 8.540589390936971612e-06 2.596967323270146783e-07 2.295169976351212044e-07 4.702307412284437111e-07 5.247123173549575530e-07 7.015577288737087218e-07 6.427826518342798841e-07
1.135671716146650967e+00 8.590050628119578371e-06 2.609367673879499616e-07 2.308910786457573960e-07 4.748102231836354885e-07 5.260577013123710457e-07 7.041686739125434702e-07 6.458396971104396803e-07
1.144897319039799966e+00 8.649894581109262705e-06 2.624036492207751364e-07 2.325702703946039014e-07 4.800701704806156707e-07 5.324553441928162403e-07 7.076058581652744232e-07 6.496204697202161507e-07
1.154122921932948964e+00 8.720153453197602186e-06 2.638965563082140356e-07 2.335600226605364179e-07 4.860193884025063612e-07 5.395900137444157235e-07 7.118662336158705899e-07 6.547947233039828489e-07
1.163348524826097963e+00 8.801015789175906391e-06 2.659465816594623264e-07 2.351239346548042003e-07 4.926727832964518047e-07 5.474758115062756963e-07 7.169565494824478488e-07 6.609527344797645076e-07
1.172574127719247183e+00 8.892952212463411829e-06 2.689147535079179337e-07 2.391885172388090084e-07 4.999425618096997462e-07 5.561606852748133498e-07 7.241609646324634580e-07 6.710908474464335436e-07
1.181799730612396404e+00 8.996660545321434716e-06 2.719889133381906261e-07 2.430532646910629779e-07 5.062654553322642082e-07 5.655792373298796261e-07 7.364311344539308012e-07 6.822065466857094176e-07
1.191025333505545403e+00 9.111551982469280627e-06 2.758140316946531401e-07 2.439167626042046253e-07 5.131976427037676332e-07 5.714757038869553135e-07 7.489833006884759304e-07 6.942563251804215456e-07
1.200250936398694401e+00 9.240006693751614766e-06 2.797771455385806595e-07 2.484468366086957581e-07 5.207961189297303139e-07 5.767083565526044529e-07 7.577008437400621648e-07 7.074858917013146547e-07
1.209476539291843622e+00 9.381977835414135035e-06 2.834045046995051556e-07 2.540496048358465748e-07 5.291103399229720616e-07 5.829035103873619168e-07 7.675290258313810504e-07 7.218194325862456825e-07
1.218702142184992621e+00 9.538347046831618212e-06 2.878958247397320007e-07 2.584626236076213994e-07 5.381906200063625437e-07 5.900504364856622879e-07 7.785043942290494556e-07 7.352792971370119678e-07
1.227927745078141619e+00 9.710299430594846530e-06 2.923697679137165345e-07 2.640315362490416385e-07 5.480986004282038430e-07 5.982542996843104842e-07 7.907286271531457634e-07 7.482100468593819555e-07
1.237153347971290618e+00 9.898812325064711325e-06 2.983787371204428177e-07 2.696938545406485100e-07 5.588788667742212025e-07 6.075450330855730840e-07 8.054076499272317790e-07 7.626258664323532833e-07
1.246378950864439838e+00 1.010695406423001453e-05 3.059752188546348647e-07 2.754865836315633097e-07 5.728552635604487509e-07 6.192478832180094324e-07 8.258694223894880274e-07 7.787803929131498860e-07
1.255604553757589059e+00 1.033321066680704363e-05 3.132427160364920554e-07 2.823376756613652400e-07 5.854770128371876577e-07 6.362737295892749385e-07 8.478197550935102558e-07 7.966363922512054147e-07
1.264830156650738058e+00 1.058346880854082112e-05 3.205268535834181274e-07 2.894024152449849136e-07 5.994691193869223616e-07 6.524941538105575564e-07 8.717638372826860902e-07 8.170226859389199205e-07
1.274055759543887056e+00 1.085739574277043028e-05 3.292740363767134688e-07 2.968866410143908762e-07 6.147724248748329362e-07 6.668014620214254053e-07 8.976634765097706481e-07 8.420446395950918723e-07
1.283281362437036055e+00 1.115957064236438666e-05 3.401552462233102937e-07 3.059872473707337428e-07 6.315855282197203831e-07 6.881726168754147060e-07 9.259123595395637378e-07 8.694361627544947924e-07
1.292506965330185276e+00 1.149277970930834993e-05 3.500653679597430550e-07 3.150882444135882752e-07 6.501071654040927134e-07 7.138714695298553267e-07 9.567348060975781242e-07 8.994337918102281897e-07
1.301732568223334052e+00 1.186210658928138305e-05 3.623338817287840631e-07 3.242033508217726054e-07 6.706416740081062769e-07 7.421853541016883025e-07 9.904974244812545355e-07 9.324145856863520993e-07
1.310958171116483273e+00 1.227068437025213200e-05 3.731654404745452072e-07 3.344176969540771127e-07 6.933865421464847066e-07 7.719124708492740853e-07 1.027525493278788136e-06 9.687255493348812191e-07
1.320183774009632494e+00 1.272548188884955278e-05 3.872077563244594086e-07 3.456983918185172838e-07 7.216053924978665652e-07 7.980289724626496965e-07 1.068352568419923048e-06 1.008932574468728117e-06
1.329409376902781492e+00 1.323367892177858857e-05 4.019520590382566407e-07 3.596716974935138526e-07 7.539888825418884923e-07 8.270768198013956263e-07 1.113502105990743016e-06 1.053591189583878100e-06
1.338634979795930713e+00 1.380291668216411493e-05 4.196301433246583539e-07 3.741228896332992861e-07 7.896796766824898129e-07 8.595938314823288928e-07 1.163617831228029058e-06 1.103396292265907349e-06
1.347860582689079489e+00 1.444476186833033472e-05 4.397827682847951021e-07 3.902712655278452533e-07 8.251468255967210239e-07 9.005266768712960905e-07 1.219618921825526425e-06 1.159328712760445036e-06
1.357086185582228710e+00 1.517058857039780808e-05 4.618557835734895698e-07 4.117110236480789673e-07 8.744801610112072859e-07 9.518400577616781521e-07 1.282389876100888305e-06 1.222342074193589464e-06
1.366311788475377931e+00 1.599690026996340608e-05 4.877477176946218491e-07 4.332784216222381477e-07 9.273541479221287815e-07 1.001951446358073173e-06 1.353213038486976276e-06 1.293813366589151011e-06
1.375537391368526707e+00 1.694289972448927956e-05 5.145931812690395304e-07 4.585456409692203084e-07 9.844743709871318232e-07 1.059441004935451810e-06 1.433592829883969784e-06 1.375370981762040045e-06
1.384762994261675928e+00 1.803346753326418711e-05 5.483392343256876880e-07 4.854084024117997088e-07 1.048220323394271502e-06 1.125855694761274350e-06 1.525472698511158874e-06 1.469104253893816392e-06
1.393988597154824927e+00 1.929964990413608815e-05 5.884554545570359083e-07 5.217250790761978566e-07 1.129673896307764049e-06 1.202792103862037704e-06 1.631260631555249549e-06 1.577639517478045099e-06
1.403214200047974147e+00 2.078195239998340530e-05 6.305397831820385378e-07 5.584741420531990036e-07 1.219661008353643410e-06 1.293090923574302480e-06 1.754068085594142815e-06 1.704365013612538834e-06
1.412439802941123368e+00 2.253285884520147311e-05 6.795707241493144607e-07 6.054402276911590624e-07 1.327352023659160527e-06 1.400045616256208434e-06 1.897952414808602050e-06 1.858510195737059169e-06
1.421665405834272145e+00 2.462125168677791541e-05 7.453551235619458397e-07 6.618872250443846308e-07 1.470842369410801898e-06 1.535134323115613242e-06 2.068176018353583729e-06 2.046276643160989069e-06
1.430891008727421365e+00 2.714059643252110949e-05 8.184420261889377456e-07 7.317199630389379077e-07 1.640636212666013194e-06 1.703634220841697617e-06 2.271911003429247927e-06 2.273578588192483546e-06
1.440116611620570364e+00 3.021687635817503714e-05 9.073445799134070952e-07 8.168220610699088483e-07 1.824468483496145506e-06 1.910734203911335305e-06 2.518806281694396495e-06 2.552000814162470313e-06
1.449342214513719362e+00 3.402620278903443471e-05 1.017062341407041310e-06 9.196256403187430474e-07 2.051476664779822384e-06 2.150602263010253814e-06 2.822227450974722424e-06 2.897735103397589831e-06
1.458567817406868583e+00 3.881703483469504929e-05 1.149683932170444977e-06 1.060199036411463964e-06 2.340139242247318049e-06 2.447277134275128703e-06 3.201184908227942328e-06 3.333581480694246301e-06
1.467793420300017582e+00 4.495034034694985023e-05 1.299072697597123858e-06 1.228831689567681546e-06 2.711694135768234553e-06 2.827347394797599038e-06 3.683260650279400743e-06 3.874862230304221571e-06
1.477019023193166802e+00 5.296067302741473850e-05 1.520891516504146654e-06 1.431503130240920627e-06 3.196047202702658190e-06 3.361034391302045610e-06 4.318824418467414282e-06 4.571647107557582604e-06
1.486244626086316023e+00 6.366254646622374091e-05 1.821386692964495715e-06 1.739032770660742309e-06 3.890198615542962723e-06 4.080244235114257939e-06 5.204669637133869519e-06 5.501138955037343677e-06
1.495470228979464800e+00 7.832985067169741873e-05 2.240122212106217562e-06 2.114534554439870587e-06 4.888897535645887141e-06 5.065528163332059597e-06 6.428801329469834166e-06 6.773102461133677821e-06
1.504695831872614020e+00 9.900183453838073901e-05 2.867884079369524531e-06 2.652006462507477892e-06 6.274789120385763333e-06 6.451600921305469349e-06 8.150562481772037605e-06 8.562509841755148706e-06
1.513921434765763019e+00 1.289887948688375177e-04 3.755368226754704887e-06 3.415012449474387653e-06 8.312826607395065390e-06 8.453635609143248246e-06 1.055972601962873935e-05 1.115168225460777800e-05
1.523147037658912017e+00 1.735671385356676790e-04 5.033636621349458834e-06 4.634532345390666172e-06 1.136309015750639894e-05 1.140448520858260996e-05 1.451438480615878357e-05 1.498524132379842107e-05
1.532372640552061016e+00 2.402239277869305551e-04 6.870455622271729726e-06 6.410557068529124320e-06 1.619236074478850305e-05 1.585603228761135134e-05 2.047528888457812051e-05 2.067547046934097650e-05
1.541598243445210237e+00 3.348787719327901919e-04 9.511216747447217689e-06 8.980294038302507643e-06 2.316282320878718147e-05 2.236922516643730964e-05 2.889315859030288682e-05 2.863841690050754384e-05
1.550823846338359457e+00 4.437121491813882405e-04 1.238183820471185905e-05 1.186212542615558896e-05 3.124079963140555683e-05 2.884288237893473626e-05 4.004235799441786293e-05 3.743538888905300959e-05
1.560049449231508456e+00 5.053637447625709432e-04 1.367676220327934244e-05 1.366711250372939883e-05 3.568974892023777257e-05 3.296491891649114920e-05 4.406347714186757605e-05 4.158136490251370309e-05
1.569275052124657455e+00 4.619175289408105332e-04 1.204418192319076748e-05 1.289495951669483330e-05 3.139046659105540699e-05 2.974901339087009404e-05 3.755890719647710140e-05 3.737740387124818993e-05
1.578500655017806453e+00 3.564571437520066286e-04 9.303430246321482428e-06 9.856172740019372887e-06 2.298960140040203241e-05 2.257022009586836554e-05 2.773418987174225978e-05 2.895753159686079723e-05
1.587726257910955674e+00 2.575033123115438860e-04 6.939533132260203990e-06 7.029173866262563523e-06 1.633687244590023352e-05 1.655210233327978958e-05 1.921655261020804124e-05 2.161840476688409499e-05
1.596951860804104451e+00 1.861235580657102950e-04 5.060267640355579346e-06 5.075056241823591198e-06 1.151028985811925376e-05 1.197099112466054236e-05 1.374419358555196264e-05 1.584112515126966407e-05
1.606177463697253671e+00 1.381443163562034516e-04 3.737722650350822854e-06 3.745646758829989558e-06 8.578931763974107644e-06 9.073141974287970458e-06 1.016980709406503278e-05 1.176335462685839869e-05
1.615403066590402892e+00 1.059292796632255152e-04 2.885034096816553660e-06 2.841913962015236734e-06 6.478527515942197803e-06 6.915035572983006026e-06 7.814378404823036609e-06 9.005393037575873394e-06
1.624628669483551890e+00 8.381526294413262307e-05 2.265426583880801527e-06 2.218617630058328412e-06 5.142249984988790396e-06 5.478729865922938929e-06 6.207176784457437715e-06 7.102243283984226814e-06
1.633854272376701111e+00 6.820358368551484901e-05 1.824302050777389973e-06 1.782431045743373835e-06 4.200513036366963597e-06 4.466064586524206214e-06 5.072212774545183729e-06 5.754089918622745138e-06
1.643079875269850110e+00 5.687248281545730604e-05 1.527058286774143903e-06 1.482045496873524994e-06 3.505994727830475158e-06 3.725101758857168486e-06 4.245615508021183010e-06 4.773622541381526349e-06
1.652305478162999108e+00 4.843721940517150485e-05 1.282696650966764378e-06 1.245647920203348641e-06 2.995879832743567962e-06 3.169775038528191110e-06 3.627248380087091429e-06 4.071523437123772795e-06
1.661531081056148329e+00 4.201416964656988484e-05 1.097512639349237484e-06 1.074119160590835613e-06 2.582054367382737318e-06 2.744413555619301020e-06 3.153706493379669520e-06 3.541830566161723829e-06
1.670756683949297106e+00 3.702604964162726944e-05 9.552291132149047753e-07 9.431733062846277098e-07 2.275855406510640493e-06 2.412403657693448940e-06 2.781890255109952827e-06 3.129891854371675284e-06
1.679982286842446326e+00 3.308449291203036899e-05 8.373643844102919565e-07 8.338495467625112482e-07 2.045228485008817839e-06 2.148836317243004433e-06 2.474329142792282656e-06 2.803895062737780562e-06
1.689207889735595547e+00 2.992213010572038589e-05 7.611460667509373039e-07 7.523530179002502498e-07 1.856898412788154544e-06 1.936469530404170470e-06 2.227430479441888802e-06 2.541928439997231053e-06
1.698433492628744546e+00 2.735124704470296190e-05 6.988270454556077388e-07 6.832250232058115452e-07 1.695342657712811831e-06 1.763158454832984665e-06 2.026754335043814330e-06 2.328613200426432443e-06
1.707659095521893766e+00 2.523620346874297344e-05 6.518113331187656422e-07 6.326464604134055078e-07 1.561431159449195173e-06 1.620056862587536319e-06 1.871306289453008074e-06 2.152817029946145754e-06
1.716884698415042543e+00 2.347828800730797903e-05 6.057004303497560526e-07 5.897297613550307965e-07 1.449292309857491039e-06 1.500701500003243951e-06 1.743509898842868536e-06 2.006438866110608237e-06
1.726110301308191763e+00 2.200360003262368119e-05 5.678180602894105798e-07 5.612496443239103807e-07 1.354516240666558973e-06 1.410363880833466368e-06 1.636292622587415263e-06 1.883415336997547508e-06
1.735335904201340984e+00 2.075650463316519302e-05 5.366857369418525823e-07 5.274057560763586896e-07 1.273922072439187655e-06 1.329374650227213708e-06 1.545618121022827597e-06 1.768409594752352187e-06
1.744561507094489761e+00 1.969426981039640466e-05 5.057046770713599919e-07 4.955402704858787738e-07 1.204633702657650717e-06 1.255249134328009276e-06 1.468374561123386165e-06 1.665953203019962433e-06
1.753787109987638981e+00 1.878362559457367204e-05 4.841573694881453000e-07 4.693789997110823131e-07 1.144746165185954955e-06 1.191519837452749496e-06 1.400905851142092900e-06 1.577505127858888233e-06
1.763012712880787980e+00 1.799816537628008635e-05 4.663841266016361829e-07 4.466089474986665523e-07 1.092683260064892446e-06 1.136208322504670418e-06 1.339319440415595271e-06 1.500672123686956931e-06
1.772238315773937201e+00 1.731758133971823330e-05 4.498972359288833827e-07 4.264703937286369346e-07 1.047206406871814224e-06 1.088015833774091284e-06 1.285672687522396510e-06 1.433587295840795710e-06
1.781463918667086421e+00 1.672480812898504023e-05 4.339461236008351015e-07 4.110224229794210023e-07 1.007805800155315965e-06 1.045920400298183450e-06 1.240025931355114464e-06 1.374707638367889822e-06
1.790689521560235198e+00 1.620686431796614001e-05 4.216870599248069681e-07 3.973025730319673481e-07 9.770978235807695948e-07 1.009051707439665631e-06 1.204322289981595479e-06 1.322819050741156930e-06
1.799915124453384419e+00 1.575217594637170381e-05 4.062860823725428206e-07 3.834801450805613962e-07 9.461077230147911987e-07 9.765718590319151255e-07 1.172895913503634063e-06 1.276889595627388047e-06
1.809140727346533417e+00 1.535203142512112624e-05 3.938641308808759971e-07 3.703627050811809159e-07 9.183208181786401845e-07 9.550133123128814474e-07 1.145185853147603000e-06 1.236092552130723434e-06
1.818366330239682416e+00 1.499901561843103431e-05 3.863696394591061500e-07 3.661228965403627849e-07 8.987677124691448207e-07 9.278821047794366775e-07 1.120691640588296865e-06 1.199761860650958440e-06
1.827591933132831414e+00 1.468676597708731668e-05 3.710516848117195065e-07 3.553143781511116002e-07 8.834703557448310370e-07 9.080650943672104305e-07 1.098984323106117105e-06 1.167296642642184936e-06
1.836817536025980635e+00 1.440991428902736122e-05 3.646108882057404638e-07 3.448356218529816661e-07 8.702976517396579753e-07 8.925364576296503414e-07 1.079696183677188691e-06 1.143939193557835937e-06
1.846043138919129634e+00 1.416431696313815010e-05 3.609104998184983965e-07 3.382833655828860532e-07 8.556606396671809217e-07 8.787605364629432641e-07 1.062559877863311899e-06 1.123945939429424782e-06
1.855268741812278410e+00 1.394597848673019837e-05 3.576637807828586492e-07 3.347939759474364364e-07 8.420289544565536644e-07 8.665126607275833642e-07 1.047298634358451673e-06 1.106104218898525072e-06
1.864494344705427187e+00 1.375175433695632195e-05 3.527766531805689434e-07 3.341553337994989211e-07 8.265299029798230357e-07 8.556184236274857444e-07 1.033703967418229760e-06 1.090170693827117985e-06
1.873719947598576185e+00 1.357879345284917412e-05 3.502157124063554587e-07 3.312554792440586482e-07 8.126138744863677934e-07 8.458151547696998284e-07 1.021578340774099473e-06 1.075919668031676414e-06
1.882945550491724962e+00 1.342497844150682580e-05 3.430610082260622474e-07 3.309930201246184231e-07 8.015034303018755794e-07 8.370529030052905050e-07 1.010783344609920747e-06 1.063182748545874549e-06
1.892171153384873961e+00 1.328795209054484477e-05 3.378787007621246718e-07 3.300417451349013653e-07 7.914976411544600373e-07 8.292428585813761747e-07 1.001152076117397974e-06 1.051765403716007751e-06
1.901396756278022737e+00 1.316618721568366754e-05 3.329167379943928190e-07 3.290564063305829789e-07 7.825056392961806805e-07 8.208789005946782834e-07 9.925881266714226366e-07 1.041563884534696507e-06
1.910622359171171736e+00 1.305774688715945382e-05 3.280997869074993978e-07 3.262667996971183905e-07 7.754997654024256944e-07 8.108375612420338612e-07 9.849536892299177001e-07 1.032423782125596918e-06
1.919847962064320512e+00 1.296187345554798997e-05 3.237524935777286828e-07 3.235193539739910729e-07 7.704285784618916991e-07 8.017247135862506192e-07 9.781976687318701580e-07 1.025192366226815508e-06
1.929073564957469289e+00 1.287693093406918829e-05 3.198416815747480592e-07 3.215024697671583457e-07 7.659706299656675625e-07 7.934198957959904869e-07 9.722141667389851263e-07 1.018990846343238019e-06
1.938299167850618288e+00 1.280197124118700684e-05 3.162948112715898552e-07 3.187719499400016069e-07 7.620742736875290560e-07 7.858582243031679549e-07 9.669354316357129417e-07 1.012472896005447252e-06
1.947524770743767064e+00 1.273609146726882071e-05 3.154676471209324221e-07 3.153355071504511804e-07 7.586924649436826003e-07 7.789876933990565032e-07 9.622912974535083910e-07 1.007734254867075928e-06
1.956750373636916063e+00 1.267831168957464554e-05 3.151237754798163327e-07 3.122582595367569990e-07 7.557629710916896918e-07 7.727184193213425245e-07 9.582275106478366775e-07 1.003672711950560729e-06
1.965975976530064839e+00 1.262819388069062439e-05 3.148878345736131078e-07 3.094926560296865992e-07 7.549975553151090635e-07 7.670251128377783285e-07 9.547063652492594028e-07 1.000239136027073560e-06
1.975201579423213616e+00 1.258489957910718254e-05 3.147461121671519076e-07 3.068388579275383430e-07 7.553120093468820547e-07 7.618484579218725140e-07 9.516715268678529918e-07 9.973668839464282525e-07
1.984427182316362615e+00 1.254673602267772302e-05 3.140966086379857097e-07 3.045037999348983453e-07 7.558597723006704516e-07 7.572082295325290019e-07 9.489340142524931796e-07 9.948049479387374320e-07
1.993652785209511391e+00 1.251657525431574335e-05 3.135208258219032723e-07 3.053350668441413905e-07 7.550788431819411889e-07 7.533192225584527482e-07 9.469046063983004827e-07 9.931185422457746500e-07
2.002878388102660168e+00 1.249049586352723483e-05 3.150135543629995573e-07 3.076392876769615709e-07 7.534668623683440648e-07 7.514683177387419832e-07 9.451022939466781337e-07 9.916597419524137330e-07
2.012103990995809166e+00 1.246941387919319429e-05 3.165964768280856584e-07 3.103990844170841974e-07 7.521569740791181330e-07 7.499193826565695581e-07 9.436603394140417547e-07 9.906118435189467685e-07
2.021329593888958165e+00 1.245258186903737722e-05 3.177140198641172558e-07 3.108848639456814750e-07 7.511048257908716207e-07 7.486293986762304880e-07 9.424743312660835773e-07 9.899103374936467315e-07
2.030555196782107164e+00 1.243997640742208581e-05 3.184808751088731430e-07 3.105232384265603366e-07 7.503083493854702349e-07 7.475965786622047716e-07 9.415608286999882471e-07 9.895532413995072397e-07
2.039780799675255718e+00 1.243122494797689713e-05 3.192934334458576639e-07 3.108227462414736168e-07 7.497462649455292210e-07 7.467961369929781561e-07 9.409258439811229253e-07 9.895115137963551318e-07
2.049006402568404717e+00 1.242591399940504477e-05 3.201460808943346412e-07 3.106002469622576789e-07 7.493962279662011114e-07 7.461972524753069622e-07 9.405350434181953016e-07 9.897563126996595433e-07
2.058232005461553715e+00 1.242387800468863864e-05 3.203909903358892908e-07 3.108881983133484316e-07 7.492446534177969319e-07 7.457997659059216580e-07 9.403841243393357304e-07 9.902641948178772210e-07
2.067457608354702270e+00 1.242516971498281582e-05 3.203630237032818729e-07 3.108570537431102856e-07 7.492949934024699431e-07 7.456043853996295400e-07 9.404762075512764847e-07 9.910417745796005470e-07
2.076683211247851268e+00 1.242859622809632393e-05 3.201433271742379116e-07 3.110715187228414990e-07 7.494274664333787703e-07 7.455279308262698285e-07 9.407136937758082366e-07 9.920008321626502736e-07
2.085908814141000267e+00 1.243503751723029978e-05 3.194570144166768920e-07 3.111848042829056367e-07 7.497193426017396847e-07 7.456411729146854306e-07 9.411769128098258433e-07 9.931972375175092936e-07
2.095134417034148822e+00 1.244383579795814368e-05 3.179253216324784523e-07 3.127245989675276857e-07 7.501613199053452452e-07 7.458878597766004965e-07 9.418046865292900116e-07 9.945923665915655016e-07
2.104360019927297820e+00 1.245500835111188933e-05 3.184043891051683835e-07 3.138703788661043032e-07 7.507521543568028362e-07 7.462732461396440691e-07 9.426017221563175841e-07 9.961834673852053263e-07
2.113585622820446819e+00 1.246821916583301230e-05 3.180037091609159012e-07 3.150024479609500220e-07 7.514708562909961308e-07 7.467813985773984940e-07 9.435468074098568098e-07 9.979386591531638398e-07
2.122811225713595817e+00 1.248364198378328497e-05 3.178598193190256362e-07 3.158714190978098536e-07 7.523264706985337454e-07 7.474234870845347368e-07 9.446537900119286746e-07 9.998716107989931391e-07
2.132036828606744372e+00 1.250072057067641202e-05 3.190672232139269018e-07 3.164282533068435590e-07 7.532891574294452841e-07 7.481595346936562984e-07 9.458765125190025474e-07 1.001942442324094395e-06
2.141262431499893371e+00 1.251946807320590171e-05 3.202198815757633765e-07 3.173807748393974240e-07 7.543592777487749128e-07 7.489899421044663602e-07 9.472161275391709483e-07 1.004152689185084602e-06
2.150488034393042369e+00 1.254009094037446159e-05 3.209116074188705367e-07 3.187968184849300886e-07 7.555444784193164533e-07 7.499376497589710600e-07 9.486960516040413103e-07 1.006509405353340366e-06
2.159713637286190924e+00 1.256201945005944329e-05 3.208623212905049621e-07 3.198008843225206280e-07 7.568154478482813923e-07 7.509592256543743408e-07 9.502675372066772145e-07 1.008974279375407092e-06
2.168939240179339922e+00 1.258536613561169279e-05 3.206835888956639964e-07 3.203792699930466136e-07 7.594881101882974952e-07 7.520602594412803549e-07 9.519377514277469604e-07 1.011557658229160649e-06
2.178164843072488921e+00 1.261011799390024030e-05 3.204348779767134011e-07 3.207628590109873042e-07 7.623778084561819461e-07 7.533327093842480426e-07 9.537117442321286462e-07 1.014251776203604013e-06
2.187390445965637920e+00 1.263601861527936596e-05 3.199777236371729999e-07 3.214476376301449872e-07 7.653102115705156399e-07 7.553720958374476012e-07 9.555701282860530458e-07 1.017035935247872523e-06
2.196616048858786474e+00 1.266344841453944842e-05 3.194674032609874648e-07 3.213750383563131804e-07 7.683249477606905238e-07 7.575178975233248714e-07 9.575300315934981242e-07 1.019956638870373803e-06
2.205841651751935473e+00 1.269164763400264058e-05 3.188940493583342599e-07 3.218488967591146916e-07 7.713566846149322960e-07 7.597097041013840764e-07 9.595486269094887942e-07 1.022933207936324462e-06
2.215067254645084471e+00 1.272092447299764079e-05 3.185643755748108021e-07 3.223668667754429478e-07 7.744287159431371243e-07 7.619669856298118325e-07 9.616479948539384504e-07 1.025992208850103131e-06
2.224292857538233026e+00 1.275148853668318261e-05 3.187514330215710992e-07 3.229346983459691143e-07 7.775697100600482839e-07 7.643148965735008807e-07 9.638319389714540515e-07 1.029167392797524413e-06
2.233518460431382024e+00 1.278276580903440372e-05 3.191075970765154193e-07 3.235360710218454419e-07 7.807292514591319987e-07 7.667065782657376768e-07 9.660689688546063048e-07 1.032396298803153647e-06
2.242744063324531023e+00 1.281495835998089333e-05 3.195060782384112874e-07 3.241754856884591831e-07 7.839253740584174870e-07 7.691573486004938981e-07 9.683712739672804912e-07 1.035699714061945754e-06
2.251969666217680022e+00 1.284375925263164068e-05 3.196477311239894322e-07 3.247327404286886785e-07 7.867474540715175359e-07 7.712942716748207744e-07 9.705222358099292436e-07 1.038581721087831992e-06
2.261195269110828576e+00 1.287830392083223257e-05 3.200667684995091549e-07 3.257261020746110434e-07 7.900748573478129269e-07 7.739124823059920054e-07 9.729772013958723151e-07 1.042490731062288385e-06
2.270420872003977575e+00 1.291357236964236729e-05 3.207942358490149110e-07 3.268181653373627656e-07 7.922618628212797109e-07 7.765795743995887717e-07 9.754817851397508150e-07 1.046461166226564382e-06
2.279646474897126573e+00 1.295152823702986410e-05 3.213894451860920199e-07 3.279675254666676273e-07 7.943795490155784202e-07 7.794669723839862453e-07 9.781336461595126908e-07 1.050737667396266052e-06
2.288872077790275128e+00 1.298625488526840632e-05 3.218073140257033125e-07 3.295840392294557239e-07 7.961564009321024985e-07 7.820531278863289290e-07 9.806433196629173074e-07 1.054576252901995930e-06
2.298097680683424127e+00 1.302357182588433447e-05 3.226040568516302048e-07 3.316547745368285063e-07 7.981728857716707744e-07 7.848536685319442693e-07 9.832930133681725419e-07 1.058713319965765213e-06
2.307323283576573125e+00 1.306148048717717669e-05 3.230060446671371532e-07 3.330684049075809648e-07 8.002315633975166036e-07 7.876932555292540149e-07 9.859841594550212198e-07 1.062899006822154335e-06
2.316548886469722124e+00 1.309996924080830592e-05 3.234308005836997960e-07 3.331975402735963163e-07 8.023329496577955320e-07 7.905722946161759980e-07 9.887148908221936739e-07 1.067134319052682906e-06
2.325774489362870678e+00 1.313899135822026171e-05 3.238774321075772749e-07 3.333543907092579499e-07 8.044709011501754368e-07 7.934856768069981780e-07 9.914837409881296270e-07 1.071412005027117605e-06
2.335000092256019677e+00 1.317854292354604579e-05 3.243455530449681102e-07 3.347872391451244169e-07 8.066460970794261373e-07 7.964340801541969174e-07 9.942896988317766741e-07 1.075733398560759478e-06
2.344225695149168676e+00 1.321893243535010222e-05 3.248384795025643186e-07 3.361516993075513879e-07 8.089036443547425673e-07 7.994561119303312933e-07 9.971380284103523514e-07 1.080155490652769703e-06
2.353451298042317230e+00 1.325907979488536966e-05 3.253429600757925784e-07 3.374183305287735955e-07 8.110958835795384055e-07 8.024252564611063823e-07 1.000002379942004831e-06 1.084493140393575183e-06
2.362676900935466229e+00 1.330003536085885168e-05 3.261835948410477470e-07 3.381903899115329919e-07 8.133696271030023368e-07 8.054673543647536779e-07 1.002905919636490353e-06 1.088931155358794162e-06
2.371902503828615227e+00 1.334137569385548262e-05 3.271708737653888455e-07 3.385282546152038616e-07 8.156710940643271187e-07 8.085359897144087316e-07 1.005835325359106283e-06 1.093402022633112566e-06
2.381128106721764226e+00 1.338312238938888006e-05 3.281722007933103520e-07 3.388942021843281157e-07 8.180000763025316909e-07 8.116315117064971029e-07 1.008793279890558852e-06 1.097906204379695393e-06
2.390353709614912781e+00 1.342529483291864102e-05 3.287823313787707888e-07 3.392880639693503057e-07 8.203566628962797967e-07 8.147543333341515941e-07 1.011781972317315090e-06 1.102444255292371150e-06
2.399579312508061779e+00 1.346777457571196235e-05 3.291839056728657325e-07 3.397063607866408682e-07 8.227361149328180149e-07 8.178994951109763570e-07 1.014790391049074110e-06 1.107009992219623343e-06
2.408804915401210778e+00 1.351058762086315988e-05 3.296038834514973504e-07 3.403265288543805701e-07 8.251383267318756993e-07 8.210674021193128280e-07 1.017821595978286956e-06 1.111603859185176011e-06
2.418030518294359332e+00 1.355372299660499362e-05 3.303495178573023598e-07 3.412911074113535566e-07 8.275624356973136522e-07 8.242521651997361965e-07 1.020965923259495528e-06 1.116225080507299815e-06
2.427256121187508331e+00 1.359722292105474591e-05 3.317413431990640511e-07 3.422736531695210680e-07 8.300094243587311394e-07 8.274574131454691324e-07 1.025247620575294079e-06 1.120875440792392961e-06
2.436481724080657330e+00 1.364097993868100199e-05 3.331355044038249429e-07 3.432716746483182902e-07 8.324752948717989491e-07 8.306820885464994916e-07 1.029552163288136537e-06 1.125549698306792931e-06
2.445707326973806328e+00 1.368500733376300863e-05 3.345320988705348348e-07 3.457587954484521344e-07 8.349588161395141085e-07 8.339255783552219047e-07 1.033879227148581112e-06 1.130246819076481465e-06
2.454932929866954883e+00 1.372930834053621947e-05 3.359314362185198219e-07 3.463464706015252989e-07 8.374604219393158382e-07 8.371883499306081934e-07 1.038229494160528113e-06 1.134967607429877750e-06
2.464158532760103881e+00 1.377385281122700185e-05 3.373328176140057843e-07 3.467775466616338241e-07 8.399781909438253942e-07 8.404686678301344181e-07 1.042600832127377270e-06 1.139709833816502342e-06
2.473384135653252880e+00 1.381862647460557036e-05 3.388509282152998121e-07 3.476112249443510179e-07 8.425103566696937480e-07 8.437651367717969686e-07 1.046991649894677684e-06 1.144471595698743941e-06
2.482609738546401434e+00 1.386364435665516483e-05 3.407444720015512766e-07 3.486818096410710830e-07 8.450580914348941196e-07 8.470789179671680283e-07 1.051403500881962252e-06 1.149254624646524038e-06
2.491835341439550433e+00 1.390888978818948355e-05 3.426578264793844649e-07 3.497710049060625447e-07 8.476201334781181449e-07 8.504089953756651044e-07 1.055835158315814509e-06 1.154057640123967680e-06
2.501060944332699432e+00 1.395432773434035857e-05 3.441397877800591421e-07 3.511482783537852453e-07 8.501937814507859806e-07 8.537529093227715885e-07 1.060283655676275697e-06 1.158877313136561410e-06
2.510286547225848430e+00 1.399994184780546678e-05 3.455520195017893446e-07 3.525316785714011666e-07 8.527798987545465224e-07 8.571112401053809852e-07 1.064749461042046615e-06 1.163714870401268644e-06
2.519512150118996985e+00 1.404576928317168671e-05 3.468670529873773417e-07 3.545509550262461944e-07 8.553772620349030459e-07 8.604836496093554377e-07 1.069128064133168624e-06 1.168569363585337942e-06
2.528737753012145983e+00 1.409175091086858520e-05 3.481719470095794087e-07 3.565913722340578013e-07 8.579851872741835390e-07 8.638689173414755172e-07 1.072818664345396390e-06 1.173439737479226787e-06
2.537963355905294982e+00 1.413791961120432539e-05 3.494844006403314472e-07 3.586465660644574960e-07 8.606025541266826881e-07 8.672667434251981521e-07 1.076526624771939031e-06 1.178325143230081731e-06
2.547188958798443537e+00 1.418425752283721048e-05 3.507984839503682081e-07 3.606602152149871138e-07 8.632314073482598758e-07 8.706785173414591830e-07 1.080252743992184589e-06 1.183228124134191948e-06
2.556414561691592535e+00 1.423071930048932341e-05 3.520374779030451987e-07 3.624968750701827312e-07 8.658664600669379766e-07 8.740997741923146479e-07 1.083992436109986596e-06 1.188142274801189341e-06
2.565640164584741534e+00 1.427725550303807469e-05 3.532800339138820165e-07 3.635077888590056258e-07 8.685048777515876181e-07 8.775277619988118029e-07 1.087742355349956947e-06 1.193063949576030734e-06
2.574865767477890532e+00 1.432408504198881022e-05 3.545307544744334449e-07 3.649282660133402751e-07 8.711600186320685179e-07 8.809756084869534653e-07 1.091517710907728497e-06 1.198011159014978654e-06
2.584091370371039087e+00 1.437092803741203396e-05 3.556581237255087766e-07 3.667770994185897771e-07 8.738161563619199773e-07 8.844277568479585940e-07 1.095300037258620701e-06 1.202962985892416174e-06
2.593316973264188086e+00 1.441793556743825274e-05 3.570701743148420966e-07 3.684580923465558732e-07 8.767121310178102123e-07 8.878909496940127328e-07 1.099097896404006955e-06 1.207928186874294995e-06
2.602542576157337084e+00 1.446504045090413947e-05 3.584816246095556992e-07 3.694648310612942975e-07 8.797187717810023158e-07 8.913635001418828888e-07 1.102908597554552272e-06 1.212905047219938940e-06
2.611768179050485639e+00 1.451228288203369953e-05 3.595654552202256680e-07 3.709966881989445108e-07 8.827347193307421024e-07 8.948465131291860234e-07 1.106733764547211243e-06 1.217894853838119286e-06
2.620993781943634637e+00 1.455959379246929166e-05 3.609504228111818096e-07 3.729110593634633717e-07 8.857558968927144405e-07 8.983358501955246021e-07 1.110568599961019148e-06 1.222892012265267009e-06
2.630219384836783636e+00 1.460698766496354424e-05 3.624285503514125073e-07 3.748334975429388631e-07 8.887828247694517391e-07 9.018334856893177537e-07 1.114415001113211427e-06 1.227899519054747319e-06
2.639444987729932635e+00 1.465451929577304658e-05 3.639078412408216156e-07 3.767489803982413689e-07 8.918196893257775913e-07 9.047009060286005959e-07 1.118274769122063597e-06 1.232918147827100945e-06
2.648670590623081189e+00 1.470210157314596740e-05 3.653470488155014157e-07 3.785967721455844284e-07 8.948603879034318766e-07 9.072650485288162548e-07 1.122144003872496747e-06 1.237944868329121596e-06
2.657896193516230188e+00 1.474977889371310792e-05 3.667430904095324355e-07 3.803895060525486947e-07 8.979083019232056168e-07 9.098382611809930915e-07 1.126024319278899697e-06 1.242980701002402164e-06
2.667121796409379186e+00 1.479754119819417546e-05 3.681424285309906405e-07 3.817907839804580148e-07 9.009624573438437155e-07 9.124191788828910776e-07 1.129915725273143720e-06 1.248026187991009038e-06
2.676347399302527741e+00 1.484538648065103489e-05 3.695313117342795132e-07 3.836955551781525195e-07 9.040232959626559681e-07 9.150084176818539661e-07 1.133817170356488509e-06 1.253079555152497663e-06
2.685573002195676739e+00 1.489327444175909411e-05 3.709236990844125639e-07 3.849372209972722715e-07 9.070877123150111992e-07 9.176018056978382521e-07 1.137727427289278475e-06 1.258057362405201070e-06
2.694798605088825738e+00 1.494123276373956028e-05 3.721971059456508671e-07 3.861489096576091294e-07 9.101578089375668277e-07 9.202020692294856659e-07 1.141647426057351849e-06 1.262905519194926443e-06
2.704024207981974737e+00 1.498926668037877709e-05 3.734714860518553693e-07 3.874531248970907897e-07 9.132342470648397695e-07 9.227920511412867320e-07 1.145577009853163369e-06 1.267761966122904748e-06
2.713249810875123291e+00 1.503733270198717618e-05 3.751178833277676411e-07 3.894887230091353584e-07 9.163143607044675788e-07 9.253825851501098012e-07 1.149513311399073082e-06 1.272438939219290682e-06
2.722475413768272290e+00 1.508546321520198167e-05 3.765221720170949018e-07 3.910307169197407514e-07 9.193995389819880124e-07 9.279782330886661098e-07 1.153459931241487897e-06 1.276359892088979072e-06
2.731701016661421288e+00 1.513362161735020005e-05 3.779284748793878786e-07 3.920334955574381758e-07 9.224881779510518242e-07 9.305778346223471777e-07 1.157413053752730171e-06 1.280283319818130062e-06
2.740926619554569843e+00 1.518185880716482376e-05 3.793378318579516528e-07 3.938685733575800186e-07 9.255833743624370508e-07 9.331846025060628653e-07 1.161376183088776794e-06 1.284213331187503127e-06
2.750152222447718842e+00 1.523008547423160477e-05 3.807490198859960986e-07 3.955019128069996441e-07 9.286796104974188705e-07 9.362797285783803374e-07 1.165343855343624365e-06 1.288143050264146052e-06
2.759377825340867840e+00 1.527840926651945615e-05 3.821629211963879606e-07 3.968672997692723867e-07 9.317838115323059478e-07 9.399766428538634989e-07 1.169321969940622822e-06 1.292080275122663505e-06
