9.225602893149067790e-04 1.468981738737621268e-03 3.913589064778277664e-05 3.826615408266927434e-05 9.195187938059617462e-05 9.078710716404732664e-05 1.195500805653507831e-04 1.187376651271543609e-04
1.014816318246397446e-02 1.498898575234186700e-03 4.005074522182047563e-05 3.908872330651413235e-05 9.382018491352621566e-05 9.267988400169999141e-05 1.220913512949954333e-04 1.210983235503824886e-04
1.937376607561304073e-02 1.530689879555002407e-03 4.102034823012931306e-05 3.995845791759933263e-05 9.580423574777428147e-05 9.468739278942184777e-05 1.247922711553335184e-04 1.236060503548601017e-04
2.859936896876210874e-02 1.564560404833997918e-03 4.205036468505826686e-05 4.088021983717263740e-05 9.791660451132920724e-05 9.682188846881520199e-05 1.276701007049668019e-04 1.262769450088847660e-04
3.782497186191117328e-02 1.600676823861664965e-03 4.314584772459957758e-05 4.185825359876989109e-05 1.001675826643585662e-04 9.909362893882655079e-05 1.307392220533444040e-04 1.291239854157783581e-04
4.705057475506025516e-02 1.639231709235645582e-03 4.431258937594596131e-05 4.289742499267936056e-05 1.025690533378660792e-04 1.015144308026331814e-04 1.340162211336914759e-04 1.321621782950082192e-04
5.627617764820931623e-02 1.680389113172281674e-03 4.555608112506042730e-05 4.399636573444287019e-05 1.051311844512355965e-04 1.040947091221823030e-04 1.375154532292483488e-04 1.354041426505955392e-04
6.550178054135838424e-02 1.724563365017689606e-03 4.688711697095420371e-05 4.515358408622386494e-05 1.078793582729082635e-04 1.068588030563469380e-04 1.412716733619973422e-04 1.388826287376956990e-04
7.472738343450743836e-02 1.771793209958999644e-03 4.830923075217871850e-05 4.638695558646199583e-05 1.108161943901722710e-04 1.098105777169781049e-04 1.452894647242372259e-04 1.425999550335771589e-04
8.395298632765652025e-02 1.822561880235364085e-03 4.981243351424185541e-05 4.770746574892892160e-05 1.139713188991365190e-04 1.129785919644081711e-04 1.496095392258542725e-04 1.465942116579133092e-04
9.317858922080557438e-02 1.877154041438411315e-03 5.142611080312235218e-05 4.912258483035316682e-05 1.173623437485565076e-04 1.163807512184161612e-04 1.542567685224214506e-04 1.508873107125769178e-04
1.024041921139546424e-01 1.936004259305211268e-03 5.316378896158069703e-05 5.064285563992614730e-05 1.210160309238024132e-04 1.200434923034031376e-04 1.592685164689086087e-04 1.555131125352781068e-04
1.116297950071036965e-01 1.999656164947730217e-03 5.504110023914817601e-05 5.228150792602258116e-05 1.249657648524221676e-04 1.239997675078680951e-04 1.646909416103412363e-04 1.605140010357520523e-04
1.208553979002527506e-01 2.068647226803554083e-03 5.707384170673679424e-05 5.408874504790562796e-05 1.292446703721398908e-04 1.282824535539855634e-04 1.705705446321602141e-04 1.659317056372613172e-04
1.300810007934018186e-01 2.143509755010892387e-03 5.927606967318782560e-05 5.603588485845198766e-05 1.338856254147987625e-04 1.329246638604158343e-04 1.769538242160696197e-04 1.718072547881189377e-04
1.393066036865509005e-01 2.225200023709827165e-03 6.166122101061667291e-05 5.804699072063093310e-05 1.389472399625380633e-04 1.379836411808631202e-04 1.839217447597348704e-04 1.782685217542635814e-04
1.485322065796999824e-01 2.314565618363481278e-03 6.426756662805893985e-05 6.032159967939111286e-05 1.444816733199884295e-04 1.435111985703197215e-04 1.915475484583961316e-04 1.857633563748903489e-04
1.577578094728490643e-01 2.412192009674494781e-03 6.711448686574830041e-05 6.279785031173970924e-05 1.505253796400228550e-04 1.495453775287175491e-04 1.998844805517932359e-04 1.939573257412363118e-04
1.669834123659981462e-01 2.519853585798401390e-03 7.024372370062351503e-05 6.551988642072587715e-05 1.571867870033367628e-04 1.561913657180504303e-04 2.090816028706764078e-04 2.029954667666445181e-04
1.762090152591472003e-01 2.638650476739646221e-03 7.360480858546909755e-05 6.851544862165274280e-05 1.645339074932260920e-04 1.635176460045564481e-04 2.192367012292411634e-04 2.129741394280995972e-04
1.854346181522962822e-01 2.770388201148965470e-03 7.727212524059239376e-05 7.201489823745578847e-05 1.726774752963803651e-04 1.716335816435723104e-04 2.303006319938944065e-04 2.240457876585039317e-04
1.946602210454453641e-01 2.917046145430330934e-03 8.110237878145801910e-05 7.580636945268620294e-05 1.817391048430641240e-04 1.806592179832713051e-04 2.426044686303194427e-04 2.360041239077357959e-04
2.038858239385944460e-01 3.080985241551923489e-03 8.534008670265215771e-05 8.022455386973593311e-05 1.918637732449706736e-04 1.907356148048359838e-04 2.563617891319638561e-04 2.489665743885247952e-04
2.131114268317435001e-01 3.265253110799645146e-03 9.009631854584206068e-05 8.520936291163926091e-05 2.032384341427648233e-04 2.020503050907999053e-04 2.718291925778684899e-04 2.635262624875360851e-04
2.223370297248925820e-01 3.473367173983745154e-03 9.552417430066335521e-05 9.065089223845440580e-05 2.160788395840981813e-04 2.148173924352123239e-04 2.893044901919432366e-04 2.799576133307554900e-04
2.315626326180416361e-01 3.709826477663322360e-03 1.021648962640795202e-04 9.663524400678512663e-05 2.306609238471582154e-04 2.293091279953634633e-04 3.091670207282749480e-04 2.986108543319328235e-04
2.407882355111907180e-01 3.980157256678189780e-03 1.097587159567398052e-04 1.034663384042750628e-04 2.473233354843944187e-04 2.458606040187114386e-04 3.318845137618249216e-04 3.199193787435110521e-04
2.500138384043397721e-01 4.291338015524660994e-03 1.185021122058465409e-04 1.118878786746666312e-04 2.664937109948199018e-04 2.648940383091448122e-04 3.580470055141249733e-04 3.444275816492144843e-04
2.592394412974888818e-01 4.652214817515395659e-03 1.286445969098303985e-04 1.214123267280087931e-04 2.887138446307849216e-04 2.869445758737028049e-04 3.884036775669902006e-04 3.728250637969644787e-04
2.684650441906379359e-01 5.074647840787682371e-03 1.405199351793371548e-04 1.328764677275950240e-04 3.147092468555904785e-04 3.127271704683421902e-04 4.239588152858643141e-04 4.060365483052703547e-04
2.776906470837869900e-01 5.573328702146581985e-03 1.545428220417546794e-04 1.461203021163931179e-04 3.453792772655922549e-04 3.431295668711795144e-04 4.659592322360118360e-04 4.452045144058853349e-04
2.869162499769360997e-01 6.168401256559562229e-03 1.709788243923204831e-04 1.620042209025639168e-04 3.819556650106400997e-04 3.793650838753758262e-04 5.161148255436133134e-04 4.918953503907797647e-04
2.961418528700851538e-01 6.887127045982385266e-03 1.914228749076265015e-04 1.806857326783345430e-04 4.261046070340420225e-04 4.230731926531446779e-04 5.767400505344005140e-04 5.482263802993143573e-04
3.053674557632342079e-01 7.766900950357255758e-03 2.162967365277627604e-04 2.039533445576304643e-04 4.801105208063925420e-04 4.790373947229278201e-04 6.510150601707577131e-04 6.170982608802192890e-04
3.145930586563833176e-01 8.860861178208752700e-03 2.468128001535049854e-04 2.338767220422203336e-04 5.472174773824122623e-04 5.490646320987953299e-04 7.434673060541970024e-04 7.026278794558180052e-04
3.238186615495323717e-01 1.024581244937723679e-02 2.862943736327196870e-04 2.699547742404453943e-04 6.320318258445003362e-04 6.380553097879142904e-04 8.606460131959942778e-04 8.107561776426134431e-04
3.330442644426814813e-01 1.203661154517489222e-02 3.377809303629544097e-04 3.174984971700024750e-04 7.404682025628616521e-04 7.491432107715433053e-04 1.013245713034590864e-03 9.509650678715016181e-04
3.422698673358305355e-01 1.440952345655850328e-02 4.052033404698431041e-04 3.790897369187994081e-04 8.837059967829186125e-04 8.944211684499842746e-04 1.217906038704499178e-03 1.143577241989572266e-03
3.514954702289795896e-01 1.764884008096466103e-02 4.968863749418607478e-04 4.650764500620727104e-04 1.078509282642265560e-03 1.091923155913072235e-03 1.498240570587935916e-03 1.407641645072208597e-03
3.607210731221286992e-01 2.223264570026996928e-02 6.252177340879926104e-04 5.810945103539265355e-04 1.352879507026890499e-03 1.370219629154709878e-03 1.885061163436559800e-03 1.783174420595261961e-03
3.699466760152777534e-01 2.900471657274936513e-02 8.115767822952785204e-04 7.548704886483244281e-04 1.755786863630301453e-03 1.779274612150796159e-03 2.457033615162803469e-03 2.341229325998919059e-03
3.791722789084268630e-01 3.955100582849960938e-02 1.098076246083434793e-03 1.034568952295367161e-03 2.408463196909051141e-03 2.441856013413117032e-03 3.358360794023650120e-03 3.216132111822436745e-03
3.883978818015759171e-01 5.703168566806934847e-02 1.590135121536460916e-03 1.518267035412398935e-03 3.489605972860805594e-03 3.538228763060077831e-03 4.853345601930361686e-03 4.676896382782382011e-03
3.976234846947249713e-01 8.794264855357164512e-02 2.446356497831717047e-03 2.349547901848519915e-03 5.379758495953762543e-03 5.504947062425297188e-03 7.488380471337499622e-03 7.275377590377496428e-03
4.068490875878740809e-01 1.439686097147747368e-01 3.920997922275515357e-03 3.834321670252854863e-03 8.975277783677321208e-03 8.938844177249188894e-03 1.254552443992701383e-02 1.193672487432020923e-02
4.160746904810231350e-01 2.263636240371199870e-01 6.164229557800798842e-03 6.042848181915694283e-03 1.448229750891785739e-02 1.403880225004608406e-02 2.012882912768673704e-02 1.850653863828849444e-02
4.253002933741722447e-01 2.529465620313320340e-01 6.985138725843442753e-03 6.594581283263206695e-03 1.581175680703639230e-02 1.597398121520479664e-02 2.170843308736281063e-02 1.998871840069080252e-02
4.345258962673212988e-01 1.745661593093418562e-01 4.952463703373849446e-03 4.581092057760749459e-03 1.056750104352691122e-02 1.098929352193234177e-02 1.426651308634688253e-02 1.401592172298518624e-02
4.437514991604703529e-01 1.007450895474101132e-01 2.873499108600324758e-03 2.691039350560822663e-03 6.076726829150932985e-03 6.330477929738162479e-03 8.228762712702897275e-03 8.101411489867121896e-03
4.529771020536194626e-01 5.973959445331486484e-02 1.724462416543712240e-03 1.595779103674990762e-03 3.624054396737450001e-03 3.718922623147109807e-03 4.967022407489710134e-03 4.849081400768930072e-03
4.622027049467684612e-01 3.792420115971859018e-02 1.099301779063525941e-03 1.008673924177118375e-03 2.301450766229201639e-03 2.348863510306456459e-03 3.171863425841643658e-03 3.055495038348773895e-03
4.714283078399175708e-01 2.562615768613630066e-02 7.452189071887049820e-04 6.833863660700677245e-04 1.552347047816569209e-03 1.585267469707624804e-03 2.143982725021784802e-03 2.051727820616904008e-03
4.806539107330666249e-01 1.820806379458507138e-02 5.351382804907323099e-04 4.837347263878348513e-04 1.099961167357266928e-03 1.124193915757510515e-03 1.526082482303840748e-03 1.450348192762098559e-03
4.898795136262157346e-01 1.346154527793164482e-02 4.008715737708612448e-04 3.560084992832637102e-04 8.105874935666786130e-04 8.291011499793020378e-04 1.130967834581365905e-03 1.067735104416978748e-03
4.991051165193647332e-01 1.027147565346772824e-02 3.043005040113053172e-04 2.705645077782162233e-04 6.163550069153336114e-04 6.307915403976818020e-04 8.652526166384490180e-04 8.121728665846580930e-04
5.083307194125139539e-01 8.040253216763305899e-03 2.389400905926236662e-04 2.116298183387609749e-04 4.807230238104698294e-04 4.966211346219733327e-04 6.791724858311032342e-04 6.391984314079524401e-04
5.175563223056629525e-01 6.427308741054257521e-03 1.921038996815305558e-04 1.704092933878355656e-04 3.845861935313360513e-04 3.999732331303991820e-04 5.444474303187988098e-04 5.135118703924797939e-04
5.267819251988120621e-01 5.228757480828214593e-03 1.567908558601574520e-04 1.397248692630026490e-04 3.143133001234357446e-04 3.277641324152605340e-04 4.441641482607295785e-04 4.196804925755892243e-04
5.360075280919610607e-01 4.317196869646675560e-03 1.301249463520805921e-04 1.155653064660901175e-04 2.592599793247874623e-04 2.725590378913882866e-04 3.677589633751940021e-04 3.480152017995650354e-04
5.452331309851101704e-01 3.610001688170631860e-03 1.092727766201962054e-04 9.696391302637047752e-05 2.166210623693325295e-04 2.289071114794944545e-04 3.077914447907410984e-04 2.922009716299629571e-04
5.544587338782591690e-01 3.052144562503388177e-03 9.285979810153650524e-05 8.235958710635241445e-05 1.828624431140526106e-04 1.932383799950771613e-04 2.602277023611952733e-04 2.480121726377497275e-04
5.636843367714083897e-01 2.605466222100654133e-03 7.983358751063483402e-05 7.031641160321630904e-05 1.557410768540253530e-04 1.647768557361995075e-04 2.221182891159276945e-04 2.125085328370688795e-04
5.729099396645573883e-01 2.243063139046921547e-03 6.867211236557179896e-05 6.038217555258624039e-05 1.337637669361598294e-04 1.422352303778423414e-04 1.911817540877604540e-04 1.836096538429046743e-04
5.821355425577064979e-01 1.946005895625680607e-03 5.953347559245784557e-05 5.217290832748642908e-05 1.157704937455581763e-04 1.231140009897190631e-04 1.658102940571976047e-04 1.598450653796002104e-04
5.913611454508554965e-01 1.699612538868979037e-03 5.191032890324779984e-05 4.557612479075962009e-05 1.008643585768565637e-04 1.072539980544267267e-04 1.447575739813035910e-04 1.400747365176830111e-04
6.005867483440046062e-01 1.493689844609144644e-03 4.570929725096961257e-05 3.989767180280555207e-05 8.842137321058525165e-05 9.400463640492503180e-05 1.271553882586133003e-04 1.235013880439999635e-04
6.098123512371537158e-01 1.319974867402518319e-03 4.050187591010754456e-05 3.516291321151469515e-05 7.793739179651638233e-05 8.322323567969266631e-05 1.123019990940644051e-04 1.087838884959062887e-04
6.190379541303028255e-01 1.172500620913378153e-03 3.609989620976194157e-05 3.113972942788952383e-05 6.904785013544145929e-05 7.421147169931808542e-05 9.968777393051363872e-05 9.627850440772195949e-05
6.282635570234518241e-01 1.046499469270036238e-03 3.199717479920156059e-05 2.779398697267364271e-05 6.146189878943422204e-05 6.625913306821892314e-05 8.890684252511492011e-05 8.561301220488684929e-05
6.374891599166009337e-01 9.380501919728978164e-04 2.859099209278140319e-05 2.487425817829886851e-05 5.494095613107954218e-05 5.918179547918030366e-05 7.962531598862333977e-05 7.645041816261883161e-05
6.467147628097499323e-01 8.443130344276737840e-04 2.569259047494206437e-05 2.241449311767766510e-05 4.931169896327757245e-05 5.307057708764416955e-05 7.160063872744539763e-05 6.854526257890440882e-05
6.559403657028991530e-01 7.628528620761208367e-04 2.328283598960285885e-05 2.028325269835546795e-05 4.442598360527346552e-05 4.777050414448975706e-05 6.462549312755366902e-05 6.168834043991731474e-05
6.651659685960481516e-01 6.916608237593704781e-04 2.119868533344076381e-05 1.838294005182495791e-05 4.016183338479556442e-05 4.328186141693913039e-05 5.852860989193325435e-05 5.570754494944971536e-05
6.743915714891972613e-01 6.292796087015399683e-04 1.932878209572475980e-05 1.670647427530198674e-05 3.643035537108157626e-05 3.928167326728031119e-05 5.318492153275219091e-05 5.047697844068061834e-05
6.836171743823462599e-01 5.743681040657450760e-04 1.767876570353901517e-05 1.528380598335519341e-05 3.314371199799877148e-05 3.569100472908400771e-05 4.848051546475383097e-05 4.588194904456743741e-05
6.928427772754953695e-01 5.258686164960424490e-04 1.618283345155744572e-05 1.395112090850380605e-05 3.024485490586985466e-05 3.252333122806907485e-05 4.432451138989559024e-05 4.183175149594347674e-05
7.020683801686443681e-01 4.828590331295418408e-04 1.487927839865360851e-05 1.272796155339102992e-05 2.778345255050659185e-05 2.972113881732489941e-05 4.063848082853493277e-05 3.824769795290292604e-05
7.112939830617935888e-01 4.446375435132374600e-04 1.366996758461443487e-05 1.171485915294211188e-05 2.563703734746508502e-05 2.723714497361129187e-05 3.744517648337949674e-05 3.506947535953400209e-05
7.205195859549425874e-01 4.105938332530131418e-04 1.258261007984257020e-05 1.079147346880041970e-05 2.371818025659208845e-05 2.503603035269543657e-05 3.466785816771278004e-05 3.224480746749473509e-05
7.297451888480916971e-01 3.800102037428180427e-04 1.164018611391739923e-05 9.952317464278148066e-06 2.196251776622604309e-05 2.308953810185979160e-05 3.216765024790163097e-05 2.985852842405203097e-05
7.389707917412406957e-01 3.527324585538072540e-04 1.079267957312203324e-05 9.206247815753967282e-06 2.023302354796699658e-05 2.135851138051239302e-05 2.993264522654643777e-05 2.779674780574410220e-05
7.481963946343899163e-01 3.281828329605998508e-04 9.999540984580602282e-06 8.550104077081281239e-06 1.870813765606984961e-05 1.988713630338102487e-05 2.791673204936747634e-05 2.593568509640472490e-05
7.574219975275389150e-01 3.060894806389447172e-04 9.290262873147797206e-06 8.000838482069615263e-06 1.747605339922443440e-05 1.856842855717483025e-05 2.609828652592636414e-05 2.425565286251588374e-05
7.666476004206880246e-01 2.861309931617543882e-04 8.654570508845327304e-06 7.480255598416051845e-06 1.636305685838858152e-05 1.737371974441803430e-05 2.445170319810850744e-05 2.273313552305283652e-05
7.758732033138370232e-01 2.681175734051247680e-04 8.086535689488241405e-06 7.022377672234606308e-06 1.535561785948725113e-05 1.629218027002628201e-05 2.296197404699876514e-05 2.135456238953827197e-05
7.850988062069861328e-01 2.518164905741231293e-04 7.579395401901721160e-06 6.602508688145563524e-06 1.441460459084128662e-05 1.531366176797598305e-05 2.161039431635200904e-05 2.010280642889279820e-05
7.943244091001351315e-01 2.370204065006814001e-04 7.197547540950993738e-06 6.247385594780277161e-06 1.358108611373772695e-05 1.442486367983250952e-05 2.038043178993864776e-05 1.896256510933272714e-05
8.035500119932843521e-01 2.235952064817280809e-04 6.815870577239090860e-06 5.921783751774295501e-06 1.282319817629196850e-05 1.361560030903587681e-05 1.926134222565340534e-05 1.792422697043184244e-05
8.127756148864333507e-01 2.113897874336884630e-04 6.413965780642722544e-06 5.588422756306715396e-06 1.213271604432725041e-05 1.287727707082955567e-05 1.824109782464107803e-05 1.697672154549485627e-05
8.220012177795824604e-01 2.003146328998740497e-04 6.145499611319237649e-06 5.330885607603477998e-06 1.150456587826930908e-05 1.220305768971080150e-05 1.731258912722729378e-05 1.611348868986299011e-05
8.312268206727314590e-01 1.902090421462364735e-04 5.910578689317090052e-06 5.068486354955738715e-06 1.092911446413995192e-05 1.158502736806163880e-05 1.646280513815297241e-05 1.532267579905515777e-05
8.404524235658805686e-01 1.809798354873585807e-04 5.620553261934682849e-06 4.828569416198561295e-06 1.040238576805320274e-05 1.102406025913705754e-05 1.568430567938734125e-05 1.459743434916805152e-05
8.496780264590296783e-01 1.725711051440899390e-04 5.365144086215222321e-06 4.602146799213743247e-06 9.916135745173298901e-06 1.051712413426719077e-05 1.497256285705014420e-05 1.393361944333442576e-05
8.589036293521787879e-01 1.648937955853942985e-04 5.123520707215570725e-06 4.408281978779670382e-06 9.462658395311616651e-06 1.005026987328395808e-05 1.432046169894219214e-05 1.332474853090858530e-05
8.681292322453277865e-01 1.578952251768214082e-04 4.907714078347354732e-06 4.228495368365956745e-06 9.051735464287661691e-06 9.620707383802744404e-06 1.372381383790203494e-05 1.276695525461186823e-05
8.773548351384768962e-01 1.514792682012806467e-04 4.703855873269011199e-06 4.076505199741435647e-06 8.676908833081704853e-06 9.223222594793200257e-06 1.317474937016080623e-05 1.225300863648306864e-05
8.865804380316258948e-01 1.456329915126920499e-04 4.511760006255802809e-06 3.949721705915216477e-06 8.324831663294177597e-06 8.857221278642436356e-06 1.265463463840797893e-05 1.178210228544566041e-05
8.958060409247751155e-01 1.403052118108679368e-04 4.337205689311594142e-06 3.821134709898932509e-06 7.990584616158796956e-06 8.519978431491444237e-06 1.217940921456516705e-05 1.135043756300859038e-05
9.050316438179241141e-01 1.354124812151770647e-04 4.171035930349676442e-06 3.694132513965914461e-06 7.681017492058660580e-06 8.206888102421948166e-06 1.174224771599148803e-05 1.095167582940335623e-05
9.142572467110732237e-01 1.309489418160033128e-04 4.027594718177272869e-06 3.610133438683633435e-06 7.395678085589434342e-06 7.951058124219486690e-06 1.134260138594396050e-05 1.058545279511594408e-05
9.234828496042222223e-01 1.268801211761876871e-04 3.910686730701636808e-06 3.504970059870686581e-06 7.132453725955162274e-06 7.719046239123829268e-06 1.097747584121307142e-05 1.024928134406161693e-05
9.327084524973712210e-01 1.231765222633863068e-04 3.761203402606301885e-06 3.414875478333090093e-06 6.889340591748348329e-06 7.507919869940995702e-06 1.064427134101535925e-05 9.940948252961547666e-06
9.419340553905202196e-01 1.197956230419717480e-04 3.661460969838856313e-06 3.320606014638429935e-06 6.664624947679722417e-06 7.315123660166396573e-06 1.033923944022885810e-05 9.657207775299169058e-06
9.511596582836694402e-01 1.167386495838068080e-04 3.566401513235866643e-06 3.242920461045078573e-06 6.458923772602003627e-06 7.140868187059396920e-06 1.006250270907772055e-05 9.398297540372230587e-06
9.603852611768185499e-01 1.139452185787491429e-04 3.471710084314218615e-06 3.153394366950664309e-06 6.302203013887325679e-06 6.981435915431362252e-06 9.808723974447149259e-06 9.159474793827150196e-06
9.696108640699675485e-01 1.114390844704064469e-04 3.394080526689308760e-06 3.095010132644448846e-06 6.160041151328338963e-06 6.838428221366736701e-06 9.580022118024588253e-06 8.942829624539582064e-06
9.788364669631165471e-01 1.091508274573825305e-04 3.312883131710648763e-06 3.010730875703166213e-06 6.029105182825834214e-06 6.707552967160927064e-06 9.370218654204361727e-06 8.742769629807589388e-06
9.880620698562656568e-01 1.071813841390417454e-04 3.235118858417213874e-06 3.000425590847155739e-06 5.914526024906560132e-06 6.595350009486915851e-06 9.188208321326193635e-06 8.567701398324824779e-06
9.972876727494148774e-01 1.052762407920042011e-04 3.178551459771336725e-06 2.942052356786739164e-06 5.803534863968692653e-06 6.485192996594484754e-06 9.011678274833162159e-06 8.396869469346325641e-06
1.006513275642563876e+00 1.036449522160568578e-04 3.128948107372154022e-06 2.901372001934808694e-06 5.706734349124697558e-06 6.390872383641073035e-06 8.858940058200704716e-06 8.247469751099405547e-06
1.015738878535712875e+00 1.022066693290135908e-04 3.080007151827515136e-06 2.856243380070601140e-06 5.626785398825555405e-06 6.307400820466002762e-06 8.722911117734809066e-06 8.104924945437463999e-06
1.024964481428862095e+00 1.009495113763792559e-04 3.036862711587798975e-06 2.818222709922524414e-06 5.567234284571339915e-06 6.234116366526259480e-06 8.602526541040921688e-06 7.965637548053625507e-06
1.034190084322011094e+00 9.985246882296697159e-05 3.008185120240922930e-06 2.793693650338230079e-06 5.494781026307157747e-06 6.169709188646096683e-06 8.495911201969718598e-06 7.840131072398085757e-06
1.043415687215160093e+00 9.892518741896182556e-05 2.982235289875927371e-06 2.771381290103756400e-06 5.432575038135243803e-06 6.114818563971382453e-06 8.403909859787996863e-06 7.729270200732400752e-06
1.052641290108309091e+00 9.814416602150435214e-05 2.955336701370426503e-06 2.750157219487915834e-06 5.379741741373512769e-06 6.067977417923041340e-06 8.324419449777289959e-06 7.630977635560498378e-06
1.061866893001458312e+00 9.751192077386738508e-05 2.934303835567554902e-06 2.733521862261767128e-06 5.336335040077933912e-06 6.029001760125688499e-06 8.257636136163438545e-06 7.545462321407783702e-06
1.071092495894607532e+00 9.701738865861798066e-05 2.918784786663919232e-06 2.723105514810167231e-06 5.301664643835420293e-06 5.972395590803851288e-06 8.202577723326833392e-06 7.471855023942242406e-06
1.080318098787756531e+00 9.666220016655923493e-05 2.906194187816626582e-06 2.725269339363920753e-06 5.275776612361109444e-06 5.924431343408453118e-06 8.159341129764384102e-06 7.410151353670236672e-06
1.089543701680905530e+00 9.643428823057505997e-05 2.903638590780091133e-06 2.718443105753041164e-06 5.257929022940181709e-06 5.937284275257760299e-06 8.126845909903061046e-06 7.359512583083300630e-06
1.098769304574054528e+00 9.633349947705605650e-05 2.897821672469331924e-06 2.708548288793153421e-06 5.248084693365914896e-06 5.948216732479136249e-06 8.105032760282867232e-06 7.348408974365019074e-06
1.107994907467203749e+00 9.636920548897346458e-05 2.892521194517393406e-06 2.693405590660310112e-06 5.246686778201254384e-06 5.946258521617619921e-06 8.094705901189275330e-06 7.385559789945800161e-06
1.117220510360352748e+00 9.651953757612341577e-05 2.904397343709921061e-06 2.687424988429183443e-06 5.252553399508913014e-06 5.949983369871108077e-06 8.093870338412117419e-06 7.385214401698582030e-06
1.126446113253501746e+00 9.679048708530588630e-05 2.919345066742165128e-06 2.673809957133622983e-06 5.265972746843576298e-06 5.960063075500813211e-06 8.103034931731213837e-06 7.383159282494387073e-06
1.135671716146650967e+00 9.718733358293384832e-05 2.937091042548678845e-06 2.687127754160884333e-06 5.287168810280673797e-06 5.976803705256696184e-06 8.122602579020970093e-06 7.390922974012304370e-06
1.144897319039799966e+00 9.770911786401585198e-05 2.953424121960327104e-06 2.703307437567243352e-06 5.315740989528063335e-06 6.000096612813977850e-06 8.150079260735515821e-06 7.408368430696969328e-06
1.154122921932948964e+00 9.835602045345447325e-05 2.987248944531686445e-06 2.722732669631919636e-06 5.352053358518530247e-06 6.042039548952038582e-06 8.183303969869090916e-06 7.435455720769063243e-06
1.163348524826097963e+00 9.912906105730503754e-05 3.028115310677034831e-06 2.757710511678003701e-06 5.396111326311925490e-06 6.124400523585229105e-06 8.226816636963522368e-06 7.482220307816146092e-06
1.172574127719247183e+00 1.000325078648596575e-04 3.059995400518398319e-06 2.790416894996408138e-06 5.448219747938195232e-06 6.216192672138574991e-06 8.280804271142843970e-06 7.562893714837276723e-06
1.181799730612396404e+00 1.010744453808837593e-04 3.084013164648515882e-06 2.822635805164303274e-06 5.494241015232048989e-06 6.300376681147323876e-06 8.345989817655074128e-06 7.621795196242702429e-06
1.191025333505545403e+00 1.022502265685489074e-04 3.123594325994265590e-06 2.861668781937488654e-06 5.560662134360016997e-06 6.362527798885100200e-06 8.422085908519374694e-06 7.735092614772302996e-06
1.200250936398694401e+00 1.035783568438395285e-04 3.147503629462625966e-06 2.900464552335296048e-06 5.640647276092296747e-06 6.433339572962899289e-06 8.509993122302910080e-06 7.877752895052406884e-06
1.209476539291843622e+00 1.050665540262286755e-04 3.197836779314625110e-06 2.956825849827343102e-06 5.731743927637973678e-06 6.513078947363373241e-06 8.610980626112566482e-06 8.033668217603546612e-06
1.218702142184992621e+00 1.067193171402272528e-04 3.252173796699839151e-06 2.982799165800748410e-06 5.833702701357195591e-06 6.599784717779399318e-06 8.724941057578305243e-06 8.203935947874855844e-06
1.227927745078141619e+00 1.085510388827283203e-04 3.308258128840557265e-06 3.016375354659910448e-06 5.947741444132492706e-06 6.690024900953551166e-06 8.853155513734747807e-06 8.389620158512939188e-06
1.237153347971290618e+00 1.105697410063027095e-04 3.369357143559979784e-06 3.059456383152812323e-06 6.074212333922711913e-06 6.778116159061056906e-06 9.030843943413620432e-06 8.591890639232679407e-06
1.246378950864439838e+00 1.128087918173057010e-04 3.444623825252552556e-06 3.128994097648479214e-06 6.209135837704251844e-06 6.879823888415268081e-06 9.232990856247592199e-06 8.813397938673398933e-06
1.255604553757589059e+00 1.152568772833512789e-04 3.525219048049112874e-06 3.175746484149487335e-06 6.356768152788425412e-06 6.995388772495096164e-06 9.416245583912858015e-06 9.053137807310616524e-06
1.264830156650738058e+00 1.179705616247480341e-04 3.627125140634180874e-06 3.243155167058790257e-06 6.520778949066190623e-06 7.190585470785937567e-06 9.620374487867466482e-06 9.316440334053294734e-06
1.274055759543887056e+00 1.209518907338091002e-04 3.686954796610093636e-06 3.325106177915702335e-06 6.701329992844711294e-06 7.365590141321371040e-06 9.845387456858248538e-06 9.592555444147557388e-06
1.283281362437036055e+00 1.242459926775495496e-04 3.779503140203551272e-06 3.430022402407294029e-06 6.901279998849295340e-06 7.545935423027688976e-06 1.009490716794096124e-05 9.858848321925916072e-06
1.292506965330185276e+00 1.278839172504074595e-04 3.895560519566433014e-06 3.527636347020238726e-06 7.122602737921019875e-06 7.745893936383170444e-06 1.037130465451985913e-05 1.015558579978927849e-05
1.301732568223334052e+00 1.319233323498378806e-04 4.009357418278155887e-06 3.648856315890351004e-06 7.368664883720835255e-06 7.975414627779827369e-06 1.067922424078824803e-05 1.048802122038632718e-05
1.310958171116483273e+00 1.363936933056877150e-04 4.127112299894789178e-06 3.783862754403659150e-06 7.641751453415053996e-06 8.222763224600493706e-06 1.102076256871418786e-05 1.088716562934257683e-05
1.320183774009632494e+00 1.413708391038576151e-04 4.272529982969689973e-06 3.929877125309974443e-06 7.946508797166692379e-06 8.498572907778982654e-06 1.143369763359776523e-05 1.133998566858296191e-05
1.329409376902781492e+00 1.469352840164180247e-04 4.475527915031094059e-06 4.096200347905430304e-06 8.287808951041404290e-06 8.810368926235093677e-06 1.191770088296436551e-05 1.184266917561419864e-05
1.338634979795930713e+00 1.531661811972228520e-04 4.665072362193924734e-06 4.288189657694358586e-06 8.670952012734660114e-06 9.161757358802993800e-06 1.245551550403307148e-05 1.240268157030554566e-05
1.347860582689079489e+00 1.601865006107732544e-04 4.922467717265340253e-06 4.498179890904198440e-06 9.103750974007206783e-06 9.652906148163064226e-06 1.305696366553027259e-05 1.303066275345766663e-05
1.357086185582228710e+00 1.681193023865288423e-04 5.165023176218304845e-06 4.702571345433946212e-06 9.594115980514041553e-06 1.021006741233656243e-05 1.373164417333780775e-05 1.373711739605481250e-05
1.366311788475377931e+00 1.771412948814816632e-04 5.399681681576726190e-06 4.956449304214437203e-06 1.015328323641386497e-05 1.084337377877731597e-05 1.449335426427383910e-05 1.453704228069461102e-05
1.375537391368526707e+00 1.874570510313658780e-04 5.758269268786136682e-06 5.228201702287520050e-06 1.079448986146549724e-05 1.156742985597750649e-05 1.535825175727199604e-05 1.544812605923370839e-05
1.384762994261675928e+00 1.993321778172948327e-04 6.182294540172446774e-06 5.556178558397897741e-06 1.153485707519388555e-05 1.236117850894220545e-05 1.634709315026785180e-05 1.649307134636148289e-05
1.393988597154824927e+00 2.130961544906791411e-04 6.589274264313992133e-06 5.940339194857681198e-06 1.239381795938918735e-05 1.319546963619882456e-05 1.748577130499225974e-05 1.770028545524410138e-05
1.403214200047974147e+00 2.291802201487398933e-04 7.076414623405472048e-06 6.429988330942303055e-06 1.337687341778216570e-05 1.417257749714628053e-05 1.880777547379804820e-05 1.910649064968048786e-05
1.412439802941123368e+00 2.481397311581600351e-04 7.611804652245094966e-06 6.956943065694755996e-06 1.435820655287719247e-05 1.532180164945159810e-05 2.035657703932731077e-05 2.075946302533115267e-05
1.421665405834272145e+00 2.707062243516700066e-04 8.308378458515234405e-06 7.585032787592359618e-06 1.551128470371482141e-05 1.669299097397985900e-05 2.218874257702436450e-05 2.272138368537585801e-05
1.430891008727421365e+00 2.978665098666457949e-04 9.183269914891337583e-06 8.330453997619415712e-06 1.687994334590933471e-05 1.834797214056915413e-05 2.438109786999267774e-05 2.507670971228006260e-05
1.440116611620570364e+00 3.309484784493168033e-04 1.025799711336762912e-05 9.248627266991444728e-06 1.873604010401900112e-05 2.036996366385873366e-05 2.703701935609240450e-05 2.793904348354162839e-05
1.449342214513719362e+00 3.718090605706311021e-04 1.158590946106970469e-05 1.034452819133650173e-05 2.105178317237391605e-05 2.287588399960946211e-05 3.030032153491775491e-05 3.146632411763378720e-05
1.458567817406868583e+00 4.230597095833244880e-04 1.324354377077766824e-05 1.171257953768470002e-05 2.390204040837159765e-05 2.591946482192981427e-05 3.437407232147887681e-05 3.588598165349453448e-05
1.467793420300017582e+00 4.884867731515781311e-04 1.519711873066527039e-05 1.344617980673321620e-05 2.768651879555563376e-05 2.976839748069354512e-05 3.955334717047542456e-05 4.166557416290306900e-05
1.477019023193166802e+00 5.736885345176513185e-04 1.779209813704014237e-05 1.568900825700742831e-05 3.326857144439216568e-05 3.486488486917783264e-05 4.627565762704388512e-05 4.919231301347168177e-05
1.486244626086316023e+00 6.871718707226266883e-04 2.109338025016221831e-05 1.879303227961303183e-05 3.960197774297610340e-05 4.205816231631759588e-05 5.521108868635177074e-05 5.920787192442949869e-05
1.495470228979464800e+00 8.422086276114250673e-04 2.553726822626732444e-05 2.294162541767864709e-05 5.003126666292434955e-05 5.196591286979023849e-05 6.811806493474913387e-05 7.285804752161953272e-05
1.504695831872614020e+00 1.059983552655480643e-03 3.177447881324386644e-05 2.901385287122355654e-05 6.516857608984986602e-05 6.585011175735109613e-05 8.641780325589266433e-05 9.194465099060284037e-05
1.513921434765763019e+00 1.374760263140594862e-03 4.070838868099643619e-05 3.707472167471738585e-05 8.741370649012806214e-05 8.596379904983290909e-05 1.133394043137836860e-04 1.193109393104222708e-04
1.523147037658912017e+00 1.840868070794185679e-03 5.396621925448492028e-05 4.881281711604807533e-05 1.164200288814919246e-04 1.157561867668856562e-04 1.541017002807015032e-04 1.592726021746964076e-04
1.532372640552061016e+00 2.534685386527100754e-03 7.433563342163201221e-05 6.708558031188679993e-05 1.593378112980416150e-04 1.601945030719493374e-04 2.104635173304698383e-04 2.173486870985746715e-04
1.541598243445210237e+00 3.514261817148279458e-03 9.942900505814297740e-05 9.345556446715974630e-05 2.264492188031427995e-04 2.248212826455207522e-04 3.063817505450767108e-04 2.960850989005901594e-04
1.550823846338359457e+00 4.630106295458323758e-03 1.278947839644861348e-04 1.243397934031758439e-04 3.043819971657053119e-04 2.975341257286491861e-04 4.071997776128001220e-04 3.852165874470830226e-04
1.560049449231508456e+00 5.242799634806195701e-03 1.424445579300435624e-04 1.428927786456977642e-04 3.439382810152815870e-04 3.248608818779315233e-04 4.491599367803600709e-04 4.297014870533509903e-04
1.569275052124657455e+00 4.763669901560415622e-03 1.242978680544865738e-04 1.328646420968989869e-04 3.143726875838061263e-04 2.965206635377349437e-04 3.977543324894822901e-04 3.857442887587655272e-04
1.578500655017806453e+00 3.654073843653836765e-03 9.923225876515891913e-05 1.013121850024409874e-04 2.329724121564280374e-04 2.274356579405226002e-04 2.931257478402914118e-04 3.020111372019902533e-04
1.587726257910955674e+00 2.623898029321918533e-03 6.991706632344853872e-05 7.165332700723734197e-05 1.634629034132071591e-04 1.625975583683736750e-04 2.017533645610764675e-04 2.167450186078903607e-04
1.596951860804104451e+00 1.885335646525780097e-03 5.023536073703489813e-05 5.105599755773015079e-05 1.141014487309006606e-04 1.168874294913875306e-04 1.413401971407960908e-04 1.555636566646576013e-04
1.606177463697253671e+00 1.391232585219798678e-03 3.766077807913119704e-05 3.728614882595295346e-05 8.451307628144799113e-05 8.710857514121288746e-05 1.036671426862068122e-04 1.160406094830048439e-04
1.615403066590402892e+00 1.060821913093543253e-03 2.841216669656216470e-05 2.795506236854920779e-05 6.419324917657839163e-05 6.661399205567511070e-05 7.885636771920966070e-05 8.942392706108028781e-05
1.624628669483551890e+00 8.348569207437798621e-04 2.228230777071157302e-05 2.179391293706263010e-05 5.032912417757143611e-05 5.248771037638969798e-05 6.202087951530529074e-05 7.082899314785528946e-05
1.633854272376701111e+00 6.758953796166611641e-04 1.821789767683320866e-05 1.747828127696203319e-05 4.044121669747127463e-05 4.248016362227513901e-05 5.022559558318919967e-05 5.753735073508797412e-05
1.643079875269850110e+00 5.609111511604965381e-04 1.521162088854370424e-05 1.440329402551581220e-05 3.339763153972991408e-05 3.545012980437690399e-05 4.171198017507179827e-05 4.767078689545578736e-05
1.652305478162999108e+00 4.755936013507055171e-04 1.280256029608200889e-05 1.219365876043625261e-05 2.823453325663256418e-05 3.008181138833721392e-05 3.540216134654715005e-05 4.014770481407904179e-05
1.661531081056148329e+00 4.108405986273211516e-04 1.072963929902708566e-05 1.048961748451059973e-05 2.435372722576237227e-05 2.592328929008701861e-05 3.061677017088417331e-05 3.443687467964131818e-05
1.670756683949297106e+00 3.607128238167708347e-04 9.415881634177640600e-06 9.196879085170757851e-06 2.139572952101500246e-05 2.268759240333653119e-05 2.691367311031384307e-05 3.025287116538286818e-05
1.679982286842446326e+00 3.212279715432628246e-04 8.343461969498040375e-06 8.156828158295732507e-06 1.917924057043512813e-05 2.012643967404898968e-05 2.399790147551532360e-05 2.702737481724223640e-05
1.689207889735595547e+00 2.896493625620886461e-04 7.405329406879853152e-06 7.318805387139385495e-06 1.744131623989997370e-05 1.806594454350677432e-05 2.159813678794924576e-05 2.432284402818031587e-05
1.698433492628744546e+00 2.640571530856863761e-04 6.785529192190051847e-06 6.635385330354436669e-06 1.601563033079512945e-05 1.638974004139525167e-05 1.956715207858118451e-05 2.205469493706278599e-05
1.707659095521893766e+00 2.430693254578730810e-04 6.254030095770654477e-06 6.070055857284808879e-06 1.482857396799082601e-05 1.501018026438185205e-05 1.790398293606752203e-05 2.018368636753212534e-05
1.716884698415042543e+00 2.256806598367305230e-04 5.810432916848718397e-06 5.597734373873406019e-06 1.373345058792768605e-05 1.386329075537840469e-05 1.652869234875669648e-05 1.862452329290698884e-05
1.726110301308191763e+00 2.111399626357156052e-04 5.412432923080761358e-06 5.222306382973555556e-06 1.280427053631968655e-05 1.296517396729384005e-05 1.538828176635186409e-05 1.731315169482784341e-05
1.735335904201340984e+00 1.988828788188600752e-04 5.069904469133285248e-06 4.913818787913662185e-06 1.202976973442411121e-05 1.228719208016512731e-05 1.451955104556860564e-05 1.620120953526566041e-05
1.744561507094489761e+00 1.884759251849964451e-04 4.794773178972718377e-06 4.642199455975919630e-06 1.138134137942077638e-05 1.171179835743495407e-05 1.378272456872931353e-05 1.525136523412146377e-05
1.753787109987638981e+00 1.795840732975282782e-04 4.540539231708419065e-06 4.455579714024692764e-06 1.083369231604766657e-05 1.122037676842878393e-05 1.315398943714542993e-05 1.443479017646545582e-05
1.763012712880787980e+00 1.719405541060010022e-04 4.379875224309984520e-06 4.234143946162647904e-06 1.036854682676804982e-05 1.079801353666309696e-05 1.261424861801155209e-05 1.372841692855061814e-05
1.772238315773937201e+00 1.653400701565374119e-04 4.209093564490031447e-06 4.032732700153212994e-06 9.971851167778379840e-06 1.036436404212273850e-05 1.214881741621007022e-05 1.311427124655920018e-05
1.781463918667086421e+00 1.596118057068209365e-04 4.098846645386218382e-06 3.883048831896279999e-06 9.631220354827473408e-06 9.964964549096221600e-06 1.174555839212509034e-05 1.262477963708124608e-05
1.790689521560235198e+00 1.546239819864541471e-04 3.907308959268178091e-06 3.719104804430416146e-06 9.338331991431644309e-06 9.617638740929437781e-06 1.139496718611374333e-05 1.220619673075864836e-05
1.799915124453384419e+00 1.502632606643936151e-04 3.831424094219714220e-06 3.599449316761196708e-06 9.085601107622999278e-06 9.310574337838278683e-06 1.108915104642481343e-05 1.184074978587080964e-05
1.809140727346533417e+00 1.464402056359795313e-04 3.766517032786421190e-06 3.475506561425879262e-06 8.867391821580845098e-06 9.041193564953803026e-06 1.082155699750692512e-05 1.152470897435321751e-05
1.818366330239682416e+00 1.430811875874111344e-04 3.683588317741730289e-06 3.396437326192911204e-06 8.678776879491375152e-06 8.802986796114576663e-06 1.058697499115959545e-05 1.126214389463226807e-05
1.827591933132831414e+00 1.401225202347637807e-04 3.599896965680241933e-06 3.316491073612960099e-06 8.515507205326223539e-06 8.591779704021168746e-06 1.038086615436309575e-05 1.103248377243111673e-05
1.836817536025980635e+00 1.375109962831754277e-04 3.521309323453606158e-06 3.260193221487440790e-06 8.354958815374910171e-06 8.404174544015223644e-06 1.019948525033949165e-05 1.083118710429079273e-05
1.846043138919129634e+00 1.352057616122526249e-04 3.449805101426377078e-06 3.212323381739567909e-06 8.189281453024026139e-06 8.237188280477305115e-06 1.003985221326470921e-05 1.065508533360656697e-05
1.855268741812278410e+00 1.331666258575056507e-04 3.399350354367465044e-06 3.156922585119230351e-06 8.039563505489227737e-06 8.104692332365362809e-06 9.899140040478624641e-06 1.048837772143533195e-05
1.864494344705427187e+00 1.313625017098066683e-04 3.358830902924959559e-06 3.130990624843500020e-06 7.904079913483231168e-06 8.003407318353522723e-06 9.775107182493790372e-06 1.033851092487081977e-05
1.873719947598576185e+00 1.297651222766238325e-04 3.322759977424327672e-06 3.105186771625853071e-06 7.781150895915227989e-06 7.914032817968021322e-06 9.665768795791605068e-06 1.020820364716841825e-05
1.882945550491724962e+00 1.283534742486402188e-04 3.258718008686782705e-06 3.068608730477325776e-06 7.669612811911672790e-06 7.835537834586148078e-06 9.569606198894781536e-06 1.008572622777521833e-05
1.892171153384873961e+00 1.271050477874780460e-04 3.235850574344090484e-06 3.039162219010531915e-06 7.568080541254119248e-06 7.766685131368284908e-06 9.485052781876276507e-06 9.979530794924378512e-06
1.901396756278022737e+00 1.260039338453006956e-04 3.234496977304784958e-06 3.025961835253213788e-06 7.475550300459449064e-06 7.706401782260914450e-06 9.410930766271110659e-06 9.884986060285875370e-06
1.910622359171171736e+00 1.250318821925208604e-04 3.208932664011980226e-06 3.021891401722926807e-06 7.390735144951554939e-06 7.653688134940471303e-06 9.345966093050758977e-06 9.800635492850407761e-06
1.919847962064320512e+00 1.241806906360530874e-04 3.170327382071198592e-06 3.024832129206852442e-06 7.313653411630848585e-06 7.608084850662668545e-06 9.289605556971671516e-06 9.725821974773991179e-06
1.929073564957469289e+00 1.234345945726062215e-04 3.128608191204973249e-06 3.032038234915864893e-06 7.281163989581205609e-06 7.568507527132983673e-06 9.240650042624640355e-06 9.659387328879483615e-06
1.938299167850618288e+00 1.227838552913388173e-04 3.111664216867899603e-06 3.007630009900727768e-06 7.254021454403461727e-06 7.534438557449917029e-06 9.198435558633650437e-06 9.600543518832388087e-06
1.947524770743767064e+00 1.222207520053601693e-04 3.101633184521751302e-06 2.994869551747249173e-06 7.231829659164542993e-06 7.505594363398779474e-06 9.162487600142070997e-06 9.548606878113230631e-06
1.956750373636916063e+00 1.217350969905491362e-04 3.094243946022637716e-06 2.975820635729446088e-06 7.213937045819207171e-06 7.481103506854893466e-06 9.131964860324115452e-06 9.505724712467945219e-06
1.965975976530064839e+00 1.213219082750595736e-04 3.088682808480595551e-06 2.963204724649212262e-06 7.200103573561442280e-06 7.460827846325886821e-06 9.106583040271760011e-06 9.475362179954592654e-06
1.975201579423213616e+00 1.209740339853443485e-04 3.080276578384182301e-06 2.949234891571188310e-06 7.189915973161294343e-06 7.444323255131408057e-06 9.085822545950214524e-06 9.450474458007617233e-06
1.984427182316362615e+00 1.206799929111315842e-04 3.074240205374177844e-06 2.936062542510206488e-06 7.183066260670401058e-06 7.432309264203146998e-06 9.069415193216549364e-06 9.428696447261913135e-06
1.993652785209511391e+00 1.204522090702874815e-04 3.066844841134280493e-06 2.924338682217119561e-06 7.178881890946274026e-06 7.421384053926514566e-06 9.056620983648010085e-06 9.415205983065623322e-06
2.002878388102660168e+00 1.202677226598004552e-04 3.068719218830032137e-06 2.942628837292852215e-06 7.177381216023648878e-06 7.414279846404777828e-06 9.047407185666325345e-06 9.403984873331602129e-06
2.012103990995809166e+00 1.201305265336514945e-04 3.063465390953172530e-06 2.952309670587981703e-06 7.178510206922423891e-06 7.409883194970482713e-06 9.041537240933255975e-06 9.396719060578091797e-06
2.021329593888958165e+00 1.200337254369191479e-04 3.042810039073810878e-06 2.952324928039940454e-06 7.181878208809328490e-06 7.407817854452041374e-06 9.038519734601077192e-06 9.392797258578092462e-06
2.030555196782107164e+00 1.199763571785234569e-04 3.030147458063070075e-06 2.952379407017991235e-06 7.187439969186243524e-06 7.408035005523010532e-06 9.038298252120026627e-06 9.392133123163054075e-06
2.039780799675255718e+00 1.199552535685599472e-04 3.026387731284017782e-06 2.952360875989039238e-06 7.195012975752635245e-06 7.408309854479430212e-06 9.040638267700622775e-06 9.394480506861146020e-06
2.049006402568404717e+00 1.199668046143398056e-04 3.023261651479943520e-06 2.952910239249081589e-06 7.204377592773719740e-06 7.406801054360176808e-06 9.045257213076255982e-06 9.399615616156612656e-06
2.058232005461553715e+00 1.200089042241540827e-04 3.020044517233793279e-06 2.944628545781507577e-06 7.215444148490099234e-06 7.407430496060137741e-06 9.052052444451756533e-06 9.407249773668002724e-06
2.067457608354702270e+00 1.200822304687118027e-04 3.020829721348900149e-06 2.952106932980924528e-06 7.228259666600605560e-06 7.410255787083542688e-06 9.061076966964770564e-06 9.417435297564332591e-06
2.076683211247851268e+00 1.201750020863038204e-04 3.014802071256412032e-06 2.978885025029185123e-06 7.242094231729620220e-06 7.414658758964255561e-06 9.071398297844069335e-06 9.429324070418389323e-06
2.085908814141000267e+00 1.202965776601499809e-04 3.017483696026254268e-06 3.004801825972196216e-06 7.257568357385693137e-06 7.420965714350521406e-06 9.083817647681638246e-06 9.443471354764773704e-06
2.095134417034148822e+00 1.204399962403874570e-04 3.020905033536701355e-06 3.012949118541427768e-06 7.274229223590099455e-06 7.428952730304802044e-06 9.097742160945341064e-06 9.459495810597255282e-06
2.104360019927297820e+00 1.206051406090574121e-04 3.021876590792490613e-06 3.019535819699285068e-06 7.292085885209558882e-06 7.438539267676065538e-06 9.113187668059063605e-06 9.477335723647521931e-06
2.113585622820446819e+00 1.207892839509619443e-04 3.021496825158620069e-06 3.026299100144562112e-06 7.304944621427787331e-06 7.449471372402891554e-06 9.129978610633907553e-06 9.496707911742279179e-06
2.122811225713595817e+00 1.209938023642667145e-04 3.018114949486280633e-06 3.033398476137119833e-06 7.325168896551165622e-06 7.461816509037697974e-06 9.148227295422515647e-06 9.517716368157919582e-06
2.132036828606744372e+00 1.212139679755304660e-04 3.028310253637395795e-06 3.040664921159579818e-06 7.346142318434036034e-06 7.475346897197279478e-06 9.167555494694597327e-06 9.540039994243302754e-06
2.141262431499893371e+00 1.214494765243646543e-04 3.041233549856009206e-06 3.047892103183493504e-06 7.367865317737696748e-06 7.490041947414262727e-06 9.187943479395865518e-06 9.563659307124930051e-06
2.150488034393042369e+00 1.217020270735063816e-04 3.059402105514859023e-06 3.053427314535019934e-06 7.390371709459526571e-06 7.505849997205274395e-06 9.209571244444894069e-06 9.588587904122225307e-06
2.159713637286190924e+00 1.219673709774737901e-04 3.076629009748281605e-06 3.056959957019195488e-06 7.413459008333625738e-06 7.522613671555832254e-06 9.232087305607292226e-06 9.614575460964612714e-06
2.168939240179339922e+00 1.222450268844382717e-04 3.092307646547455199e-06 3.062820629768842388e-06 7.437120086108378429e-06 7.540318722079651995e-06 9.255446869721082551e-06 9.641601786138998594e-06
2.178164843072488921e+00 1.225356135098094748e-04 3.096759008093964011e-06 3.076111172465746516e-06 7.461343842126376934e-06 7.558894503510566712e-06 9.279736551894132626e-06 9.669631669254099009e-06
2.187390445965637920e+00 1.228371894831323263e-04 3.108097315585478960e-06 3.082555992332762355e-06 7.486005207528543398e-06 7.578205933275641414e-06 9.304814127751180521e-06 9.698501158465259683e-06
2.196616048858786474e+00 1.231522761222283969e-04 3.121842866210826264e-06 3.089137021498663681e-06 7.511437136330717046e-06 7.598650746604542275e-06 9.330799345078213481e-06 9.728616711478447056e-06
2.205841651751935473e+00 1.234748364414532001e-04 3.132075738604200377e-06 3.095867590401075011e-06 7.537056291846163216e-06 7.619549497718576948e-06 9.357327826572459702e-06 9.759244095507626907e-06
2.215067254645084471e+00 1.238073279619445507e-04 3.141373043538919470e-06 3.108149521768811471e-06 7.563047861094870363e-06 7.641071234865327204e-06 9.384580170934030607e-06 9.790599890875512881e-06
2.224292857538233026e+00 1.241513009386449053e-04 3.151001567337579322e-06 3.133788057656944088e-06 7.589687611899613787e-06 7.663567947933621390e-06 9.412601826417840451e-06 9.826410761102646017e-06
2.233518460431382024e+00 1.245018179625349234e-04 3.158210358546458419e-06 3.157061998786716813e-06 7.616496950124012396e-06 7.686481694658939853e-06 9.441092871681732975e-06 9.863706823445093767e-06
2.242744063324531023e+00 1.248609398767820818e-04 3.159412383590764302e-06 3.171294939890585674e-06 7.643660050165722742e-06 7.710000275011193670e-06 9.470192751937840008e-06 9.901670234135131208e-06
2.251969666217680022e+00 1.251931165927986809e-04 3.155720502243417958e-06 3.200850336964168683e-06 7.667328396828413826e-06 7.729601900462258258e-06 9.497869380349036484e-06 9.935099339630114801e-06
2.261195269110828576e+00 1.255725349904178076e-04 3.150992912892254874e-06 3.211211599732832680e-06 7.695668971817204744e-06 7.754888169819680382e-06 9.528317679904945619e-06 9.975028708463109075e-06
2.270420872003977575e+00 1.259590594017679602e-04 3.155106746513015870e-06 3.217981234985401546e-06 7.724298322320781061e-06 7.780703306349556758e-06 9.559260952202847366e-06 1.001553340848675101e-05
2.279646474897126573e+00 1.263678875480340417e-04 3.165281042370108981e-06 3.224905122316203306e-06 7.754934390341095603e-06 7.809081979043093935e-06 9.591543005808323991e-06 1.005894241176644047e-05
2.288872077790275128e+00 1.267512666674510671e-04 3.174693038063264696e-06 3.234843377030962490e-06 7.782247551757048420e-06 7.833690488400781547e-06 9.622497982293730986e-06 1.009801402784004396e-05
2.298097680683424127e+00 1.271561020495063916e-04 3.183427975403569938e-06 3.248150450952497995e-06 7.811518080997112813e-06 7.860800878672837434e-06 9.654731576063372732e-06 1.013991953575697845e-05
2.307323283576573125e+00 1.275663961507305646e-04 3.188550248022761682e-06 3.261688147106471970e-06 7.840970549864440930e-06 7.888301802630334715e-06 9.687348406449853297e-06 1.018224567140160275e-05
2.316548886469722124e+00 1.279824479234681280e-04 3.196510048980035585e-06 3.282039156745405334e-06 7.870642297964886664e-06 7.916226594416566806e-06 9.720368460232981997e-06 1.022503550540999093e-05
2.325774489362870678e+00 1.284028787946742188e-04 3.206653273553751547e-06 3.306264625640693931e-06 7.900419556988491675e-06 7.944341739290474921e-06 9.753696963649594216e-06 1.026814143966213759e-05
2.335000092256019677e+00 1.288282370742988524e-04 3.210819028534979891e-06 3.330544375947542147e-06 7.930351658396995974e-06 7.972772911305484782e-06 9.787374908969788054e-06 1.031162071004529640e-05
2.344225695149168676e+00 1.292601263454745751e-04 3.211829161695555195e-06 3.340626628296918367e-06 7.960811774838672536e-06 8.002070895725971601e-06 9.821414673220213182e-06 1.035601762539483035e-05
2.353451298042317230e+00 1.296916334077914429e-04 3.209119298929841244e-06 3.352115868429276320e-06 7.990544209606533768e-06 8.030515029691138876e-06 9.855625110896226032e-06 1.039952203852397439e-05
2.362676900935466229e+00 1.301298487071453477e-04 3.202306748088410912e-06 3.371388062048185719e-06 8.020836236929523031e-06 8.059851232925047885e-06 9.890208873825328661e-06 1.044397866060804638e-05
2.371902503828615227e+00 1.305715584676424995e-04 3.202120964877438504e-06 3.384333689962157072e-06 8.051204279919255266e-06 8.089443392628599102e-06 9.925034156585556917e-06 1.048870485639063284e-05
2.381128106721764226e+00 1.310169650333136164e-04 3.215905640474440216e-06 3.395085175038087700e-06 8.081656703138272429e-06 8.119286629011359573e-06 9.960122411555900760e-06 1.053370353475496465e-05
2.390353709614912781e+00 1.314658365860203097e-04 3.226883555845538919e-06 3.406083462769804535e-06 8.112170967062535014e-06 8.149349320843755169e-06 9.995460589646990371e-06 1.057894160553612918e-05
2.399579312508061779e+00 1.319180064988117085e-04 3.232350412659133797e-06 3.425760836034570916e-06 8.142262670180708825e-06 8.177608276652733980e-06 1.003102656196700783e-05 1.062444564731959609e-05
2.408804915401210778e+00 1.323732304143869802e-04 3.241741653121828779e-06 3.438384802542535307e-06 8.172383220447483696e-06 8.201318199164498238e-06 1.006680858371141558e-05 1.067017411141349664e-05
2.418030518294359332e+00 1.328313872325935410e-04 3.256811593554525272e-06 3.450085362945339018e-06 8.202547619055882864e-06 8.225175433533690652e-06 1.010279716859139752e-05 1.071612158482168902e-05
2.427256121187508331e+00 1.332924587792586664e-04 3.271982719582199484e-06 3.462008744685749840e-06 8.232743416129354548e-06 8.249178192688789643e-06 1.013899756418357818e-05 1.076226581565354907e-05
2.436481724080657330e+00 1.337563205786434226e-04 3.287228290106962870e-06 3.472600204398982064e-06 8.255562047155895001e-06 8.273319841197221804e-06 1.017539138524649464e-05 1.080863484178247783e-05
2.445707326973806328e+00 1.342227439438600507e-04 3.302558127372365619e-06 3.484306059983694826e-06 8.270491854829651983e-06 8.297585073352740448e-06 1.021196701784011260e-05 1.085519121069285849e-05
2.454932929866954883e+00 1.346916306372285971e-04 3.317973172383819344e-06 3.497156424375606233e-06 8.285495417560402413e-06 8.321967636382225338e-06 1.024871842766287428e-05 1.090192501388659676e-05
2.464158532760103881e+00 1.351626988611722249e-04 3.333461408744142285e-06 3.513384962078292505e-06 8.300560240751480396e-06 8.346449936160436640e-06 1.028562168996539103e-05 1.094882389247888951e-05
2.473384135653252880e+00 1.356360081765933139e-04 3.349037547169649237e-06 3.534281101089369742e-06 8.315671215032425416e-06 8.371034809227161045e-06 1.032268710887955954e-05 1.099587728040050407e-05
2.482609738546401434e+00 1.361115123141239428e-04 3.364694516624038142e-06 3.551926815184650857e-06 8.330833005385315402e-06 8.395719925382617594e-06 1.035990878803081825e-05 1.104309172941914086e-05
2.491835341439550433e+00 1.365891311702277045e-04 3.380434645091793871e-06 3.568555517734504955e-06 8.346033100302613968e-06 8.420499578170502703e-06 1.039728224211844583e-05 1.109045822762444130e-05
2.501060944332699432e+00 1.370685212898423025e-04 3.396254786692143746e-06 3.580519411509967267e-06 8.361241920275367138e-06 8.445352051860338443e-06 1.043478334691416536e-05 1.113794412728298460e-05
2.510286547225848430e+00 1.375500137194254262e-04 3.416422388784982195e-06 3.590915449801912592e-06 8.376505910684156793e-06 8.470298884021433116e-06 1.047242973829665548e-05 1.118560761868527464e-05
2.519512150118996985e+00 1.380330415858172801e-04 3.439524044644801538e-06 3.613175366594991713e-06 8.391738615815897339e-06 8.495302247302238298e-06 1.051019194971581239e-05 1.123335253485905814e-05
2.528737753012145983e+00 1.385180121644289059e-04 3.462220349118619008e-06 3.632347136220208904e-06 8.407006729550770777e-06 8.520389468457491072e-06 1.054808974285277850e-05 1.128125865749088201e-05
2.537963355905294982e+00 1.390041944943382231e-04 3.484597942852643701e-06 3.647924578427830678e-06 8.422220605798313000e-06 8.545512543044783520e-06 1.058607829963493369e-05 1.132922478895977093e-05
2.547188958798443537e+00 1.394924465968164250e-04 3.500587863902580215e-06 3.663503513589406275e-06 8.437474876857509925e-06 8.570726874758470386e-06 1.062421249857484662e-05 1.137736643557353110e-05
2.556414561691592535e+00 1.399818701708135927e-04 3.514164525109336832e-06 3.679125377246321524e-06 8.452677462611203054e-06 8.595974544432533494e-06 1.066243281158525094e-05 1.142557785708365548e-05
2.565640164584741534e+00 1.404720153396871684e-04 3.527173688629419313e-06 3.694782796601325239e-06 8.467803450664572809e-06 8.621227171429370452e-06 1.070070265510021743e-05 1.147383055771024384e-05
2.574865767477890532e+00 1.409650156373871131e-04 3.540327285220338247e-06 3.710525337778815659e-06 8.482986760236405381e-06 8.646618869927972118e-06 1.073918831213479977e-05 1.152229436301847355e-05
2.584091370371039087e+00 1.414585300716518143e-04 3.550450136688182608e-06 3.726308078281674119e-06 8.498090930759137109e-06 8.672002459595746929e-06 1.077770387722596355e-05 1.157080194975212842e-05
2.593316973264188086e+00 1.419532069179913413e-04 3.559503630382390704e-06 3.742125648949868677e-06 8.513123741648090641e-06 8.697417188018805858e-06 1.081630861554444198e-05 1.161934333107124016e-05
2.602542576157337084e+00 1.424492058846853356e-04 3.568176844279390700e-06 3.758002757227416491e-06 8.528125840797279355e-06 8.722874084574267547e-06 1.085500629187605430e-05 1.166798552406316360e-05
2.611768179050485639e+00 1.429465828293077073e-04 3.584288629769822373e-06 3.773927193628535135e-06 8.550784257168773331e-06 8.748375652368632280e-06 1.089380751936213417e-05 1.171672083382952357e-05
2.620993781943634637e+00 1.434446635132498001e-04 3.601487881775474473e-06 3.789883376613585337e-06 8.583590158812466750e-06 8.773879060575991541e-06 1.093265997653025028e-05 1.176549724266970766e-05
2.630219384836783636e+00 1.439439605989954491e-04 3.619261892164700109e-06 3.805314326154929415e-06 8.616407867543748617e-06 8.799417105141666773e-06 1.097362529061914668e-05 1.181437670058429232e-05
2.639444987729932635e+00 1.444441872012275569e-04 3.635659508140415882e-06 3.820672852826190744e-06 8.649311218281998618e-06 8.824969949902374206e-06 1.102139546192750235e-05 1.186329032615870797e-05
2.648670590623081189e+00 1.449453716549516894e-04 3.651138347240479379e-06 3.839949190995959336e-06 8.682318046982639851e-06 8.850540231981408098e-06 1.106927057988014193e-05 1.191228909094751423e-05
2.657896193516230188e+00 1.454475367068857130e-04 3.666450194270902234e-06 3.862641877226322389e-06 8.715419657612819091e-06 8.876128347761347986e-06 1.111723370957320100e-05 1.195143304907257502e-05
2.667121796409379186e+00 1.459505294623878293e-04 3.677862964903392705e-06 3.885393353404557361e-06 8.748612347635642723e-06 8.901724774774012056e-06 1.116528478313448514e-05 1.198806968579984949e-05
2.676347399302527741e+00 1.464544295253584951e-04 3.689262218961684298e-06 3.902423920634290940e-06 8.781894255609283247e-06 8.927333755395869958e-06 1.121341646658549065e-05 1.202474956531491960e-05
2.685573002195676739e+00 1.469591688391957984e-04 3.700652655706424508e-06 3.918345753373846975e-06 8.815272181841128174e-06 8.952951458376934291e-06 1.126164466292407600e-05 1.206147817068962697e-05
2.694798605088825738e+00 1.474646656085175855e-04 3.712026335556681614e-06 3.934295256775280272e-06 8.848736639257968233e-06 8.978571344097014198e-06 1.130995443514702810e-05 1.209824187244637949e-05
2.704024207981974737e+00 1.479709995194299587e-04 3.725425680593336336e-06 3.957879732815583040e-06 8.882286319605002273e-06 9.004198433796721567e-06 1.135834083017809486e-05 1.213504105660993967e-05
2.713249810875123291e+00 1.484777768151932474e-04 3.740002524413554548e-06 3.980846302923274913e-06 8.915901759082111135e-06 9.029807564837373643e-06 1.140678020748565956e-05 1.217184547391429771e-05
2.722475413768272290e+00 1.489855599866266467e-04 3.754688131715338021e-06 4.001460600658421525e-06 8.949623736204489382e-06 9.055431333026452622e-06 1.145533204487011970e-05 1.220871022540961394e-05
2.731701016661421288e+00 1.494937468630342541e-04 3.769479419504946898e-06 4.026109823564405195e-06 8.983409644758820478e-06 9.081016967607850529e-06 1.150393488484586320e-05 1.224557554149638102e-05
2.740926619554569843e+00 1.500027793173724260e-04 3.784384732666220023e-06 4.050968550673166198e-06 9.017284884428085215e-06 9.116857951290075271e-06 1.155262330861111944e-05 1.228247759305076191e-05
2.750152222447718842e+00 1.505122977724356406e-04 3.799393260013172319e-06 4.074694825913156892e-06 9.051234534947444430e-06 9.164106634333316981e-06 1.160138006679864355e-05 1.231939198027628296e-05
2.759377825340867840e+00 1.510222967835363097e-04 3.814515098844641766e-06 4.092376690032980841e-06 9.077239496816362106e-06 9.211505169159369495e-06 1.165018433560134712e-05 1.235630516600944788e-05
