9.225602893149067790e-04 1.078434305115317013e-04 4.220263318614305760e-06 4.336211075811458970e-06 6.729719614975080951e-06 6.024382544333079263e-06 9.249774598979690495e-06 7.660010647895574404e-06
1.014816318246397446e-02 1.110560245754597112e-04 4.327864659167671353e-06 4.438743149313354851e-06 6.927301652518403859e-06 6.175460072283155068e-06 9.517284105571070210e-06 7.866075088118986325e-06
1.937376607561304073e-02 1.141393960601596843e-04 4.441813247226011115e-06 4.547675139834062561e-06 7.123203002488008215e-06 6.338355003420492241e-06 9.781094559864977021e-06 8.075038269954404953e-06
2.859936896876210874e-02 1.173170641505298065e-04 4.564330844517057863e-06 4.663116988122456064e-06 7.327110679007008348e-06 6.510192302290496061e-06 1.005527047267607346e-05 8.293885867558762216e-06
3.782497186191117328e-02 1.206383526850657827e-04 4.693704952136627069e-06 4.791506547984224250e-06 7.541450602490285416e-06 6.691662665729548008e-06 1.034323916666125354e-05 8.524664315105205865e-06
4.705057475506025516e-02 1.241342092048335251e-04 4.830791552287033459e-06 4.931159389162415464e-06 7.767940259818323845e-06 6.883933696908209592e-06 1.064737547452351092e-05 8.769008456858555555e-06
5.627617764820931623e-02 1.278268170621084474e-04 4.976312839297504856e-06 5.079434070414361050e-06 8.007915205711650837e-06 7.087997501105500371e-06 1.096948393909539035e-05 9.028231492863949582e-06
6.550178054135838424e-02 1.317538392315435497e-04 5.131594672409909175e-06 5.237635955395879197e-06 8.263684211591001754e-06 7.305695757537587201e-06 1.131275274783910740e-05 9.304814766312731163e-06
7.472738343450743836e-02 1.359228491782064755e-04 5.296994902745160924e-06 5.406153436239010757e-06 8.535841010339303590e-06 7.537516540516854113e-06 1.167787853751289708e-05 9.599283426310470987e-06
8.395298632765652025e-02 1.403748277750339240e-04 5.474044112234260039e-06 5.586508118421900987e-06 8.826977750395784096e-06 7.785589928453642405e-06 1.206841478839154797e-05 9.914463206237310094e-06
9.317858922080557438e-02 1.451350689462525280e-04 5.663778498185529460e-06 5.779757283765372478e-06 9.135628946885281576e-06 8.051353408286299760e-06 1.248662337522486840e-05 1.025216081791026769e-05
1.024041921139546424e-01 1.502399688639946844e-04 5.867647030666055122e-06 5.987365358361182010e-06 9.458181453711217868e-06 8.336820873776595560e-06 1.293572970269079268e-05 1.061496968827579240e-05
1.116297950071036965e-01 1.557350688039094004e-04 6.087455800713793309e-06 6.211146476882623739e-06 9.805747627816607586e-06 8.644504167503840996e-06 1.341978774365652077e-05 1.100612398516635435e-05
1.208553979002527506e-01 1.616650234065180615e-04 6.325019173284628050e-06 6.452941377550183624e-06 1.018116893953749250e-05 8.976923954233763988e-06 1.394278633630775008e-05 1.142884880236971247e-05
1.300810007934018186e-01 1.680743599685144050e-04 6.582199839706644228e-06 6.714652496153005390e-06 1.058731920155258559e-05 9.336665970918284424e-06 1.450874649688906081e-05 1.188640124874434175e-05
1.393066036865509005e-01 1.750415555639993933e-04 6.862082771371818017e-06 6.999366002516155174e-06 1.102913257903731319e-05 9.728020483718561500e-06 1.512464004702187897e-05 1.238436005698633716e-05
1.485322065796999824e-01 1.826365301970984012e-04 7.166509260510544070e-06 7.309978985127143667e-06 1.151107956527628868e-05 1.015495824762573714e-05 1.579674784635401235e-05 1.292779478479611594e-05
1.577578094728490643e-01 1.909088936467190931e-04 7.498417585937578031e-06 7.648831917581039178e-06 1.203647972158352047e-05 1.062058717022376858e-05 1.652966406809230795e-05 1.352048549268304893e-05
1.669834123659981462e-01 2.000030199264336340e-04 7.863576722325673609e-06 8.021489487819021425e-06 1.261436617962032893e-05 1.113269377457735271e-05 1.733620310780494608e-05 1.417262709757727496e-05
1.762090152591472003e-01 2.100114584116918447e-04 8.265892736934049318e-06 8.431982856858929922e-06 1.325074632844730916e-05 1.169672449303463431e-05 1.822475310556234858e-05 1.489108960303227292e-05
1.854346181522962822e-01 2.210811945930835423e-04 8.722748694700517601e-06 8.886201698577703319e-06 1.395498390022192501e-05 1.232093842837861538e-05 1.920852873657738513e-05 1.568647136139140487e-05
1.946602210454453641e-01 2.333761151145778462e-04 9.243409224284320890e-06 9.390685351211183578e-06 1.473755945560718469e-05 1.301464037089657632e-05 2.030228709711906455e-05 1.657068753285032589e-05
2.038858239385944460e-01 2.470909799054119612e-04 9.822987974807313467e-06 9.953815504843332908e-06 1.561094800264301507e-05 1.378891713433878091e-05 2.152360746878801724e-05 1.755790479975144719e-05
2.131114268317435001e-01 2.624765117537590921e-04 1.045128926636625707e-05 1.058586691010399974e-05 1.659112868660173002e-05 1.465789961211294481e-05 2.289504126818650348e-05 1.866630071701197479e-05
2.223370297248925820e-01 2.798226873055893326e-04 1.116028681821302788e-05 1.129885994924405626e-05 1.769667750472087844e-05 1.563809045566493276e-05 2.444281316876030811e-05 1.991696357470839002e-05
2.315626326180416361e-01 2.995000377691526216e-04 1.196525859744023952e-05 1.210804536092111462e-05 1.895122546493167946e-05 1.675042664985319698e-05 2.620029217778509917e-05 2.133683823433773575e-05
2.407882355111907180e-01 3.219637878015129697e-04 1.288222581128024066e-05 1.302344386162510807e-05 2.039367228038978372e-05 1.802071258805680587e-05 2.820862051294164598e-05 2.295902216519813853e-05
2.500138384043397721e-01 3.477890691861936531e-04 1.393708082172908248e-05 1.406833081826590337e-05 2.206468950395693842e-05 1.948149449741568354e-05 3.051970946317604343e-05 2.482538372654562219e-05
2.592394412974888818e-01 3.777045352228292465e-04 1.516006327459022219e-05 1.528796410962373741e-05 2.400188993874531216e-05 2.117403269170659843e-05 3.319940979237324431e-05 2.698898496308237485e-05
2.684650441906379359e-01 4.126861019137443697e-04 1.659124994965102814e-05 1.671732678829832182e-05 2.626878821964382434e-05 2.315327715979705265e-05 3.633587136845912828e-05 2.952069498606137805e-05
2.776906470837869900e-01 4.539451884632062818e-04 1.831887995254086968e-05 1.842936121417899269e-05 2.894438265217989326e-05 2.548789458141690039e-05 4.003867412771615862e-05 3.250895863362939474e-05
2.869162499769360997e-01 5.031406447020902268e-04 2.040085921126383144e-05 2.044541080421015964e-05 3.213669143719579367e-05 2.827145012047665908e-05 4.445780874372023874e-05 3.607460866773837000e-05
2.961418528700851538e-01 5.625175506190325820e-04 2.291760199640596914e-05 2.286906246968232765e-05 3.599180514727944296e-05 3.163042231823685272e-05 4.979625716528348917e-05 4.038127613621006733e-05
3.053674557632342079e-01 6.351559459424270223e-04 2.600115750310473973e-05 2.583341628055002386e-05 4.071014318233904042e-05 3.573829077889597271e-05 5.633263361482453678e-05 4.565364695848395538e-05
3.145930586563833176e-01 7.254310614618851832e-04 2.983877606351186939e-05 2.953710631614018915e-05 4.657602706661348631e-05 4.084087966549961729e-05 6.446255327705453612e-05 5.221093405160311552e-05
3.238186615495323717e-01 8.396683799521815995e-04 3.470111620150430256e-05 3.422677795925305536e-05 5.399997816515618269e-05 4.727194531625657659e-05 7.475776001398951650e-05 6.051503651839987546e-05
3.330442644426814813e-01 9.873246471092172669e-04 4.099229768132219530e-05 4.028537133410022616e-05 6.360545295108787668e-05 5.556718645587912977e-05 8.807265893847910504e-05 7.125678411680274812e-05
3.422698673358305355e-01 1.182913495295132662e-03 4.928599234088832173e-05 4.830523326699860502e-05 7.639174248971650032e-05 6.653578436332705480e-05 1.057171886243240232e-04 8.549798745724392773e-05
3.514954702289795896e-01 1.449839667889263285e-03 6.046947479977247616e-05 5.923855495623383052e-05 9.385605148357631725e-05 8.146935505512400283e-05 1.298003211441295292e-04 1.049521578255904405e-04
3.607210731221286992e-01 1.827458294585847373e-03 7.625763714080033631e-05 7.474583270130306933e-05 1.189269576400086258e-04 1.025279505048244146e-04 1.638595311550677686e-04 1.325049945756799283e-04
3.699466760152777534e-01 2.385221491648347771e-03 9.970632835820539622e-05 9.794924435487309400e-05 1.561022079857666070e-04 1.334982614025906691e-04 2.141130946482967291e-04 1.732631350035030576e-04
3.791722789084268630e-01 3.253651917274842653e-03 1.364790356762238081e-04 1.342243858506214811e-04 2.141600882312110973e-04 1.814318611429738964e-04 2.921715359692758293e-04 2.368613005215040521e-04
3.883978818015759171e-01 4.692790614540746919e-03 1.965365464343541216e-04 1.916972549702950987e-04 3.107634445525002051e-04 2.607825141706845290e-04 4.209077036361795823e-04 3.426320529916343505e-04
3.976234846947249713e-01 7.237082362430529749e-03 3.044000677709136904e-04 2.922958657169969290e-04 4.821289475840078581e-04 4.000605487461256216e-04 6.463295889299674676e-04 5.308902253330621129e-04
4.068490875878740809e-01 1.184792735967006225e-02 5.074599325151744889e-04 4.729540126406448636e-04 7.924849026943858038e-04 6.478333249803919919e-04 1.047103584445523844e-03 8.769674570302081473e-04
4.160746904810231350e-01 1.863070654787360100e-02 8.084337507140576529e-04 7.411698580689039806e-04 1.241189293665241611e-03 1.024993138461272046e-03 1.617468687202215649e-03 1.402331187534383572e-03
4.253002933741722447e-01 2.082767771589559211e-02 9.018535007606180709e-04 8.580952860692651896e-04 1.392052829736180330e-03 1.165943516702155902e-03 1.798707483331392354e-03 1.593203435571025062e-03
4.345258962673212988e-01 1.437793529425832051e-02 6.203212700713299499e-04 6.049707755471055159e-04 9.526653855547583677e-04 8.317483427212560981e-04 1.275168179653379114e-03 1.098491175061312719e-03
4.437514991604703529e-01 8.296495754443893728e-03 3.639727317098599702e-04 3.525147772409625152e-04 5.514405358389151690e-04 4.877427975781643138e-04 7.516100662289266349e-04 6.291945024235225115e-04
4.529771020536194626e-01 4.917787739519900898e-03 2.169408205964333536e-04 2.100995420567146679e-04 3.303307550668998366e-04 2.907569035403333516e-04 4.509555003055420661e-04 3.710984173811056330e-04
4.622027049467684612e-01 3.120403499457160851e-03 1.388102544184750646e-04 1.334935892379814776e-04 2.111142629918679597e-04 1.848139659952445502e-04 2.883008672008762277e-04 2.348820610138958181e-04
4.714283078399175708e-01 2.107304133059759339e-03 9.445201659412328851e-05 9.011050189722475193e-05 1.433859933004304026e-04 1.247537761094891923e-04 1.957672007296350734e-04 1.584763361801987559e-04
4.806539107330666249e-01 1.496314059796272425e-03 6.754927276275842461e-05 6.386451634649513952e-05 1.023221140433931784e-04 8.853649659928790328e-05 1.396363059690537527e-04 1.125277889576284645e-04
4.898795136262157346e-01 1.105441219919464776e-03 5.025597275894080722e-05 4.709420264137212722e-05 7.594476648135244437e-05 6.538073117190066827e-05 1.035788989953026831e-04 8.317887763256682186e-05
4.991051165193647332e-01 8.427958750153615158e-04 3.858478175913153223e-05 3.583928082026208422e-05 5.815999332457310461e-05 4.983123891256352467e-05 7.927140628732952474e-05 6.347334381363476871e-05
5.083307194125139539e-01 6.591370943744076635e-04 3.037764218637010495e-05 2.797703772816867267e-05 4.568527471248697795e-05 3.896318632187441896e-05 6.222664290612208056e-05 4.969684963739646934e-05
5.175563223056629525e-01 5.264047867237825386e-04 2.438574851112594241e-05 2.229891400055636092e-05 3.664337408300854214e-05 3.111094529338110683e-05 4.989892518887434000e-05 3.973857820002615199e-05
5.267819251988120621e-01 4.278027062776883194e-04 1.991696494473108340e-05 1.808317480612986732e-05 2.998071420190218930e-05 2.527831199422358533e-05 4.071648545678782736e-05 3.233737288415444722e-05
5.360075280919610607e-01 3.528351875006353715e-04 1.649768374114012363e-05 1.487965690787215137e-05 2.489294744191310974e-05 2.084329951713422913e-05 3.371582216635997473e-05 2.670621642742430652e-05
5.452331309851101704e-01 2.946963193716520073e-04 1.381514675394387905e-05 1.239636413771202971e-05 2.092863166809535297e-05 1.740294292854640797e-05 2.827212476811860999e-05 2.233519638131443085e-05
5.544587338782591690e-01 2.488533644328135138e-04 1.171306587954536399e-05 1.044541950040759563e-05 1.778461765764699758e-05 1.468887600928426912e-05 2.396828441483155525e-05 1.888482222720078521e-05
5.636843367714083897e-01 2.121635961481997288e-04 1.003413521871265694e-05 8.904179318431910527e-06 1.525782264960245742e-05 1.251533497575768768e-05 2.051459477979755762e-05 1.611993029759458719e-05
5.729099396645573883e-01 1.824113749746305549e-04 8.651668623321919849e-06 7.652484094997080710e-06 1.320017429773696492e-05 1.075141845184726186e-05 1.770641665749974453e-05 1.387478480416738224e-05
5.821355425577064979e-01 1.580371936635138058e-04 7.535362522509083836e-06 6.626370811690544338e-06 1.150719392948836364e-05 9.304807085970122522e-06 1.539952714438863894e-05 1.203252039382979007e-05
5.913611454508554965e-01 1.378329895616941744e-04 6.588492480077523354e-06 5.799387343753686789e-06 1.009777443011127462e-05 8.104429594355493224e-06 1.348197885679439600e-05 1.050299024417698313e-05
6.005867483440046062e-01 1.209587149017567876e-04 5.810414452109283136e-06 5.091216967624635011e-06 8.915373326581107192e-06 7.100496556334336433e-06 1.187584519097836593e-05 9.223166490369819927e-06
6.098123512371537158e-01 1.067345589378262103e-04 5.126981920081612317e-06 4.479188979511315857e-06 7.914145641617993578e-06 6.253031826932063338e-06 1.051799101061649951e-05 8.142265639056654150e-06
6.190379541303028255e-01 9.466885169731814945e-05 4.545705412947243819e-06 3.966511941795280148e-06 7.060855450530037210e-06 5.530990331761620514e-06 9.362654604643598738e-06 7.223419379907031093e-06
6.282635570234518241e-01 8.436905274354778827e-05 4.048543042916121545e-06 3.517361370546646091e-06 6.328921791718894268e-06 4.916775078038526127e-06 8.373283960162833817e-06 6.437227813923995161e-06
6.374891599166009337e-01 7.551278810162348964e-05 3.621318284808798939e-06 3.130215854754418606e-06 5.696452859075971020e-06 4.393165142908134202e-06 7.519798999923685040e-06 5.759598972395415270e-06
6.467147628097499323e-01 6.786587262535485714e-05 3.246572810557262780e-06 2.786273491721345526e-06 5.147535597296409556e-06 3.939842916521186351e-06 6.780341973883075696e-06 5.172945111682665260e-06
6.559403657028991530e-01 6.122808679220205074e-05 2.919574837214873684e-06 2.488641836417029808e-06 4.668516826653742687e-06 3.545194999186856023e-06 6.136193568829419079e-06 4.662253675912846572e-06
6.651659685960481516e-01 5.543430439795662740e-05 2.633943516550397968e-06 2.230165078135457513e-06 4.248110896185637185e-06 3.199669242540536683e-06 5.571878941327690490e-06 4.215170511605851504e-06
6.743915714891972613e-01 5.036429513753558015e-05 2.383736331666315412e-06 2.003650360123917010e-06 3.878100529679787871e-06 2.895729794768364283e-06 5.076133562325347019e-06 3.822634373692402536e-06
6.836171743823462599e-01 4.590785436003125481e-05 2.163548800046855860e-06 1.804459056000933394e-06 3.550925748095123469e-06 2.626709858218096328e-06 4.638628815400342462e-06 3.476372947232563579e-06
6.928427772754953695e-01 4.197789342800320467e-05 1.969128283470645939e-06 1.627952647046659851e-06 3.260605455114828606e-06 2.393618910102843808e-06 4.251161733067982068e-06 3.169858757425579132e-06
7.020683801686443681e-01 3.849868640800240070e-05 1.796764465906872067e-06 1.479151661371311342e-06 3.001917900062511173e-06 2.191489544592953006e-06 3.906609186728134163e-06 2.897398054768260921e-06
7.112939830617935888e-01 3.541236428332974410e-05 1.643604625116369591e-06 1.358806989441433191e-06 2.771927221209105380e-06 1.999969420754925680e-06 3.599534224848532687e-06 2.654628480359523068e-06
7.205195859549425874e-01 3.266872894950548657e-05 1.507187937632806793e-06 1.242376661188295526e-06 2.571950094619494191e-06 1.828824700511362674e-06 3.325191096215626468e-06 2.437766172196495002e-06
7.297451888480916971e-01 3.020935770960950689e-05 1.384704481354700242e-06 1.139058927840194436e-06 2.391127128975828551e-06 1.674699200275844634e-06 3.078038435618965713e-06 2.242444250227113375e-06
7.389707917412406957e-01 2.802064619735224928e-05 1.275407305635156365e-06 1.043219251093771712e-06 2.227535380590562670e-06 1.536611256886361531e-06 2.856833830814702139e-06 2.067589596392002048e-06
7.481963946343899163e-01 2.605570851848302988e-05 1.177051571138587193e-06 9.546813894773645607e-07 2.075680793972167222e-06 1.412680186365598009e-06 2.657101061675323144e-06 1.909690726366225001e-06
7.574219975275389150e-01 2.429205165738612947e-05 1.088517404516892395e-06 8.740210382141552282e-07 1.938136825987423774e-06 1.300353022606089685e-06 2.476718460745067952e-06 1.767037898327314095e-06
7.666476004206880246e-01 2.270343731833909633e-05 1.008527102538365686e-06 8.009902014385944697e-07 1.813049058810854605e-06 1.198525824024226113e-06 2.313169482142688821e-06 1.637640184512068975e-06
7.758732033138370232e-01 2.127399529701261415e-05 9.363083490010117190e-07 7.348924601241671039e-07 1.699377178155412965e-06 1.106259544574579395e-06 2.165002037703773525e-06 1.520340854579826923e-06
7.850988062069861328e-01 1.998475187604145209e-05 8.709174268980547173e-07 6.893536627298014281e-07 1.595751241283584600e-06 1.026232596371555759e-06 2.030371962036833875e-06 1.413661435099886028e-06
7.943244091001351315e-01 1.881884554097887591e-05 8.115294618313516329e-07 6.436524345386124865e-07 1.500955594772679727e-06 9.750794914694981073e-07 1.907637394123782931e-06 1.316304680983688621e-06
8.035500119932843521e-01 1.776508799352935020e-05 7.575972857028505283e-07 6.005649149975060314e-07 1.414245980744460940e-06 9.244046786602717327e-07 1.795770633141632709e-06 1.227447861286241410e-06
8.127756148864333507e-01 1.681113877433061487e-05 7.085250748412733122e-07 5.755598634331682349e-07 1.334756165139555065e-06 8.733934620607536228e-07 1.693592740071857722e-06 1.146165177025600221e-06
8.220012177795824604e-01 1.594954282662963650e-05 6.639270829473575342e-07 5.489762826773022576e-07 1.261955608126812540e-06 8.376748123586516911e-07 1.600378501705260599e-06 1.074939406242441666e-06
8.312268206727314590e-01 1.516734174584611535e-05 6.231879135856494955e-07 5.214233312649966195e-07 1.194912675372542573e-06 8.009554380996991281e-07 1.514881044248139941e-06 1.013862703690635578e-06
8.404524235658805686e-01 1.445691575826536463e-05 5.859328307696688243e-07 4.905805470261511515e-07 1.133083172632751132e-06 7.723109843756415703e-07 1.436363339943845022e-06 9.681805279924402186e-07
8.496780264590296783e-01 1.381356401569423899e-05 5.519104827310371568e-07 4.591995886395983605e-07 1.076124045546161378e-06 7.493682873869583457e-07 1.364360581318266766e-06 9.283507697429418178e-07
8.589036293521787879e-01 1.323009391354942794e-05 5.207820637319660636e-07 4.268026417364176789e-07 1.023539023808472853e-06 7.257830068127631357e-07 1.298197231025187721e-06 8.920257337021913265e-07
8.681292322453277865e-01 1.270205267869950985e-05 4.923227508550264770e-07 3.990442949437648153e-07 9.772088976046376571e-07 6.974810516648823999e-07 1.237442754235379530e-06 8.616641328745874135e-07
8.773548351384768962e-01 1.222183425254056264e-05 4.661672062298937688e-07 3.697956032854734766e-07 9.343168877835389885e-07 6.804902022682632941e-07 1.181335829983260700e-06 8.235908460248604997e-07
8.865804380316258948e-01 1.178819403581055772e-05 4.422399028779283516e-07 3.452246461188399225e-07 8.946349014223773749e-07 6.640888564179094782e-07 1.129778321397899014e-06 7.844832670219553455e-07
8.958060409247751155e-01 1.139694337973574977e-05 4.203363158240509752e-07 3.258379520052312163e-07 8.578770161178319491e-07 6.368455850808442794e-07 1.082359518979141193e-06 7.484940675153427698e-07
9.050316438179241141e-01 1.104151966085879128e-05 4.001439129106932284e-07 3.058884827395269373e-07 8.235357560147836217e-07 6.059752742768583167e-07 1.038413599560844203e-06 7.227239295637077990e-07
9.142572467110732237e-01 1.072131901516499037e-05 3.816201393138682438e-07 2.916862207929605736e-07 7.916064986193435373e-07 5.721952773703566016e-07 9.978861908218213231e-07 7.034633784598686384e-07
9.234828496042222223e-01 1.043349869206670983e-05 3.646263509950264887e-07 2.847726197950709693e-07 7.619092393558186526e-07 5.470638994489120419e-07 9.605140032691392447e-07 6.922799921819981311e-07
9.327084524973712210e-01 1.017570183161727040e-05 3.490413936758214147e-07 2.796723840417788756e-07 7.342761780087834014e-07 5.293219835621113640e-07 9.260566045941292758e-07 6.825640775257161452e-07
9.419340553905202196e-01 9.944548074249443516e-06 3.347028331615130423e-07 2.763296094728726049e-07 7.084467399398128041e-07 5.159816117860678694e-07 8.941658955600017552e-07 6.741489468664498274e-07
9.511596582836694402e-01 9.740000327473415125e-06 3.215956947070296954e-07 2.644406816204533672e-07 6.844637117093394212e-07 5.134481964984136175e-07 8.648587422641137860e-07 6.670655320066981733e-07
9.603852611768185499e-01 9.557413614048794825e-06 3.095023977432971119e-07 2.613721762331437236e-07 6.619275151353248794e-07 5.112359258224665089e-07 8.376333218557797207e-07 6.610647335183648753e-07
9.696108640699675485e-01 9.398449592090328430e-06 2.984863842034864639e-07 2.521059338291494509e-07 6.410455021547321425e-07 5.009296217266978629e-07 8.128861213854967970e-07 6.562746058534865592e-07
9.788364669631165471e-01 9.257858189742646055e-06 2.883053312373829119e-07 2.488369598796131996e-07 6.213319703344272605e-07 4.954437575144714716e-07 7.901455549681122144e-07 6.524044781686402729e-07
9.880620698562656568e-01 9.143082982643745108e-06 2.792801744980633066e-07 2.459794526260939920e-07 6.035658344317055613e-07 4.959153781704097664e-07 7.699399388247126343e-07 6.499409408128113111e-07
9.972876727494148774e-01 9.035028292200759968e-06 2.705445891632588868e-07 2.468586336570480027e-07 5.858637815336472580e-07 4.962252042933291610e-07 7.500907267542322840e-07 6.496212057670716010e-07
1.006513275642563876e+00 8.949300084295381465e-06 2.627885190188107095e-07 2.465152810382773604e-07 5.698021702634510334e-07 4.974083340432804688e-07 7.323880131965434083e-07 6.506508990346430635e-07
1.015738878535712875e+00 8.879835665651510825e-06 2.557410880663225889e-07 2.489539749958733438e-07 5.548388626321829460e-07 4.992195818310536789e-07 7.161826661739073330e-07 6.525436669743291904e-07
1.024964481428862095e+00 8.825668370120987095e-06 2.493400680465939753e-07 2.513405842797642625e-07 5.408563841711781051e-07 5.016419674941453356e-07 7.013381568627143726e-07 6.552734511152581443e-07
1.034190084322011094e+00 8.785281989103909951e-06 2.435107870737457961e-07 2.533283027725263814e-07 5.273599120506496888e-07 5.046281761818553670e-07 6.876804089220845914e-07 6.587712987494422702e-07
1.043415687215160093e+00 8.759308975978310544e-06 2.382739283339852865e-07 2.552778596702497160e-07 5.143053028703825310e-07 5.082192334945014918e-07 6.753044669082582021e-07 6.634533403107105524e-07
1.052641290108309091e+00 8.746059399019605210e-06 2.340184632119517410e-07 2.554324066796932746e-07 5.021362918631454866e-07 5.153040878968876830e-07 6.639947744696499230e-07 6.696076734222540782e-07
1.061866893001458312e+00 8.745687828965376440e-06 2.294831048320368619e-07 2.583800216907479420e-07 4.909044829264598499e-07 5.231573804697131272e-07 6.537710327352613864e-07 6.765212745438409860e-07
1.071092495894607532e+00 8.757326039248705926e-06 2.274523853952335251e-07 2.630518923117628084e-07 4.810718057689852557e-07 5.315067833880652361e-07 6.445409739318232835e-07 6.841573249270173557e-07
1.080318098787756531e+00 8.781241800253537184e-06 2.230718430095901734e-07 2.659567920030718083e-07 4.766393924007638748e-07 5.403935149063548190e-07 6.363000177066555622e-07 6.925599339074418257e-07
1.089543701680905530e+00 8.816431206090014934e-06 2.222126214684347443e-07 2.704385820076448657e-07 4.794501249028627367e-07 5.497825723307402167e-07 6.289587335756998641e-07 7.016759118143780908e-07
1.098769304574054528e+00 8.862956880653725589e-06 2.179191932383615492e-07 2.745569385289942587e-07 4.904283135014537748e-07 5.597070827243800123e-07 6.224874630118249169e-07 7.115367741323841308e-07
1.107994907467203749e+00 8.921594053169912880e-06 2.238105272474370078e-07 2.770770210944033409e-07 4.948981336933972857e-07 5.702109571114423242e-07 6.169668276606495174e-07 7.191197128707616860e-07
1.117220510360352748e+00 8.990759565856035350e-06 2.362638345439413288e-07 2.814698354315528332e-07 4.921562110780267703e-07 5.794277294036459427e-07 6.121814879449678635e-07 7.272976970831678537e-07
1.126446113253501746e+00 9.070972356723919401e-06 2.396623236369859546e-07 2.861453050575135573e-07 4.868927482318378974e-07 5.888615164772811888e-07 6.081713157053537477e-07 7.362728005051717803e-07
1.135671716146650967e+00 9.162607229006927904e-06 2.506132873741228104e-07 2.911311926562592335e-07 4.903112599712889372e-07 5.989562186204506843e-07 6.049735596409833318e-07 7.460917650800920765e-07
1.144897319039799966e+00 9.265667972876623555e-06 2.542707802702828503e-07 2.964425849370731081e-07 5.013360696918040438e-07 6.097335126229663446e-07 6.025515807215323831e-07 7.567705726096465407e-07
1.154122921932948964e+00 9.380546793900080112e-06 2.589722195726396926e-07 3.027660764831925492e-07 5.135747379396439201e-07 6.212371244151838591e-07 6.018128623317033624e-07 7.683531539228329965e-07
1.163348524826097963e+00 9.506833444414553974e-06 2.621674604985050635e-07 3.102340811825045509e-07 5.264233784945177892e-07 6.334609726376085390e-07 6.105927974783895428e-07 7.827013857744231478e-07
1.172574127719247183e+00 9.645382801734545051e-06 2.738842108130450488e-07 3.179090050478898760e-07 5.340562476606330742e-07 6.464790777300033709e-07 6.269545092430943634e-07 7.990222432318962344e-07
1.181799730612396404e+00 9.796703502052837010e-06 2.877106295161616870e-07 3.251611779604497747e-07 5.409955965255162864e-07 6.603386288985632505e-07 6.441221461696886274e-07 8.163624284461805397e-07
1.191025333505545403e+00 9.960571294620589942e-06 2.964561475170804692e-07 3.329102325359758493e-07 5.475894963297699044e-07 6.750464130941282413e-07 6.621246453122835949e-07 8.347239383154944056e-07
1.200250936398694401e+00 1.013876654885477018e-05 3.072085135981256074e-07 3.412049909895207309e-07 5.508588972007827741e-07 6.907458838235266274e-07 6.811180678886694106e-07 8.542978602029371161e-07
1.209476539291843622e+00 1.033152752873089796e-05 3.166484052333649928e-07 3.501031162245146777e-07 5.532254727879296589e-07 7.073182304441377505e-07 7.007400871931694219e-07 8.750805305512123964e-07
1.218702142184992621e+00 1.053965867015452789e-05 3.248735666672409813e-07 3.596376035429557920e-07 5.562870924445841416e-07 7.247641251597906686e-07 7.116139923882994174e-07 8.971917956264863751e-07
1.227927745078141619e+00 1.076413784078762633e-05 3.312439065535073654e-07 3.698720801964540362e-07 5.664950628817389357e-07 7.434001179568870330e-07 7.309861666499752568e-07 9.207234309184750975e-07
1.237153347971290618e+00 1.100582228502241672e-05 3.363042847034722343e-07 3.808542071343559823e-07 5.765787964180737232e-07 7.633114691604872852e-07 7.539993405525225991e-07 9.457886236162870195e-07
1.246378950864439838e+00 1.126746636695956580e-05 3.490885095494951568e-07 3.926953822992830442e-07 5.892117375052847143e-07 7.846970714823212545e-07 7.785045891654643525e-07 9.726219454793368958e-07
1.255604553757589059e+00 1.154796863289811152e-05 3.600823095319352521e-07 4.054285638226611888e-07 6.092213257328116005e-07 8.075306529398746551e-07 8.045274446517271716e-07 1.001168979642515214e-06
1.264830156650738058e+00 1.185207911361406959e-05 3.711489478184840492e-07 4.192047271518933789e-07 6.320859454039987155e-07 8.321422760676987739e-07 8.323722860500049232e-07 1.031850352244342454e-06
1.274055759543887056e+00 1.217981903908800585e-05 3.814258000027213641e-07 4.341006438831128509e-07 6.500527597843433806e-07 8.585846753731266100e-07 8.621340688091088381e-07 1.064703671442747960e-06
1.283281362437036055e+00 1.253490674415526193e-05 3.972760111115778537e-07 4.502638413252870884e-07 6.611560789002560900e-07 8.871381316943678430e-07 8.940944972733624023e-07 1.100079292188889737e-06
1.292506965330185276e+00 1.291968518156897286e-05 4.083963619359604074e-07 4.678352849632658568e-07 6.734710180884972562e-07 9.180098292451435255e-07 9.284849264416991362e-07 1.138216409648164945e-06
1.301732568223334052e+00 1.333847617104236808e-05 4.286538604817581843e-07 4.870344476996795743e-07 6.938944238796174895e-07 9.515404173728932185e-07 9.656440334300188031e-07 1.179499696307916861e-06
1.310958171116483273e+00 1.379342913508285450e-05 4.491118936088450730e-07 5.079983524794782465e-07 7.170503479602506202e-07 9.879444458917296799e-07 1.005842007884439815e-06 1.224202488608663254e-06
1.320183774009632494e+00 1.429043912510198187e-05 4.734557740833121245e-07 5.310097101637191290e-07 7.489428255098676301e-07 1.027683104912622134e-06 1.049540169352828389e-06 1.272863522705471449e-06
1.329409376902781492e+00 1.483514484740857588e-05 4.950813300614543221e-07 5.563853875900735547e-07 7.846762007277236341e-07 1.071225763440452448e-06 1.097227928024740919e-06 1.326011636718983541e-06
1.338634979795930713e+00 1.543317363506537069e-05 5.131414881595098025e-07 5.828428617574076486e-07 8.238153024470642864e-07 1.119056638171482293e-06 1.149433181073868408e-06 1.384226426158195427e-06
1.347860582689079489e+00 1.609379491498794614e-05 5.431493708767122215e-07 6.129215972436015750e-07 8.681294909680843663e-07 1.171912416596476253e-06 1.206901395242787931e-06 1.448377700531575403e-06
1.357086185582228710e+00 1.682501389962021994e-05 5.762380440836640139e-07 6.464653694120770031e-07 9.183813223975474758e-07 1.230493328778584907e-06 1.270387810599375104e-06 1.519267071051370524e-06
1.366311788475377931e+00 1.763925111228801189e-05 6.144962701464825152e-07 6.820048464068599896e-07 9.740486142470556534e-07 1.295816048846119134e-06 1.340932671883901517e-06 1.598075325736883257e-06
1.375537391368526707e+00 1.855024156967151013e-05 6.571362433963905581e-07 7.234017153292816296e-07 1.036069636727002968e-06 1.369035794728458471e-06 1.419738227293552827e-06 1.686141121001502027e-06
1.384762994261675928e+00 1.957586534610782764e-05 7.045392079974170988e-07 7.706313562409094131e-07 1.101019879787816801e-06 1.451641522430159180e-06 1.508332818800852564e-06 1.785184730904805419e-06
1.393988597154824927e+00 2.073750475419377251e-05 7.576132980124318148e-07 8.251919833568850367e-07 1.170736914088419588e-06 1.545437577650274710e-06 1.608574997846549270e-06 1.897287278845340830e-06
1.403214200047974147e+00 2.206300074162176238e-05 8.109207483581869647e-07 8.879140084998371019e-07 1.250485350127750081e-06 1.652766375848114795e-06 1.722854990239297443e-06 2.025135769090026836e-06
1.412439802941123368e+00 2.358747603606021367e-05 8.704309291197467695e-07 9.580958435596681705e-07 1.346165790250882389e-06 1.776597005144669100e-06 1.854191441261870130e-06 2.172138453319652837e-06
1.421665405834272145e+00 2.535593195287113745e-05 9.388043269549678526e-07 1.036050674373647964e-06 1.462559898153499512e-06 1.920770919518853802e-06 2.006482149975459783e-06 2.342665775757098032e-06
1.430891008727421365e+00 2.742881853772830231e-05 1.023966958056749996e-06 1.127614050141173232e-06 1.598655753168729329e-06 2.090428039879147453e-06 2.184885660315486849e-06 2.542575426422301430e-06
1.440116611620570364e+00 2.988460584140460185e-05 1.131647588642835893e-06 1.236403695329328200e-06 1.759564782239826788e-06 2.292320611457922497e-06 2.396162807752534883e-06 2.779523535207270400e-06
1.449342214513719362e+00 3.283175143134268428e-05 1.260546988465235203e-06 1.367430069375452802e-06 1.952216438386877471e-06 2.535803555982040484e-06 2.649597213415467924e-06 3.064058296225272160e-06
1.458567817406868583e+00 3.641839925702168606e-05 1.409537471777485499e-06 1.538129933139102071e-06 2.186124425375007851e-06 2.833763384222634171e-06 2.957891703363219754e-06 3.410658255330271797e-06
1.467793420300017582e+00 4.085488441764130099e-05 1.605231111488612003e-06 1.752513875905226852e-06 2.474664771916161425e-06 3.202567146334555661e-06 3.339000796519137656e-06 3.839901949471356520e-06
1.477019023193166802e+00 4.644330949569668536e-05 1.837439153524142736e-06 2.012785165865071252e-06 2.836967002574542927e-06 3.669499027481421493e-06 3.818747586603200958e-06 4.381459277548342744e-06
1.486244626086316023e+00 5.362871926490055097e-05 2.144847561782515545e-06 2.351903815346429122e-06 3.301022315618565273e-06 4.274138121026558701e-06 4.435120941885040743e-06 5.079238283238880726e-06
1.495470228979464800e+00 6.308213650574800643e-05 2.589562504223618484e-06 2.805898453939987083e-06 3.908621742318156198e-06 5.076232178099469871e-06 5.245425335998594139e-06 5.999821301956553257e-06
1.504695831872614020e+00 7.583025696817134829e-05 3.151129238588063386e-06 3.427178404265447415e-06 4.746938673005153585e-06 6.145081623226464188e-06 6.337765363118128426e-06 7.245989088808525952e-06
1.513921434765763019e+00 9.344675132148404402e-05 3.926663335103645187e-06 4.310175182002141947e-06 5.909826783696953112e-06 7.624682920962354694e-06 7.848859567590550429e-06 8.977454101394730340e-06
1.523147037658912017e+00 1.182224593908428245e-04 5.039589517221121319e-06 5.573138030224710372e-06 7.521463037135677279e-06 9.790414390566470437e-06 9.985339638834695841e-06 1.149493900305227038e-05
1.532372640552061016e+00 1.528729573095400664e-04 6.543858062061882379e-06 7.412300943778160579e-06 9.884955457031732295e-06 1.289172599110713835e-05 1.302324748086105427e-05 1.511982028551441524e-05
1.541598243445210237e+00 1.977809011323851493e-04 8.393263535415426604e-06 9.968596911060683199e-06 1.306537543232131021e-05 1.697115827067847494e-05 1.714944725762814468e-05 1.992679128030310659e-05
1.550823846338359457e+00 2.415185552146982735e-04 1.040616312556410399e-05 1.269104370904336064e-05 1.654676324247368537e-05 2.100802686137988686e-05 2.174135677169910532e-05 2.471616312420678134e-05
1.560049449231508456e+00 2.517162386107498926e-04 1.134726728956345987e-05 1.369701276850184674e-05 1.804705659081562311e-05 2.180327305037379603e-05 2.408347882598368440e-05 2.591865998106319979e-05
1.569275052124657455e+00 2.089631541077849894e-04 9.629832379937937727e-06 1.134036568456445377e-05 1.540068340362117736e-05 1.811010879977770064e-05 2.128409586085334830e-05 2.171891570926684739e-05
1.578500655017806453e+00 1.453132481619268763e-04 6.612446146048785601e-06 7.760688180181399710e-06 1.102719100062407739e-05 1.252958375513039046e-05 1.543049379323620587e-05 1.517956509177370615e-05
1.587726257910955674e+00 9.382745456808389299e-05 4.315960845786481954e-06 5.086465984217709260e-06 7.216640131293614296e-06 8.076494035081678699e-06 1.020180501090141040e-05 9.820147809956464844e-06
1.596951860804104451e+00 6.012562406608460059e-05 2.821453066918338517e-06 3.243319622495187491e-06 4.676673970555831348e-06 5.253744554978420286e-06 6.643222818676714696e-06 6.320455286093873794e-06
1.606177463697253671e+00 3.924776560687378869e-05 1.886460598596862684e-06 2.102406970400129958e-06 3.109834758303909859e-06 3.535342552204699955e-06 4.400029820990225961e-06 4.165192383519838895e-06
1.615403066590402892e+00 2.625816618648180035e-05 1.288869310610819504e-06 1.409200971839674158e-06 2.102637870475946479e-06 2.438618264636321654e-06 2.978689821349938307e-06 2.797494015730274430e-06
1.624628669483551890e+00 1.799412395062766250e-05 8.989775404184110260e-07 9.899982477920519770e-07 1.462882438063559695e-06 1.722427023012183827e-06 2.068554065311562970e-06 1.950770962484028864e-06
1.633854272376701111e+00 1.259618170470956321e-05 6.570489303609809381e-07 7.289250032135896097e-07 1.040094217158228391e-06 1.243254380763101854e-06 1.472882652817142084e-06 1.408408709613020692e-06
1.643079875269850110e+00 8.985340062148856752e-06 4.753975372997010034e-07 5.313786252666616148e-07 7.499505152694604281e-07 9.157542048122242154e-07 1.069894011112628381e-06 1.051890172383747820e-06
1.652305478162999108e+00 6.519524827010821232e-06 3.544473254964155024e-07 3.922396931102084314e-07 5.622218275821148941e-07 6.775493929411530186e-07 7.908084835555668734e-07 8.021892751947776374e-07
1.661531081056148329e+00 4.812334357693795875e-06 2.691826020251324151e-07 3.032827545398607215e-07 4.503669897383446029e-07 5.145690487241094834e-07 5.948931120920000746e-07 6.234634046777541130e-07
1.670756683949297106e+00 3.615640784532553629e-06 2.141494163410195882e-07 2.366317431796849555e-07 3.732651273893519407e-07 3.960962558230186903e-07 4.548484665025214805e-07 4.932860307393529743e-07
1.679982286842446326e+00 2.773516284109638240e-06 1.661147545956690743e-07 1.937684890620363676e-07 2.995765995076217475e-07 3.123827307679971487e-07 3.620221033976852647e-07 3.973969680856534651e-07
1.689207889735595547e+00 2.181775188090730577e-06 1.409414758390725254e-07 1.605817596693425882e-07 2.676597540846256955e-07 2.533443443827416831e-07 3.274699265265218240e-07 3.265398576071282508e-07
1.698433492628744546e+00 1.768806464716930227e-06 1.248107340862637739e-07 1.329053216037684309e-07 2.389448176332278531e-07 2.099657830101834231e-07 2.993601043369831198e-07 2.738849363797860947e-07
1.707659095521893766e+00 1.486346936784512249e-06 1.107581589894008775e-07 1.121467343832153536e-07 2.219042924538043073e-07 1.821075563950148830e-07 2.762586752980085558e-07 2.346042108446704351e-07
1.716884698415042543e+00 1.300039861825222602e-06 9.610068826091216874e-08 9.730659127281468551e-08 2.072537448423228438e-07 1.622967455710180123e-07 2.570689168693479743e-07 2.053835486457921162e-07
1.726110301308191763e+00 1.185098518006489770e-06 8.449701908937836896e-08 8.782094375461284595e-08 1.948741334288262134e-07 1.502266197338021719e-07 2.409414141297294284e-07 1.838015152900627614e-07
1.735335904201340984e+00 1.123740777577079460e-06 7.256433563803292572e-08 7.977098272718376174e-08 1.834320496189855423e-07 1.386199195731556208e-07 2.272589674192771231e-07 1.680976566801612068e-07
1.744561507094489761e+00 1.102602728656938831e-06 7.053221955832355343e-08 7.360558857154158757e-08 1.734088472053619887e-07 1.275927339620039658e-07 2.155057225291564061e-07 1.591970920853532161e-07
1.753787109987638981e+00 1.112490489951378359e-06 6.598687358358622858e-08 6.968156650879235154e-08 1.670442223743008499e-07 1.193565750358269475e-07 2.053901425902686740e-07 1.548667781687365550e-07
1.763012712880787980e+00 1.145864002352502479e-06 5.825635099200664774e-08 7.032078696289054006e-08 1.608478573314332682e-07 1.166464995699622048e-07 1.965980653364351559e-07 1.550712250123045515e-07
1.772238315773937201e+00 1.197025163532248660e-06 5.539556195382603825e-08 6.974686871507613954e-08 1.538235478995418822e-07 1.185697644259235558e-07 1.888699199150262345e-07 1.571521950847893439e-07
1.781463918667086421e+00 1.261960754313554750e-06 5.449799587369044831e-08 7.462398442147985098e-08 1.468665143097026663e-07 1.205711114898769328e-07 1.820682358623096017e-07 1.582267076978742839e-07
1.790689521560235198e+00 1.337001045725803633e-06 5.421444227495867394e-08 7.700160788507983491e-08 1.414662718841729941e-07 1.256223837460239485e-07 1.759703077275971281e-07 1.603035664436116864e-07
1.799915124453384419e+00 1.420373411038853604e-06 5.852236922805164483e-08 7.960638953547309299e-08 1.374676366949478377e-07 1.286082616962118784e-07 1.705901424258105894e-07 1.636550517481371044e-07
1.809140727346533417e+00 1.509432425730772268e-06 6.488961166055050359e-08 8.016087843982805817e-08 1.349894911483462530e-07 1.326397615836124059e-07 1.657142027864178028e-07 1.678670341551696278e-07
1.818366330239682416e+00 1.602818316859033797e-06 6.806952741620248127e-08 8.226263702114589324e-08 1.350198354410088002e-07 1.368651594715991949e-07 1.612864089224676668e-07 1.727860963151703986e-07
1.827591933132831414e+00 1.699305789618480282e-06 6.945407130689515158e-08 8.409346608939287311e-08 1.348952854092487523e-07 1.406197633161632913e-07 1.572449369487881888e-07 1.793730076248546697e-07
1.836817536025980635e+00 1.798022632471191215e-06 7.436102167257384270e-08 8.675199998518508425e-08 1.387020737294027756e-07 1.467998910879257713e-07 1.535622684623974316e-07 1.866093499566499913e-07
1.846043138919129634e+00 1.898196438916934222e-06 7.569330533489621683e-08 8.797780513879302154e-08 1.367977669745514844e-07 1.526312511637369704e-07 1.537766951519161729e-07 1.949578216389883447e-07
1.855268741812278410e+00 1.999208130306995563e-06 7.966475632869442469e-08 9.172706629221454732e-08 1.377191006669785277e-07 1.613399234856553659e-07 1.577922548001624413e-07 2.038243942563037383e-07
1.864494344705427187e+00 2.100556614876762331e-06 8.188448829071871823e-08 9.665398457107745602e-08 1.391560079316706542e-07 1.708236537006998067e-07 1.654682846102572558e-07 2.128135145511615855e-07
1.873719947598576185e+00 2.201890317001682172e-06 8.445220461781867790e-08 1.001906034566611006e-07 1.404212765448383320e-07 1.803791345666738427e-07 1.745513955637656108e-07 2.226051717956794692e-07
1.882945550491724962e+00 2.302934540857847381e-06 8.848979550509550497e-08 1.046933934199310818e-07 1.420528350614903487e-07 1.899759259723240483e-07 1.837889017844724871e-07 2.326567611971927344e-07
1.892171153384873961e+00 2.403562602702013521e-06 9.331646047627351146e-08 1.092229908564073932e-07 1.486135495019640744e-07 1.995975207708360512e-07 1.929777728871322705e-07 2.427472280828216405e-07
1.901396756278022737e+00 2.503461993562564901e-06 9.731106829467410556e-08 1.137989921009568209e-07 1.555449432112399710e-07 2.081168250017386514e-07 2.020800430790907129e-07 2.528410445173064812e-07
1.910622359171171736e+00 2.602570805332520306e-06 1.034518704704548545e-07 1.183542219454656500e-07 1.622051486761740634e-07 2.165022669054963532e-07 2.112771924171385818e-07 2.629314202297277251e-07
1.919847962064320512e+00 2.700868621363338003e-06 1.095905879515471010e-07 1.230859887344416526e-07 1.705502681330630738e-07 2.248386616566973453e-07 2.205538899891248138e-07 2.730123885897638562e-07
1.929073564957469289e+00 2.798065524141406463e-06 1.158838998926348303e-07 1.279665682896570428e-07 1.799275163457347478e-07 2.319582976862227731e-07 2.298758590182017897e-07 2.832116511990443911e-07
1.938299167850618288e+00 2.894117741856903252e-06 1.154293751628354448e-07 1.326760155981030314e-07 1.892798414780595361e-07 2.401395246532236021e-07 2.392351714963718646e-07 2.935739111304951138e-07
1.947524770743767064e+00 2.989298196412160019e-06 1.177933770111032974e-07 1.364709375167500400e-07 1.986102164004296302e-07 2.488764026989957421e-07 2.486473323827396752e-07 3.039056483436089888e-07
1.956750373636916063e+00 3.083277351258021785e-06 1.223461637772200002e-07 1.415743688356122226e-07 2.079175916231796306e-07 2.582309546519072313e-07 2.580719510907652090e-07 3.141698501922163383e-07
1.965975976530064839e+00 3.176066920508457184e-06 1.262733094824678668e-07 1.465822422486962448e-07 2.171982388872902794e-07 2.675219015185464928e-07 2.675131853165021763e-07 3.243700359449114756e-07
1.975201579423213616e+00 3.267807249911265795e-06 1.308757364027433698e-07 1.513725949278244829e-07 2.264578611661203140e-07 2.767573158434011867e-07 2.769718060402561519e-07 3.345152296235797380e-07
1.984427182316362615e+00 3.359648098141023971e-06 1.347035042868080695e-07 1.562899148595132739e-07 2.356946865085180494e-07 2.859977409264602335e-07 2.866014662525165718e-07 3.447420882514079078e-07
1.993652785209511391e+00 3.448046109808637932e-06 1.406852309264793232e-07 1.609953897180416100e-07 2.449145837518684143e-07 2.950558408760013091e-07 2.959226553535999536e-07 3.546290291102359561e-07
2.002878388102660168e+00 3.536457347689153955e-06 1.464022958928374725e-07 1.658173276818839988e-07 2.541124930124561829e-07 3.039647169945779186e-07 3.054010933632298724e-07 3.645871442247845717e-07
2.012103990995809166e+00 3.623844513449181084e-06 1.517765682962439411e-07 1.706466335802219875e-07 2.632952993440335246e-07 3.125964861151307744e-07 3.148834015087906422e-07 3.744876031654971094e-07
2.021329593888958165e+00 3.710184719940333004e-06 1.570704470178082290e-07 1.754827738614447174e-07 2.724626507878395025e-07 3.210052341878140017e-07 3.243693785404408015e-07 3.843292073891718649e-07
2.030555196782107164e+00 3.795442664438696449e-06 1.605084323119953506e-07 1.803233299032480045e-07 2.816143482499030303e-07 3.290088823365464926e-07 3.338558106479991512e-07 3.941089931543210120e-07
2.039780799675255718e+00 3.879717322361028565e-06 1.649996549033292160e-07 1.851680942423429332e-07 2.907558201694913675e-07 3.366860845643433393e-07 3.433438413996469391e-07 4.038334952090705047e-07
2.049006402568404717e+00 3.963056291881923251e-06 1.699277852030966357e-07 1.900141538175010070e-07 2.998914927217334080e-07 3.442395909955075120e-07 3.528306135796341919e-07 4.135042707753434351e-07
2.058232005461553715e+00 4.045414468856128195e-06 1.759367770927604648e-07 1.948657475500801116e-07 3.090177990301838141e-07 3.517741180851163177e-07 3.623218040298077351e-07 4.231219225191163478e-07
2.067457608354702270e+00 4.126965200787440382e-06 1.813238961468582907e-07 1.997251103095691534e-07 3.181429223440571867e-07 3.595682270297744360e-07 3.718223807605727552e-07 4.326990981235677211e-07
2.076683211247851268e+00 4.207266523956521425e-06 1.863131781096462637e-07 2.045721395087520905e-07 3.272556844161108588e-07 3.677795168708014524e-07 3.813025900429542367e-07 4.421958973101301235e-07
2.085908814141000267e+00 4.286991843543292806e-06 1.908600888405982544e-07 2.092960258381494062e-07 3.363756082271931902e-07 3.759808220530415999e-07 3.908088134449491855e-07 4.516740781104205287e-07
2.095134417034148822e+00 4.365803038754330267e-06 1.961844531496090543e-07 2.138470214458863681e-07 3.454968107835041914e-07 3.841500771657793001e-07 4.003106652391811860e-07 4.610994054244990105e-07
2.104360019927297820e+00 4.443731596959505543e-06 2.010227922417499259e-07 2.183915871790055623e-07 3.546200746213907143e-07 3.922905024431939974e-07 4.098125364837164049e-07 4.704762776724105499e-07
2.113585622820446819e+00 4.520858205241966924e-06 2.064282856880713879e-07 2.229462976031701852e-07 3.637482276751836591e-07 4.004079704959686195e-07 4.193231075154149094e-07 4.798134415028843026e-07
2.122811225713595817e+00 4.597251407679173494e-06 2.122581699911190201e-07 2.275129226394582215e-07 3.728845190572642140e-07 4.085073615221775006e-07 4.288457202959387708e-07 4.891169080002888734e-07
2.132036828606744372e+00 4.672918615182704215e-06 2.181290194885609774e-07 2.321671543404946913e-07 3.820319906204254877e-07 4.165883207179666664e-07 4.383760994258124847e-07 4.983848471354904901e-07
2.141262431499893371e+00 4.747804554077227269e-06 2.240408345453862978e-07 2.367219660712736431e-07 3.911897957386873699e-07 4.246478596571698734e-07 4.479108129560844417e-07 5.076125189534930302e-07
2.150488034393042369e+00 4.822002358189352558e-06 2.295471780121023219e-07 2.412903639441643381e-07 4.003591859473268111e-07 4.326945163179745957e-07 4.574640049957233746e-07 5.168128464884441770e-07
2.159713637286190924e+00 4.895657058672137863e-06 2.349812682145133150e-07 2.458674457632021099e-07 4.095493491751996915e-07 4.407350545689208687e-07 4.670362337416327983e-07 5.259937453289268152e-07
2.168939240179339922e+00 4.968442861122187138e-06 2.410590292455502332e-07 2.504386685232455473e-07 4.187488380265979275e-07 4.487370363198181755e-07 4.766090068248267857e-07 5.351282191998880754e-07
2.178164843072488921e+00 5.040619631828843999e-06 2.471876206389681191e-07 2.550063120782168429e-07 4.279668816705354232e-07 4.567053099237630099e-07 4.862020721089144591e-07 5.442407319061476543e-07
2.187390445965637920e+00 5.112269975348832083e-06 2.533684415453208249e-07 2.598836265712309128e-07 4.372073596527819656e-07 4.646720099235856406e-07 4.958793403182461655e-07 5.533389104484744784e-07
2.196616048858786474e+00 5.183275080194299421e-06 2.595913918971661015e-07 2.647563192268185200e-07 4.464706149630004439e-07 4.726252355425124174e-07 5.056763677083554582e-07 5.624046768780643452e-07
2.205841651751935473e+00 5.253720522839888116e-06 2.658691853502809390e-07 2.696361663295348196e-07 4.557561912428409045e-07 4.805764008842838117e-07 5.154981157456096672e-07 5.714552105093822135e-07
2.215067254645084471e+00 5.323638679579622491e-06 2.722016593732271730e-07 2.745238282971790893e-07 4.650660697764671112e-07 4.885279505557413039e-07 5.253455211832794348e-07 5.804931224682542405e-07
2.224292857538233026e+00 5.393021063262164888e-06 2.785784947271569139e-07 2.794112221045489303e-07 4.744050446921217843e-07 4.964739102677638902e-07 5.352071590282068362e-07 5.895088188528957286e-07
2.233518460431382024e+00 5.461825787144963339e-06 2.850099030216694863e-07 2.843043467376694136e-07 4.837685189169858721e-07 5.044171728903263082e-07 5.450921175849111596e-07 5.985072850048953495e-07
2.242744063324531023e+00 5.530210144275139554e-06 2.908275633980554755e-07 2.892066425973579972e-07 4.931643948568314323e-07 5.123663753818043963e-07 5.550062831154165053e-07 6.074997322302819880e-07
2.251969666217680022e+00 5.598132800869133097e-06 2.952703675656165514e-07 2.941856229172166314e-07 5.025591017223783274e-07 5.203694748925518011e-07 5.650509513060393064e-07 6.165621127137378555e-07
2.261195269110828576e+00 5.665417829567714711e-06 3.017566864819905652e-07 2.990867032084073394e-07 5.119889324562776014e-07 5.283079782971514610e-07 5.749942853355460886e-07 6.255088844025141022e-07
2.270420872003977575e+00 5.732393549536054704e-06 3.082704983789807520e-07 3.040004121947406912e-07 5.213512753728115587e-07 5.362596122600982824e-07 5.849731239706873988e-07 6.344587832057617835e-07
2.279646474897126573e+00 5.798832435066306895e-06 3.148366361555578706e-07 3.088862931041721962e-07 5.307576536368515473e-07 5.441861902970255506e-07 5.949259621731131634e-07 6.433546913270509851e-07
2.288872077790275128e+00 5.864957595084377380e-06 3.213767131087655131e-07 3.138956536916886721e-07 5.401673962276954026e-07 5.521766039665877544e-07 6.050164437271876998e-07 6.523321524017132531e-07
2.298097680683424127e+00 5.930580977323994703e-06 3.275477990875477386e-07 3.189580401751114383e-07 5.496237644933026873e-07 5.601449527975564313e-07 6.150841601975674458e-07 6.612593620328586266e-07
2.307323283576573125e+00 5.995835367210636252e-06 3.328462873674084788e-07 3.240394836787283071e-07 5.591164054142037454e-07 5.681243512941267266e-07 6.251866149155489141e-07 6.701860928653228299e-07
2.316548886469722124e+00 6.060843947155433006e-06 3.392448163378086100e-07 3.291430589557751130e-07 5.686515050353262567e-07 5.761225361871729874e-07 6.353305131046472348e-07 6.791226045529382693e-07
2.325774489362870678e+00 6.125350183429804915e-06 3.459009154857339860e-07 3.342572183925768449e-07 5.782179609301486478e-07 5.841244589429370255e-07 6.455348590549211211e-07 6.880483484575329592e-07
2.335000092256019677e+00 6.189536976311716672e-06 3.525938870556460158e-07 3.393860407957788300e-07 5.878243782847104629e-07 5.921418498701767370e-07 6.560010884543889987e-07 6.969790902671097415e-07
2.344225695149168676e+00 6.253155125212312477e-06 3.593260438630120333e-07 3.445019655114639861e-07 5.974668597927050519e-07 6.001486247513061230e-07 6.664917652371683563e-07 7.058781159218393070e-07
2.353451298042317230e+00 6.316794246097572170e-06 3.660912813337383986e-07 3.497010747407952092e-07 6.071527006966691747e-07 6.082137590976442593e-07 6.770455492271450055e-07 7.148422730864878349e-07
2.362676900935466229e+00 6.380018832941176029e-06 3.728982727390903928e-07 3.548916738956818122e-07 6.168828097393231534e-07 6.162782641888903186e-07 6.876330773579091284e-07 7.237878992606972594e-07
2.371902503828615227e+00 6.442919971734722617e-06 3.797443033914649880e-07 3.600762784958233125e-07 6.266551907865206453e-07 6.243587620670202341e-07 6.982619675601991582e-07 7.327385390931320431e-07
2.381128106721764226e+00 6.505527741384538934e-06 3.866300837584618868e-07 3.651061510741273263e-07 6.364716590159025841e-07 6.324575789084567481e-07 7.089344350790262452e-07 7.416972206477528870e-07
2.390353709614912781e+00 6.567737720431348413e-06 3.935548162371577111e-07 3.701475868379532774e-07 6.463275032032408831e-07 6.405690006209425392e-07 7.196453599341949287e-07 7.506560947264828397e-07
2.399579312508061779e+00 6.629795817816548233e-06 4.005136092873147867e-07 3.752077203556592586e-07 6.562353948423344814e-07 6.487076334737814005e-07 7.304085922898534717e-07 7.596347321666034328e-07
2.408804915401210778e+00 6.691589337116608681e-06 4.075124265303737959e-07 3.802840083791124605e-07 6.661900770159326631e-07 6.568675164425314309e-07 7.412185709749883019e-07 7.686249206430253959e-07
2.418030518294359332e+00 6.753120901013142658e-06 4.145530332661940867e-07 3.853760029114596794e-07 6.761923895945161261e-07 6.650487501854506720e-07 7.520759331214609371e-07 7.776266647846762125e-07
2.427256121187508331e+00 6.814288196288640964e-06 4.216344941029249793e-07 3.904811012244889932e-07 6.862375913077016379e-07 6.732457006277911107e-07 7.629755645998899312e-07 7.866322702585133695e-07
2.436481724080657330e+00 6.875329157982912116e-06 4.287602509214266230e-07 3.956069071033124334e-07 6.963379220983673454e-07 6.814729597498198367e-07 7.739310717574550470e-07 7.956612044443112837e-07
2.445707326973806328e+00 6.936157000725912797e-06 4.359296938392160620e-07 4.007503992664551809e-07 7.064898094886157374e-07 6.897253107147306923e-07 7.849382525723826713e-07 8.047063709203691905e-07
2.454932929866954883e+00 6.996747045436148007e-06 4.431428185126261806e-07 4.059121119516891562e-07 7.166920002050785842e-07 6.980022518445423954e-07 7.959961769673533217e-07 8.137668883006872740e-07
2.464158532760103881e+00 7.057097812077552490e-06 4.504002117388583506e-07 4.110903371258692700e-07 7.269455035750381480e-07 7.063029655096063353e-07 8.071052119841496062e-07 8.228415882671707797e-07
2.473384135653252880e+00 7.117269860308664695e-06 4.577028207970041518e-07 4.162892695065939673e-07 7.372532437952796831e-07 7.146324566276775688e-07 8.182694230449240921e-07 8.319370842126017564e-07
2.482609738546401434e+00 7.177222330520700776e-06 4.650507034757093809e-07 4.215064027169128494e-07 7.476139071048542022e-07 7.229879051595913451e-07 8.294868062913683812e-07 8.410494077589654991e-07
2.491835341439550433e+00 7.236985436853280260e-06 4.724445656657633470e-07 4.267702102717290397e-07 7.580293190306756524e-07 7.313717576195616517e-07 8.407596549336598883e-07 8.501817495849504699e-07
2.501060944332699432e+00 7.296542605267388616e-06 4.798845601218314528e-07 4.320776038011947290e-07 7.684991150257436591e-07 7.397832272392100756e-07 8.520875243216022307e-07 8.593329624195924916e-07
2.510286547225848430e+00 7.356050138346078962e-06 4.873734748896182747e-07 4.374116068014466925e-07 7.790320077328573888e-07 7.482318268633721370e-07 8.634797884772101292e-07 8.685155973697010430e-07
2.519512150118996985e+00 7.415248489684250779e-06 4.949077317980806937e-07 4.427648312058436476e-07 7.896146904343802607e-07 7.567024973367819391e-07 8.746256673430730094e-07 8.777094682041952037e-07
2.528737753012145983e+00 7.474416739884387748e-06 5.024919756041785023e-07 4.481459374819533607e-07 8.002623060337678629e-07 7.652123049796533732e-07 8.856906869753221608e-07 8.869371937492316198e-07
2.537963355905294982e+00 7.533259890780830888e-06 5.101221102853064737e-07 4.535457393904948774e-07 8.109598043435784084e-07 7.737433970772871833e-07 8.968009807434588088e-07 8.961748741512344594e-07
2.547188958798443537e+00 7.592086267631560433e-06 5.178032367650230356e-07 4.589742704330915634e-07 8.217238573861688231e-07 7.822757381463825256e-07 9.079738879255836744e-07 9.054480448369914213e-07
2.556414561691592535e+00 7.650748109888646191e-06 5.255333782252345770e-07 4.644273427909996301e-07 8.325469966318339393e-07 7.905955179296561829e-07 9.192023762533058003e-07 9.147452430004580440e-07
2.565640164584741534e+00 7.709235992056761303e-06 5.333128625776263973e-07 4.699042740865671757e-07 8.435712603436270728e-07 7.989391323034251554e-07 9.304853438855912738e-07 9.240652288747993652e-07
2.574865767477890532e+00 7.767653210657268417e-06 5.408588687576265652e-07 4.754096177661508104e-07 8.546701346364714877e-07 8.073150087923257386e-07 9.418307718879030823e-07 9.334180659569448144e-07
2.584091370371039087e+00 7.825998125275268754e-06 5.479324400873428815e-07 4.809426926773682130e-07 8.658366680314798333e-07 8.157223299910688677e-07 9.532375316787430864e-07 9.428028427640462023e-07
2.593316973264188086e+00 7.884096408821697480e-06 5.550423114214925326e-07 4.864979190309583036e-07 8.770625570472246853e-07 8.241493846377851774e-07 9.646961408314418530e-07 9.522052412984332353e-07
2.602542576157337084e+00 7.942172689929387724e-06 5.621950442274856402e-07 4.920830936029818901e-07 8.883594767306012810e-07 8.326120049820866391e-07 9.762201262915966207e-07 9.616444813693979796e-07
2.611768179050485639e+00 8.000143365556796617e-06 5.690951995089874271e-07 4.976959888291001692e-07 8.997235438000687822e-07 8.411051006978778093e-07 9.878057995722305346e-07 9.711142566326657946e-07
2.620993781943634637e+00 8.057983266876908479e-06 5.755832043602394053e-07 5.033094198095918495e-07 9.111541327425411727e-07 8.496266418241917078e-07 9.994513449918290186e-07 9.806121282894730143e-07
2.630219384836783636e+00 8.115818893484146355e-06 5.825415521737941065e-07 5.089047519735443985e-07 9.226582018248821526e-07 8.581855720455469353e-07 1.011164453480939659e-06 9.902061928308875211e-07
2.639444987729932635e+00 8.173423544079821236e-06 5.903587193108197581e-07 5.145230051138236779e-07 9.342241727122449154e-07 8.667672791932856143e-07 1.022933607273769966e-06 9.998383623393283592e-07
2.648670590623081189e+00 8.231038335422164067e-06 5.985396589889405475e-07 5.201713685437977109e-07 9.458652661393459379e-07 8.754866457680336443e-07 1.034772107321484116e-06 1.009512791422596336e-06
2.657896193516230188e+00 8.288554652189363502e-06 6.068224431260885285e-07 5.258470121833114567e-07 9.575761892563476081e-07 8.842919877424209842e-07 1.046674763256725212e-06 1.019221193616435457e-06
2.667121796409379186e+00 8.345961763555047674e-06 6.151570905848182709e-07 5.315489105689830352e-07 9.693569412822211742e-07 8.931291234467970147e-07 1.058640468663896972e-06 1.028962388735985396e-06
2.676347399302527741e+00 8.403286381760456138e-06 6.235305446100846788e-07 5.372792083498033154e-07 9.812091746990474547e-07 9.020002475246350018e-07 1.070672325538273405e-06 1.038739520677724721e-06
2.685573002195676739e+00 8.460618303766098894e-06 6.321505232842158147e-07 5.430407043385590527e-07 9.931382136617905349e-07 9.109118853729611574e-07 1.082775604298967108e-06 1.048560005718146805e-06
2.694798605088825738e+00 8.517869063676517078e-06 6.409190137717964277e-07 5.488299735709128389e-07 1.005139933207661808e-06 9.198580031860834917e-07 1.094944896768684632e-06 1.058416358977103480e-06
2.704024207981974737e+00 8.575046295177618540e-06 6.497470765975012620e-07 5.546489929391405836e-07 1.017214855941054845e-06 9.288395596960056356e-07 1.107182663311462979e-06 1.068310497098688515e-06
2.713249810875123291e+00 8.632144321464712828e-06 6.586350149310612551e-07 5.604967194958382967e-07 1.029363373377021836e-06 9.378562197810004334e-07 1.119487949590765934e-06 1.078241470079817593e-06
2.722475413768272290e+00 8.689265160774997670e-06 6.675833461044727401e-07 5.663767347296255826e-07 1.041591454948259345e-06 9.469155109712248415e-07 1.131867143846101260e-06 1.088218005896488662e-06
2.731701016661421288e+00 8.746308494375238258e-06 6.765896152002018804e-07 5.722861870367599430e-07 1.053894061487370618e-06 9.560105705648844183e-07 1.144315130222085933e-06 1.098232237601689718e-06
2.740926619554569843e+00 8.803289552827981760e-06 6.854402442648978153e-07 5.782256398354075985e-07 1.066272452608132260e-06 9.651427302312781925e-07 1.156833063634514773e-06 1.108285604521237733e-06
2.750152222447718842e+00 8.860333287361339010e-06 6.943077477404657283e-07 5.841996126406323250e-07 1.078734121274709665e-06 9.743210576182482645e-07 1.169429034109192129e-06 1.118388778372019318e-06
2.759377825340867840e+00 8.917148668163279654e-06 7.032303813316213235e-07 5.901984185335221872e-07 1.091263067424172925e-06 9.835252220138983271e-07 1.182085861282757743e-06 1.128517865246794253e-06
