4.612801446574533726e-01 1.747416103842811935e+03 9.262316843121425336e-01 6.799495545619720360e-01 1.528249083576611156e+00 1.414628861352639433e+00 2.355289884882040496e+00 1.704305421060325898e+00
4.705057475506024267e-01 1.528097637358861903e+03 9.675663963469105511e-01 7.674571812785870861e-01 1.477400797336940741e+00 1.398723967705791438e+00 2.399933490991770668e+00 1.650129936499752148e+00
4.797313504437515363e-01 1.347259678865949809e+03 9.240625444424495072e-01 7.342030847312344122e-01 1.450207698460872052e+00 1.279470953197233030e+00 2.272243115827677684e+00 1.494915784760451061e+00
4.889569533369005905e-01 1.197828985724039967e+03 8.783227025162432255e-01 6.966024054518129560e-01 1.350135408204096166e+00 1.160091339795371823e+00 2.090525210118130417e+00 1.331706166413368919e+00
4.981825562300497001e-01 1.073003580611058851e+03 8.055567678734405490e-01 6.438794042153404007e-01 1.220602678738259783e+00 1.042349900448471089e+00 1.905574787312843910e+00 1.183412827759411812e+00
5.074081591231986987e-01 9.674710792478297208e+02 7.179317123861892469e-01 6.012582833536725957e-01 1.118317350314441683e+00 9.340608914770882620e-01 1.734338609124961295e+00 1.060469940980283354e+00
5.166337620163478084e-01 8.772522991382390956e+02 6.600726448768909904e-01 5.524304194163960346e-01 1.028198665330933181e+00 8.390565163920200575e-01 1.581266119156339300e+00 9.626308364155420350e-01
5.258593649094969180e-01 7.993683031755480215e+02 6.049722562148645011e-01 5.013637964131021363e-01 9.349942478768298315e-01 7.533828584201955891e-01 1.446225748595566074e+00 8.771946092599591793e-01
5.350849678026460277e-01 7.315615702671725558e+02 5.615752163208753700e-01 4.571449325502499050e-01 8.649888111746122377e-01 6.806712011441504728e-01 1.327537092971510901e+00 8.026879697837330241e-01
5.443105706957950263e-01 6.720940288009207961e+02 5.217208760329867800e-01 4.219424546143955013e-01 7.990959391875094298e-01 6.185425558600172735e-01 1.223146480494506250e+00 7.380860783071057085e-01
5.535361735889441359e-01 6.196058867661780596e+02 4.850035024346652790e-01 3.911427128706463918e-01 7.339414971858104764e-01 5.650675394402924212e-01 1.131070352795063627e+00 6.822524187002727558e-01
5.627617764820932456e-01 5.730171857006200753e+02 4.521406333952882051e-01 3.620468643706544754e-01 6.782068446244693405e-01 5.187053702616140072e-01 1.049543826943249769e+00 6.328354587799367437e-01
5.719873793752422442e-01 5.314584500643619549e+02 4.226512625240275156e-01 3.387917306858980737e-01 6.293926491921411071e-01 4.782295387931299047e-01 9.770510487999217730e-01 5.889075050877181638e-01
5.812129822683913538e-01 4.942211008053352543e+02 3.964866636863462190e-01 3.162319119080621022e-01 5.860572228126557093e-01 4.426611984777650832e-01 9.123104368403005537e-01 5.496863142909091948e-01
5.904385851615404635e-01 4.607214158374020485e+02 3.721397844352054562e-01 2.946975686288055840e-01 5.469822907402885903e-01 4.112149478097535393e-01 8.542452953331576282e-01 5.145159354929091933e-01
5.996641880546894621e-01 4.304739049500331021e+02 3.504250795146504061e-01 2.758419984651823142e-01 5.151551352844876419e-01 3.832563651347413725e-01 8.019522595029684453e-01 4.828467827412055158e-01
6.088897909478385717e-01 4.030713301286922388e+02 3.294179246385056103e-01 2.599350291143309732e-01 4.863303140093648835e-01 3.594462102284410321e-01 7.547332687295238429e-01 4.542175825339427320e-01
6.181153938409876814e-01 3.781694921076667129e+02 3.092238480659261768e-01 2.463706283021451782e-01 4.598440876727636351e-01 3.397522990877632765e-01 7.121668083066765575e-01 4.282399471337612340e-01
6.273409967341367910e-01 3.554754890126840792e+02 2.912805417971640054e-01 2.333251353440459752e-01 4.355997628508703201e-01 3.217393625855038408e-01 6.733547450997434680e-01 4.045855561253688393e-01
6.365665996272857896e-01 3.347385421375342389e+02 2.748088260169083696e-01 2.203569660108541939e-01 4.133452212240058543e-01 3.052168441524827358e-01 6.378534141874183661e-01 3.829756504742931611e-01
6.457922025204348992e-01 3.157427463875186504e+02 2.593948335921254511e-01 2.088829238888934015e-01 3.928624079316591633e-01 2.900202780429026461e-01 6.052831346967764148e-01 3.627483266396325234e-01
6.550178054135840089e-01 2.983012825420702256e+02 2.453511272117907538e-01 1.990879285145865651e-01 3.739621992563115782e-01 2.758542225241740198e-01 5.753176309822833900e-01 3.438501531911128950e-01
6.642434083067330075e-01 2.822517532032206873e+02 2.325125799285956418e-01 1.902218733523568517e-01 3.560806084648788783e-01 2.626669697406214254e-01 5.476753525838375936e-01 3.264900433104571675e-01
6.734690111998820061e-01 2.674523921318295265e+02 2.207387504119537880e-01 1.821698713380328627e-01 3.392727669702253479e-01 2.515199830078813648e-01 5.221123462050627495e-01 3.104980257799638821e-01
6.826946140930312268e-01 2.537789593885681541e+02 2.099095369581789328e-01 1.746431077851866576e-01 3.237046062424155934e-01 2.411155910667446278e-01 4.984163896498330359e-01 2.957275384194701928e-01
6.919202169861803364e-01 2.411221800667141508e+02 1.999217008849996091e-01 1.675965162395414154e-01 3.092518911381603175e-01 2.313790999952516358e-01 4.764021500161277345e-01 2.820516183533356980e-01
7.011458198793293350e-01 2.293856176355057244e+02 1.906860668100875955e-01 1.609896071382479477e-01 2.958059015195431130e-01 2.216440888441866264e-01 4.559071734966835265e-01 2.693597977356887441e-01
7.103714227724783337e-01 2.184838975397866534e+02 1.821252535397093197e-01 1.547770831391517277e-01 2.832711407546355531e-01 2.124194591249306541e-01 4.367885515100340399e-01 2.575555604116743780e-01
7.195970256656274433e-01 2.083412151552807927e+02 1.741718236861800051e-01 1.489346433968989913e-01 2.715634293863047333e-01 2.037871998559523945e-01 4.189201382961016407e-01 2.465542470137336295e-01
7.288226285587766640e-01 1.988900761690111949e+02 1.667667658723530622e-01 1.434343755523457276e-01 2.605809608463403038e-01 1.955944328783516539e-01 4.021902195710254091e-01 2.362813204810549905e-01
7.380482314519256626e-01 1.900702281342258857e+02 1.598582427514259052e-01 1.382494304613430813e-01 2.502669493889584373e-01 1.879137222683482378e-01 3.864995513939391003e-01 2.266709228202614668e-01
7.472738343450746612e-01 1.818277501877803957e+02 1.534005527634860755e-01 1.331845673564089338e-01 2.405852279233897661e-01 1.810852760757484248e-01 3.717597040136695341e-01 2.176646684272327548e-01
7.564994372382237708e-01 1.741142743274712075e+02 1.473532647451634148e-01 1.284054465018584779e-01 2.314828396974348834e-01 1.747695462279068579e-01 3.578916579048154745e-01 2.092106305389904719e-01
7.657250401313729915e-01 1.668863166733106880e+02 1.416804931064916673e-01 1.238917449408916127e-01 2.229123892409177188e-01 1.687956176844522815e-01 3.448246091381577116e-01 2.012624861351923755e-01
7.749506430245219901e-01 1.601047011077350817e+02 1.363502879265467982e-01 1.196233093978378292e-01 2.148313437168383189e-01 1.631384295366160586e-01 3.324949491766346910e-01 1.937787914572197678e-01
7.841762459176709887e-01 1.537340608493995546e+02 1.313942835077739346e-01 1.155786404999048500e-01 2.072014354849329720e-01 1.575522786887688653e-01 3.208453905559451869e-01 1.867223656963687972e-01
7.934018488108200984e-01 1.477424060449018839e+02 1.268343070418325169e-01 1.116867876019398409e-01 1.999881493911175312e-01 1.521877745277890881e-01 3.098242150304315601e-01 1.800597646600579083e-01
8.026274517039692080e-01 1.421007475014345403e+02 1.225252488216597158e-01 1.079764090186472458e-01 1.931602812574055861e-01 1.471052827890844128e-01 2.993846248987495073e-01 1.737608296012069786e-01
8.118530545971182066e-01 1.367827683350290897e+02 1.184363033331408133e-01 1.044509853458066573e-01 1.866895564259891671e-01 1.422504695298414390e-01 2.894841815643474092e-01 1.677982990943007735e-01
8.210786574902672053e-01 1.317645366549383255e+02 1.145550952221583429e-01 1.010943273909674645e-01 1.805502991390710577e-01 1.376226169607548400e-01 2.800843181057928177e-01 1.621474740039445805e-01
8.303042603834164259e-01 1.270242535072685541e+02 1.108666907178985639e-01 9.785410968792973563e-02 1.747191451033813792e-01 1.332257999338821719e-01 2.711499148481237853e-01 1.567859273334164527e-01
8.395298632765655356e-01 1.225420312040138242e+02 1.073575017202301751e-01 9.476674913720728455e-02 1.691747908494534158e-01 1.290441451700701236e-01 2.626489287156630326e-01 1.516932521378606680e-01
8.487554661697145342e-01 1.182996979223157297e+02 1.040087399475169150e-01 9.182542716534669580e-02 1.638977745754175430e-01 1.250631442747760502e-01 2.545520686886248996e-01 1.468508418644063340e-01
8.579810690628635328e-01 1.142806250684515561e+02 1.008166132640440082e-01 8.899306361212211414e-02 1.588702839731865879e-01 1.212695122893734379e-01 2.468325108380611255e-01 1.423309846774429843e-01
8.672066719560127535e-01 1.104695744290448403e+02 9.777069832182405662e-02 8.622890778340774887e-02 1.540759872808337150e-01 1.176510632183465077e-01 2.394656474830867410e-01 1.380261679641563433e-01
8.764322748491618631e-01 1.068525625614797292e+02 9.486143428541993217e-02 8.358915134505195965e-02 1.494998843713233327e-01 1.141294656550400077e-01 2.324288658281119524e-01 1.339189293143618897e-01
8.856578777423108617e-01 1.034167402405637120e+02 9.208003656829077954e-02 8.106934112737462783e-02 1.451281751782147467e-01 1.106687212235044626e-01 2.257013521436164183e-01 1.299967147898115627e-01
8.948834806354598603e-01 1.001502850852371296e+02 8.941842053926052358e-02 7.866819056830820500e-02 1.409481431617791714e-01 1.073645107458247594e-01 2.192639181360647171e-01 1.262479618017522398e-01
9.041090835286089700e-01 9.704230574835534640e+01 8.686913388702066641e-02 7.649742630570699475e-02 1.369480518585106665e-01 1.042069811838359783e-01 2.130988466427083949e-01 1.226620038978154525e-01
9.133346864217581906e-01 9.408275627254263895e+01 8.442529652079144853e-02 7.441842032433498844e-02 1.331170528375196227e-01 1.011870460986870057e-01 2.071897541947578247e-01 1.192289861161555109e-01
9.225602893149071893e-01 9.126235940201887331e+01 8.208054704800815671e-02 7.242255660605678713e-02 1.294451036291093260e-01 9.829631275766814724e-02 2.015214683409851659e-01 1.159397895657150457e-01
9.317858922080561879e-01 8.857253779980121067e+01 7.982899500484563760e-02 7.050655480635725780e-02 1.259228943883101692e-01 9.569826567432926367e-02 1.960799179144459004e-01 1.127859640828745569e-01
9.410114951012052975e-01 8.600535225602840228e+01 7.766517813034568007e-02 6.865423076096988098e-02 1.225417822284526892e-01 9.322520644909104703e-02 1.908520346723037164e-01 1.097596679714172296e-01
9.502370979943544071e-01 8.355344609007222800e+01 7.558402407056519223e-02 6.688800240748093984e-02 1.192937323029497065e-01 9.085165162689179397e-02 1.858256649492062706e-01 1.068536139705287269e-01
9.594627008875034058e-01 8.120999504958530224e+01 7.358081598340504570e-02 6.521166021319402262e-02 1.161712648356854061e-01 8.857220230761697621e-02 1.809894901445545656e-01 1.040610207073626725e-01
9.686883037806525154e-01 7.896866209619197718e+01 7.165116158319051465e-02 6.349282954455759409e-02 1.131674074063937496e-01 8.638183368026375319e-02 1.763329550143737379e-01 1.013755689900222023e-01
9.779139066738016250e-01 7.682355654226034858e+01 6.979096522385930257e-02 6.182965242821580887e-02 1.102756518847201050e-01 8.427586419607280277e-02 1.718462028716629675e-01 9.879136238012620197e-02
9.871395095669507347e-01 7.476919706791683495e+01 6.799640267158224560e-02 6.022141503784439465e-02 1.074899154849617844e-01 8.232018983616740115e-02 1.675200169089379187e-01 9.630289155410309831e-02
9.963651124600997333e-01 7.280047820349381027e+01 6.626389826054435161e-02 5.866507717993840743e-02 1.048045054777588803e-01 8.032922710634693431e-02 1.633457669539808421e-01 9.390500202496809834e-02
1.005590715353248843e+00 7.091263991138949052e+01 6.459010416313049063e-02 5.719025673973021640e-02 1.022140871525465400e-01 7.827317599860350583e-02 1.593153610522932695e-01 9.159286484727147126e-02
1.014816318246397842e+00 6.910123994365035571e+01 6.297188153826027701e-02 5.576490843485260029e-02 9.971365467214354794e-02 7.629063804834856910e-02 1.554212013394362657e-01 8.936194997478708046e-02
1.024041921139547062e+00 6.736212868866414283e+01 6.145768313047028641e-02 5.438478115341638386e-02 9.729850450385413296e-02 7.437766900626741062e-02 1.516561437299515092e-01 8.720800197721700897e-02
1.033267524032696061e+00 6.569142625258209023e+01 6.011271110487825808e-02 5.304849076163975496e-02 9.496421114705810851e-02 7.253056335540009059e-02 1.480134610002039608e-01 8.512701785755893980e-02
1.042493126925845059e+00 6.408550154935639398e+01 5.880265846842291921e-02 5.175372881149087334e-02 9.270660490828674938e-02 7.074583502487996611e-02 1.444868088881605672e-01 8.311522673943727568e-02
1.051718729818994280e+00 6.254095319805147568e+01 5.747020139635594660e-02 5.049831287153239145e-02 9.052175150314667462e-02 6.902019976753592800e-02 1.410701948739898626e-01 8.116907121894456623e-02
1.060944332712143279e+00 6.105459204773458026e+01 5.607688125700605042e-02 4.928017609651647035e-02 8.840593328589108069e-02 6.735055902294107000e-02 1.377579493348974893e-01 7.928519019650082100e-02
1.070169935605292277e+00 5.962342516932687175e+01 5.486517663908330178e-02 4.809735755117827694e-02 8.635563192947870448e-02 6.573398510886363511e-02 1.345446988000063016e-01 7.746040302345136297e-02
1.079395538498441276e+00 5.824464117051235945e+01 5.379854786968962799e-02 4.694799319860720743e-02 8.436751239474205022e-02 6.416770759904721899e-02 1.314253410514965026e-01 7.577596201976177781e-02
1.088621141391590497e+00 5.691559670445088415e+01 5.273571951580180439e-02 4.583030746871941119e-02 8.243840804344415574e-02 6.266264610405158919e-02 1.283950218405180976e-01 7.417216090365741366e-02
1.097846744284739717e+00 5.563380405597180811e+01 5.154863974563994589e-02 4.474260533196172673e-02 8.056530676113737854e-02 6.122060599716405704e-02 1.254491130000090493e-01 7.261842406098395486e-02
1.107072347177888716e+00 5.439691970020168554e+01 5.039807563147036262e-02 4.368326480345530172e-02 7.874533796774585426e-02 5.981817453135818141e-02 1.225831917517581360e-01 7.111246480558719441e-02
1.116297950071037715e+00 5.320273373847578569e+01 4.928238840437160206e-02 4.265072981034023769e-02 7.697576040146003606e-02 5.845331339335047005e-02 1.197930210110769167e-01 6.965211249564617901e-02
1.125523552964186713e+00 5.204916012499295164e+01 4.820003378702608643e-02 4.164856777205727667e-02 7.522338294641883749e-02 5.714428090183076847e-02 1.170745305003961789e-01 6.823530361000251787e-02
1.134749155857335934e+00 5.093422760516404679e+01 4.714955573061274663e-02 4.074771264407672788e-02 7.346618730031906352e-02 5.595335584103366955e-02 1.144237984837346289e-01 6.686007333315302503e-02
1.143974758750484932e+00 4.985607129299563667e+01 4.612958070632799945e-02 3.991207905465898875e-02 7.175060195597637858e-02 5.479361161469853414e-02 1.118370339331846708e-01 6.557871842238682802e-02
1.153200361643633931e+00 4.881292482030657709e+01 4.513881251536844275e-02 3.911211049867802103e-02 7.007417462150300480e-02 5.376332729755262108e-02 1.093105589320089166e-01 6.445519865535942472e-02
1.162425964536783152e+00 4.780311299506181655e+01 4.417602758753247372e-02 3.833234339828806014e-02 6.852444261247114810e-02 5.276280885875905824e-02 1.068594007821843661e-01 6.337109196589096882e-02
1.171651567429932372e+00 4.682504490970273991e+01 4.324007074571767362e-02 3.756189028734269186e-02 6.708044826473980038e-02 5.179087635687551483e-02 1.044669971496432481e-01 6.232534668637157438e-02
1.180877170323081371e+00 4.587720744304763087e+01 4.232985142306944226e-02 3.683348360715399394e-02 6.567154948374565038e-02 5.084640053351563438e-02 1.021255982375492977e-01 6.131700814680840494e-02
1.190102773216230370e+00 4.495815910107796753e+01 4.172864302496037681e-02 3.615963205188421625e-02 6.428996931349928445e-02 4.977698076784520254e-02 9.983194330636990799e-02 6.034521791324465312e-02
1.199328376109379368e+00 4.406652414266909545e+01 4.134040653068637994e-02 3.558767282664376808e-02 6.288461427488556410e-02 4.868759694956992234e-02 9.758280024789200979e-02 5.940921382828179276e-02
1.208553979002528589e+00 4.320098693599290129e+01 4.073064560836314740e-02 3.520444227018515448e-02 6.150779650629800699e-02 4.761886847177976279e-02 9.537494511678801246e-02 5.823840782366573876e-02
1.217779581895677588e+00 4.236028648968643751e+01 3.993292066181908240e-02 3.445234571100996845e-02 6.059054144717634927e-02 4.656922838623955840e-02 9.320513996645729549e-02 5.700523897925791061e-02
1.227005184788826586e+00 4.154321109980250526e+01 3.884754108587884502e-02 3.385368569660585081e-02 5.960148166062850805e-02 4.560805858589844775e-02 9.107010850078012254e-02 5.579367076585128871e-02
1.236230787681975807e+00 4.074859304866478737e+01 3.781964187307806924e-02 3.343776632758732603e-02 5.859411301840822262e-02 4.474292087280673513e-02 8.896650895399460524e-02 5.460168496862394250e-02
1.245456390575124805e+00 3.997530328466516636e+01 3.693336760385079742e-02 3.304157639693983128e-02 5.751468422644023804e-02 4.411147158549511005e-02 8.689090348256200969e-02 5.342720558824964883e-02
1.254681993468273804e+00 3.922224600211042400e+01 3.601792877899612222e-02 3.260938062267371151e-02 5.610567168066893373e-02 4.359775268736143516e-02 8.483972318800425683e-02 5.226807656927690005e-02
1.263907596361422803e+00 3.848835302674067549e+01 3.520739872533340531e-02 3.198274070535944702e-02 5.474649596621361525e-02 4.312876863453851684e-02 8.280922767909260074e-02 5.117065159770106675e-02
1.273133199254572023e+00 3.777257789429104662e+01 3.435911210124231729e-02 3.142424601856674826e-02 5.373689662746983231e-02 4.268746322804872761e-02 8.079545780641694819e-02 5.019591625839581184e-02
1.282358802147721244e+00 3.707388948501704817e+01 3.376136300882137675e-02 3.091872200255352254e-02 5.284852397048211969e-02 4.227419556286804436e-02 7.879417984695180621e-02 4.923680327548396463e-02
1.291584405040870243e+00 3.639126504425500741e+01 3.309546836301535677e-02 3.017921912631749137e-02 5.239619162478703629e-02 4.183552357773123731e-02 7.680081894952905941e-02 4.829151597999725709e-02
1.300810007934019241e+00 3.572368237487996367e+01 3.220688738780808080e-02 2.969663759964902283e-02 5.163627782114588172e-02 4.092516945208757306e-02 7.481037903757936647e-02 4.788055998755424980e-02
1.310035610827168240e+00 3.507011092771203664e+01 3.134162055010136783e-02 2.923732667933620633e-02 5.127431782504743296e-02 3.994137614422044180e-02 7.281734555082408633e-02 4.753539261260897320e-02
1.319261213720317460e+00 3.442950143439576038e+01 3.050250960249911714e-02 2.887516578114457388e-02 5.051519477527222080e-02 3.918567822627494479e-02 7.081556632013530361e-02 4.723256016708887728e-02
1.328486816613466459e+00 3.380077361527032309e+01 2.987145552680203764e-02 2.875131908545114356e-02 4.993222138023867274e-02 3.830294358840546920e-02 6.879810440371869618e-02 4.697454871813278032e-02
1.337712419506615458e+00 3.318280133927828501e+01 2.929669614896823759e-02 2.808606587291961887e-02 4.972174943712559525e-02 3.734369196326525753e-02 6.675705472576254351e-02 4.676438905502777743e-02
1.346938022399764678e+00 3.257439439489719746e+01 2.828095346545467237e-02 2.743589171738136656e-02 4.929794166867651484e-02 3.636886067730671357e-02 6.468331363908674803e-02 4.660578045920971135e-02
1.356163625292913677e+00 3.197427572144838592e+01 2.742101710740030285e-02 2.744011680059088576e-02 4.871469905456393690e-02 3.559591656261318349e-02 6.256628678057296611e-02 4.650325334899463314e-02
1.365389228186062898e+00 3.138105250486083619e+01 2.690226007946705522e-02 2.689105215751297351e-02 4.865544305378577405e-02 3.548920062844374002e-02 6.039351536665193976e-02 4.646238566705918061e-02
1.374614831079211896e+00 3.079317889249929507e+01 2.612787699693086552e-02 2.577972413823204079e-02 4.806444384741226372e-02 3.510283942111058764e-02 5.855026972089660831e-02 4.649009465797604435e-02
1.383840433972360895e+00 3.020890712006072221e+01 2.507906239371138213e-02 2.488526152597003716e-02 4.816784684839348074e-02 3.502482926912620087e-02 5.669336321754059327e-02 4.659503604541725963e-02
1.393066036865510116e+00 2.962622239655403789e+01 2.363969195972259740e-02 2.447381356063971225e-02 4.856516123562570897e-02 3.534793216093490287e-02 5.476424957307557406e-02 4.678815871288932726e-02
1.402291639758658892e+00 2.904275467808566447e+01 2.220072733067723902e-02 2.383583206125550191e-02 4.801831011389978698e-02 3.541499401558567683e-02 5.236040146742837464e-02 4.708348842133958101e-02
1.411517242651808113e+00 2.845565700643284401e+01 2.116787068942826977e-02 2.280965891610264862e-02 4.855077023296061611e-02 3.645304540608762522e-02 5.208294893435194695e-02 4.749925498174079053e-02
1.420742845544957333e+00 2.786143459409285938e+01 2.084021914554767818e-02 2.224744395668665220e-02 4.556101531343159650e-02 3.740674677817423799e-02 5.277456151888060276e-02 4.805954421569680335e-02
1.429968448438106332e+00 2.725569991658704794e+01 2.112124369878642938e-02 2.104018213505298718e-02 4.659003357927460343e-02 3.833552161885478426e-02 5.368475258536165029e-02 4.879676752969785980e-02
1.439194051331255553e+00 2.663281427094204901e+01 2.120474610891065481e-02 1.959835283636124359e-02 4.809629849992802519e-02 3.927709182181970959e-02 5.487960073504183356e-02 4.975543088710665529e-02
1.448419654224404329e+00 2.598535114690205106e+01 2.173916781687168509e-02 1.911861924544311364e-02 4.906830245321103234e-02 3.982334574785539871e-02 5.643325758826733818e-02 5.099801006244319979e-02
1.457645257117553550e+00 2.530327320157843118e+01 2.186430552512774739e-02 1.926937998381106354e-02 5.000166265410399546e-02 4.052219643331866905e-02 5.857207042316758816e-02 5.261430424614843560e-02
1.466870860010702771e+00 2.457263752953767622e+01 2.267922107449393820e-02 1.856604804147110599e-02 5.068549256050403073e-02 4.272026550555807489e-02 6.113498514673665341e-02 5.473662310291871336e-02
1.476096462903851547e+00 2.377350532524146232e+01 2.399913890423732710e-02 1.886851384815813049e-02 5.232491634189528895e-02 4.597164796111030682e-02 6.448512503475711810e-02 5.762375982063971946e-02
1.485322065797000768e+00 2.287648205603738205e+01 2.461222638686066944e-02 2.066205649657248955e-02 5.711693265732264990e-02 4.916541187206391328e-02 6.922283711070420509e-02 6.436927183305485300e-02
1.494547668690149766e+00 2.183687531124723691e+01 2.720041028438302533e-02 2.518559180338186820e-02 6.396013123881871820e-02 5.559451149433058958e-02 7.540107145139529621e-02 7.453910571737765167e-02
1.503773271583298987e+00 2.058477086076883467e+01 3.058756615541113888e-02 3.101999875850580679e-02 7.214733749417590047e-02 6.686399922442021193e-02 8.419407532279876705e-02 8.838984850500253287e-02
1.512998874476448208e+00 1.900871959383148280e+01 3.976436463390342624e-02 3.616010779582978785e-02 8.512064151761222774e-02 8.073458746024542165e-02 9.661902110579845271e-02 1.056210143227147569e-01
1.522224477369596984e+00 1.693289323009151204e+01 5.169055319905879742e-02 4.521807938208510791e-02 1.019496980367442518e-01 9.929660982739463293e-02 1.181710897385990222e-01 1.273064637749854455e-01
1.531450080262746205e+00 1.410659345803874487e+01 6.341660674032922884e-02 5.715447729069111915e-02 1.228594353886531820e-01 1.234181491125969643e-01 1.420317338743899427e-01 1.557530854909217055e-01
1.540675683155895204e+00 1.031542526911699298e+01 7.077633104391267693e-02 6.411918364645785573e-02 1.463633608220895610e-01 1.485997726803081065e-01 1.666748709804615203e-01 1.814417726198307435e-01
1.549901286049044202e+00 5.959506445878811398e+00 7.464620221056605942e-02 5.586743879024158588e-02 1.570188011431072894e-01 1.370793211621723628e-01 1.872441017163444243e-01 1.739209355741797580e-01
1.559126888942193201e+00 3.114244895736480334e+00 4.713627745280213333e-02 4.557080488140341501e-02 1.402823401224351230e-01 1.086457806137985926e-01 1.638130683435998769e-01 1.284109498379928382e-01
1.568352491835342422e+00 4.280095533511972583e+00 5.743019623126599527e-02 5.240052056451816043e-02 1.135849302653060278e-01 1.445876214608814436e-01 1.480002670452078561e-01 1.780174943510441921e-01
1.577578094728491642e+00 8.898350148064762877e+00 6.333845230075851873e-02 6.378776004372532782e-02 1.340160685473250624e-01 1.277133488606150280e-01 1.841980459257985814e-01 1.572023420982358033e-01
1.586803697621640641e+00 1.564917562083949321e+01 9.799633417348729836e-02 8.965878388029935309e-02 1.828344423603880387e-01 1.944812314354660288e-01 2.063555547520952160e-01 2.199709528500370936e-01
1.596029300514789639e+00 2.467186027185971398e+01 1.296354362706146901e-01 1.540056915598135845e-01 2.293761765103923267e-01 2.574846821119294304e-01 2.677840002051325996e-01 3.167218384523167174e-01
1.605254903407938860e+00 3.341127936080982153e+01 1.034224765209899033e-01 1.074470237405975581e-01 2.322263622112075154e-01 2.172339960549436455e-01 2.864307209648657704e-01 2.592103826180078840e-01
1.614480506301087859e+00 3.696881752833888868e+01 7.851088283298679471e-02 9.109536799574158294e-02 1.847019822438298320e-01 1.784581792478761031e-01 3.175399781566170532e-01 2.090070871990903356e-01
1.623706109194236857e+00 3.613392835640463829e+01 8.822907620854181232e-02 7.914507834234285610e-02 2.046084711335325323e-01 2.218014369053094015e-01 3.080316535219367324e-01 2.564259295322202092e-01
1.632931712087385856e+00 3.401180261838288033e+01 6.947949114903906320e-02 7.459733628662945648e-02 1.853833136163416384e-01 2.038882676357687274e-01 2.751096426988510757e-01 2.600261687011027334e-01
1.642157314980535077e+00 3.196868126435494162e+01 5.926104289800804281e-02 6.592221732554293112e-02 1.634424460381609379e-01 1.766749623291801186e-01 2.403428417662070160e-01 2.312145197137702723e-01
1.651382917873684297e+00 3.028235360774463913e+01 5.670239341239735609e-02 5.930115219189602271e-02 1.436448387242847957e-01 1.525131660587462079e-01 2.119802524090239615e-01 1.993188865497756979e-01
1.660608520766833296e+00 2.892568816717112057e+01 5.407087982631608725e-02 5.303001142870300555e-02 1.303338671799352255e-01 1.325524278786005539e-01 1.882934150635584558e-01 1.719750164336524278e-01
1.669834123659982295e+00 2.782307035917094140e+01 4.956079050771933225e-02 4.674091397266622039e-02 1.203274688594717645e-01 1.169124643522927443e-01 1.691608721750696986e-01 1.499831373787756661e-01
1.679059726553131293e+00 2.690871618048746683e+01 4.547133286513727057e-02 4.302475950872874932e-02 1.108144669560324758e-01 1.044858743819574443e-01 1.537533025561153011e-01 1.325607477749279894e-01
1.688285329446280514e+00 2.613401191738681817e+01 3.955361652900535319e-02 4.053893385807683103e-02 1.019681228848412502e-01 9.425184221097993031e-02 1.412456279840306195e-01 1.192857960149105168e-01
1.697510932339429290e+00 2.546440636562200410e+01 3.749018895801725648e-02 3.786366646415828541e-02 9.626098270707572624e-02 8.580315305783159374e-02 1.309716298333221118e-01 1.085569078436385837e-01
1.706736535232578511e+00 2.487539639786790957e+01 3.611580096001887341e-02 3.523516270462323519e-02 9.120623110439396442e-02 7.882111196541430331e-02 1.224352606328480420e-01 9.976658774660762674e-02
1.715962138125727732e+00 2.434941093538915524e+01 3.381864865325923120e-02 3.194520781965692890e-02 8.674546364281709998e-02 7.314797373715720141e-02 1.152440107173937633e-01 9.246710771182620192e-02
1.725187741018876730e+00 2.387364756064798499e+01 3.119634639199730941e-02 3.002155643322979017e-02 8.242496249166109124e-02 6.864355267495270141e-02 1.091141250213425451e-01 8.632873342110158887e-02
1.734413343912025951e+00 2.343861552253960667e+01 2.983632214980147523e-02 2.830680781859484796e-02 7.835058171472297772e-02 6.475296977640709883e-02 1.038346349569820859e-01 8.110673081617747471e-02
1.743638946805174728e+00 2.303715711952464318e+01 2.884226901302255897e-02 2.681874412225937476e-02 7.493871299395493679e-02 6.138083557079809793e-02 9.924462291414570814e-02 7.661739218969287890e-02
1.752864549698323948e+00 2.266378477257412172e+01 2.788197246992396572e-02 2.568039179665149163e-02 7.235690645553560785e-02 5.844823646553365393e-02 9.521994125917032648e-02 7.272108102209884350e-02
1.762090152591473169e+00 2.231422597551051012e+01 2.725747656108623573e-02 2.493500258518821511e-02 7.002396271139588180e-02 5.593507678467091182e-02 9.166369391793693921e-02 6.931030538042648459e-02
1.771315755484621945e+00 2.198510621398189002e+01 2.671198476202718552e-02 2.418239879995098818e-02 6.790350653042054319e-02 5.383760574876816918e-02 8.849939474502477310e-02 6.643386372495996284e-02
1.780541358377771166e+00 2.167372459060630874e+01 2.602776182356336676e-02 2.349502399331981906e-02 6.596576822276389862e-02 5.183986729652900749e-02 8.566630785620787947e-02 6.401719813251816049e-02
1.789766961270920165e+00 2.137789263141751661e+01 2.521354620260396473e-02 2.295883252048724898e-02 6.418621830429671604e-02 4.990228717121070190e-02 8.311745832996919603e-02 6.184764317382018817e-02
1.798992564164069385e+00 2.109581678960346096e+01 2.445499833607200912e-02 2.239900965866681304e-02 6.254450459545068952e-02 4.818162523243785245e-02 8.080983810297226455e-02 5.988839152907488028e-02
1.808218167057218606e+00 2.082601161491594866e+01 2.374578787296854898e-02 2.174900843628790881e-02 6.102362467809285818e-02 4.665486446835132028e-02 7.871055706760543558e-02 5.803570031827121056e-02
1.817443769950367383e+00 2.056723474943439456e+01 2.308049919741961276e-02 2.113859746206614432e-02 5.960927961236350825e-02 4.525623515675647468e-02 7.679240062323700045e-02 5.613286796900851527e-02
1.826669372843516603e+00 2.031843766920338368e+01 2.245448127511195935e-02 2.059173767192490345e-02 5.828936681329466296e-02 4.411546177606595620e-02 7.503267357831688855e-02 5.439985352361276227e-02
1.835894975736665824e+00 2.007872793135372902e+01 2.173340916516863786e-02 2.009990869583333506e-02 5.705357986422754379e-02 4.308180807057837569e-02 7.341231120532043519e-02 5.281513436274209994e-02
