2.306400723287267349e-02 1.943525371799456960e+17 -3.200000000000000000e+01 3.200000000000000000e+01 -3.200000000000000000e+01 3.200000000000000000e+01 -3.200000000000000000e+01 3.200000000000000000e+01
3.228961012602173802e-02 4.056481922928186875e+14 1.812500000000000000e+00 1.625000000000000000e+00 2.937500000000000000e+00 2.312500000000000000e+00 4.500000000000000000e+00 2.625000000000000000e+00
4.151521301917080603e-02 7.339012828399447266e+12 1.817382812500000000e+00 1.641601562500000000e+00 2.966796875000000000e+00 2.286132812500000000e+00 4.512695312500000000e+00 2.579101562500000000e+00
5.074081591231988098e-02 4.110522231390075073e+11 1.603942871093750000e+00 1.449768066406250000e+00 2.620178222656250000e+00 2.016845703125000000e+00 3.980957031250000000e+00 2.277770996093750000e+00
5.996641880546894204e-02 4.540632264724121094e+10 1.359367370605468750e+00 1.230728149414062500e+00 2.223411560058593750e+00 1.710494995117187500e+00 3.374992370605468750e+00 1.933944702148437500e+00
6.919202169861800311e-02 7.835937855519886971e+09 1.133110046386718750e+00 1.027643203735351562e+00 1.855710983276367188e+00 1.427176475524902344e+00 2.814165115356445312e+00 1.615046501159667969e+00
7.841762459176707112e-02 1.847159204344817638e+09 9.373347759246826172e-01 8.502871990203857422e-01 1.535023689270019531e+00 1.180481910705566406e+00 2.325576305389404297e+00 1.336838722229003906e+00
8.764322748491613913e-02 5.470798209725925922e+08 7.699232101440429688e-01 6.978689432144165039e-01 1.260714292526245117e+00 9.701156616210937500e-01 1.908108592033386230e+00 1.098807215690612793e+00
9.686883037806519325e-02 1.926537565714373291e+08 6.272965967655181885e-01 5.681424438953399658e-01 1.026961952447891235e+00 7.910175919532775879e-01 1.552795588970184326e+00 8.959293961524963379e-01
1.060944332712142474e-01 7.765172749180100858e+07 5.054257512092590332e-01 4.574182033538818359e-01 8.271701782941818237e-01 6.379101425409317017e-01 1.249522447586059570e+00 7.224964350461959839e-01
1.153200361643633154e-01 3.486082261000572890e+07 4.006460011005401611e-01 3.623448014259338379e-01 6.553383246064186096e-01 5.062041729688644409e-01 9.891062974929809570e-01 5.733095705509185791e-01
1.245456390575123834e-01 1.708483853094508126e+07 3.098546229302883148e-01 2.800885252654552460e-01 5.063853636384010315e-01 3.920117020606994629e-01 7.637832239270210266e-01 4.439643621444702148e-01
1.337712419506614514e-01 9.002731088483782485e+06 2.301032505929470062e-01 2.083169054239988327e-01 3.759664446115493774e-01 2.921264842152595520e-01 5.671632122248411179e-01 3.308287896215915680e-01
1.429968448438105333e-01 5.041207719003085978e+06 1.596086462959647179e-01 1.451260382309556007e-01 2.605956904590129852e-01 2.039257325232028961e-01 3.940303092822432518e-01 2.309318752959370613e-01
1.522224477369596152e-01 2.972262432228362188e+06 9.716690424829721451e-02 8.799685398116707802e-02 1.579080289229750633e-01 1.252605202607810497e-01 2.401224644854664803e-01 1.418395335786044598e-01
1.614480506301086971e-01 1.831609629133303184e+06 4.263584106229245663e-02 3.691208944655954838e-02 6.656898674555122852e-02 5.435718246735632420e-02 1.019344243686646223e-01 6.154285417869687080e-02
1.706736535232577512e-01 1.172682666488252347e+06 8.190900553017854691e-03 8.751046145334839821e-03 1.382679422385990620e-02 1.762428507208824158e-02 1.510140369646251202e-02 2.582884766161441803e-02
1.798992564164068331e-01 7.762552081448608078e+05 5.051377473864704370e-02 5.773584451526403427e-02 7.277506880927830935e-02 9.549571457318961620e-02 7.908675051294267178e-02 1.405144491000100970e-01
1.891248593095559150e-01 5.291053986565973610e+05 8.843711100053042173e-02 1.014688865980133414e-01 1.276292002294212580e-01 1.672742264345288277e-01 1.417957477970048785e-01 2.470714108785614371e-01
1.983504622027049968e-01 3.700977874318526592e+05 1.250851855147629976e-01 1.424141269526444376e-01 1.800018814392387867e-01 2.348685336764901876e-01 2.008170256158336997e-01 3.473316432209685445e-01
2.075760650958540787e-01 2.648976774900699384e+05 1.601524177240207791e-01 1.818409806001000106e-01 2.303750012069940567e-01 2.993808004539459944e-01 2.571174527984112501e-01 4.429377600317820907e-01
2.168016679890031329e-01 1.935357350543658831e+05 1.940704417938832194e-01 2.199312962766271085e-01 2.794206259422935545e-01 3.620161107683088630e-01 3.115897712123114616e-01 5.354050863243173808e-01
2.260272708821522147e-01 1.440284014838847215e+05 2.273688799468800426e-01 2.572487512661609799e-01 3.279265705205034465e-01 4.244207357114646584e-01 3.651160351582802832e-01 6.261775925522670150e-01
2.352528737753012689e-01 1.089790271779318573e+05 2.605710273055592552e-01 2.944272797758458182e-01 3.766870964464033023e-01 4.872620814858237281e-01 4.195278201223118231e-01 7.166814706433797255e-01
2.444784766684503230e-01 8.370446739794497262e+04 2.942140594823285937e-01 3.320646235515596345e-01 4.265359054988948628e-01 5.514741095394128934e-01 4.754859338718233630e-01 8.083801033499184996e-01
2.537040795615994049e-01 6.517028587626117951e+04 3.288291533244773746e-01 3.707969240567763336e-01 4.783868129670736380e-01 6.182263743612566032e-01 5.342976385363726877e-01 9.028345884144073352e-01
2.629296824547484590e-01 5.136843531219577562e+04 3.650293188911746256e-01 4.113273803232004866e-01 5.337057550423196517e-01 6.888459113906719722e-01 5.968146491723018698e-01 1.001774898351868615e+00
2.721552853478975686e-01 4.094417334041075810e+04 4.028550296643516049e-01 4.544617315332288854e-01 5.928013870798167773e-01 7.648938456477480941e-01 6.644790801074123010e-01 1.107188366659102030e+00
2.813808882410466228e-01 3.296712469518138096e+04 4.431823751147021540e-01 5.010307737102266401e-01 6.576161024640896358e-01 8.481295467427116819e-01 7.390616742050042376e-01 1.221434822888113558e+00
2.906064911341957324e-01 2.678775276052455592e+04 4.896491885701834690e-01 5.491489816995454021e-01 7.300060895831848029e-01 9.410149170762451831e-01 8.228031023863877635e-01 1.347401877086667810e+00
2.998320940273447865e-01 2.194557389988436989e+04 5.450075335575093050e-01 5.990355472167721018e-01 8.123657562355219852e-01 1.046607020329247462e+00 9.186193529603770003e-01 1.488720416433352511e+00
3.090576969204938407e-01 1.810936262577436719e+04 6.053399917545903008e-01 6.615010779205476865e-01 9.077205139437865000e-01 1.168941021722275764e+00 1.030408632977923844e+00 1.650070589548704447e+00
3.182832998136429503e-01 1.503750351271361615e+04 6.778815157776989508e-01 7.341196494453470223e-01 1.013742078206632868e+00 1.313568466917786282e+00 1.163522364955497324e+00 1.837624127372691873e+00
3.275089027067920044e-01 1.255123632583411018e+04 7.589777552020677831e-01 8.264045229079783894e-01 1.145755713099788409e+00 1.489325883367200731e+00 1.325507398620175081e+00 2.060861832735099597e+00
3.367345055999411141e-01 1.051625315306155971e+04 8.719004269805736840e-01 9.492341662898979848e-01 1.314498245148570277e+00 1.706528677330425126e+00 1.527306299425617908e+00 2.356049621106649283e+00
3.459601084930901682e-01 8.829724521612810349e+03 1.010518852541281376e+00 1.110063528252794640e+00 1.517439964936784236e+00 1.981564454399631359e+00 1.785244342012447305e+00 2.728223651974985842e+00
3.551857113862392223e-01 7.410783851498953481e+03 1.189325586028644466e+00 1.318937353307774174e+00 1.790520352217754407e+00 2.338188859504043648e+00 2.124369099971772812e+00 3.209519403114427405e+00
3.644113142793883320e-01 6.193008905868051443e+03 1.449248513412385364e+00 1.583938360449792526e+00 2.171061420304795320e+00 2.768560848553534015e+00 2.584010788148589199e+00 3.782077819735604862e+00
3.736369171725373861e-01 5.117603020257122807e+03 1.787530282410443760e+00 1.902749098318963661e+00 2.712699578973115422e+00 3.396790179200252169e+00 3.226228654936676321e+00 4.462612554815677868e+00
3.828625200656864958e-01 4.125902837941966936e+03 2.203328921593310952e+00 2.265586964565045491e+00 3.477119351271539927e+00 4.308846532650022709e+00 4.143130505054614332e+00 5.294127425782789942e+00
3.920881229588355499e-01 3.150530100988529284e+03 2.891495682384629617e+00 2.799656074547328899e+00 4.518296209862000978e+00 5.425448377956399781e+00 5.425541022364086530e+00 6.525248822251342062e+00
4.013137258519846040e-01 2.114705344627115210e+03 3.662020763705641002e+00 3.413009220646927133e+00 5.679470498850605509e+00 6.566907273434026138e+00 6.856080639837728086e+00 7.791506615405523917e+00
4.105393287451337136e-01 1.026503704893222675e+03 3.584137229123598445e+00 3.059901751854113172e+00 5.877398567721229483e+00 5.737621051295718644e+00 6.923334573106558310e+00 6.877133147487711540e+00
4.197649316382827678e-01 4.686604431930945225e+02 6.958611408200567894e-01 6.064612957958956940e-01 1.098998633098915434e+00 1.239575547748472673e+00 1.558611699831203623e+00 1.568038642083990908e+00
4.289905345314318219e-01 1.273467143553123833e+03 4.431180158919687528e+00 4.282580841378148762e+00 9.505357430160984222e+00 1.089222060310930829e+01 1.157176534413133595e+01 1.346444458300334190e+01
4.382161374245809315e-01 2.144509965527259283e+03 2.910371038352423056e+00 3.346895610725368897e+00 7.156370105024507211e+00 8.231437994574662298e+00 8.738456093828972371e+00 1.029672768462069143e+01
4.474417403177299857e-01 2.389292699534866642e+03 1.469844689278488659e+00 1.906114296867144731e+00 3.510911097356711252e+00 3.977141882468458789e+00 4.201151925584781566e+00 5.438864558074783417e+00
4.566673432108790953e-01 2.329551313086687060e+03 7.298029914713879407e-01 9.932911759929083928e-01 1.569449084659936489e+00 1.748847190951892117e+00 1.888784838685751311e+00 2.640142915987780725e+00
4.658929461040280939e-01 2.174100747374234743e+03 3.584947762669798976e-01 4.608975967057631351e-01 6.759124787176915561e-01 7.336458080544616678e-01 7.955661879814215354e-01 1.175520703081929241e+00
4.751185489971772036e-01 1.998630268450848462e+03 1.273779518376159103e-01 1.643619141389081051e-01 2.263278579334837559e-01 2.526905810595962976e-01 2.646379261725542165e-01 4.161638331579524674e-01
4.843441518903262577e-01 1.828448725443435023e+03 2.595210423351090867e-03 2.998704636411275715e-03 6.971592139052518178e-03 5.257229513972561108e-03 8.492550404298526701e-03 8.430331086856313050e-03
4.935697547834753673e-01 1.671462445189034725e+03 9.682657445478071168e-02 7.724661537395149935e-02 1.430867757831038034e-01 1.261184975780906825e-01 2.214334664274701936e-01 1.434905217847699532e-01
5.027953576766244215e-01 1.529415986869807284e+03 1.496957656629547273e-01 1.219864799613787909e-01 2.239548644961359969e-01 1.919051718996342970e-01 3.481679163708122360e-01 2.171640803635455086e-01
5.120209605697735311e-01 1.401843897409985402e+03 1.780176471568211127e-01 1.464219285815033800e-01 2.690679263444053504e-01 2.251143701985256484e-01 4.172414472182026657e-01 2.574015893274008704e-01
5.212465634629225297e-01 1.287536492881553386e+03 1.908712118965922855e-01 1.579652412392533734e-01 2.921792533795724012e-01 2.387049963608660619e-01 4.523309748062729341e-01 2.772152714098865545e-01
5.304721663560716394e-01 1.185104431738420089e+03 1.973250026944697311e-01 1.637606793615304923e-01 3.018185861260462843e-01 2.420167918248807837e-01 4.669481090891167696e-01 2.848690399418956076e-01
5.396977692492206380e-01 1.093196538340479265e+03 1.997062967136571388e-01 1.630953533915544540e-01 3.054671404620421526e-01 2.394637364720892947e-01 4.690661475508477452e-01 2.855215531101293891e-01
5.489233721423698587e-01 1.010578065374265293e+03 1.983411577530205250e-01 1.616198844112659572e-01 3.009732191294460790e-01 2.335931610407442349e-01 4.635249507421121962e-01 2.820035612483025034e-01
5.581489750355188573e-01 9.361514634392448215e+02 1.949476449414078161e-01 1.584442357850548433e-01 2.927280336425610585e-01 2.259101740975211214e-01 4.533311319208905843e-01 2.757430049865661204e-01
5.673745779286679669e-01 8.689536983675035344e+02 1.915452480718613515e-01 1.541087836225187857e-01 2.833143069119614665e-01 2.173189487349418414e-01 4.403868891643014649e-01 2.678691667484827121e-01
5.766001808218169655e-01 8.081446822704584747e+02 1.866372140169687555e-01 1.483100997473911775e-01 2.729668353860006391e-01 2.083677116808075880e-01 4.259120346210920616e-01 2.591054237092293988e-01
5.858257837149661862e-01 7.529931262557131504e+02 1.797652259468804914e-01 1.426389521288911055e-01 2.629944430958630619e-01 1.993891317587213052e-01 4.106955196916715067e-01 2.499190202938734728e-01
5.950513866081151848e-01 7.028625009859166539e+02 1.724715023161706995e-01 1.370488792023252245e-01 2.531291364413164047e-01 1.907185125605792564e-01 3.952492136247656163e-01 2.406125943983852267e-01
6.042769895012642944e-01 6.571981691640519330e+02 1.658213560317562951e-01 1.321991112382647771e-01 2.433424694939958499e-01 1.839501796133617972e-01 3.801264414308889172e-01 2.313813809832936386e-01
6.135025923944132931e-01 6.155160242398661694e+02 1.591285923451550843e-01 1.272856787454657024e-01 2.342525653704115030e-01 1.772565720394823074e-01 3.653775640671028668e-01 2.223496774294062561e-01
6.227281952875624027e-01 5.773926479864428529e+02 1.521576588929747231e-01 1.220434514168573514e-01 2.254241647717663000e-01 1.707110551952837341e-01 3.510313957036714783e-01 2.135363495104911635e-01
6.319537981807114013e-01 5.424568672652230816e+02 1.455115396688597684e-01 1.172505254899078864e-01 2.168304665785854013e-01 1.643601647135710664e-01 3.371721080645784241e-01 2.045783250270005738e-01
6.411794010738606220e-01 5.103825457534070438e+02 1.391936845590180383e-01 1.124783447050390350e-01 2.084988940158041260e-01 1.580659673226136874e-01 3.238468879814035972e-01 1.960406837871460084e-01
6.504050039670096206e-01 4.808824416661194618e+02 1.329988150703798055e-01 1.080420331651907873e-01 2.004405091611829448e-01 1.520298162215567572e-01 3.110778427904392629e-01 1.879221953977889825e-01
6.596306068601587302e-01 4.537029746839056656e+02 1.271145909128676976e-01 1.037794506918885418e-01 1.927035370595149288e-01 1.462589162064773518e-01 2.988701442037609013e-01 1.802136724248271094e-01
6.688562097533077289e-01 4.286197635172957803e+02 1.216220404094769947e-01 9.981176163876170904e-02 1.852899653056283569e-01 1.410506832667692834e-01 2.872176407140614174e-01 1.729010103827590683e-01
6.780818126464568385e-01 4.054338147541444641e+02 1.168784781485783242e-01 9.611239350527966963e-02 1.781960598149225916e-01 1.359355918700657639e-01 2.761067469968452315e-01 1.659672318487537268e-01
6.873074155396059481e-01 3.839682616327887104e+02 1.122081196024851124e-01 9.257261887580625626e-02 1.714142551034001372e-01 1.308719071263908518e-01 2.655191488469768046e-01 1.593938597521855627e-01
6.965330184327550578e-01 3.640655673350125312e+02 1.078306235648938127e-01 8.937647324682984618e-02 1.649344933808833957e-01 1.260457172357405398e-01 2.554336867914912546e-01 1.531618353840258351e-01
7.057586213259040564e-01 3.455851211206835387e+02 1.039983636329679939e-01 8.632512507500678112e-02 1.587451742313987779e-01 1.214469682023491259e-01 2.458276659659759389e-01 1.472521256029608594e-01
7.149842242190531660e-01 3.284011672469100063e+02 1.002637144881646236e-01 8.339939068554258483e-02 1.528338273345752896e-01 1.170651716768134065e-01 2.366777627501619463e-01 1.416461170176148698e-01
7.242098271122021647e-01 3.124010163610045652e+02 9.632912303396778952e-02 8.059534035248816508e-02 1.471875871050087881e-01 1.128897253493050812e-01 2.279606466314589852e-01 1.363258638746174256e-01
7.334354300053513853e-01 2.974834971884300785e+02 9.252210065932331418e-02 7.790863023882366178e-02 1.417935250324262597e-01 1.088948861744256646e-01 2.196534002754901849e-01 1.312742355110003700e-01
7.426610328985003839e-01 2.835576131053089739e+02 8.891360737050035823e-02 7.529548794059337524e-02 1.366388794587578559e-01 1.050563434167202104e-01 2.117337963353520536e-01 1.264749950846635329e-01
7.518866357916494936e-01 2.705413738139765201e+02 8.564832626950646954e-02 7.277023883580113761e-02 1.317112112871541285e-01 1.013991180697075833e-01 2.041804725449765101e-01 1.219128316063802231e-01
7.611122386847984922e-01 2.583607770229123730e+02 8.244941313182607701e-02 7.035094056737989376e-02 1.269985061679790306e-01 9.791306955736445161e-02 1.969730347349809563e-01 1.175733606265794151e-01
7.703378415779476018e-01 2.469489189322222273e+02 7.939110887102174274e-02 6.803268045305799205e-02 1.226038394682689159e-01 9.475013536621190724e-02 1.900921090094414012e-01 1.134431042911216991e-01
7.795634444710966005e-01 2.362452155787454444e+02 7.647715399843946216e-02 6.567624292668483577e-02 1.184318352002833308e-01 9.174141906393629142e-02 1.835193583481782298e-01 1.095094582489934965e-01
7.887890473642458211e-01 2.261947198130297636e+02 7.369855167482342040e-02 6.337893855507559238e-02 1.144432156219181707e-01 8.885670291815017663e-02 1.772374746335003692e-01 1.058354634125748817e-01
7.980146502573948197e-01 2.167475209567008676e+02 7.104693424153651904e-02 6.117358904285197241e-02 1.106278949864929473e-01 8.609013737765280894e-02 1.712301540307805681e-01 1.023557108596264698e-01
8.072402531505439294e-01 2.078582160989327008e+02 6.851452069625452168e-02 5.905537145147832234e-02 1.069763604181162009e-01 8.343610230849662912e-02 1.654820614342895624e-01 9.903352994120950825e-02
8.164658560436929280e-01 1.994854435976102138e+02 6.609407528017641198e-02 5.701970166492742464e-02 1.034451047887614550e-01 8.079252255785718262e-02 1.599787880927010519e-01 9.586004131458025768e-02
8.256914589368421487e-01 1.915914707053686641e+02 6.377886779702635067e-02 5.523705040874915539e-02 1.000554898698169382e-01 7.825711349426001107e-02 1.547068053520490594e-01 9.282694294716975492e-02
8.349170618299911473e-01 1.841418283860311078e+02 6.161678687777794039e-02 5.357305796101741180e-02 9.680360661263875954e-02 7.582858335186415388e-02 1.496534166110166097e-01 8.992647421806054808e-02
8.441426647231402569e-01 1.771049873531390233e+02 5.989569275755002309e-02 5.197904361853034061e-02 9.368205466898871236e-02 7.350128458506333118e-02 1.448067089565370225e-01 8.715138099549335493e-02
8.533682676162892555e-01 1.704520701943734480e+02 5.823262272508600290e-02 5.072489010774461349e-02 9.065685136761203466e-02 7.136189446654839230e-02 1.401555055029461982e-01 8.449488211303446406e-02
8.625938705094383652e-01 1.641565951329212965e+02 5.683616985155026669e-02 4.950506584683012079e-02 8.757210503716805761e-02 6.946646742997586443e-02 1.356893191178869529e-01 8.195063749337805348e-02
8.718194734025873638e-01 1.581942475853192320e+02 5.565983748405756160e-02 4.808326082871872131e-02 8.459955180751421722e-02 6.764974772750065313e-02 1.313983079845115753e-01 7.951271806192039548e-02
8.810450762957365844e-01 1.525426761797789652e+02 5.418290642160172865e-02 4.650830949995565788e-02 8.198441205988160618e-02 6.590814799741906427e-02 1.272732332738542027e-01 7.717557750427772589e-02
8.902706791888855831e-01 1.471813103377248524e+02 5.262328066200439025e-02 4.513609477069735476e-02 7.954917454048882064e-02 6.423829208733877749e-02 1.233054190744269363e-01 7.493402586979414082e-02
8.994962820820346927e-01 1.420911968960071192e+02 5.109451296141287457e-02 4.408627915242391282e-02 7.720869538613328587e-02 6.258244237733379123e-02 1.194867146362241783e-01 7.278320498315338227e-02
9.087218849751836913e-01 1.372548535697731893e+02 4.956402046886410062e-02 4.311607105026382669e-02 7.491502838664132469e-02 6.090700713278351941e-02 1.158094589254119455e-01 7.071856559986144930e-02
9.179474878683329120e-01 1.326561373337520138e+02 4.782521980490628266e-02 4.197016507151829501e-02 7.269146594637732051e-02 5.919289882407952064e-02 1.122664474404473367e-01 6.873584622948669676e-02
9.271730907614816886e-01 1.282801260395387999e+02 4.614353747263066907e-02 4.054505230905647295e-02 7.054985062509899763e-02 5.754376363745450362e-02 1.088509012106158025e-01 6.683105353729956732e-02
9.363986936546309092e-01 1.241130117938420909e+02 4.451584686914600297e-02 3.945629079524337612e-02 6.858023477724373151e-02 5.594828155699360650e-02 1.055564378816029603e-01 6.500044423387407733e-02
9.456242965477800189e-01 1.201420048023503711e+02 4.293919385885658357e-02 3.853753134451665119e-02 6.707232328548684563e-02 5.441159406515794217e-02 1.023770447785636861e-01 6.324050836171579704e-02
9.548498994409290175e-01 1.163552465397943934e+02 4.144713288604862100e-02 3.727925567677914387e-02 6.563142756728268523e-02 5.293182490308367960e-02 9.930705383337112835e-02 6.155017982121080422e-02
9.640755023340780161e-01 1.127417312424262690e+02 4.045917421063904840e-02 3.621191870287532311e-02 6.416905436486786130e-02 5.150633619861366697e-02 9.634111826156299685e-02 6.003131134293937521e-02
9.733011052272271257e-01 1.092912348371629889e+02 3.949629485448724608e-02 3.546341486982385049e-02 6.246567591749396797e-02 5.013264580419729555e-02 9.347419087289665640e-02 5.857162942751870105e-02
9.825267081203763464e-01 1.059942505246791455e+02 3.829836002464048761e-02 3.475113034222943043e-02 6.073077968629547740e-02 4.879895070081374797e-02 9.070150390601838808e-02 5.716872160684260962e-02
9.917523110135253450e-01 1.028419303237578504e+02 3.729409324948562698e-02 3.407287489515908874e-02 5.905394347273329458e-02 4.749523243584974352e-02 8.801855027871852144e-02 5.582032958965044145e-02
1.000977913906674344e+00 9.982603196290628489e+01 3.635560770749179937e-02 3.343965631057699284e-02 5.739965464930207872e-02 4.623861097583414903e-02 8.542106615368538769e-02 5.452434106730663643e-02
1.010203516799823564e+00 9.693887057433617827e+01 3.561183983114801777e-02 3.320094452310229372e-02 5.583877822307670158e-02 4.502690833110989388e-02 8.290501472176003972e-02 5.327878225698157166e-02
1.019429119692972563e+00 9.417327470594972283e+01 3.446022437310602982e-02 3.273660990529947412e-02 5.432549837485112221e-02 4.385807272366548659e-02 8.046657111370336679e-02 5.208181114984711257e-02
1.028654722586121562e+00 9.152254622023828290e+01 3.311630193000780764e-02 3.153805257376518512e-02 5.327021134799281299e-02 4.273017023724889896e-02 7.810210835572206634e-02 5.093171143698782544e-02
1.037880325479270560e+00 8.898042369585967037e+01 3.180356073900725278e-02 3.081840730924056970e-02 5.249603796434598735e-02 4.164137713371474092e-02 7.580818428998270520e-02 4.982688708967941693e-02
1.047105928372419781e+00 8.654104898898313536e+01 3.095450924230647161e-02 3.018106337384551807e-02 5.174952057602411060e-02 4.060923578020947389e-02 7.358152938721218561e-02 4.876585757608609129e-02
1.056331531265569001e+00 8.419893664792803634e+01 3.022883642695717299e-02 2.916554239460822373e-02 5.104828946626582820e-02 3.987614614223389253e-02 7.178357005258817480e-02 4.785648453886892639e-02
1.065557134158718000e+00 8.194894590683638569e+01 2.952311468855839394e-02 2.821022161555220009e-02 5.051450789606803937e-02 3.900424214685926927e-02 7.005393201581000540e-02 4.699051394032949247e-02
1.074782737051866999e+00 7.978625501261092268e+01 2.843590500329185033e-02 2.726837864500453179e-02 5.023697137687577197e-02 3.819080335240698787e-02 6.838201743430261104e-02 4.616347152803257359e-02
1.084008339945015997e+00 7.770633766458738023e+01 2.758636885251064541e-02 2.628287000129603257e-02 4.978453673832916593e-02 3.742117107182707514e-02 6.676569063020565409e-02 4.537450745446847122e-02
1.093233942838165218e+00 7.570494136877152869e+01 2.667406381591774789e-02 2.531831990312127800e-02 4.888628520626525642e-02 3.668778890714463614e-02 6.511737930880201475e-02 4.462286448320185173e-02
1.102459545731314217e+00 7.377806752833544124e+01 2.526992316830956042e-02 2.437354260524671190e-02 4.802730563724821877e-02 3.606942506647214941e-02 6.283002580815377769e-02 4.390787727903955329e-02
1.111685148624463215e+00 7.192195310970033972e+01 2.505356066799890868e-02 2.344738660266898478e-02 4.756598776091891523e-02 3.557922279017589062e-02 6.063837071178568294e-02 4.322897223075017337e-02
1.120910751517612436e+00 7.013305373922710828e+01 2.440629545262140709e-02 2.292679184122903280e-02 4.721076707740223810e-02 3.541101643551769484e-02 5.869537353373743827e-02 4.258566782965544917e-02
1.130136354410761435e+00 6.840802809948566221e+01 2.352149684911353233e-02 2.249052127034190107e-02 4.686183289699386023e-02 3.501464351538174924e-02 5.679567582767219847e-02 4.211228611765704954e-02
1.139361957303910433e+00 6.674372350653729313e+01 2.294381949229773454e-02 2.214154904821441505e-02 4.615030208579185000e-02 3.493807018378447538e-02 5.516226484155595244e-02 4.162776933728196127e-02
1.148587560197059654e+00 6.513716256074398814e+01 2.312289584435234246e-02 2.182709105574076602e-02 4.561362219996567546e-02 3.498191194847777297e-02 5.391100035346596542e-02 4.183448801133238248e-02
1.157813163090208652e+00 6.358553077356388883e+01 2.226587919502520663e-02 2.153196086779729512e-02 4.489220189712739284e-02 3.463093401506256441e-02 5.279973950115390835e-02 4.199601650579865009e-02
1.167038765983357873e+00 6.208616508166407044e+01 2.120415916975559867e-02 2.125620800794791876e-02 4.449352118550820023e-02 3.421514256019264622e-02 5.227269249125754413e-02 4.220002218257690174e-02
1.176264368876506872e+00 6.063654316767048158e+01 2.030233371553435973e-02 2.099995691518330432e-02 4.408778356216203065e-02 3.398593285758977345e-02 5.179113023458370435e-02 4.244788568130530848e-02
1.185489971769655870e+00 5.923427351409693387e+01 1.947142871639329087e-02 2.076341266993608770e-02 4.338427574795389319e-02 3.399151027540625591e-02 5.184853915276477210e-02 4.274118044406804984e-02
1.194715574662805091e+00 5.787708612354634852e+01 1.925957159022573251e-02 2.054686786358672634e-02 4.307116063829852237e-02 3.405975782550285658e-02 5.203608311551022325e-02 4.328922038398985705e-02
1.203941177555954090e+00 5.656282384432113730e+01 1.913253937562586771e-02 2.070757967320702164e-02 4.291494889647395894e-02 3.416926856274216107e-02 5.247477063789318663e-02 4.396276733467630038e-02
1.213166780449103088e+00 5.528943424625690284e+01 1.819838345212332342e-02 2.062713692983919600e-02 4.286637351456334954e-02 3.432031404044266765e-02 5.250408301797193644e-02 4.469249070904623977e-02
1.222392383342252087e+00 5.405496199701556748e+01 1.785696944013892562e-02 2.056452466930380751e-02 4.278939467949527398e-02 3.443316257393291835e-02 5.216236868015755590e-02 4.548163387686798842e-02
1.231617986235401307e+00 5.285754169451971052e+01 1.824218115663711615e-02 2.025555242570220571e-02 4.275083515189948002e-02 3.426950310004173161e-02 5.219064325559941153e-02 4.633381369314548692e-02
1.240843589128550528e+00 5.169539111685569566e+01 1.876242609825595764e-02 2.012426298090730370e-02 4.275913305251322072e-02 3.444021472966340980e-02 5.264091161198791724e-02 4.725306595474165761e-02
1.250069192021699527e+00 5.056680485720553264e+01 1.892678055687468941e-02 2.025652020169133039e-02 4.309923002823268234e-02 3.482250142742060461e-02 5.352115909199284260e-02 4.824389818335816926e-02
1.259294794914848525e+00 4.947014831862817630e+01 1.928178290309290333e-02 2.034231711473211135e-02 4.394446638661264615e-02 3.498747894984433060e-02 5.448388050030672503e-02 4.931135109822548657e-02
1.268520397807997524e+00 4.840385205244275113e+01 1.984189520336343548e-02 2.049749237353637454e-02 4.415396291994966305e-02 3.498791701469627924e-02 5.553494582666473889e-02 5.046107044037739797e-02
1.277746000701146745e+00 4.736640643550771301e+01 2.019628248326199582e-02 2.074844993452273911e-02 4.479213390109748616e-02 3.492046033043294528e-02 5.668096277499046209e-02 5.169939118832900249e-02
1.286971603594295521e+00 4.635635669714263685e+01 2.049168501572751211e-02 2.111472933930969020e-02 4.560379589069185613e-02 3.490244064192893347e-02 5.792938142872117169e-02 5.303343667942783668e-02
1.296197206487444742e+00 4.537229832777630634e+01 2.047157880200956015e-02 2.093522066689956773e-02 4.656209368688024597e-02 3.519717162497215668e-02 5.928861749193714559e-02 5.447123575309831267e-02
1.305422809380593963e+00 4.441287293145082060e+01 2.027718979893222695e-02 2.064377459377197965e-02 4.770116167942006768e-02 3.558200224380669852e-02 6.076819789232246194e-02 5.602186180441748320e-02
1.314648412273742961e+00 4.347676462736059477e+01 2.044138590125754718e-02 2.052979110471397917e-02 4.842599172220474202e-02 3.604052484196529349e-02 6.237893340797029396e-02 5.769559862559248131e-02
1.323874015166892182e+00 4.256269716803120673e+01 2.055692451074975224e-02 2.062699048475735708e-02 4.951692618399050616e-02 3.670026618973309951e-02 6.413312407341464905e-02 5.950413920237451748e-02
1.333099618060040958e+00 4.166943203329772416e+01 2.116317009457446829e-02 2.104672037459920375e-02 5.142226074151068360e-02 3.792266505319474845e-02 6.604480449152561050e-02 6.146082531350316458e-02
1.342325220953190179e+00 4.079576789483211030e+01 2.154040670811241398e-02 2.130160175004647272e-02 5.298754102657454723e-02 3.898655645197379727e-02 6.813003789599747506e-02 6.358093800718478406e-02
1.351550823846339400e+00 3.994054204876399439e+01 2.132657418394501292e-02 2.210743186535069071e-02 5.447388446921053173e-02 4.017246211000724543e-02 7.040726995710144820e-02 6.588205199253849287e-02
1.360776426739488176e+00 3.910263472029564014e+01 2.185116461751590577e-02 2.291139136536912702e-02 5.609348255899959668e-02 4.126883339445441834e-02 7.289775600184356108e-02 6.838447098657240986e-02
1.370002029632637397e+00 3.828097761195746784e+01 2.238472664723190064e-02 2.400258484144046633e-02 5.811143294777565416e-02 4.236052804798617899e-02 7.562607863254555696e-02 7.111176651686434980e-02
1.379227632525786396e+00 3.747456878948003123e+01 2.326634230954027771e-02 2.521131646263796711e-02 6.045219167508264491e-02 4.351240689662461136e-02 7.862077677405210352e-02 7.409145024092822496e-02
1.388453235418935616e+00 3.668249712857249278e+01 2.356224793501837667e-02 2.649425285157747112e-02 6.308608874127230592e-02 4.529250639117066157e-02 8.191511201576417989e-02 7.735582046036171278e-02
1.397678838312084837e+00 3.590398133525293645e+01 2.450818708454249872e-02 2.872180915384348054e-02 6.562430499381832760e-02 4.732535108019675363e-02 8.554800367667070304e-02 8.094303868308116989e-02
1.406904441205233613e+00 3.513843142887316873e+01 2.618124018065515202e-02 3.052718686807054382e-02 6.836151011059854454e-02 4.964872182882373863e-02 8.956516998468799784e-02 8.489851418086402646e-02
1.416130044098382834e+00 3.438554527388838977e+01 2.822121947982481061e-02 3.245455526050022854e-02 7.134583278289596819e-02 5.231703480200877721e-02 9.402051825009039021e-02 8.927670735251069800e-02
1.425355646991532055e+00 3.364546054519393437e+01 3.033551219527907961e-02 3.425343630460275790e-02 7.461432006645196680e-02 5.498156510827811871e-02 9.904923452219804858e-02 9.414046466654468759e-02
1.434581249884680831e+00 3.291899569274242054e+01 3.285465833831580085e-02 3.629621067662469613e-02 7.832386127164880918e-02 5.852616172213487289e-02 1.048194576484746676e-01 9.955312349944733796e-02
1.443806852777830052e+00 3.220803616395288316e+01 3.543184143461530766e-02 3.833925193302434309e-02 8.240250311762054025e-02 6.261850632578358500e-02 1.115445273574664498e-01 1.056402050077807075e-01
1.453032455670979051e+00 3.151616194650922864e+01 3.823845377767653986e-02 4.089096189295204908e-02 8.690360720854073406e-02 6.823747325011453313e-02 1.190718408922784022e-01 1.125277235909436513e-01
1.462258058564128271e+00 3.084968355544785013e+01 4.036714960866660817e-02 4.423545092090463982e-02 9.186827378449535786e-02 7.499031616082163509e-02 1.276556944548268291e-01 1.203754458664327842e-01
1.471483661457277492e+00 3.021938227868068694e+01 4.487947316170703971e-02 4.876513296001405706e-02 9.733204972221543017e-02 8.135068594215155713e-02 1.373654530080692382e-01 1.293890481735466835e-01
1.480709264350426269e+00 2.964348491499467997e+01 5.204361939377832869e-02 5.271205945278367722e-02 1.033157373725295258e-01 8.891942804023145186e-02 1.483910262090901711e-01 1.398376959729787927e-01
1.489934867243575489e+00 2.915282401739871077e+01 6.092607954016315830e-02 5.715484072789323022e-02 1.102488464180417793e-01 1.004258925090120158e-01 1.609506712809292139e-01 1.520792198635554371e-01
1.499160470136724488e+00 2.879983890800087565e+01 6.947961188746987204e-02 6.424808831231487716e-02 1.178369681447151152e-01 1.139598027768613520e-01 1.752883245165364201e-01 1.665935783110334967e-01
1.508386073029873486e+00 2.867396767343712582e+01 7.415837345003950531e-02 7.078331769572088206e-02 1.294906583985095949e-01 1.323908544499303730e-01 1.916732934140696898e-01 1.840135925645682846e-01
1.517611675923022485e+00 2.892557028786237083e+01 7.834023342432416825e-02 8.212033694920251037e-02 1.482658959785005948e-01 1.572567891669152118e-01 2.106189353158676170e-01 2.050829401715432709e-01
1.526837278816171706e+00 2.979003175941536341e+01 8.931514164473952633e-02 9.087493441955274420e-02 1.731766891248440743e-01 1.887096193237915998e-01 2.339945626960258096e-01 2.354418036479550835e-01
1.536062881709320926e+00 3.154403412303846821e+01 1.034408317107988751e-01 1.032806753586292814e-01 1.975430081300935115e-01 2.241933646136722302e-01 2.629847561248190857e-01 2.725802781247033124e-01
1.545288484602469925e+00 3.410938844997433961e+01 1.112037988647358588e-01 1.088005021728193356e-01 2.054980694867154511e-01 2.504010788095669682e-01 2.955462423364991764e-01 3.059831609775827133e-01
1.554514087495618924e+00 3.583104258085865013e+01 1.143576196826785463e-01 1.162071222242602175e-01 2.567809600156678584e-01 2.297173149054501096e-01 3.239593374781577495e-01 2.892449838388415628e-01
1.563739690388767922e+00 3.311055307488962995e+01 1.091273402518311286e-01 1.026813875626686468e-01 3.036102403978091502e-01 2.376740833965911293e-01 3.713253324449752313e-01 2.757493925835845516e-01
1.572965293281917143e+00 2.510077702412368339e+01 1.619765307846137148e-01 1.301308039138895367e-01 2.939723314478293048e-01 2.479210201336172759e-01 4.091374634741136163e-01 2.995066081708479544e-01
1.582190896175066142e+00 1.584246623294946943e+01 1.128617217570102582e-01 1.127811496453521301e-01 2.247247561336465083e-01 1.697448804355623508e-01 2.815592523359846666e-01 2.007181968854307996e-01
1.591416499068215140e+00 1.047801670032604626e+01 8.818491811097040056e-02 9.560145760452165575e-02 1.524548803444965017e-01 1.525055986440602140e-01 1.733500237258507326e-01 1.754632873418948691e-01
1.600642101961364361e+00 1.430293788618466344e+01 2.081390048812838955e-01 2.454137985874940142e-01 4.031962912594764248e-01 4.578873661293840769e-01 4.836687445998659740e-01 5.136822945765295856e-01
1.609867704854513359e+00 2.547829395784828321e+01 2.375015301597294126e-01 2.517538065554667526e-01 4.255028143606871538e-01 4.668931092265928839e-01 6.123204846091780951e-01 5.418126374162639536e-01
1.619093307747662580e+00 3.425061442856899419e+01 1.686651702324226676e-01 1.254411512020112696e-01 2.610818868602393650e-01 2.852238256048664766e-01 4.072150872370414731e-01 3.589073268197040534e-01
1.628318910640811579e+00 3.776146493384934644e+01 8.472566837185269151e-02 8.913165686345791983e-02 1.431071677331701153e-01 1.510322463647355562e-01 1.845122448034075546e-01 1.902032371808104472e-01
1.637544513533960577e+00 3.825688347839043502e+01 5.727332147660746386e-02 6.149743499369009214e-02 1.038054636759184746e-01 9.184843153992261477e-02 1.369914088800854302e-01 1.051168386639389496e-01
1.646770116427109798e+00 3.754646467214130467e+01 5.308683735516694924e-02 4.690014369638362268e-02 9.775844791075627427e-02 8.466447378217623054e-02 1.372862389438509467e-01 8.972506855597828235e-02
1.655995719320258575e+00 3.644861960888576391e+01 5.407374750488003201e-02 4.397536325424056258e-02 9.630125463993977064e-02 7.588642201491069272e-02 1.256918679482126322e-01 8.417607215459810277e-02
1.665221322213407795e+00 3.528238055947511498e+01 4.947692004861181658e-02 4.284692046740445903e-02 9.510551163812408504e-02 7.564439518900201165e-02 1.152195483368956275e-01 8.476642374486687004e-02
1.674446925106557016e+00 3.416296055468230719e+01 4.797484698522680446e-02 4.186173585976149525e-02 9.472732722776555647e-02 7.783029035937261142e-02 1.116391182439926411e-01 8.843281026117466581e-02
1.683672527999706015e+00 3.312611928232072245e+01 4.774407747279951764e-02 4.209959416058239867e-02 9.277917986452877130e-02 7.668496189325679779e-02 1.127243880106831853e-01 9.047389376303272002e-02
1.692898130892855235e+00 3.217726073607640558e+01 4.478532449171268581e-02 4.150788162387186730e-02 8.704084737829731466e-02 7.604073371447839236e-02 1.076398266234122048e-01 9.037905846988536496e-02
1.702123733786004012e+00 3.131079962441768316e+01 4.227562166551734890e-02 4.129703689354968787e-02 8.375477866508163061e-02 7.253158837329820585e-02 1.015022866297314863e-01 8.904760343845197212e-02
1.711349336679153232e+00 3.051783991785920591e+01 3.991989961014397181e-02 4.068940469462845044e-02 7.987285077479810980e-02 6.882425703706473996e-02 9.743019803725161410e-02 8.746880675234081082e-02
1.720574939572302453e+00 2.978917143160767012e+01 3.754352021728379896e-02 3.822403843975408222e-02 7.619142354185370891e-02 6.659256982323569218e-02 9.470595655430713578e-02 8.547596894787545807e-02
1.729800542465451230e+00 2.911635851793013785e+01 3.626926770928662336e-02 3.543898540021928056e-02 7.302414982582305925e-02 6.554254597062225685e-02 9.174393827398930057e-02 8.323325697765682207e-02
1.739026145358600450e+00 2.849204969197966619e+01 3.492493783980421540e-02 3.299267758912094450e-02 7.021740944233911819e-02 6.393673303576363764e-02 8.871797984374296675e-02 8.087967148656005634e-02
1.748251748251749449e+00 2.790997813102003633e+01 3.351441948243305546e-02 3.176127649067694847e-02 6.753592484546189212e-02 6.204136607945542892e-02 8.572854356256343067e-02 7.850209062042878827e-02
1.757477351144898670e+00 2.736485090573969359e+01 3.237972183776349766e-02 3.081508796421061902e-02 6.499797945440732860e-02 6.017696112794013175e-02 8.283229785200774131e-02 7.615424692807337692e-02
1.766702954038047890e+00 2.685220955828087597e+01 3.150512378282499526e-02 2.966267526777954799e-02 6.260907226436174255e-02 5.829150300193930434e-02 8.005950242350934332e-02 7.386863443372959637e-02
1.775928556931196667e+00 2.636829503104409156e+01 3.035530459380808566e-02 2.856347090544986145e-02 6.036742754461243976e-02 5.647089192744303432e-02 7.742441524696275224e-02 7.166406261370639186e-02
1.785154159824345887e+00 2.590992853970412213e+01 2.916153009188349188e-02 2.749890862821047222e-02 5.826726998153830550e-02 5.458964444434144525e-02 7.493161912598012009e-02 6.955050145970176345e-02
1.794379762717494886e+00 2.547441091997114881e+01 2.855585716040920374e-02 2.642572205487425663e-02 5.630077980569936358e-02 5.266983330541208375e-02 7.257991527337992466e-02 6.753222037739092798e-02
1.803605365610643885e+00 2.505943936659079796e+01 2.766578629642424403e-02 2.568803746206427263e-02 5.445925768716719517e-02 5.105344606290884713e-02 7.036474087711752645e-02 6.560983928302022150e-02
1.812830968503793105e+00 2.466303926602611440e+01 2.699861358745536677e-02 2.497955992132006031e-02 5.273381157130785368e-02 4.957445726011400211e-02 6.827967769139675625e-02 6.378167798707323755e-02
1.822056571396942104e+00 2.428350862712145286e+01 2.611119213474211165e-02 2.419678212027420727e-02 5.111575220658082230e-02 4.817592336088694083e-02 6.631739371032452368e-02 6.204464800492459631e-02
1.831282174290091325e+00 2.391937281847962993e+01 2.514980784479092790e-02 2.349131597386389103e-02 4.959681055154874230e-02 4.685364739861341832e-02 6.447022760911735872e-02 6.039484309305720444e-02
1.840507777183240323e+00 2.356934765285351574e+01 2.452553867292905920e-02 2.289929032711057744e-02 4.816924641368558468e-02 4.560323716307124187e-02 6.273054633643226907e-02 5.882792975408435154e-02
