9.225602893149067790e-04 1.238312918310834423e-04 4.871967083964546304e-06 4.939434393729687776e-06 7.712047559075408234e-06 6.844247892824679882e-06 1.061977959891525071e-05 8.752843560837732435e-06
1.014816318246397446e-02 1.261738769796420226e-04 4.965325941129288250e-06 5.028081604851626358e-06 7.862742087914555882e-06 6.980289260551090125e-06 1.082995169494012692e-05 8.926878055731329669e-06
1.937376607561304073e-02 1.286690786923740527e-04 5.064799822826232967e-06 5.122584958267651983e-06 8.023408153449800278e-06 7.124888949396822021e-06 1.105380199522667584e-05 9.112074338700861583e-06
2.859936896876210874e-02 1.313343517381209021e-04 5.171087661687040656e-06 5.223705640304787635e-06 8.195185342104469115e-06 7.278998741583407161e-06 1.129288003955773311e-05 9.309683788057888823e-06
3.782497186191117328e-02 1.341828565745041947e-04 5.284717997147941448e-06 5.340868239264880395e-06 8.378939016086479116e-06 7.443365675496247660e-06 1.154837642725330561e-05 9.520681699402714152e-06
4.705057475506025516e-02 1.372295283305387660e-04 5.406290765759758565e-06 5.465993796224447423e-06 8.582294460515981762e-06 7.618836517631592678e-06 1.182164157651594775e-05 9.746173959800623213e-06
5.627617764820931623e-02 1.404868817954820609e-04 5.536310173583184084e-06 5.599370540727155324e-06 8.802148277132733952e-06 7.806150657412204300e-06 1.211383547009985172e-05 9.987112752450399760e-06
6.550178054135838424e-02 1.439884964117248275e-04 5.676120082500317335e-06 5.742377353197341498e-06 9.038285864392816508e-06 8.007110794846746590e-06 1.242791105309754116e-05 1.024588689926055627e-05
7.472738343450743836e-02 1.477368850539749424e-04 5.825827999303472221e-06 5.895208092606606066e-06 9.291058224087148619e-06 8.221986594300032284e-06 1.276420784906683059e-05 1.052280230689299208e-05
8.395298632765652025e-02 1.517711726026014900e-04 5.987000599408511892e-06 6.059349972482977508e-06 9.562988825470954742e-06 8.452892891285532836e-06 1.312618068385995964e-05 1.082065673069216140e-05
9.317858922080557438e-02 1.561141195935279008e-04 6.160553988374253354e-06 6.235733814414937213e-06 9.855675256533434625e-06 8.703277622410860630e-06 1.351592143627327897e-05 1.114116212718872963e-05
1.024041921139546424e-01 1.608008914351274075e-04 6.347899888575140714e-06 6.434356568875106760e-06 1.017147762557787678e-05 8.978444161730135499e-06 1.393659132790432296e-05 1.148689681464349407e-05
1.116297950071036965e-01 1.658752085937306741e-04 6.550793173482971979e-06 6.652035441745461977e-06 1.051331826060184524e-05 9.275897119570872913e-06 1.439212789134866870e-05 1.186103575324118841e-05
1.208553979002527506e-01 1.713804934502313076e-04 6.770978218061828773e-06 6.887795250929036606e-06 1.088027416407737701e-05 9.598150958026879787e-06 1.488645041403607134e-05 1.226678184237383631e-05
1.300810007934018186e-01 1.773595509511532238e-04 7.011890456516916940e-06 7.143521545651266690e-06 1.126889866413726088e-05 9.947760752012225864e-06 1.542346682531647189e-05 1.270733455222594122e-05
1.393066036865509005e-01 1.838895900950249143e-04 7.284127272632462662e-06 7.422302737173150627e-06 1.169305721637197847e-05 1.032901499665081469e-05 1.601008285267958246e-05 1.318825766752186406e-05
1.485322065796999824e-01 1.910389413729517952e-04 7.581909575414872392e-06 7.727029875973781201e-06 1.215717193297561390e-05 1.074586871909559405e-05 1.665248357729778232e-05 1.371458332966848850e-05
1.577578094728490643e-01 1.988544550849653890e-04 7.907023051049327528e-06 8.059997609492558154e-06 1.266443982840501927e-05 1.120135437132597448e-05 1.735506082743023637e-05 1.428996764013369474e-05
1.669834123659981462e-01 2.074795861118696469e-04 8.264508990874446350e-06 8.426803953237089377e-06 1.322390779245940021e-05 1.170330025414230207e-05 1.813061331343689283e-05 1.492464888338892342e-05
1.762090152591472003e-01 2.170020558824346053e-04 8.658994413859291608e-06 8.831380336403807374e-06 1.384135131753656367e-05 1.225699602391033447e-05 1.898716095724835664e-05 1.562525625707430360e-05
1.854346181522962822e-01 2.275681420869604026e-04 9.096447170994672975e-06 9.279773160426906843e-06 1.452616951835153446e-05 1.287076713699897529e-05 1.993792555475911886e-05 1.640246004030537991e-05
1.946602210454453641e-01 2.393367260015155380e-04 9.583445316514992715e-06 9.778690018600363475e-06 1.528862782640554876e-05 1.355378715352318687e-05 2.099730540442825756e-05 1.726796565158994967e-05
2.038858239385944460e-01 2.524976086805186043e-04 1.013317164431720100e-05 1.033615494624022285e-05 1.614100248441507858e-05 1.431703164740536416e-05 2.218253614643523036e-05 1.823575467528216359e-05
2.131114268317435001e-01 2.672960446318644852e-04 1.074040752497456338e-05 1.096239374746138789e-05 1.709906585996311991e-05 1.517452458046772900e-05 2.351580071696072072e-05 1.932382099011266266e-05
2.223370297248925820e-01 2.840148699285723424e-04 1.142372737056486379e-05 1.166934499178862205e-05 1.818110509813032020e-05 1.614260492290952968e-05 2.502282523387491971e-05 2.055298360010388795e-05
2.315626326180416361e-01 3.030157936051362626e-04 1.221316952582573653e-05 1.247215506259007241e-05 1.941039284327888146e-05 1.724200552075637327e-05 2.673636032158487530e-05 2.194985404780898462e-05
2.407882355111907180e-01 3.247430057072870236e-04 1.311602294361627341e-05 1.338790896812403495e-05 2.081556841292212792e-05 1.849826507634508158e-05 2.869676691893627285e-05 2.354710045730069130e-05
2.500138384043397721e-01 3.497572175933350252e-04 1.415492798784547587e-05 1.442434385699135208e-05 2.243272315501196497e-05 1.994356209084676302e-05 3.095491983382757080e-05 2.538600650868314988e-05
2.592394412974888818e-01 3.787694741228011240e-04 1.535715167078950281e-05 1.562531900455786356e-05 2.430762819267533745e-05 2.161871399687079112e-05 3.357540586902029367e-05 2.751892892665128805e-05
2.684650441906379359e-01 4.127328168184302951e-04 1.676478384480449774e-05 1.705320455680216186e-05 2.652744179731209798e-05 2.357809357943620263e-05 3.664472986583645290e-05 3.001581853401936268e-05
2.776906470837869900e-01 4.528268100798459538e-04 1.845114863810638382e-05 1.873323194701899006e-05 2.915174940522417520e-05 2.588946986340406658e-05 4.027011350195096708e-05 3.296372880213219907e-05
2.869162499769360997e-01 5.006690930469526570e-04 2.048235117096139455e-05 2.072527121965987880e-05 3.228383542337254566e-05 2.864526912892763387e-05 4.459850702628832732e-05 3.648171998613255421e-05
2.961418528700851538e-01 5.584488863301237871e-04 2.294029347693626875e-05 2.314945774263825907e-05 3.606698219286779902e-05 3.197039581705478535e-05 4.982874387331182302e-05 4.073098474475980030e-05
3.053674557632342079e-01 6.291680232416664489e-04 2.595496853941849612e-05 2.611503885210778638e-05 4.069762925679816425e-05 3.603604831662861677e-05 5.623356906908649235e-05 4.593269996209950554e-05
3.145930586563833176e-01 7.170913022019735107e-04 2.971824074592740051e-05 2.979995547583468626e-05 4.645444475239888984e-05 4.108478038254866332e-05 6.420026348283606934e-05 5.240105793828848686e-05
3.238186615495323717e-01 8.283818075060380521e-04 3.450114169023781735e-05 3.446126521232102495e-05 5.373955301790070069e-05 4.746642322107441983e-05 7.428820626347108335e-05 6.059039934123283937e-05
3.330442644426814813e-01 9.722538050231097680e-04 4.068870037902527076e-05 4.047675602145053148e-05 6.315641192268452338e-05 5.570248043989720586e-05 8.733322638885252821e-05 7.118008788866239146e-05
3.422698673358305355e-01 1.162844575719655877e-03 4.888957517690836578e-05 4.842766334173308033e-05 7.570304152692153982e-05 6.659096243547338312e-05 1.046162152069200768e-04 8.521375642350434432e-05
3.514954702289795896e-01 1.422949883774674712e-03 6.008687561623619541e-05 5.925999506702669777e-05 9.287294713132814711e-05 8.141246396522051725e-05 1.281988647720206428e-04 1.043749489827304651e-04
3.607210731221286992e-01 1.790893784018293211e-03 7.577057442166470862e-05 7.454988046736344028e-05 1.174495475213591360e-04 1.022954531583735328e-04 1.615381366096653361e-04 1.314975357786846068e-04
3.699466760152777534e-01 2.334292575726079188e-03 9.894356577377786191e-05 9.706990588340602341e-05 1.538768986991817522e-04 1.328879500008279396e-04 2.107082468574793255e-04 1.715936591013197954e-04
3.791722789084268630e-01 3.180190935925880473e-03 1.350956713628585423e-04 1.319249413802557093e-04 2.107421929087396374e-04 1.801943037818415361e-04 2.870460055488968480e-04 2.341141390112418640e-04
3.883978818015759171e-01 4.581626546404545842e-03 1.940805619104557858e-04 1.898473981047183942e-04 3.052999138820639696e-04 2.578653504286335107e-04 4.128732021604379285e-04 3.380082095226204925e-04
3.976234846947249713e-01 7.058447503012442274e-03 3.000610870201505381e-04 2.896433425053825811e-04 4.729167444786587168e-04 3.949832795000531027e-04 6.330568811967161869e-04 5.227497219790341529e-04
4.068490875878740809e-01 1.154505802215052487e-02 4.989880297992556335e-04 4.665941116575051534e-04 7.762159408306462671e-04 6.384439299798125994e-04 1.024195275161598681e-03 8.619451599166088468e-04
4.160746904810231350e-01 1.814017615993016030e-02 7.930048011019312504e-04 7.282289206790408531e-04 1.214100520404427092e-03 1.008855842752974519e-03 1.580068618342148762e-03 1.375831083201713850e-03
4.253002933741722447e-01 2.026569776920170152e-02 8.827728264311426876e-04 8.367577012789277624e-04 1.357231421420579398e-03 1.145043594560222339e-03 1.755149748870872550e-03 1.560464833324261280e-03
4.345258962673212988e-01 1.398220314225038716e-02 6.067194412364401018e-04 5.923476055988748795e-04 9.290280532504059663e-04 8.145620527985515669e-04 1.242782333799489353e-03 1.074338325469379948e-03
4.437514991604703529e-01 8.064585852432762381e-03 3.552147718456685060e-04 3.449892436243450627e-04 5.377318237418434593e-04 4.770153737347973544e-04 7.317273379354224255e-04 6.145223495631129892e-04
4.529771020536194626e-01 4.778751330489755707e-03 2.120985937519113268e-04 2.052062106952644988e-04 3.218052571217367569e-04 2.839050548573132313e-04 4.386026448035956760e-04 3.619713576652801995e-04
4.622027049467684612e-01 3.031529795484398659e-03 1.356137403312959733e-04 1.302089341087371219e-04 2.054868423811834210e-04 1.800190112355598039e-04 2.801621242395874005e-04 2.288211995373420904e-04
4.714283078399175708e-01 2.047076125641232765e-03 9.220374988947073469e-05 8.784306559309236484e-05 1.394563300807023960e-04 1.212994876829097401e-04 1.900956209223295459e-04 1.542082132185381739e-04
4.806539107330666249e-01 1.453562729215791957e-03 6.589499130911589259e-05 6.217291384671627674e-05 9.945071379834037259e-05 8.593662681851809565e-05 1.355005649154525111e-04 1.093802788848276253e-04
4.898795136262157346e-01 1.073987493715876764e-03 4.899522706169521201e-05 4.578730550106415755e-05 7.377096939098428015e-05 6.335612781873094929e-05 1.004539098386309989e-04 8.077400235954944156e-05
4.991051165193647332e-01 8.190048270949861625e-04 3.759741378489198354e-05 3.480118742660894948e-05 5.646827230899355288e-05 4.821246959499326731e-05 7.684361566422830744e-05 6.158510472464840107e-05
5.083307194125139539e-01 6.407488527691123899e-04 2.959849102280470191e-05 2.713486910966970457e-05 4.433976176080624537e-05 3.764186443539407553e-05 6.029857024695466170e-05 4.818242342953342732e-05
5.175563223056629525e-01 5.119498190891390039e-04 2.376781578780715748e-05 2.160483570981487286e-05 3.555459477426860596e-05 3.001469102436010294e-05 4.833005335173152714e-05 3.850357691922252565e-05
5.267819251988120621e-01 4.162870544845634476e-04 1.941008774422749812e-05 1.750422716762872971e-05 2.905608355786777923e-05 2.435691560902675679e-05 3.942982437879613469e-05 3.131692423291045600e-05
5.360075280919610607e-01 3.435653572886272810e-04 1.606186820089886306e-05 1.439195028673124089e-05 2.412509225357956219e-05 2.006086568426648006e-05 3.264861760059911038e-05 2.585433615796183188e-05
5.452331309851101704e-01 2.871744344423943435e-04 1.340072443670788788e-05 1.198624908864360855e-05 2.028699492459263816e-05 1.673309080910470592e-05 2.737885514517997667e-05 2.161835580321327640e-05
5.544587338782591690e-01 2.427129865392157061e-04 1.133536960203581126e-05 1.011965343428273211e-05 1.724959332137160416e-05 1.411173245418535804e-05 2.321510214933571637e-05 1.827795624579058725e-05
5.636843367714083897e-01 2.071298372304390450e-04 9.691967061802747065e-06 8.624730401215764111e-06 1.480978861842678694e-05 1.200835660364457376e-05 1.987586344670821134e-05 1.560395341556152621e-05
5.729099396645573883e-01 1.782744070804521323e-04 8.373129607274452935e-06 7.424885409949177244e-06 1.282016427563527957e-05 1.030306976791526717e-05 1.716238463118780334e-05 1.343491413586156468e-05
5.821355425577064979e-01 1.546337658072899455e-04 7.321988211401238723e-06 6.462052804320859295e-06 1.118412415561416818e-05 8.907675069888581132e-06 1.493466646190245994e-05 1.165706762814804997e-05
5.913611454508554965e-01 1.350349782262070912e-04 6.400175913661207807e-06 5.646653506287434895e-06 9.823057070623919746e-06 7.762517156343300530e-06 1.308401450595520583e-05 1.018267661864765794e-05
6.005867483440046062e-01 1.186637587117069848e-04 5.640290294037133677e-06 4.947813653132939024e-06 8.682059376032528900e-06 6.813318120178275166e-06 1.153486357048161878e-05 8.950455286331192328e-06
6.098123512371537158e-01 1.048603130670182414e-04 5.010588171266514164e-06 4.343223438352220738e-06 7.716596844905589114e-06 6.013146457766702395e-06 1.022596133084314096e-05 7.911027635795439029e-06
6.190379541303028255e-01 9.314823264644258021e-05 4.455063737354828012e-06 3.841948580696514398e-06 6.894422807629909441e-06 5.334234440673309131e-06 9.112966650819465174e-06 7.028582485238795341e-06
6.282635570234518241e-01 8.314699106470204554e-05 3.974850596235508815e-06 3.414196649444034451e-06 6.189748141977518625e-06 4.754477468183482551e-06 8.160461896028901505e-06 6.274570778017706072e-06
6.374891599166009337e-01 7.454372639998456374e-05 3.560110628977400664e-06 3.044622295590363034e-06 5.581327623489386173e-06 4.255269922991421249e-06 7.339288914114249916e-06 5.625605718346412512e-06
6.467147628097499323e-01 6.711189727636504001e-05 3.196741139896024141e-06 2.719764741014300976e-06 5.053748828967767419e-06 3.822676690216276932e-06 6.628308312258852637e-06 5.064631124808777131e-06
6.559403657028991530e-01 6.065727085653265627e-05 2.881282420844762072e-06 2.438267153727653584e-06 4.593771921121567929e-06 3.447016555106307938e-06 6.009386707750141450e-06 4.577089802501474675e-06
6.651659685960481516e-01 5.501971441983020256e-05 2.605896023900895330e-06 2.195249828894668047e-06 4.190459610680032532e-06 3.118985555663202579e-06 5.467544370317825792e-06 4.151009212384010544e-06
6.743915714891972613e-01 5.008302126872401350e-05 2.364820238830347813e-06 1.986023236870453545e-06 3.835862576576415839e-06 2.831745905692545470e-06 4.991898426183682079e-06 3.777616543807159322e-06
6.836171743823462599e-01 4.574035639334619646e-05 2.152810632010101273e-06 1.794453405360074336e-06 3.522661375590976083e-06 2.587952222577651214e-06 4.572459745469372122e-06 3.448906350183088374e-06
6.928427772754953695e-01 4.190743419963380479e-05 1.965742921704067159e-06 1.635851094398103498e-06 3.245070060393732134e-06 2.377981431013485630e-06 4.201302548082631709e-06 3.158562481834254908e-06
7.020683801686443681e-01 3.851083174757041050e-05 1.800019327057298432e-06 1.496710747040371837e-06 2.998036099509145266e-06 2.177796549450933879e-06 3.871541271386161906e-06 2.901081682263178532e-06
7.112939830617935888e-01 3.549463510441105415e-05 1.652875905952529243e-06 1.385549291624149659e-06 2.777713855206619782e-06 1.998807834925767698e-06 3.577929929294711262e-06 2.672246527376431942e-06
7.205195859549425874e-01 3.281027470209462783e-05 1.521931410226372099e-06 1.273744785746299887e-06 2.581219487707551205e-06 1.839472810443886950e-06 3.315887634084592884e-06 2.468405862130383183e-06
7.297451888480916971e-01 3.040072646015066514e-05 1.404457333634272649e-06 1.169538997968902662e-06 2.410635849491402110e-06 1.696569984398548853e-06 3.080052691654392214e-06 2.285349907339738820e-06
7.389707917412406957e-01 2.825353848181524457e-05 1.299738454137661033e-06 1.086703440418310498e-06 2.257840082868485889e-06 1.569123904843086023e-06 2.869246345480800753e-06 2.122030340412668224e-06
7.481963946343899163e-01 2.632290381802741854e-05 1.205601364908553182e-06 1.007247572767532609e-06 2.117040662579972488e-06 1.454573288998497788e-06 2.679144464507602957e-06 1.975078035698756435e-06
7.574219975275389150e-01 2.458716237997036756e-05 1.120963273886419994e-06 9.339175432039141511e-07 1.987092310189917760e-06 1.351590925713005986e-06 2.507703691248329398e-06 1.842842211391193991e-06
7.666476004206880246e-01 2.302085800237734726e-05 1.044594091236724509e-06 8.679978095249537347e-07 1.869187680394044835e-06 1.258692608459104339e-06 2.352504355402352241e-06 1.723420987479503118e-06
7.758732033138370232e-01 2.160863826964049656e-05 9.757259293512884576e-07 8.087892443617187915e-07 1.762303593031889793e-06 1.181709651432846981e-06 2.212125844040702165e-06 1.615655599671288883e-06
7.850988062069861328e-01 2.033220417558299364e-05 9.134658389561102270e-07 7.554946119150630815e-07 1.665139050286203474e-06 1.106999504960119946e-06 2.084813038401654554e-06 1.518162450591984634e-06
7.943244091001351315e-01 1.917521398036257851e-05 8.570259604097239727e-07 7.059091151306061461e-07 1.576531977421311985e-06 1.038615693003832572e-06 1.968994812496609848e-06 1.429716454732529149e-06
8.035500119932843521e-01 1.812686448322798914e-05 8.058664251464653947e-07 6.604472371869518155e-07 1.495756955373556737e-06 9.767459225721011255e-07 1.863672737769919214e-06 1.349502532280176298e-06
8.127756148864333507e-01 1.717510044288902610e-05 7.594054467475230331e-07 6.194834146474049986e-07 1.421971538812082661e-06 9.206811117671400747e-07 1.767701646654129950e-06 1.276622421618968162e-06
8.220012177795824604e-01 1.631292226130208613e-05 7.172862783005208153e-07 5.865881272263571099e-07 1.354683588442857727e-06 8.699647857570168329e-07 1.680405404026589795e-06 1.210528371601625686e-06
8.312268206727314590e-01 1.552753946086015728e-05 6.789044435192164741e-07 5.577495655572586202e-07 1.292985642691617178e-06 8.238830847788373784e-07 1.600570724292209079e-06 1.150282294603304468e-06
8.404524235658805686e-01 1.481154880103005938e-05 6.438989543416101936e-07 5.318037365431968662e-07 1.236356422845118897e-06 7.829078452274691415e-07 1.527490017785328169e-06 1.095325677176923362e-06
8.496780264590296783e-01 1.416066953493882975e-05 6.120453711620159836e-07 5.107937707353223252e-07 1.184763948042325552e-06 7.499311253723628276e-07 1.460743005816828055e-06 1.045315746350644661e-06
8.589036293521787879e-01 1.356766996867529197e-05 5.829994775290693533e-07 4.955867699131833999e-07 1.140234574194958988e-06 7.199606245371419034e-07 1.399654243454286271e-06 9.997236245050705776e-07
8.681292322453277865e-01 1.302843111771278560e-05 5.565543656055491967e-07 4.786457667057302309e-07 1.099401800217586435e-06 6.940967250961472721e-07 1.343827662307840916e-06 9.582318840023662163e-07
8.773548351384768962e-01 1.253537433310640877e-05 5.323554864397734388e-07 4.594619692423488401e-07 1.061725648553927580e-06 6.709754006332135944e-07 1.292528238134608843e-06 9.202826969687509647e-07
8.865804380316258948e-01 1.208743455460840373e-05 5.103330232404439061e-07 4.409871246009986520e-07 1.027183113955024705e-06 6.500276528804946238e-07 1.245665256896007499e-06 8.857812448453992267e-07
8.958060409247751155e-01 1.168056808285770182e-05 4.902923893523254874e-07 4.243060530830805333e-07 9.955055169359588454e-07 6.311179664442890397e-07 1.202849155314006396e-06 8.544255398525270404e-07
9.050316438179241141e-01 1.130821355835615178e-05 4.719304240140462621e-07 4.115850153852661242e-07 9.662086392294780144e-07 6.135496650835828693e-07 1.163440288238660195e-06 8.257361926324375585e-07
9.142572467110732237e-01 1.096993565647612691e-05 4.552138278393560463e-07 4.007340410953491854e-07 9.392982787640647471e-07 5.973869351786232907e-07 1.127396681018934284e-06 7.996677360745380584e-07
9.234828496042222223e-01 1.066292527643351803e-05 4.400046337600970793e-07 3.907581994336717813e-07 9.145969280435683812e-07 5.820502762957461553e-07 1.094460024814926272e-06 7.760129846476121127e-07
9.327084524973712210e-01 1.038489117098668860e-05 4.261905751160880373e-07 3.797159933076142403e-07 8.919517904121458218e-07 5.668754498899281909e-07 1.064406092069024713e-06 7.545978620457029538e-07
9.419340553905202196e-01 1.013250895309100834e-05 4.136176663290359548e-07 3.697904587313944724e-07 8.711207834368501644e-07 5.528514848550204817e-07 1.037872611433781359e-06 7.351789233393832919e-07
9.511596582836694402e-01 9.905841818934619500e-06 4.022749144860637155e-07 3.607047451045369428e-07 8.521478883456986360e-07 5.400143644155966404e-07 1.013866219704882298e-06 7.177517390119580803e-07
9.603852611768185499e-01 9.700205217793078297e-06 3.919546570358065887e-07 3.521930407965158448e-07 8.346600017743726490e-07 5.282420250725675999e-07 9.919099076628433296e-07 7.019785583391169992e-07
9.696108640699675485e-01 9.517359289269655215e-06 3.827187537512753479e-07 3.446750626892152716e-07 8.166525312547604252e-07 5.176449415389715097e-07 9.722095153716878868e-07 6.879793775808334282e-07
9.788364669631165471e-01 9.351986461235402639e-06 3.743388438449792504e-07 3.379349530668950918e-07 7.991503117085775463e-07 5.079310116556820477e-07 9.542140493200926288e-07 6.753730573269169356e-07
9.880620698562656568e-01 9.211778612531987902e-06 3.671272412163545319e-07 3.331231507390588510e-07 7.839045742654551433e-07 4.996235274401985286e-07 9.387493393674847640e-07 6.647027964037833001e-07
9.972876727494148774e-01 9.077236463719554402e-06 3.602530020070805045e-07 3.288400484974647137e-07 7.692217023677803641e-07 4.924698387585154730e-07 9.237892479859743130e-07 6.545746733995695568e-07
1.006513275642563876e+00 8.964469431190711231e-06 3.543921133825980334e-07 3.254221093711646881e-07 7.597358772954977387e-07 4.862997196464015934e-07 9.110196284453028905e-07 6.461353330757838248e-07
1.015738878535712875e+00 8.867017112509287247e-06 3.492659368629472984e-07 3.226423858730970032e-07 7.524537264759521089e-07 4.807437665605020878e-07 8.998006660059918360e-07 6.389317647187950816e-07
1.024964481428862095e+00 8.784212587054655359e-06 3.448403619498566545e-07 3.207480383039596129e-07 7.462085312940215220e-07 4.758108087258352279e-07 8.900512359896703169e-07 6.329074103690123345e-07
1.034190084322011094e+00 8.714397738774139833e-06 3.410430625229983015e-07 3.203922013329020692e-07 7.408726759061796220e-07 4.721560132322436264e-07 8.816057936554623676e-07 6.279464475604393334e-07
1.043415687215160093e+00 8.658258523720278031e-06 3.383268588059167210e-07 3.188270343325813898e-07 7.365311356574276192e-07 4.702037741324290422e-07 8.745570710867512948e-07 6.241009781495864792e-07
1.052641290108309091e+00 8.614064969430491487e-06 3.371818518997449161e-07 3.189237240562121857e-07 7.312135718027179613e-07 4.706464753985251044e-07 8.687194506118812250e-07 6.212478832785343219e-07
1.061866893001458312e+00 8.582017474233248969e-06 3.358705767175279897e-07 3.178938370190052408e-07 7.266458483154014382e-07 4.698647644744909395e-07 8.641234211869571716e-07 6.194043476591290048e-07
1.071092495894607532e+00 8.561244737817439576e-06 3.349917967759089281e-07 3.177047520496232387e-07 7.229577805088282063e-07 4.690065928591847610e-07 8.606923580018919443e-07 6.185146941365487306e-07
1.080318098787756531e+00 8.551992005678734420e-06 3.340035952993314025e-07 3.199394313633293751e-07 7.201667913981485007e-07 4.687581405387271946e-07 8.584439459034552607e-07 6.185951945651188132e-07
1.089543701680905530e+00 8.553206311553642157e-06 3.335121921442171371e-07 3.226349249486745111e-07 7.182109643104017086e-07 4.695632311432873209e-07 8.572930249768368621e-07 6.195850383639981199e-07
1.098769304574054528e+00 8.565033890360473567e-06 3.335961574587564376e-07 3.237869766021459335e-07 7.170946369177855098e-07 4.733321761903240907e-07 8.572466801385050843e-07 6.214959398563796241e-07
1.107994907467203749e+00 8.588223180423214942e-06 3.342913270095357981e-07 3.252018488279973711e-07 7.169041402958923817e-07 4.763177883949491650e-07 8.583952815133140808e-07 6.243859948587034944e-07
1.117220510360352748e+00 8.621154344896249920e-06 3.355383082016023669e-07 3.278644025160896633e-07 7.174809251450277737e-07 4.798768046208145676e-07 8.605628097088648766e-07 6.284373610954734150e-07
1.126446113253501746e+00 8.664362821586899096e-06 3.373625174044250091e-07 3.304540075782856732e-07 7.188811171148432857e-07 4.837869788297156920e-07 8.638132378267047323e-07 6.335110994422897703e-07
1.135671716146650967e+00 8.718270757462964215e-06 3.397978722357991712e-07 3.355179234744505888e-07 7.211656631090076699e-07 4.878744085646409930e-07 8.682052117098813283e-07 6.395713328505654618e-07
1.144897319039799966e+00 8.782934379314221796e-06 3.432619002692650255e-07 3.401843608469776317e-07 7.243340288594226852e-07 4.925533801998328918e-07 8.737436176288583621e-07 6.466353048257216353e-07
1.154122921932948964e+00 8.858403011002581527e-06 3.468750608387427911e-07 3.456458148135117082e-07 7.283855695449337165e-07 4.961824450655977935e-07 8.804326604133135025e-07 6.547182934443187863e-07
1.163348524826097963e+00 8.944900780154286604e-06 3.508655687857068433e-07 3.523079665602541567e-07 7.333624198510281739e-07 4.976523171721586525e-07 8.883150577997332698e-07 6.638685203074753483e-07
1.172574127719247183e+00 9.042921336674143102e-06 3.558689638179623728e-07 3.581725028980021033e-07 7.392809422039447440e-07 5.004598850255522071e-07 8.974263165488030624e-07 6.741289424250633566e-07
1.181799730612396404e+00 9.153198602258042337e-06 3.616001698579157718e-07 3.652080553501113391e-07 7.462255764282566537e-07 5.055639890917256211e-07 9.078591788133000327e-07 6.855802668455354335e-07
1.191025333505545403e+00 9.275173578756347291e-06 3.680816600222810802e-07 3.740106071306507858e-07 7.541908870966633938e-07 5.121401216328156622e-07 9.195937676580620118e-07 6.982241087501655586e-07
1.200250936398694401e+00 9.411290815698110401e-06 3.753545847858672570e-07 3.823683771214237521e-07 7.632507584708989198e-07 5.218349808855916546e-07 9.327906724090125491e-07 7.122315085491552660e-07
1.209476539291843622e+00 9.561533087325786782e-06 3.835179470916961868e-07 3.915400524182602115e-07 7.735646223953258248e-07 5.360366873284457342e-07 9.475634058092817074e-07 7.276669160534643887e-07
1.218702142184992621e+00 9.726849350012676127e-06 3.925958676454007753e-07 4.036657263623111649e-07 7.851229155097949500e-07 5.519364989545127526e-07 9.639575471639922022e-07 7.446249369210901679e-07
1.227927745078141619e+00 9.908485404847673382e-06 4.033473501167914878e-07 4.174664747874771737e-07 8.005819605569447056e-07 5.691885032146558299e-07 9.821332805876671249e-07 7.632442882309599321e-07
1.237153347971290618e+00 1.010749751729202434e-05 4.154075583885000997e-07 4.339409753095586426e-07 8.181318919074090438e-07 5.850727295112853762e-07 1.002180376801495906e-06 7.836484098923824081e-07
1.246378950864439838e+00 1.032704609579137314e-05 4.268083581520923039e-07 4.524587790877026194e-07 8.376303796066352712e-07 6.050339594624581517e-07 1.024418369113652257e-06 8.061080846364629865e-07
1.255604553757589059e+00 1.056568823045224210e-05 4.398405105188951333e-07 4.703602115589709738e-07 8.591214470596043726e-07 6.265431551368972604e-07 1.048807679280933330e-06 8.306315369860744449e-07
1.264830156650738058e+00 1.082945841801323316e-05 4.549496808748142363e-07 4.902719563932491379e-07 8.829540821768807414e-07 6.501245159819797159e-07 1.075858874587562025e-06 8.576771742908667270e-07
1.274055759543887056e+00 1.111812926814907461e-05 4.716516056443885370e-07 5.092057609264311323e-07 9.092702312954849351e-07 6.759196075535142570e-07 1.105655238562327280e-06 8.873585430242990807e-07
1.283281362437036055e+00 1.143645094843500314e-05 4.901459945209993302e-07 5.267899877156665810e-07 9.383993471669057766e-07 7.042741675093609012e-07 1.138632727545286160e-06 9.200947677275073437e-07
1.292506965330185276e+00 1.178738575487371850e-05 5.106441429737864138e-07 5.423834830833205122e-07 9.706488079664427683e-07 7.354805548556086960e-07 1.175298822101242206e-06 9.562316111934952015e-07
1.301732568223334052e+00 1.217622097234829724e-05 5.334560819915938222e-07 5.619566313068848995e-07 1.006523423738371715e-06 7.699401190835729086e-07 1.216169082372157235e-06 9.962893556889763073e-07
1.310958171116483273e+00 1.260634438043364737e-05 5.588098983746263271e-07 5.915377838066037666e-07 1.046272919834890901e-06 8.080466673512541002e-07 1.261506876863664937e-06 1.040688339248279962e-06
1.320183774009632494e+00 1.308502401484306476e-05 5.858921756345740711e-07 6.229916646363767497e-07 1.085918039462077601e-06 8.503735944178244898e-07 1.312083402925813192e-06 1.090144771339222125e-06
1.329409376902781492e+00 1.361977962467786121e-05 6.170422770557213474e-07 6.600354837621573862e-07 1.129942995244663962e-06 8.973479838707820180e-07 1.368755689481871129e-06 1.145447634523015604e-06
1.338634979795930713e+00 1.421868268036875980e-05 6.528728668477772404e-07 7.012583143077750786e-07 1.179416828980023622e-06 9.506937235399803843e-07 1.432365339897361727e-06 1.207472976167450044e-06
1.347860582689079489e+00 1.489381836060938359e-05 6.915477071931798550e-07 7.394115230683340065e-07 1.235345198926825680e-06 1.011445952999660662e-06 1.504165318996552591e-06 1.277424474793948853e-06
1.357086185582228710e+00 1.565717776315856595e-05 7.393401234457051613e-07 7.885145060582344134e-07 1.298782329045295846e-06 1.080082511580751859e-06 1.585487765810020874e-06 1.356620732218720096e-06
1.366311788475377931e+00 1.652603134536088467e-05 7.919836555696795251e-07 8.439508577975169052e-07 1.371205977306260511e-06 1.155645318969825472e-06 1.678170066921892792e-06 1.446830042188063112e-06
1.375537391368526707e+00 1.752053322172982341e-05 8.513354388743012873e-07 9.057115277837499070e-07 1.454333003462268404e-06 1.244478820032434948e-06 1.784368179210259089e-06 1.550174670266339151e-06
1.384762994261675928e+00 1.866675065693257596e-05 9.197145431036300180e-07 9.761718082955487272e-07 1.550392874493066982e-06 1.345477215518015821e-06 1.906864496447726654e-06 1.669367263385973429e-06
1.393988597154824927e+00 1.999723771746265624e-05 9.968605909579884568e-07 1.060355160307118919e-06 1.662158194735921404e-06 1.459514915095138065e-06 2.049130722000363223e-06 1.807826877810300367e-06
1.403214200047974147e+00 2.155441809159576859e-05 1.089430346432689701e-06 1.160160553633690628e-06 1.793270873785134274e-06 1.595016607989252928e-06 2.215702872903320891e-06 1.969987855844408285e-06
1.412439802941123368e+00 2.339327171576095250e-05 1.198264752971429123e-06 1.278375028088248928e-06 1.948409653750946403e-06 1.752517890557074982e-06 2.412424787024145732e-06 2.161614078965891378e-06
1.421665405834272145e+00 2.558593256515129488e-05 1.327442847571668768e-06 1.419763506126700791e-06 2.133783901874495187e-06 1.939205165055700035e-06 2.647024310714222111e-06 2.390302627991831651e-06
1.430891008727421365e+00 2.823022595907985591e-05 1.481741851274124449e-06 1.590806090416713045e-06 2.357739922085669835e-06 2.162910339768679430e-06 2.929896823982032755e-06 2.666324214804788187e-06
1.440116611620570364e+00 3.145803026286292419e-05 1.668650205194974602e-06 1.799772758432344861e-06 2.631535055659652239e-06 2.434179932879194756e-06 3.275077679106546812e-06 3.003623412810277793e-06
1.449342214513719362e+00 3.545356852767550662e-05 1.898413339269720390e-06 2.047492632105731567e-06 2.970961839167103689e-06 2.767538738020417616e-06 3.702205560259507757e-06 3.421692422783295022e-06
1.458567817406868583e+00 4.047672083915020754e-05 2.190086532458489894e-06 2.355811132326575776e-06 3.398223219565265295e-06 3.179922771365935547e-06 4.238939875425496091e-06 3.948178253791694958e-06
1.467793420300017582e+00 4.690487564786216594e-05 2.586416500437185525e-06 2.771921814016291221e-06 3.945500067348251764e-06 3.709566458321893808e-06 4.925396679788298640e-06 4.623367068078555568e-06
1.477019023193166802e+00 5.529673282938991793e-05 3.074781585109490219e-06 3.286475677218272311e-06 4.660373702378733832e-06 4.402557858755185157e-06 5.820986493901583422e-06 5.507300904920568621e-06
1.486244626086316023e+00 6.650326139448512819e-05 3.766792718877794784e-06 3.962166183619993164e-06 5.614877172709363843e-06 5.329063396483906673e-06 7.015979716027949484e-06 6.692022041053115170e-06
1.495470228979464800e+00 8.185475987659238681e-05 4.753287089212916922e-06 4.883781379658717241e-06 6.920675539919069678e-06 6.578982413320172179e-06 8.651093907346670345e-06 8.322546361409313719e-06
1.504695831872614020e+00 1.034796791455020598e-04 6.169052714786909847e-06 6.215545063713328504e-06 8.753797183732792337e-06 8.369271601314559519e-06 1.095029323401369888e-05 1.063298870227565203e-05
1.513921434765763019e+00 1.348308760302941312e-04 8.105266302150312008e-06 8.025071510548017432e-06 1.139180777716441214e-05 1.083160770923183259e-05 1.427288004082871817e-05 1.400645066780453513e-05
1.523147037658912017e+00 1.814072638263115932e-04 1.095061781904743572e-05 1.088516264889655008e-05 1.525116510212831916e-05 1.461800307163535462e-05 1.917733120970335011e-05 1.905621861153473321e-05
1.532372640552061016e+00 2.510001762345055883e-04 1.505609194779464676e-05 1.492955388696093344e-05 2.078589590411928159e-05 2.037950976269169634e-05 2.640495385781933607e-05 2.663908688272406504e-05
1.541598243445210237e+00 3.497374727498503639e-04 2.057256302816765949e-05 2.080422719525146236e-05 2.863476075209579665e-05 2.835596005881969731e-05 3.635836528637775844e-05 3.731367387992720174e-05
1.550823846338359457e+00 4.631319629695127590e-04 2.632798582151489554e-05 2.738771867653096593e-05 3.774516657769965778e-05 3.766333332327361340e-05 4.720358528558481074e-05 4.891717953696845525e-05
1.560049449231508456e+00 5.271682186866389523e-04 2.971870017186642454e-05 3.075300579509390557e-05 4.308541846109357424e-05 4.253125914343219372e-05 5.279503039464492932e-05 5.363005025629298279e-05
1.569275052124657455e+00 4.815417252864381565e-04 2.699130148627743031e-05 2.796051670267678951e-05 3.864078119669830860e-05 3.809105084416782288e-05 4.732686234230822509e-05 4.629043156691170242e-05
1.578500655017806453e+00 3.712925494743801215e-04 2.031371758505712364e-05 2.122528004355002298e-05 2.904124948618582889e-05 2.871763761119403013e-05 3.541933326370262560e-05 3.399716209445316885e-05
1.587726257910955674e+00 2.679299015824041950e-04 1.467122284171622605e-05 1.489219345304375114e-05 2.048969232687567876e-05 2.029955867957476028e-05 2.518620738429426607e-05 2.395052133125869323e-05
1.596951860804104451e+00 1.934095849982440376e-04 1.041774957312145982e-05 1.062406292710193654e-05 1.445730967295738947e-05 1.441893538012953605e-05 1.804303355705573768e-05 1.705239544098636475e-05
1.606177463697253671e+00 1.433441823581518826e-04 7.513737998232031690e-06 7.710850419545160544e-06 1.058518976533484222e-05 1.048275800946460294e-05 1.332620254100003155e-05 1.250643153031958050e-05
1.615403066590402892e+00 1.097446178467509457e-04 5.730319112971196845e-06 5.739920588292331000e-06 8.136573796929043073e-06 7.886146929074455952e-06 1.015753279882759049e-05 9.480951606241340380e-06
1.624628669483551890e+00 8.669092727716672499e-05 4.486777074621471064e-06 4.451676698265539796e-06 6.379218239740245427e-06 6.106057388050677008e-06 7.979621157570040675e-06 7.412292820955352322e-06
1.633854272376701111e+00 7.042315566178521927e-05 3.621978155694393232e-06 3.528711149061998877e-06 5.117296213358785194e-06 4.860743593135556564e-06 6.440389867105503858e-06 5.954483123561085840e-06
1.643079875269850110e+00 5.862091062275776623e-05 2.993856502232402348e-06 2.847323110377288817e-06 4.270328733414490861e-06 3.973846270732687199e-06 5.322429040603711252e-06 4.897250142504248329e-06
1.652305478162999108e+00 4.983850797646661513e-05 2.510341080860808527e-06 2.341461419855669576e-06 3.632923693237940718e-06 3.352226097520335699e-06 4.489923504314738509e-06 4.110521610913207510e-06
1.661531081056148329e+00 4.315373124801505996e-05 2.148580033388277309e-06 1.954205298771406686e-06 3.143293985708586822e-06 2.874823703117324329e-06 3.856081000021921131e-06 3.511609306941077381e-06
1.670756683949297106e+00 3.796427922810100664e-05 1.873310702952014624e-06 1.689526403789451479e-06 2.760184155992485096e-06 2.502295504991465991e-06 3.363979788838720433e-06 3.046566947004511548e-06
1.679982286842446326e+00 3.386506541290054836e-05 1.641869541014882210e-06 1.469692049669505795e-06 2.455523762155441606e-06 2.185664194219392987e-06 2.975333064128168577e-06 2.679140129075090833e-06
1.689207889735595547e+00 3.057729693743290974e-05 1.452813649933445289e-06 1.301481636508450198e-06 2.209730159134284391e-06 1.932410721456073613e-06 2.663732704258056693e-06 2.384378445488481404e-06
1.698433492628744546e+00 2.790528588600340944e-05 1.301947900412330438e-06 1.158856395692098274e-06 2.008872977232916340e-06 1.726081465017979415e-06 2.410584615760280722e-06 2.144751086265988681e-06
1.707659095521893766e+00 2.570768046765221275e-05 1.176800968673172255e-06 1.035992155738767244e-06 1.842845828054501668e-06 1.567337631944331662e-06 2.202480317480894642e-06 1.947607591692866920e-06
1.716884698415042543e+00 2.388162238923636791e-05 1.072524469030267065e-06 9.424638093145111517e-07 1.704228645047200239e-06 1.433672140777400572e-06 2.029642141775209099e-06 1.783725494843569335e-06
1.726110301308191763e+00 2.235014200939934123e-05 9.912436069367345094e-07 8.662526096349325148e-07 1.587421898280092473e-06 1.315308992816163189e-06 1.884745656388625020e-06 1.646210428372146188e-06
1.735335904201340984e+00 2.105529728780960831e-05 9.214138756437583984e-07 7.880970607283713063e-07 1.488196156829599769e-06 1.223147732450670784e-06 1.762278632581455550e-06 1.529865135147133654e-06
1.744561507094489761e+00 1.995260194748294574e-05 8.572277970124530350e-07 7.225529953381071041e-07 1.403272116120340344e-06 1.150200009239307926e-06 1.657999183580138105e-06 1.430700390510824876e-06
1.753787109987638981e+00 1.900741893756190376e-05 8.021995858674729112e-07 6.695181754474930909e-07 1.330128461230333658e-06 1.080976794629312233e-06 1.568631980728694048e-06 1.345610961963822415e-06
1.763012712880787980e+00 1.819228101185923035e-05 7.555411494260938759e-07 6.315277864148847911e-07 1.266728580816494867e-06 1.021029385184927857e-06 1.491563511010589316e-06 1.272141817886641513e-06
1.772238315773937201e+00 1.748604979998722185e-05 7.197966169330473232e-07 6.062495584161555493e-07 1.211488619725351236e-06 9.757504081644299897e-07 1.424770136031690450e-06 1.208387239655966163e-06
1.781463918667086421e+00 1.687098330124610734e-05 6.860500505739520148e-07 5.783656180983479860e-07 1.163111899959210600e-06 9.417852893786833655e-07 1.366583979656143253e-06 1.153679236046060936e-06
1.790689521560235198e+00 1.633357592525269661e-05 6.568023078901158050e-07 5.551163799364501963e-07 1.120554871615444186e-06 9.156617943673714020e-07 1.315695179465276406e-06 1.106725986025008604e-06
1.799915124453384419e+00 1.586179667994084506e-05 6.328674740239658152e-07 5.293831391032561727e-07 1.082980745405464907e-06 8.952049562026925496e-07 1.271005434010272184e-06 1.068226985841568049e-06
1.809140727346533417e+00 1.544659419277441147e-05 6.117332332628107794e-07 5.097153238051668240e-07 1.049660358033374652e-06 8.717227153076796112e-07 1.231621384700864552e-06 1.034648941017607049e-06
1.818366330239682416e+00 1.508025774277771397e-05 5.930124972143425272e-07 4.890268475601111008e-07 1.020023439400865521e-06 8.426291559736704881e-07 1.196816354262523411e-06 1.004870819123234430e-06
1.827591933132831414e+00 1.475617938693315993e-05 5.742728888509458828e-07 4.716193966084842394e-07 9.935777181468661570e-07 8.253327802298350503e-07 1.165968510955391171e-06 9.783813800403666586e-07
1.836817536025980635e+00 1.446878278482249407e-05 5.594933446030721024e-07 4.585474069657134336e-07 9.699198897556874982e-07 8.104687651423568014e-07 1.138560988243541384e-06 9.547526199875158172e-07
1.846043138919129634e+00 1.421376315910511684e-05 5.463301450447738893e-07 4.421627425805524950e-07 9.486981695316211118e-07 7.943887955871874635e-07 1.114167274682655975e-06 9.336396926291229572e-07
1.855268741812278410e+00 1.398697474062951778e-05 5.345570275014020057e-07 4.337403933993227387e-07 9.296173991408747845e-07 7.755937038755351406e-07 1.092408668483511405e-06 9.147270220542260793e-07
1.864494344705427187e+00 1.378515433592707566e-05 5.240156692385206289e-07 4.225051635597921828e-07 9.124216864295499308e-07 7.587186946956955635e-07 1.072970992921817014e-06 8.977575602500181888e-07
1.873719947598576185e+00 1.360534319630360836e-05 5.145566956657435958e-07 4.121125163913714909e-07 8.968985581623244423e-07 7.435353847142531052e-07 1.055582829883438395e-06 8.825048320362540420e-07
1.882945550491724962e+00 1.344533969416827245e-05 5.060725314700385944e-07 4.028831699605906570e-07 8.828684133943015967e-07 7.298715475329512349e-07 1.040027100340392728e-06 8.687912014733234950e-07
1.892171153384873961e+00 1.330270377833763714e-05 4.984405437191711727e-07 3.964720190696478872e-07 8.701639467094087529e-07 7.175424775983188123e-07 1.026087002454125150e-06 8.564344258491723516e-07
1.901396756278022737e+00 1.317584873041182114e-05 4.915861319115601993e-07 3.891522706363795487e-07 8.586461620881313199e-07 7.064251027571639432e-07 1.013600283892822904e-06 8.453033247210223634e-07
1.910622359171171736e+00 1.306277414304941464e-05 4.853054467823076593e-07 3.834934814146211216e-07 8.481793623003240851e-07 6.963205712638141133e-07 1.002391206716484416e-06 8.360220941287812121e-07
1.919847962064320512e+00 1.296267582715322326e-05 4.789279289873018836e-07 3.792253134600679900e-07 8.386972369166783702e-07 6.871362442936387193e-07 9.923775562394667208e-07 8.290321916311475553e-07
1.929073564957469289e+00 1.287387726879718910e-05 4.730825836767833461e-07 3.753196030181270255e-07 8.300608942244151555e-07 6.789992865374770633e-07 9.833982887320214520e-07 8.226943859866850048e-07
1.938299167850618288e+00 1.279539034441862999e-05 4.677207761661579711e-07 3.722840109150200833e-07 8.222015205056896266e-07 6.749254712855007712e-07 9.753638502581688229e-07 8.169583394468773655e-07
1.947524770743767064e+00 1.272627248489323198e-05 4.656612066517932651e-07 3.690619670509390649e-07 8.150668051464348535e-07 6.713599365746546573e-07 9.681973830929854080e-07 8.117852890501171418e-07
1.956750373636916063e+00 1.266552365541559084e-05 4.627763082079517433e-07 3.662675514506866638e-07 8.085507153952427490e-07 6.682305574197162646e-07 9.617886661813489235e-07 8.077239327774914416e-07
1.965975976530064839e+00 1.261267555269937287e-05 4.595553011822308483e-07 3.643661717824454741e-07 8.026328942582551019e-07 6.631336669183509973e-07 9.561017572906419513e-07 8.047021775881431057e-07
1.975201579423213616e+00 1.256686661870376468e-05 4.566800545491035815e-07 3.633414815709184130e-07 7.972460545467031765e-07 6.582896523400696021e-07 9.510560151573578546e-07 8.020003311457266629e-07
1.984427182316362615e+00 1.252632243772132373e-05 4.540050188268773818e-07 3.624397434285274965e-07 7.924399853970999703e-07 6.558441290358540818e-07 9.465968801010096094e-07 7.996834876180130999e-07
1.993652785209511391e+00 1.249407884743978329e-05 4.518496678757078937e-07 3.617348178023026734e-07 7.878985441994469505e-07 6.538768998582247441e-07 9.426799305194718918e-07 7.974644290655442773e-07
2.002878388102660168e+00 1.246601762959870581e-05 4.498447311379885155e-07 3.600458898466270740e-07 7.838499685182715192e-07 6.521631492670317150e-07 9.392461965214086154e-07 7.955760686148312112e-07
2.012103990995809166e+00 1.244310168022500465e-05 4.480905501392842128e-07 3.579512830504977695e-07 7.801849139623628058e-07 6.507345475535034545e-07 9.362751819707644557e-07 7.939256757083221937e-07
2.021329593888958165e+00 1.242456645391450397e-05 4.465523279453095833e-07 3.556470139075667945e-07 7.768543849214327670e-07 6.495497766688261332e-07 9.337032587776260246e-07 7.924782999840089580e-07
2.030555196782107164e+00 1.241037919062318407e-05 4.452242965281500618e-07 3.551112797613413129e-07 7.738516364905386071e-07 6.486061102304611014e-07 9.315234768308727520e-07 7.912368706581296294e-07
2.039780799675255718e+00 1.240015688046476163e-05 4.440894817103641529e-07 3.547842005881236089e-07 7.711455447944018691e-07 6.480296539995262725e-07 9.296996052142120020e-07 7.901810279445700274e-07
2.049006402568404717e+00 1.239347835190259824e-05 4.425375066488076466e-07 3.545989570112895601e-07 7.686977454620841274e-07 6.480729856367683811e-07 9.281896133819874815e-07 7.897308644847031450e-07
2.058232005461553715e+00 1.239016548405760938e-05 4.409983452914402376e-07 3.545565731960041413e-07 7.665086923908252033e-07 6.482331499441493672e-07 9.269851780207031752e-07 7.897079682215502912e-07
2.067457608354702270e+00 1.239026593720055811e-05 4.396162384135052063e-07 3.536178390044040506e-07 7.645743667570228111e-07 6.485144037763155021e-07 9.260847028073131387e-07 7.898350008648438844e-07
2.076683211247851268e+00 1.239257839099116609e-05 4.383525114011235769e-07 3.522775632216448345e-07 7.625488217450322541e-07 6.488506813442815958e-07 9.253810648183299523e-07 7.900342109515740311e-07
2.085908814141000267e+00 1.239797536470187577e-05 4.372442957678490043e-07 3.525130261719096146e-07 7.607518181134404855e-07 6.490030484194897784e-07 9.249561125026772846e-07 7.903788311971054754e-07
2.095134417034148822e+00 1.240579762400512597e-05 4.357324396586760649e-07 3.530013085902904097e-07 7.591572254722086079e-07 6.484055246926914045e-07 9.247410526492118554e-07 7.908167481410694123e-07
2.104360019927297820e+00 1.241605618804010395e-05 4.339897838906435940e-07 3.536103474834591319e-07 7.577632594045399648e-07 6.479386830055116475e-07 9.247390249819084526e-07 7.913561300298134992e-07
2.113585622820446819e+00 1.242840700330818910e-05 4.323656182517863529e-07 3.543206830271015620e-07 7.565481795656687656e-07 6.475868141843154024e-07 9.249239960653668458e-07 7.919841128825119437e-07
2.122811225713595817e+00 1.244302093835851057e-05 4.308642209701091539e-07 3.549562421349885405e-07 7.555185614175784545e-07 6.473582227080452203e-07 9.253088754919410266e-07 7.927141411665550487e-07
2.132036828606744372e+00 1.245933773979368604e-05 4.294533000620835749e-07 3.547705327448043462e-07 7.546358336325593460e-07 6.472218123571822033e-07 9.258420544776511669e-07 7.935091206862416891e-07
2.141262431499893371e+00 1.247736833264362398e-05 4.281303309996105692e-07 3.544972268560009620e-07 7.538975089258040011e-07 6.471774995438079990e-07 9.265229275847019640e-07 7.943713343299463922e-07
2.150488034393042369e+00 1.249731246020921509e-05 4.269163718632759474e-07 3.545348759319100305e-07 7.533167593792034893e-07 6.472393937250030141e-07 9.273751490887344987e-07 7.953254839024408016e-07
2.159713637286190924e+00 1.251859837419394356e-05 4.257747176247586823e-07 3.552233978807716076e-07 7.528540507844160321e-07 6.473746262948538679e-07 9.283434323137766539e-07 7.963304858574428202e-07
2.168939240179339922e+00 1.254133806758609917e-05 4.252886973697298320e-07 3.560265293661177635e-07 7.525126899038067798e-07 6.475879484467415463e-07 9.294363296486585864e-07 7.973931552457107371e-07
2.178164843072488921e+00 1.256551255311968525e-05 4.248950008723181718e-07 3.575683189362181363e-07 7.522925416003061475e-07 6.478811223757362936e-07 9.306562708636714461e-07 7.985215636611189941e-07
2.187390445965637920e+00 1.259086203054391430e-05 4.247719631837855941e-07 3.587983932424168630e-07 7.521762236849218657e-07 6.482406951624803147e-07 9.319812603140534822e-07 7.997013936719432083e-07
2.196616048858786474e+00 1.261777514126499516e-05 4.244649474208499369e-07 3.601032119547586534e-07 7.521773245736213892e-07 6.486785459604301434e-07 9.334939159343083538e-07 8.009402994293745502e-07
2.205841651751935473e+00 1.264547681077699332e-05 4.242082416840365277e-07 3.614346860231912122e-07 7.522574729936588791e-07 6.492059922519984369e-07 9.350887845810346648e-07 8.022136012362063816e-07
2.215067254645084471e+00 1.267427589692482250e-05 4.240109609581421083e-07 3.627896879923750239e-07 7.524320629743642708e-07 6.500898214389665191e-07 9.367797499159714674e-07 8.035394426023451879e-07
2.224292857538233026e+00 1.270439014899242543e-05 4.236010258732683838e-07 3.642091996296316277e-07 7.527047566392814981e-07 6.510715189803227071e-07 9.385696209035327092e-07 8.049137184245571725e-07
2.233518460431382024e+00 1.273523332676006091e-05 4.229645670640017237e-07 3.661985352566241589e-07 7.530470293381834687e-07 6.521106177019590159e-07 9.404238730692508926e-07 8.063194303814398805e-07
2.242744063324531023e+00 1.276700913914317750e-05 4.223753697026149783e-07 3.682197105474804382e-07 7.534672593615852291e-07 6.532187838372116015e-07 9.423548933349619640e-07 8.077651028837678728e-07
2.251969666217680022e+00 1.279530843557325699e-05 4.219085381541231385e-07 3.698786937937496492e-07 7.537730720476032838e-07 6.540847677563408372e-07 9.441271273489172547e-07 8.091503475820693988e-07
2.261195269110828576e+00 1.282948383806406933e-05 4.213923897808899714e-07 3.709997473230621336e-07 7.543658890028470508e-07 6.553683794829437436e-07 9.462344980615368720e-07 8.106840085054374084e-07
2.270420872003977575e+00 1.286439726057882572e-05 4.209097608996314744e-07 3.721425295849709172e-07 7.550205192423860718e-07 6.567080800357249701e-07 9.483998628672014614e-07 8.122456828480891351e-07
2.279646474897126573e+00 1.290205921160292404e-05 4.204224257776556126e-07 3.735523705869835896e-07 7.558221630793894987e-07 6.582457086003076053e-07 9.507293707820795839e-07 8.138794943076181171e-07
2.288872077790275128e+00 1.293640615886588116e-05 4.200525878413718754e-07 3.757493967359137578e-07 7.565121301141521288e-07 6.595478875110301819e-07 9.529077670649256318e-07 8.154611322665215650e-07
2.298097680683424127e+00 1.297340233166520742e-05 4.196725166685277614e-07 3.781303195094244652e-07 7.573411745003618447e-07 6.610408313291566779e-07 9.552415118107012668e-07 8.171099557697911506e-07
2.307323283576573125e+00 1.301099953336362142e-05 4.193210917617103779e-07 3.798539314693954002e-07 7.582207787244109380e-07 6.625780975222990177e-07 9.576229086671566421e-07 8.187830553538536730e-07
2.316548886469722124e+00 1.304918640743239747e-05 4.189948592167428326e-07 3.805915001980222050e-07 7.591487698869386279e-07 6.641591743151325274e-07 9.600496301368643829e-07 8.204784664607152420e-07
2.325774489362870678e+00 1.308791376905443622e-05 4.190696261634660030e-07 3.805780095988560668e-07 7.601226518098302422e-07 6.657793209665967217e-07 9.625200603606310783e-07 8.221969029520543676e-07
2.335000092256019677e+00 1.312717774733540824e-05 4.198150696865406546e-07 3.805838132822854278e-07 7.611408919042529886e-07 6.674382815759900383e-07 9.650324953502641156e-07 8.240429303213504830e-07
2.344225695149168676e+00 1.316730215054052188e-05 4.205841133870611440e-07 3.805896243685303319e-07 7.622105134882031113e-07 6.691655924865221727e-07 9.675906201263884560e-07 8.260547303101262054e-07
2.353451298042317230e+00 1.320715679344070088e-05 4.213806258753918446e-07 3.812332872499966843e-07 7.632986943707722479e-07 6.708606009140561424e-07 9.701711036562552290e-07 8.280869758724892891e-07
2.362676900935466229e+00 1.324784178195388729e-05 4.221933464239918297e-07 3.819825059515138965e-07 7.644344375624757473e-07 6.726219369093483990e-07 9.727931312602500192e-07 8.301338235769949067e-07
2.371902503828615227e+00 1.328891615107986057e-05 4.226915232228027532e-07 3.827461417787698608e-07 7.654951024746077401e-07 6.744119751830469759e-07 9.754442394338808510e-07 8.321932449532185900e-07
2.381128106721764226e+00 1.333040036072781044e-05 4.225510805119174728e-07 3.835246230490193555e-07 7.664698262565220333e-07 6.762307344817596006e-07 9.781267409734475498e-07 8.342680395192612653e-07
2.390353709614912781e+00 1.337231325554005823e-05 4.224309996063526404e-07 3.843183967285348325e-07 7.674726802355351499e-07 6.780785458294247308e-07 9.808430624776348151e-07 8.363604398586257682e-07
2.399579312508061779e+00 1.341453669547182941e-05 4.223216635178146232e-07 3.851235906527813427e-07 7.684911706486953953e-07 6.799496417288210476e-07 9.835808746836691613e-07 8.384612040630802163e-07
2.408804915401210778e+00 1.345709561064544021e-05 4.222259805614936594e-07 3.864331263762032354e-07 7.695289127646351239e-07 6.818442816722053348e-07 9.863433645388742648e-07 8.405734769149429388e-07
2.418030518294359332e+00 1.349997867236098517e-05 4.221431346064185544e-07 3.888150761710638514e-07 7.705849018529588421e-07 6.837614930162656720e-07 9.891295072010500218e-07 8.426968464572362092e-07
2.427256121187508331e+00 1.354322750070103454e-05 4.220769149415572256e-07 3.905908049522880245e-07 7.716640810564159907e-07 6.857027281647815796e-07 9.919440205973579139e-07 8.448353434882348013e-07
2.436481724080657330e+00 1.358673500732808922e-05 4.220180628197932419e-07 3.923019863572605408e-07 7.727545663968690031e-07 6.876628649001259960e-07 9.947754439027111273e-07 8.469802799559112349e-07
2.445707326973806328e+00 1.363051329577498245e-05 4.219697059936798156e-07 3.932612436310584168e-07 7.738598448228865118e-07 6.896414187811662181e-07 9.976262221200550887e-07 8.491343075321739533e-07
2.454932929866954883e+00 1.367456558168809642e-05 4.219310625112991116e-07 3.935270848848014194e-07 7.749793066825911279e-07 6.916384499494353163e-07 1.000496309745358550e-06 8.512974632687377345e-07
2.464158532760103881e+00 1.371886134560499235e-05 4.219004613941625641e-07 3.940127150835483861e-07 7.761105722600788093e-07 6.936520277716152133e-07 1.003383002860907730e-06 8.534680322985575542e-07
2.473384135653252880e+00 1.376338562945097101e-05 4.218374196695255781e-07 3.942272926958289642e-07 7.772535834820151388e-07 6.956807391084537549e-07 1.006285527711937671e-06 8.556459818570268192e-07
2.482609738546401434e+00 1.380815359740305842e-05 4.217642345473666591e-07 3.958031842070116690e-07 7.784086110174158815e-07 6.977253789687003931e-07 1.009204899078859291e-06 8.578320275471831716e-07
2.491835341439550433e+00 1.385314805055791689e-05 4.216992146030006691e-07 3.987183027688600591e-07 7.795742402698154237e-07 6.997846075895156808e-07 1.012139470427509644e-06 8.600254151606633003e-07
2.501060944332699432e+00 1.389833360911411041e-05 4.216416191027931712e-07 4.015489939160810009e-07 7.807489226904269384e-07 7.014148661572500799e-07 1.015086832521519365e-06 8.622245215612290913e-07
2.510286547225848430e+00 1.394369445199397230e-05 4.215871169660213554e-07 4.028108104276167668e-07 7.819279860164398121e-07 7.030194531624795861e-07 1.018043764626343778e-06 8.644267338934258149e-07
2.519512150118996985e+00 1.398926609983507114e-05 4.224751835145581737e-07 4.048701620966135346e-07 7.831190497057310485e-07 7.046356162793993439e-07 1.021016013402595193e-06 8.666374147746386025e-07
2.528737753012145983e+00 1.403499054018805346e-05 4.237788775336388065e-07 4.067842628571989794e-07 7.843132817096556947e-07 7.062583265661434166e-07 1.023996219569643851e-06 8.688503827918047685e-07
2.537963355905294982e+00 1.408089902866288334e-05 4.252307648031777854e-07 4.084021305412685338e-07 7.855173058339606085e-07 7.078907844409171307e-07 1.026989399965771565e-06 8.710704165964164959e-07
2.547188958798443537e+00 1.412697528283962091e-05 4.266818308988468269e-07 4.090223016401410485e-07 7.867248069344814855e-07 7.095302237046193818e-07 1.029991478021468991e-06 8.732936534868367622e-07
2.556414561691592535e+00 1.417317210759654056e-05 4.281315961312613362e-07 4.096309796465013914e-07 7.879361229795987532e-07 7.111751268520938047e-07 1.033000310399391028e-06 8.755195789932833486e-07
2.565640164584741534e+00 1.421943987743891584e-05 4.294786319576223782e-07 4.102406753035691566e-07 7.891475037300253417e-07 7.128225070660869811e-07 1.036011683055879651e-06 8.777450005047484710e-07
2.574865767477890532e+00 1.426599884648590947e-05 4.301645598603428020e-07 4.108574361374852307e-07 7.903732781898682936e-07 7.143758804672344434e-07 1.039043599312448429e-06 8.799832722173447696e-07
2.584091370371039087e+00 1.431256800573973067e-05 4.308203627630751792e-07 4.124111893041554463e-07 7.915923220452968491e-07 7.158797166174208482e-07 1.042071672145599342e-06 8.822160972717798893e-07
2.593316973264188086e+00 1.435929755755657288e-05 4.316365211038234210e-07 4.137005343926806463e-07 7.928191698636490118e-07 7.173914605079131912e-07 1.045110668732242732e-06 8.844554638060887243e-07
2.602542576157337084e+00 1.440612136325709621e-05 4.332417164709584297e-07 4.157556319052020801e-07 7.940444297587031413e-07 7.189051830843702715e-07 1.048152513189451183e-06 8.866946602976592600e-07
2.611768179050485639e+00 1.445307900384033029e-05 4.348493238569219895e-07 4.170458424352873169e-07 7.952734360112295628e-07 7.204242206900769979e-07 1.051201929814832883e-06 8.889377052683467652e-07
2.620993781943634637e+00 1.450010076257485871e-05 4.364449916605501822e-07 4.183388224055605275e-07 7.965014667141384966e-07 7.219446593023578644e-07 1.054253128106424209e-06 8.911805166208167935e-07
2.630219384836783636e+00 1.454720195146835862e-05 4.380279528604699019e-07 4.189576591888421499e-07 7.977271448506567658e-07 7.234662077381602666e-07 1.057306176586574956e-06 8.934227212983304430e-07
2.639444987729932635e+00 1.459443592397946946e-05 4.396130846389716064e-07 4.196839565421546747e-07 7.990477004229677217e-07 7.249939375865967558e-07 1.060367985052670475e-06 8.956705402444698280e-07
2.648670590623081189e+00 1.464171658771922760e-05 4.411971172378406354e-07 4.204077374093005481e-07 8.012071555325701280e-07 7.265206089568464860e-07 1.063428674276763246e-06 8.979157428004046790e-07
2.657896193516230188e+00 1.468908751236034234e-05 4.427818567545238810e-07 4.212772465756998524e-07 8.041468134668480761e-07 7.284622770212996500e-07 1.066493647216477280e-06 9.001630894406541906e-07
2.667121796409379186e+00 1.473653890354634435e-05 4.443668248555857249e-07 4.227735114604654775e-07 8.070907755893354170e-07 7.307961261416260083e-07 1.069561197621821767e-06 9.024110127142103034e-07
2.676347399302527741e+00 1.478406803916610595e-05 4.459521591194734046e-07 4.242208582694354218e-07 8.100236624873297580e-07 7.331339849741262709e-07 1.072632175584579834e-06 9.046607504923981688e-07
2.685573002195676739e+00 1.483163561744876265e-05 4.475363025899695932e-07 4.256465286499698931e-07 8.129293020372559733e-07 7.354741191887932878e-07 1.075701327756026007e-06 9.069076074239034758e-07
2.694798605088825738e+00 1.487926827517855899e-05 4.491202617718327084e-07 4.270735982701779411e-07 8.158375212133260276e-07 7.378173839260484238e-07 1.078772085067943064e-06 9.091548380292738675e-07
2.704024207981974737e+00 1.492697108997223969e-05 4.507044156625214379e-07 4.285021772828454385e-07 8.187479070547620835e-07 7.401640310043958789e-07 1.081845466666319242e-06 9.114034489319980636e-07
2.713249810875123291e+00 1.497470027503246784e-05 4.522872392479374216e-07 4.299309695194199860e-07 8.216582595516196168e-07 7.425115410127693669e-07 1.084917660776736503e-06 9.136506243142389192e-07
2.722475413768272290e+00 1.502248930467958460e-05 4.538696696340236336e-07 4.313611563259466729e-07 8.245726331202302389e-07 7.448620638545592386e-07 1.087989660264706876e-06 9.158965009368823891e-07
2.731701016661421288e+00 1.507030044407810223e-05 4.553856326457841533e-07 4.329012559970938517e-07 8.274869233044577496e-07 7.472131355729823412e-07 1.091059973265786219e-06 9.181406017500374551e-07
2.740926619554569843e+00 1.511818464750126673e-05 4.567978291857450877e-07 4.352441059807852597e-07 8.304037948903727871e-07 7.495674041875410496e-07 1.094132798025890412e-06 9.203861660640133639e-07
2.750152222447718842e+00 1.516605256724220562e-05 4.577059377893708805e-07 4.375872715241871234e-07 8.333194903664784426e-07 7.519201053903127121e-07 1.097199769140560631e-06 9.226268189579162787e-07
2.759377825340867840e+00 1.521401146507734843e-05 4.583685070886791928e-07 4.399318003587641539e-07 8.362375896569939238e-07 7.541600098768760398e-07 1.100271820649169574e-06 9.248710924724715766e-07
