4.612801446574533726e-01 1.747634273581771140e+03 9.930211032487932243e-01 9.312590452029780863e-01 1.989152331486138792e+00 1.937579341542459588e+00 2.735628687453072416e+00 3.369060913055818673e+00
4.705057475506024267e-01 1.528311217475151579e+03 1.005761030634630515e+00 9.375413669674799166e-01 2.019051131110245478e+00 1.925284577651609652e+00 2.770463290561110625e+00 3.265982886400934149e+00
4.797313504437515363e-01 1.347453964101968722e+03 9.234559628926035657e-01 8.836944439053695532e-01 1.850713400777522111e+00 1.762064288177953131e+00 2.619072463872953449e+00 2.960170767883937515e+00
4.889569533369005905e-01 1.198002193188088995e+03 8.538712472361567052e-01 8.198783549964900885e-01 1.722934749915339125e+00 1.618941309791807726e+00 2.395950599419848004e+00 2.634629087579014595e+00
4.981825562300497001e-01 1.073157534220020352e+03 7.788495011700433679e-01 7.483830295172992919e-01 1.561218481754622189e+00 1.461546666630738400e+00 2.174399589587892478e+00 2.415375284708261461e+00
5.074081591231986987e-01 9.676083528166484484e+02 7.153966494788619457e-01 6.875419284183408308e-01 1.403194898358719911e+00 1.341180816153155320e+00 1.972086420619461933e+00 2.210077233369588612e+00
5.166337620163478084e-01 8.773753550042614506e+02 6.579894059511843807e-01 6.243518800055198881e-01 1.266396217450846962e+00 1.229103556893051064e+00 1.792847465817771990e+00 2.023870135873949039e+00
5.258593649094969180e-01 7.994792695970777459e+02 6.074331248804583083e-01 5.720864399563652114e-01 1.148132758623660266e+00 1.125067706568870562e+00 1.635854859174855847e+00 1.857836084031532664e+00
5.350849678026460277e-01 7.316622232393417562e+02 5.612085641397470681e-01 5.259653313333956248e-01 1.068153644996982621e+00 1.038248338729999887e+00 1.498620877204302815e+00 1.694844697128360167e+00
5.443105706957950263e-01 6.721858336754655738e+02 5.067543938807830273e-01 4.874945125786780409e-01 9.964212677411978802e-01 9.527399845302397807e-01 1.378403332340212728e+00 1.542207938657725208e+00
5.535361735889441359e-01 6.196900511568959473e+02 4.655996672667015446e-01 4.544206151749676792e-01 9.170655345494651556e-01 8.843735980905194083e-01 1.272742178950807102e+00 1.410623762616523891e+00
5.627617764820932456e-01 5.730947082657113469e+02 4.318993054506563567e-01 4.200348043203803172e-01 8.494827724065316943e-01 8.210603343892444173e-01 1.179467095325321679e+00 1.296384757187638570e+00
5.719873793752422442e-01 5.315301612992401488e+02 3.997474237837650435e-01 3.906538381650079828e-01 7.961508063216342634e-01 7.639739127656639539e-01 1.096741121313584699e+00 1.196529000411715060e+00
5.812129822683913538e-01 4.942876958682497275e+02 3.736964096687529491e-01 3.619248227697653419e-01 7.432467964690090412e-01 7.130663014738729544e-01 1.023027493699885326e+00 1.108685698804265485e+00
5.904385851615404635e-01 4.607834805649325176e+02 3.496419043101468560e-01 3.373160936687327194e-01 6.966954527072175551e-01 6.674030487733375594e-01 9.570455117078040530e-01 1.030947888790365141e+00
5.996641880546894621e-01 4.305319363838321465e+02 3.253536734436011102e-01 3.172817595209949104e-01 6.566869949367628578e-01 6.279777310913914334e-01 8.977275498761514427e-01 9.617719163474589550e-01
6.088897909478385717e-01 4.031257527278324915e+02 3.040541179913134329e-01 2.984172683322299235e-01 6.202077610158767129e-01 5.943033991927109128e-01 8.441813283777719334e-01 8.998994723276041441e-01
6.181153938409876814e-01 3.782206706032175703e+02 2.863495278819527812e-01 2.808754058563636136e-01 5.867276258398987920e-01 5.613990479875496931e-01 7.956582824454017100e-01 8.442974874573678790e-01
6.273409967341367910e-01 3.555237386551021928e+02 2.701941871405892925e-01 2.655388344556968150e-01 5.556463740491608405e-01 5.323289053053485986e-01 7.510299917221914257e-01 7.941117944553184316e-01
6.365665996272857896e-01 3.347841369160921090e+02 2.555222738421889517e-01 2.512206639326564073e-01 5.281498310766323812e-01 5.041903220804897501e-01 7.102919556352844666e-01 7.486312855290293555e-01
6.457922025204348992e-01 3.157859256659438643e+02 2.423206987448907057e-01 2.387621368295640423e-01 5.023482851350991041e-01 4.761549809185225968e-01 6.730252461806571773e-01 7.072600464149445543e-01
6.550178054135840089e-01 2.983422564507411039e+02 2.302010620301757626e-01 2.270476390137901035e-01 4.785182494332502756e-01 4.505442727747777099e-01 6.388301996873906319e-01 6.694955603823586898e-01
6.642434083067330075e-01 2.822907070493171204e+02 2.190956355796629396e-01 2.161832774492609133e-01 4.564583645630477804e-01 4.271014441790725868e-01 6.073641301217662658e-01 6.349115486269170106e-01
6.734690111998820061e-01 2.674894900290353803e+02 2.087947058411714352e-01 2.061392525810106235e-01 4.359923483077068340e-01 4.073497921546049838e-01 5.783318159589612151e-01 6.031443702545402630e-01
6.826946140930312268e-01 2.538143472626046275e+02 1.992490123829782078e-01 1.969598645359553757e-01 4.169654255280761390e-01 3.890976494355129489e-01 5.514777728928095257e-01 5.738821713010793246e-01
6.919202169861803364e-01 2.411559881585513949e+02 1.902932250246180956e-01 1.882947987937768630e-01 3.992323154187147338e-01 3.721514306544690953e-01 5.265799478309531878e-01 5.468561701749763415e-01
7.011458198793293350e-01 2.294179625978216563e+02 1.819488106645508196e-01 1.802271462184990014e-01 3.826614731110566936e-01 3.563841328388264174e-01 5.034445479519433775e-01 5.218336141449242405e-01
7.103714227724783337e-01 2.185148842020921620e+02 1.742600860661980278e-01 1.725484066332114708e-01 3.671710685131017726e-01 3.416841576396336677e-01 4.819017799248683787e-01 4.986120512962486373e-01
7.195970256656274433e-01 2.083709380175878891e+02 1.670666903306994300e-01 1.653561113529065096e-01 3.526657057961983810e-01 3.279531015786290027e-01 4.618023221820237723e-01 4.770146446319643019e-01
7.288226285587766640e-01 1.989186206718680978e+02 1.603836319867184557e-01 1.586865761422018295e-01 3.390604576992757302e-01 3.145990136496550349e-01 4.430143903189218690e-01 4.568863169095322974e-01
7.380482314519256626e-01 1.900976717435362104e+02 1.541188975473914979e-01 1.529049867528726736e-01 3.262795119544250610e-01 3.016049219128262848e-01 4.254212846516622903e-01 4.380905616807524439e-01
7.472738343450746612e-01 1.818541633254442047e+02 1.482069499086549058e-01 1.473758620959699783e-01 3.142550159822121714e-01 2.894610974625209110e-01 4.089193315548413921e-01 4.205067916958853402e-01
7.564994372382237708e-01 1.741397211730594847e+02 1.426242104905952601e-01 1.419352498431862841e-01 3.029260880360880037e-01 2.786502127242442839e-01 3.934161478881321727e-01 4.040281231809501605e-01
7.657250401313729915e-01 1.669108558573596497e+02 1.373272427393601447e-01 1.365180561128909176e-01 2.922379683942040174e-01 2.685597151217677947e-01 3.788291717122831415e-01 3.885595155658165822e-01
7.749506430245219901e-01 1.601283863135565184e+02 1.323311655200996029e-01 1.316924744429286420e-01 2.821412886585221713e-01 2.590468206661569184e-01 3.650844134501198823e-01 3.740162025804636414e-01
7.841762459176709887e-01 1.537569413373411464e+02 1.276167745835721234e-01 1.272335705940292883e-01 2.725914409295455698e-01 2.500662054333986362e-01 3.521153903240303862e-01 3.603223633716936547e-01
7.934018488108200984e-01 1.477645271106021880e+02 1.230526061446823860e-01 1.230109833397818875e-01 2.635480316566258807e-01 2.415770195507889184e-01 3.398622138037694640e-01 3.474099922825644171e-01
8.026274517039692080e-01 1.421221508776816052e+02 1.186535464823919028e-01 1.190075630586591160e-01 2.549744074832744900e-01 2.335423593356154015e-01 3.282708053100975576e-01 3.352179338099290362e-01
8.118530545971182066e-01 1.368034925452533344e+02 1.144909906780071651e-01 1.152077209021342696e-01 2.468372424737026449e-01 2.259288114862556540e-01 3.172922198422156725e-01 3.236910555002339152e-01
8.210786574902672053e-01 1.317846173250805748e+02 1.105467792472438759e-01 1.115972593828473691e-01 2.391061778160690210e-01 2.190187099522802328e-01 3.068820607621489671e-01 3.127795365162739927e-01
8.303042603834164259e-01 1.270437236417027549e+02 1.068044825034206724e-01 1.081632241761951718e-01 2.317535065186291376e-01 2.125434132713621693e-01 2.969999718546176837e-01 3.024382535958096696e-01
8.395298632765655356e-01 1.225609214303277525e+02 1.032492022499553741e-01 1.049129167337952140e-01 2.247538967689166611e-01 2.063555361688713674e-01 2.876091951021493287e-01 2.927387504224583381e-01
8.487554661697145342e-01 1.183180367090288456e+02 9.986739973751923571e-02 1.017780670524075504e-01 2.180841486462270495e-01 2.004376588858889363e-01 2.786761845847252062e-01 2.836747250704405587e-01
8.579810690628635328e-01 1.142984389191426686e+02 9.664674593305733197e-02 9.867009141350990831e-02 2.116258729835323038e-01 1.947736460476932052e-01 2.701702683996956011e-01 2.750305249375344374e-01
8.672066719560127535e-01 1.104868880558596658e+02 9.357599081958767329e-02 9.583615463104422361e-02 2.050432743044012796e-01 1.893485355713551144e-01 2.620633518461659150e-01 2.667787456223749132e-01
8.764322748491618631e-01 1.068693990405639909e+02 9.087458961906236254e-02 9.312832128193804238e-02 1.986839940996247833e-01 1.841484381512401569e-01 2.543296561538852529e-01 2.588941978468994876e-01
8.856578777423108617e-01 1.034331211516120561e+02 8.830192397181235719e-02 9.053873282961433233e-02 1.926062417869758292e-01 1.791604462597575775e-01 2.469454879215078336e-01 2.513536902224160485e-01
8.948834806354598603e-01 1.001662306370467945e+02 8.584622517344087100e-02 8.806015145935930377e-02 1.867919349217146419e-01 1.743725516995908720e-01 2.398890351612408267e-01 2.441358365793178109e-01
9.041090835286089700e-01 9.705783489201996872e+01 8.350027600141629591e-02 8.568590167517697864e-02 1.812244012264585535e-01 1.697735708411158839e-01 2.331401864547473224e-01 2.372208846935706106e-01
9.133346864217581906e-01 9.409788680370351699e+01 8.125743759538295308e-02 8.340967853645508967e-02 1.758882429122223812e-01 1.653530767642052979e-01 2.266803702388813235e-01 2.305905636955856153e-01
9.225602893149071893e-01 9.127710805340777256e+01 7.913929758073834364e-02 8.117469886686023983e-02 1.707692159349250005e-01 1.611013376026164678e-01 2.204924116631019615e-01 2.242279478289219696e-01
9.317858922080561879e-01 8.858692032515033077e+01 7.715234494166622881e-02 7.897556009135087152e-02 1.658541222960678851e-01 1.570060212896322582e-01 2.145604048260736363e-01 2.181173345487508186e-01
9.410114951012052975e-01 8.601938350628788044e+01 7.519845328531005180e-02 7.698541323451024709e-02 1.611307137599879979e-01 1.530581962639701032e-01 2.088695985009820788e-01 2.122441352228889855e-01
9.502370979943544071e-01 8.356714008275899630e+01 7.310866524196057981e-02 7.510736102817361370e-02 1.565876055850594639e-01 1.492538732460246820e-01 2.034062937155454165e-01 2.065947769301175185e-01
9.594627008875034058e-01 8.122336503198687296e+01 7.102507496483667637e-02 7.314853878740734672e-02 1.522141990555780922e-01 1.455855605832994115e-01 1.981577517762929119e-01 2.011562012653058673e-01
9.686883037806525154e-01 7.898172060306184505e+01 6.900199615029123379e-02 7.129375896347767139e-02 1.480006117618444250e-01 1.419071895385286552e-01 1.931121115070908445e-01 1.959168746085282464e-01
9.779139066738016250e-01 7.683631544856585549e+01 6.704765059483008827e-02 6.979581946471569154e-02 1.439376147133373252e-01 1.383203504070849021e-01 1.882583146366982874e-01 1.908659703371995420e-01
9.871395095669507347e-01 7.478166763713559817e+01 6.542119595393103282e-02 6.813105732935298420e-02 1.400165754866975476e-01 1.348688713791688087e-01 1.835860384012590885e-01 1.859931725598045205e-01
9.963651124600997333e-01 7.281267113189662155e+01 6.378683491077197232e-02 6.651976208594589934e-02 1.362988752557043881e-01 1.315455788379580326e-01 1.790856345485138945e-01 1.812888165417945174e-01
1.005590715353248843e+00 7.092456536869845252e+01 6.202497813215757105e-02 6.496357909604455472e-02 1.332048503213059121e-01 1.283437638993092378e-01 1.747480740274198752e-01 1.767438347348644356e-01
1.014816318246397842e+00 6.911290761041620101e+01 6.026729994977131355e-02 6.346097870623168546e-02 1.302200394435146791e-01 1.252571450441024581e-01 1.705648967344046696e-01 1.723497075656297284e-01
1.024041921139547062e+00 6.737354779066843946e+01 5.871571655734442174e-02 6.194054067046295131e-02 1.273392027224105050e-01 1.222798341679691703e-01 1.665281657626849210e-01 1.680984184572764661e-01
1.033267524032696061e+00 6.570260559253568999e+01 5.715982459156521145e-02 6.038987196484413289e-02 1.245574229940729083e-01 1.194063056827019409e-01 1.626304256626838196e-01 1.639824126160220885e-01
1.042493126925845059e+00 6.409644953613447171e+01 5.579338152473667378e-02 5.888440857123100614e-02 1.218746502626544270e-01 1.166313683490827202e-01 1.588646642783118068e-01 1.599945591639553300e-01
1.051718729818994280e+00 6.255167787367888366e+01 5.465796426496183358e-02 5.762366132510976513e-02 1.193229798750081727e-01 1.139501395547597440e-01 1.552242777724828215e-01 1.561281162430532277e-01
1.060944332712143279e+00 6.106510111231015969e+01 5.355616801974605323e-02 5.614824198390522270e-02 1.168582801220026113e-01 1.113580217868630484e-01 1.517030384928830244e-01 1.523843516563729850e-01
1.070169935605292277e+00 5.963372600405325130e+01 5.237092569868906367e-02 5.449941580850747869e-02 1.144767792832439568e-01 1.088506810730933694e-01 1.482950653683161590e-01 1.489213133623366048e-01
1.079395538498441276e+00 5.825474085897734966e+01 5.116492500658864628e-02 5.305575695120268165e-02 1.121749300739267596e-01 1.064240271934764337e-01 1.449947965525950622e-01 1.455720543297687186e-01
1.088621141391590497e+00 5.692550205228744176e+01 4.992938130859414514e-02 5.176238004285238503e-02 1.099493944909966103e-01 1.040741954827808513e-01 1.417969640607097404e-01 1.423312012679787131e-01
1.097846744284739717e+00 5.564352160900567412e+01 4.890593357833949995e-02 5.047555270900261348e-02 1.077970298668802229e-01 1.017975300661078109e-01 1.387365719112452211e-01 1.391936891308702684e-01
1.107072347177888716e+00 5.440645576117896098e+01 4.785029514767558112e-02 4.952417734337899446e-02 1.057148760159591916e-01 9.959056838359714448e-02 1.358606898896042026e-01 1.361547389238850769e-01
1.116297950071037715e+00 5.321209438244552103e+01 4.699281897158869015e-02 4.847730384954473948e-02 1.037001433666731032e-01 9.757270564325182249e-02 1.330761874544563739e-01 1.332098373195336194e-01
1.125523552964186713e+00 5.205835121340327731e+01 4.634040777511927445e-02 4.758288525447085249e-02 1.015212481407843370e-01 9.562385826220065610e-02 1.303792418618030524e-01 1.303547179131996359e-01
1.134749155857335934e+00 5.094325479871343276e+01 4.523992831921930247e-02 4.666988439775821007e-02 9.935271946068979787e-02 9.373108165916477219e-02 1.277662496000004921e-01 1.275853439705159076e-01
1.143974758750484932e+00 4.986494006326235962e+01 4.402824818097172965e-02 4.569836515781133812e-02 9.713119303279427186e-02 9.188011872565482463e-02 1.252338134251687052e-01 1.248978925345198832e-01
1.153200361643633931e+00 4.882164046016043812e+01 4.317516567896007018e-02 4.492109751257800099e-02 9.497676514224195898e-02 8.955631807511110765e-02 1.227787306160479375e-01 1.222887397776446505e-01
1.162425964536783152e+00 4.781168062784046668e+01 4.215851724008246038e-02 4.397777546296310902e-02 9.290221727958680731e-02 8.763706039338359233e-02 1.203979823851568653e-01 1.197544474972431772e-01
1.171651567429932372e+00 4.683346949711049945e+01 4.143338206750968311e-02 4.325053194128969380e-02 9.087430223493697667e-02 8.583437438026209065e-02 1.180887243972179590e-01 1.172917506682864541e-01
1.180877170323081371e+00 4.588549379170694920e+01 4.061387978777730723e-02 4.235567769767101254e-02 8.889017140150912155e-02 8.407329890521708649e-02 1.158482783630816471e-01 1.148975459810444022e-01
1.190102773216230370e+00 4.496631186763036681e+01 3.969667154804312759e-02 4.179300392034690503e-02 8.694701015078010187e-02 8.235730581878897283e-02 1.136741246944907857e-01 1.125688813052505566e-01
1.199328376109379368e+00 4.407454783728314851e+01 3.886315849429422542e-02 4.113904561408787686e-02 8.504021019919605351e-02 8.034841200203857170e-02 1.115638962240552701e-01 1.103029460385158700e-01
1.208553979002528589e+00 4.320888592408928019e+01 3.806674382983743499e-02 4.040419587866495021e-02 8.314576359938286032e-02 7.835147621752014402e-02 1.095153730181266383e-01 1.080970623126304986e-01
1.217779581895677588e+00 4.236806499163156303e+01 3.722275641041505878e-02 3.947903982309242110e-02 8.128330275533812710e-02 7.637515624292490202e-02 1.075264783353944154e-01 1.059486770513018428e-01
1.227005184788826586e+00 4.155087318825079024e+01 3.677777146162952704e-02 3.877284903428090956e-02 7.944989693572779288e-02 7.482477450397340135e-02 1.055952758164480088e-01 1.038553548963392359e-01
1.236230787681975807e+00 4.075614264313952617e+01 3.612828253177013949e-02 3.822341462924327971e-02 7.739472801532798485e-02 7.354192166492623528e-02 1.037199680288694026e-01 1.018147720480016005e-01
1.245456390575124805e+00 3.998274414285619827e+01 3.545023012743087065e-02 3.753791447231691336e-02 7.589762115689779876e-02 7.187428000074902457e-02 1.018988965417548798e-01 9.982471110071600151e-02
1.254681993468273804e+00 3.922958170722468907e+01 3.480566859901301768e-02 3.693856998852140805e-02 7.416912525649621557e-02 7.018259732273435247e-02 1.001305437675128474e-01 9.788302194165510173e-02
1.263907596361422803e+00 3.849558697006126096e+01 3.448745736466918288e-02 3.633736796426489946e-02 7.245816505035662658e-02 6.827800562498964609e-02 9.841353689147780415e-02 9.598713421164006832e-02
1.273133199254572023e+00 3.777971325187023410e+01 3.402068131767066461e-02 3.565463434134130694e-02 7.076122397798911834e-02 6.696372537254546842e-02 9.674665431844431396e-02 9.413567396050837033e-02
1.282358802147721244e+00 3.708092918713144570e+01 3.332018330727493094e-02 3.534235119438022821e-02 6.946787506163332182e-02 6.621964088373744062e-02 9.512883521074400051e-02 9.232681817252341716e-02
1.291584405040870243e+00 3.639821173586729941e+01 3.268791042189889140e-02 3.470972054874010837e-02 6.849834280861699654e-02 6.464262658577268894e-02 9.355919288807967860e-02 9.055884578655337691e-02
1.300810007934019241e+00 3.573053836485133417e+01 3.223900675825319695e-02 3.401130593370993438e-02 6.746812509843636008e-02 6.305132265789126222e-02 9.203703312427791161e-02 8.883014423620494426e-02
1.310035610827168240e+00 3.507687812385421466e+01 3.207487314016788105e-02 3.305979506008327462e-02 6.556183319182906644e-02 6.155995753605481013e-02 9.056187874304555407e-02 8.713922032625021075e-02
1.319261213720317460e+00 3.443618126058842677e+01 3.188773224657381888e-02 3.243451094397897805e-02 6.521466211265192214e-02 6.093002320666585092e-02 8.913337464131387833e-02 8.548471693588055587e-02
1.328486816613466459e+00 3.380736690572449987e+01 3.071281218263521851e-02 3.166551905570713643e-02 6.389151125459591185e-02 6.032533356634672828e-02 8.775036049974005437e-02 8.386543765118403826e-02
1.337712419506615458e+00 3.318930820349953592e+01 3.006163624856128536e-02 3.105755216073902147e-02 6.357188374666122854e-02 5.873431195934841753e-02 8.641454918507207594e-02 8.228038230267031850e-02
1.346938022399764678e+00 3.258081404485238153e+01 2.926792089206031733e-02 3.031341418409994048e-02 6.217125403206580359e-02 5.712236169069484504e-02 8.434840472162363767e-02 8.072879765366991478e-02
1.356163625292913677e+00 3.198060624967244436e+01 2.898638442519185787e-02 2.985294581422337501e-02 6.050576629833770426e-02 5.550751239391615854e-02 8.224491506147657560e-02 7.921024933965625792e-02
1.365389228186062898e+00 3.138729059848281011e+01 2.875527404588140712e-02 2.946316685758887388e-02 5.879028134937058780e-02 5.468758083456748409e-02 8.012300501554747711e-02 7.772472389716256203e-02
1.374614831079211896e+00 3.079931946304091284e+01 2.845536144329230410e-02 2.890619572771058188e-02 5.768550134778394067e-02 5.269528055405814371e-02 7.797227094979675144e-02 7.627277379829422443e-02
1.383840433972360895e+00 3.021494282184150748e+01 2.853112433592386310e-02 2.863480923596384287e-02 5.668132586745500134e-02 5.200226434784127605e-02 7.599943844228107537e-02 7.485572453457223219e-02
1.393066036865510116e+00 2.963214299690762488e+01 2.797919845370344660e-02 2.846776645210624679e-02 5.603383280381279974e-02 5.221624807366964660e-02 7.485144982385349977e-02 7.347597208491762899e-02
1.402291639758658892e+00 2.904854622940333542e+01 2.749968174981276547e-02 2.852010893042589146e-02 5.525832104095584896e-02 5.132207395255505844e-02 7.407621465589286913e-02 7.213741328855149959e-02
1.411517242651808113e+00 2.846130075211885568e+01 2.716331821840967109e-02 2.796718373082285325e-02 5.338534084229706878e-02 5.102155711646361169e-02 7.335571219995529191e-02 7.084607343165316706e-02
1.420742845544957333e+00 2.786690551657293113e+01 2.745959395139507819e-02 2.777823535172530001e-02 5.428417420573694585e-02 5.086828790379627208e-02 7.264427323457312013e-02 6.961102887794723415e-02
1.429968448438106332e+00 2.726096480477588813e+01 2.847383316790796925e-02 2.775549165062685120e-02 5.391857089854568130e-02 5.183761830746647092e-02 7.211628299102557094e-02 6.854434072293003055e-02
1.439194051331255553e+00 2.663782914850403927e+01 2.835800871521598765e-02 2.758341353169058152e-02 5.522113802422978779e-02 5.214325790203488964e-02 7.161503554593551257e-02 6.783469355962878922e-02
1.448419654224404329e+00 2.599005786978367993e+01 2.748166990517830754e-02 2.757375106290993472e-02 5.641429868765257538e-02 5.256828437692817602e-02 7.143638869899859856e-02 6.754272413820672227e-02
1.457645257117553550e+00 2.530759503244038200e+01 2.822534128125298025e-02 2.744717944248264985e-02 5.764845821354214195e-02 5.551804484980138454e-02 7.396059919392428128e-02 7.270750885204435576e-02
1.466870860010702771e+00 2.457647361223535754e+01 2.941183961875282193e-02 2.826516395638734025e-02 5.926955514280862758e-02 5.996125410282004964e-02 7.658950895002902826e-02 7.196847941021644601e-02
1.476096462903851547e+00 2.377672445018756164e+01 3.070483334386153729e-02 2.987158488207342089e-02 6.231959400019349005e-02 6.258058543573596921e-02 8.163858852605798688e-02 7.771408390835787827e-02
1.485322065797000768e+00 2.287891757768960233e+01 3.200140493395053909e-02 3.349200486293923973e-02 6.808282879056903880e-02 6.529196229597289403e-02 8.875957171989412586e-02 8.649947892947196237e-02
1.494547668690149766e+00 2.183832734698546929e+01 3.570259037123335588e-02 3.741543727161555921e-02 7.504950030885026990e-02 7.142456592313806141e-02 9.909865000105710919e-02 9.617573548888813662e-02
1.503773271583298987e+00 2.058503389566548591e+01 4.067462523410370068e-02 4.308931448374409001e-02 8.389407386736635885e-02 8.196051703529505517e-02 1.087453169725804969e-01 1.104935989861779433e-01
1.512998874476448208e+00 1.900768634460705186e+01 4.770530286998209135e-02 5.034715891257235398e-02 9.655609212787297224e-02 9.597573686162164108e-02 1.239394679938108368e-01 1.323682329859288132e-01
1.522224477369596984e+00 1.693086784618141749e+01 5.760130830955390024e-02 6.071095156278616400e-02 1.191385696071947109e-01 1.156513699623893388e-01 1.486391969971165850e-01 1.580859465284554233e-01
1.531450080262746205e+00 1.410509540728438083e+01 7.103985822348768409e-02 7.316003482262800617e-02 1.411927256255687269e-01 1.413391746609704569e-01 1.817456151862533176e-01 1.914520398103771726e-01
1.540675683155895204e+00 1.031860852704825504e+01 8.691550681930593214e-02 8.437883615506436286e-02 1.676743562231610696e-01 1.613542883124825522e-01 2.100191556858437281e-01 2.325416854237527531e-01
1.549901286049044202e+00 5.973510939934357999e+00 8.978390279655545925e-02 8.880871620620656159e-02 1.829672411591758419e-01 1.793652657582995857e-01 2.231778670366315609e-01 2.388000945235138062e-01
1.559126888942193201e+00 3.136186557685331611e+00 8.346798313728509555e-02 8.718837045138849717e-02 1.643291703763138933e-01 1.603478179561550476e-01 2.476837855599369753e-01 2.245051944815870115e-01
1.568352491835342422e+00 4.290436357529972433e+00 8.503264905146057373e-02 9.102976505304827270e-02 1.821771567450705120e-01 1.640720053997632988e-01 2.473406543612810538e-01 2.159310697481098273e-01
1.577578094728491642e+00 8.882341838758719632e+00 9.459691377623080655e-02 9.301227883454110668e-02 1.712851315117749351e-01 1.709001870230135722e-01 2.333071556882071462e-01 2.500304638467714113e-01
1.586803697621640641e+00 1.560244026289103125e+01 1.350086110290273922e-01 1.291894287370354277e-01 2.674232064518200502e-01 2.417648472734494902e-01 3.509244645534792539e-01 3.583618991909265361e-01
1.596029300514789639e+00 2.460257715292200942e+01 1.860175204487219958e-01 1.771627860419862088e-01 3.718661647035368389e-01 3.716893496231215011e-01 5.040777372459395167e-01 4.729855631641264324e-01
1.605254903407938860e+00 3.334301335048534298e+01 1.515465616497095880e-01 1.620000483845913664e-01 2.991295979646295677e-01 2.984115043222388408e-01 3.876339870699112566e-01 4.700438739540615529e-01
1.614480506301087859e+00 3.690624580328105253e+01 1.004171571478877922e-01 9.538960879316960018e-02 1.896923590893706546e-01 2.127872272795485742e-01 2.659008660368940014e-01 2.793726406112782001e-01
1.623706109194236857e+00 3.607464316766901646e+01 9.970649907466366813e-02 9.413005349892955564e-02 1.944482903573501176e-01 1.805086465525320705e-01 2.639791021609525501e-01 2.619440565936130838e-01
1.632931712087385856e+00 3.395823022706975536e+01 1.002217542115175775e-01 9.433376700097539924e-02 1.970131886878334626e-01 2.012742808683043449e-01 2.648330518471126993e-01 2.561959086567213717e-01
1.642157314980535077e+00 3.192199431351305350e+01 9.703898408500322148e-02 9.049677763650976203e-02 1.919525941089545995e-01 1.960689212275070759e-01 2.545780880724919371e-01 2.680588267488666077e-01
1.651382917873684297e+00 3.024209613031066013e+01 9.129308623524323707e-02 8.326635031274065568e-02 1.801620076573833273e-01 1.865196131470945318e-01 2.404914717606132513e-01 2.576767133764157336e-01
1.660608520766833296e+00 2.889086644789383129e+01 8.428366889502569848e-02 7.491778382830815985e-02 1.634348939228296160e-01 1.729814045235968933e-01 2.190126097089297730e-01 2.359016805913185522e-01
1.669834123659982295e+00 2.779268839152235060e+01 7.673164737355619991e-02 6.958896066536368608e-02 1.484185989837918385e-01 1.577210647647326880e-01 2.065880286488948059e-01 2.154870743714170089e-01
1.679059726553131293e+00 2.688193188115085519e+01 6.971978890394225914e-02 6.509209961430428848e-02 1.367022306926060082e-01 1.455182190448383039e-01 1.912207641215353249e-01 1.978790625586341889e-01
1.688285329446280514e+00 2.611015217247351217e+01 6.365751812569087065e-02 5.972463286500939716e-02 1.267998831309533614e-01 1.344126084652295106e-01 1.756306835860570459e-01 1.820536822340521610e-01
1.697510932339429290e+00 2.544294226200604925e+01 6.082471481003892677e-02 5.565632055076363827e-02 1.174863701251425141e-01 1.248669003169169400e-01 1.622181027731706138e-01 1.675277559268870675e-01
1.706736535232578511e+00 2.485591283548257380e+01 5.580793263461103493e-02 5.218834723822496358e-02 1.102757021451665764e-01 1.168131230375806240e-01 1.517058687148988838e-01 1.549910682788535610e-01
1.715962138125727732e+00 2.433158027237893251e+01 5.227121689199165644e-02 4.950693933680483383e-02 1.038065002412125182e-01 1.094372739209639178e-01 1.433220560645196429e-01 1.452253755593879703e-01
1.725187741018876730e+00 2.385720893592127112e+01 4.846058081996318379e-02 4.733505669131687910e-02 9.801816268310759028e-02 1.030466183247824574e-01 1.360094442890833477e-01 1.378227288326634437e-01
1.734413343912025951e+00 2.342335920800199389e+01 4.581484905496679971e-02 4.533163158827591133e-02 9.284821031906886901e-02 9.736610008197033039e-02 1.295848519605407034e-01 1.313246204600133638e-01
1.743638946805174728e+00 2.302291281323554628e+01 4.379311931445428741e-02 4.389826381132522215e-02 8.828934992428827400e-02 9.217118669507584627e-02 1.239001464068643088e-01 1.255809114574937269e-01
1.752864549698323948e+00 2.265041284312964720e+01 4.190140751248705442e-02 4.198910036501146692e-02 8.450293179975076896e-02 8.755909975448616933e-02 1.188319559529986691e-01 1.204702590060477974e-01
1.762090152591473169e+00 2.230161088057682406e+01 4.025719935612670497e-02 4.064386747212367368e-02 8.128150041929771419e-02 8.345817946065281490e-02 1.142891423912395510e-01 1.158944400200390135e-01
1.771315755484621945e+00 2.197315151510029096e+01 3.882677506075182805e-02 3.919056485839433890e-02 7.835272465682052712e-02 7.987498398670211941e-02 1.104052239947499459e-01 1.117736019534554259e-01
1.780541358377771166e+00 2.166234914354472352e+01 3.752787087110576181e-02 3.736840942342212202e-02 7.554160938029852446e-02 7.742839640254572942e-02 1.072374246399370179e-01 1.080424545940239511e-01
1.789766961270920165e+00 2.136702764770672047e+01 3.632629925927233216e-02 3.623203647033435004e-02 7.332078255538121425e-02 7.496499435345072015e-02 1.043301221478252216e-01 1.046472729203031804e-01
1.798992564164069385e+00 2.108540354885187895e+01 3.522230198669262791e-02 3.525820678002133945e-02 7.113310318679566535e-02 7.254111756613923490e-02 1.016520627726862358e-01 1.015435552619976534e-01
1.808218167057218606e+00 2.081599966750864539e+01 3.393296855283622904e-02 3.431611562041325669e-02 6.912538858783534579e-02 7.068495791234141734e-02 9.917661745910777427e-02 9.869419561945136365e-02
1.817443769950367383e+00 2.055758049207740257e+01 3.310220188151191678e-02 3.341508991428554509e-02 6.712509026787571997e-02 6.863149433661419607e-02 9.688101657843972703e-02 9.606761516450035288e-02
1.826669372843516603e+00 2.030910320648612810e+01 3.221668180162495787e-02 3.259590866608519377e-02 6.525338857632689837e-02 6.685612037805199748e-02 9.417403195850937436e-02 9.363695272427108307e-02
1.835894975736665824e+00 2.006968015864220689e+01 3.147934043590794317e-02 3.169875754580075977e-02 6.355297893149725041e-02 6.518523581167912084e-02 9.140527521326191618e-02 9.126522163310113456e-02
