9.225602893149067790e-04 1.203060047241591977e-04 4.217907740363470740e-06 4.113455377656934932e-06 8.168214854020337985e-06 7.707816586920585846e-06 1.065518126648374187e-05 1.008264694412707005e-05
1.014816318246397446e-02 1.225757665764786028e-04 4.297886728899511823e-06 4.181190075597574526e-06 8.319827766988755618e-06 7.855749787423580311e-06 1.086509847280734005e-05 1.027132361765578205e-05
1.937376607561304073e-02 1.249935588915611242e-04 4.384356759720036724e-06 4.253518993844605973e-06 8.481565196689650615e-06 8.013096048508210078e-06 1.108859036225593397e-05 1.047252966301114084e-05
2.859936896876210874e-02 1.275763314367483938e-04 4.470508930085753414e-06 4.335171535595438953e-06 8.654601315440476521e-06 8.180915848841392333e-06 1.132718951955699821e-05 1.068771418924710395e-05
3.782497186191117328e-02 1.303368394196343001e-04 4.559871851431363194e-06 4.431312527739526309e-06 8.839805734481970528e-06 8.360023277363971806e-06 1.158208061332401161e-05 1.091795434777496400e-05
4.705057475506025516e-02 1.332895584008113527e-04 4.661600124034303563e-06 4.533673320490866701e-06 9.038165914875782034e-06 8.551341084892189262e-06 1.185460742517490903e-05 1.116447309176493122e-05
5.627617764820931623e-02 1.364465961624302141e-04 4.773209190461167066e-06 4.640388655174893353e-06 9.250487051152130004e-06 8.740394649597995691e-06 1.214592242199975802e-05 1.142828055264571703e-05
6.550178054135838424e-02 1.398405776280730478e-04 4.892806369161432304e-06 4.759891513529950369e-06 9.479053415165528563e-06 8.936975625675215845e-06 1.245895417066497342e-05 1.171217857057950547e-05
7.472738343450743836e-02 1.434738399483150299e-04 5.019621013455246401e-06 4.900906003928222560e-06 9.723946577816592338e-06 9.146374428665695255e-06 1.279404720488751387e-05 1.201630908556335173e-05
8.395298632765652025e-02 1.473843840476231543e-04 5.153707389659689490e-06 5.052359147148454636e-06 9.987818711924736480e-06 9.372405300265006537e-06 1.315462895291693202e-05 1.234392987303260477e-05
9.317858922080557438e-02 1.515942466623723434e-04 5.297714478076745752e-06 5.210862651832710987e-06 1.027215113826967759e-05 9.616264651615127543e-06 1.354277820531096929e-05 1.269689109595150507e-05
1.024041921139546424e-01 1.561375315459758947e-04 5.449382153468437838e-06 5.362479880273858220e-06 1.057928838037489961e-05 9.880002793055453264e-06 1.396163880609008093e-05 1.307808941569975130e-05
1.116297950071036965e-01 1.610566561404277953e-04 5.624341263399970604e-06 5.533145646935731061e-06 1.091213509548831029e-05 1.016621009974278994e-05 1.441509981760482804e-05 1.349113558107582268e-05
1.208553979002527506e-01 1.663937171337820766e-04 5.813292200434496109e-06 5.727059737286699197e-06 1.127357867140288124e-05 1.047736975745826868e-05 1.490706361884184140e-05 1.393959944011115867e-05
1.300810007934018186e-01 1.721901762618442482e-04 6.028563186175474146e-06 5.913790284883482405e-06 1.166643270746888861e-05 1.081580576148242242e-05 1.544142197940515733e-05 1.442697785869698364e-05
1.393066036865509005e-01 1.785209799505300021e-04 6.246897160493852536e-06 6.107152924205377182e-06 1.209587456139788191e-05 1.118623495770552445e-05 1.602500186152853306e-05 1.495967919872614126e-05
1.485322065796999824e-01 1.854523735583685771e-04 6.480379755319725472e-06 6.325870508056485268e-06 1.256644159756040006e-05 1.159362042019089858e-05 1.666394856237395192e-05 1.554332789067275344e-05
1.577578094728490643e-01 1.930296164311855536e-04 6.750682503176914017e-06 6.585183796510568751e-06 1.308114156175390198e-05 1.204896747878804572e-05 1.736267510903674940e-05 1.618168314164393409e-05
1.669834123659981462e-01 2.013920293364933301e-04 7.056589636068210302e-06 6.860778288368999354e-06 1.364963048895243285e-05 1.255177796453829870e-05 1.813379218051431241e-05 1.688670693660330535e-05
1.762090152591472003e-01 2.106245351045762308e-04 7.392125899872476922e-06 7.161508067454476056e-06 1.427770511658728271e-05 1.310692956920883156e-05 1.898534819570499798e-05 1.766556092999829264e-05
1.854346181522962822e-01 2.208690165297518535e-04 7.759599438516434373e-06 7.517117417681523943e-06 1.497511556391189938e-05 1.372304035051287907e-05 1.993043556725281875e-05 1.853034860406987342e-05
1.946602210454453641e-01 2.322795013699529361e-04 8.162546059648542306e-06 7.892965973035052539e-06 1.575244833524377507e-05 1.440932058527637401e-05 2.098337955003460242e-05 1.949417962678390618e-05
2.038858239385944460e-01 2.450399851896974644e-04 8.588182601855693949e-06 8.315137634216826197e-06 1.662233206160216442e-05 1.517677474545888632e-05 2.216131158470137927e-05 2.057271878414893289e-05
2.131114268317435001e-01 2.593882874675013995e-04 9.106149584835719363e-06 8.813597993759096118e-06 1.760117209744665491e-05 1.603970462489391429e-05 2.348629613038434550e-05 2.178626245762782651e-05
2.223370297248925820e-01 2.755985927217996468e-04 9.678355163938350339e-06 9.376369185661221923e-06 1.870779301663957417e-05 1.701452057425561484e-05 2.498389278726605980e-05 2.315818472194543318e-05
2.315626326180416361e-01 2.940215904028336061e-04 1.031223195827962952e-05 1.001554598564150921e-05 1.996643101740661237e-05 1.812220570811224696e-05 2.668674879223041814e-05 2.471843333517467160e-05
2.407882355111907180e-01 3.150879081634754388e-04 1.102947593485556444e-05 1.074560131926059932e-05 2.140675819999336748e-05 1.938854372114396643e-05 2.863502350347108720e-05 2.650379042196587603e-05
2.500138384043397721e-01 3.393411253985650694e-04 1.185094373422790771e-05 1.156843546188469950e-05 2.306635546914936755e-05 2.084600042203874331e-05 3.087945949564150109e-05 2.856072516271309205e-05
2.592394412974888818e-01 3.674705364774160971e-04 1.280238265873446905e-05 1.249316641287851696e-05 2.499432926066265121e-05 2.253572474631728145e-05 3.348448787506258083e-05 3.094820249600915320e-05
2.684650441906379359e-01 4.004001766044398684e-04 1.395175868904312451e-05 1.362547485447292801e-05 2.725913923861111041e-05 2.451313143471975722e-05 3.653634970382480755e-05 3.374540935385664849e-05
2.776906470837869900e-01 4.392733603725451803e-04 1.530338510430465917e-05 1.495973201338007732e-05 2.993226633039478782e-05 2.684614804087498939e-05 4.014233493114999001e-05 3.705028043009847387e-05
2.869162499769360997e-01 4.856582159117593688e-04 1.686387492604647957e-05 1.653852050261580414e-05 3.312094975246377597e-05 2.962828828452902883e-05 4.444946142438259721e-05 4.099737538753629599e-05
2.961418528700851538e-01 5.416768926353971803e-04 1.880533154314926493e-05 1.845138495867263556e-05 3.697083624206896554e-05 3.298592602413565143e-05 4.965700185381662253e-05 4.576900077908423702e-05
3.053674557632342079e-01 6.102390634111038922e-04 2.114224094530161527e-05 2.080019804280672669e-05 4.167756488020256476e-05 3.709200361428082078e-05 5.607796673021971882e-05 5.161538785687972385e-05
3.145930586563833176e-01 6.954785563983396446e-04 2.407706950236518720e-05 2.369827310044888766e-05 4.754625296050137701e-05 4.219138920250184097e-05 6.408116285627383450e-05 5.889259245795937844e-05
3.238186615495323717e-01 8.033688652250559319e-04 2.781548049487407668e-05 2.734335150361450351e-05 5.499482098336792683e-05 4.872229115334542320e-05 7.423659737652854584e-05 6.811592039854242296e-05
3.330442644426814813e-01 9.428404757061368277e-04 3.263065106957712107e-05 3.218272095166898120e-05 6.458865529702787541e-05 5.736147065131807100e-05 8.740246047777135239e-05 8.005721327391753829e-05
3.422698673358305355e-01 1.127594083460742866e-03 3.923685025743152074e-05 3.841847671478214842e-05 7.716743502515083231e-05 6.853691617823821046e-05 1.049011243307142530e-04 9.590297881482447162e-05
3.514954702289795896e-01 1.379720490966578885e-03 4.835542295924242541e-05 4.697099035319454545e-05 9.445244980068223835e-05 8.410646918350240392e-05 1.286404493042686645e-04 1.175712888820733357e-04
3.607210731221286992e-01 1.736355577766793799e-03 6.082614862261198282e-05 5.897828112061713132e-05 1.189016912222294435e-04 1.056851288847584450e-04 1.618427348336298581e-04 1.482962597316806255e-04
3.699466760152777534e-01 2.263011006590519465e-03 7.916069735002884480e-05 7.738557393980249541e-05 1.554060330309337511e-04 1.388200829250322947e-04 2.116750170614370430e-04 1.938035808496025615e-04
3.791722789084268630e-01 3.082759651340612108e-03 1.071339896445882081e-04 1.053403300096981618e-04 2.124174675361221315e-04 1.893629370949053564e-04 2.897344160795044428e-04 2.648969551536698407e-04
3.883978818015759171e-01 4.440679960229443161e-03 1.529516287795329096e-04 1.506257356541900599e-04 3.071793565417218000e-04 2.727522473172927509e-04 4.198849858906604851e-04 3.832007851046316874e-04
3.976234846947249713e-01 6.840130049609607042e-03 2.335625087120521762e-04 2.317296196391142871e-04 4.747001239295061889e-04 4.212529317081919328e-04 6.516369676607776038e-04 5.933497131521111093e-04
4.068490875878740809e-01 1.118555255024917747e-02 3.778517751313187345e-04 3.822332177985596213e-04 7.809443525238959211e-04 6.941228089833075682e-04 1.073757438813017009e-03 9.753481849553158334e-04
4.160746904810231350e-01 1.757271652273138113e-02 5.976236971214458904e-04 5.951651775437626080e-04 1.250040741372401842e-03 1.092126395636015823e-03 1.687025088751365615e-03 1.530628626599021824e-03
4.253002933741722447e-01 1.963678889862685920e-02 6.710522070038880960e-04 6.572179619906554082e-04 1.408965512738932779e-03 1.222774852673136348e-03 1.840306335893087536e-03 1.681000555457903833e-03
4.345258962673212988e-01 1.355435853256414108e-02 4.754033170149864207e-04 4.590096603068246489e-04 9.616896928655895016e-04 8.339517299172181236e-04 1.234937891566170037e-03 1.137888697668797827e-03
4.437514991604703529e-01 7.819401596178394975e-03 2.766699595511071946e-04 2.621806728042054557e-04 5.512926093759439039e-04 4.725304547535330926e-04 7.073583494840180591e-04 6.544360699867425232e-04
4.529771020536194626e-01 4.633653871589254493e-03 1.638421665456175555e-04 1.561526834110227649e-04 3.249046109890926445e-04 2.789484353477346412e-04 4.197384937911210687e-04 3.890475555857648982e-04
4.622027049467684612e-01 2.939438962845463896e-03 1.034008459036774193e-04 9.841346010010937340e-05 2.045628150380879480e-04 1.771363484041510623e-04 2.671492069942346323e-04 2.475430362937260792e-04
4.714283078399175708e-01 1.984828790081278726e-03 6.936627491817108637e-05 6.682650264344300838e-05 1.387042817881404752e-04 1.194123537328979547e-04 1.814649205282630948e-04 1.676673879425774009e-04
4.806539107330666249e-01 1.409314717659719031e-03 4.885182986769207210e-05 4.750966760517171504e-05 9.828421904335303202e-05 8.484628262844188390e-05 1.295576187136306557e-04 1.193985998565413355e-04
4.898795136262157346e-01 1.041260350859432018e-03 3.584496682144857477e-05 3.512473496501558948e-05 7.247733838072777969e-05 6.301114497169195590e-05 9.619824059032937302e-05 8.845845630611227917e-05
4.991051165193647332e-01 7.940241740957944749e-04 2.737046730059403046e-05 2.673479354519845645e-05 5.518473787023778915e-05 4.824218052213455690e-05 7.338466182049078589e-05 6.763033867297806381e-05
5.083307194125139539e-01 6.211891110893387555e-04 2.148244339457373777e-05 2.089097651333316537e-05 4.312222855681478902e-05 3.770863614200410316e-05 5.735646513294241373e-05 5.304170659485097153e-05
5.175563223056629525e-01 4.963108641840517079e-04 1.720618331573658434e-05 1.662495301669455420e-05 3.442046632881872598e-05 3.006224372429727948e-05 4.584736479505029712e-05 4.248217380117434369e-05
5.267819251988120621e-01 4.035630065968671618e-04 1.385617639890895925e-05 1.348817735609799187e-05 2.796756150352347177e-05 2.439588249283247169e-05 3.735243217900172368e-05 3.462653849159214080e-05
5.360075280919610607e-01 3.330592547903372361e-04 1.138809567828856810e-05 1.114525028511273311e-05 2.306917453757093874e-05 2.021294519889075669e-05 3.088301920716027184e-05 2.864565764391273708e-05
5.452331309851101704e-01 2.783897380579321876e-04 9.532186639232365175e-06 9.286597695596201033e-06 1.929738873703679787e-05 1.695994372840009881e-05 2.585799538760329488e-05 2.400112891523992252e-05
5.544587338782591690e-01 2.352867724022560298e-04 8.070997830335525274e-06 7.853171761306370962e-06 1.634083678286307587e-05 1.439171781968072157e-05 2.188971068234278855e-05 2.033410542235617336e-05
5.636843367714083897e-01 2.007917738750835583e-04 6.902740262724175622e-06 6.706988977011815733e-06 1.397294646286325009e-05 1.233229689770863765e-05 1.870906699099789973e-05 1.739539973744054155e-05
5.729099396645573883e-01 1.728194611823050727e-04 5.955947898005130390e-06 5.777572930460095823e-06 1.205006119794931789e-05 1.062686163418152785e-05 1.612612561774091468e-05 1.500917713875396021e-05
5.821355425577064979e-01 1.499030230289291642e-04 5.169718813754223740e-06 5.036328764615721071e-06 1.047200549082595122e-05 9.227931990972893135e-06 1.400695666772496569e-05 1.305176431816250631e-05
5.913611454508554965e-01 1.309050222418704627e-04 4.517145313691741174e-06 4.404545796618330273e-06 9.163496113488933887e-06 8.068803407480670776e-06 1.224782682018442804e-05 1.142689684010022623e-05
6.005867483440046062e-01 1.150360833640571271e-04 3.963389957304798796e-06 3.859251741717442631e-06 8.072815499407409745e-06 7.122218042800981656e-06 1.077642974272304888e-05 1.006794780219604510e-05
6.098123512371537158e-01 1.016564189533677971e-04 3.487789748322242208e-06 3.412201332822714932e-06 7.149527487088400786e-06 6.286959930502979414e-06 9.534260764754509741e-06 8.920673116610196057e-06
6.190379541303028255e-01 9.030419382521592234e-05 3.109432630330215188e-06 3.039646079962108781e-06 6.353768949947144582e-06 5.596376765859361301e-06 8.478944387052699439e-06 7.946015382580105682e-06
6.282635570234518241e-01 8.061048539618073064e-05 2.782647611707697154e-06 2.690938961252638717e-06 5.680471305408748943e-06 5.007271566398750805e-06 7.576630950070791892e-06 7.112700685458028349e-06
6.374891599166009337e-01 7.227191993902762389e-05 2.466660560064519035e-06 2.428610133338150951e-06 5.099611101506068079e-06 4.500587639588886422e-06 6.799508415941359811e-06 6.394929096342782428e-06
6.467147628097499323e-01 6.506891266918310207e-05 2.224767554193554761e-06 2.181537269834292491e-06 4.592371570440769964e-06 4.052460222913016467e-06 6.127355988911801317e-06 5.774104856827101575e-06
6.559403657028991530e-01 5.881315075936077952e-05 2.003106163885416192e-06 1.981507186685214949e-06 4.147222292575574820e-06 3.655820134632716868e-06 5.542856926928181811e-06 5.234209433564299726e-06
6.651659685960481516e-01 5.334936503127965833e-05 1.809302390289155207e-06 1.803520244244910184e-06 3.758618149109075376e-06 3.310143998135274990e-06 5.031739439324068089e-06 4.762010355677354328e-06
6.743915714891972613e-01 4.856493983263472869e-05 1.643675857080937404e-06 1.640831359942352492e-06 3.418511198083124989e-06 3.008182075395954595e-06 4.583592444182247347e-06 4.347966761688597703e-06
6.836171743823462599e-01 4.435629289052397484e-05 1.503832358979269790e-06 1.499579464874623404e-06 3.119495508826124533e-06 2.747572347390265688e-06 4.188871814759972641e-06 3.983214481167051573e-06
6.928427772754953695e-01 4.064171556165033076e-05 1.378716135431370807e-06 1.373506243255088576e-06 2.862354989791652236e-06 2.528904798282751755e-06 3.840041850662594548e-06 3.660827056784713828e-06
7.020683801686443681e-01 3.735002286570747590e-05 1.267878011046822426e-06 1.256143224825103071e-06 2.635426725314065060e-06 2.334685158504254399e-06 3.530532812771952297e-06 3.374718874161985441e-06
7.112939830617935888e-01 3.442702494169755259e-05 1.173782380791707849e-06 1.159247497118008293e-06 2.433216815456147955e-06 2.161843927419959774e-06 3.255325450867740977e-06 3.120281073530123048e-06
7.205195859549425874e-01 3.182564603580091293e-05 1.096812852068902592e-06 1.069733434086311016e-06 2.248468630708169171e-06 2.007677780715446097e-06 3.010061833312260523e-06 2.893502568569694363e-06
7.297451888480916971e-01 2.949054756013548515e-05 1.011263538584144877e-06 9.922157185805513578e-07 2.080598336454096833e-06 1.868636515621494113e-06 2.789664743998900297e-06 2.689570172158152331e-06
7.389707917412406957e-01 2.740975087054887862e-05 9.430431150431969097e-07 9.232879364969935989e-07 1.942321511164645225e-06 1.744489325203815727e-06 2.596609459682082974e-06 2.507588747870573135e-06
7.481963946343899163e-01 2.553879463158496081e-05 8.800660658897398040e-07 8.640878137389367843e-07 1.807312143424892207e-06 1.632836468720671303e-06 2.427610030668082435e-06 2.343669504037374928e-06
7.574219975275389150e-01 2.385670023107628495e-05 8.256351074818979669e-07 8.058269528542262865e-07 1.693242424022342921e-06 1.532439471401251011e-06 2.276722914835191907e-06 2.196040740715319960e-06
7.666476004206880246e-01 2.233878370487882005e-05 7.742039260742519520e-07 7.484153573954780087e-07 1.587601379190410334e-06 1.441402166899542953e-06 2.142410449044531188e-06 2.062569914079682380e-06
7.758732033138370232e-01 2.097016432582784475e-05 7.258169136738195227e-07 6.968923943122021475e-07 1.491985013649493028e-06 1.359167272419411240e-06 2.020901268525001547e-06 1.942005325223215991e-06
7.850988062069861328e-01 1.973311162477856879e-05 6.841515341842778421e-07 6.593926606956063705e-07 1.402070206482023806e-06 1.285511795756892893e-06 1.910679532575432736e-06 1.832817438199359786e-06
7.943244091001351315e-01 1.861178306839072469e-05 6.499144780249007758e-07 6.253850585224598579e-07 1.322374941547544840e-06 1.216301950225724313e-06 1.810387008768644230e-06 1.733390668767049135e-06
8.035500119932843521e-01 1.759570603696037890e-05 6.189978631972399873e-07 5.947335033619834284e-07 1.250759261726566522e-06 1.153276066751223182e-06 1.719155958757113728e-06 1.640496063925245870e-06
8.127756148864333507e-01 1.667318733745344299e-05 5.894508625969421063e-07 5.663500131646454503e-07 1.185255096528173388e-06 1.098429671836008913e-06 1.635988817064294536e-06 1.556051240029809166e-06
8.220012177795824604e-01 1.583746210343953625e-05 5.651024240242439917e-07 5.386456275707645106e-07 1.122939607562512118e-06 1.047390832013774567e-06 1.560338677758711683e-06 1.479455958086363151e-06
8.312268206727314590e-01 1.507610758442579493e-05 5.414978499983400879e-07 5.126835490398661536e-07 1.064468008391674522e-06 1.000704173683575286e-06 1.491106836323609599e-06 1.409578622359705012e-06
8.404524235658805686e-01 1.438195042398183734e-05 5.198155283815350682e-07 4.894512063483833403e-07 1.013197925045026455e-06 9.579538474010675103e-07 1.429954259010553244e-06 1.345774302935006690e-06
8.496780264590296783e-01 1.375085645730844519e-05 4.999375905363779573e-07 4.672629013154559855e-07 9.694914522079123970e-07 9.189206449512998766e-07 1.374617900331143787e-06 1.287675927597929870e-06
8.589036293521787879e-01 1.317580158263309968e-05 4.819114006898569328e-07 4.491534114208148163e-07 9.333444097463457944e-07 8.831823832412760776e-07 1.323087656114311535e-06 1.234647414020052073e-06
8.681292322453277865e-01 1.265279956603109937e-05 4.647660503704130832e-07 4.331059250111235872e-07 8.949964503905198226e-07 8.525081890390658447e-07 1.268411058651571294e-06 1.186333364547811236e-06
8.773548351384768962e-01 1.217449074856018606e-05 4.495361654192392740e-07 4.170440457032617999e-07 8.595472856986085175e-07 8.257986066468087799e-07 1.223545035623621453e-06 1.142059793721889534e-06
8.865804380316258948e-01 1.173985492826707289e-05 4.352537290015238758e-07 4.012731504127414577e-07 8.269589959984895275e-07 7.965314523969764689e-07 1.182749304817630570e-06 1.101744830645197875e-06
8.958060409247751155e-01 1.134496953201588084e-05 4.219191292548294113e-07 3.865575086257289154e-07 7.970749035028670240e-07 7.701437362163558118e-07 1.145444820164668743e-06 1.065034097880517312e-06
9.050316438179241141e-01 1.098345750543561832e-05 4.098401150580113967e-07 3.747435736268725373e-07 7.694546121630649587e-07 7.483699308785598126e-07 1.111038968136902484e-06 1.031338963576370100e-06
9.142572467110732237e-01 1.065490929698773030e-05 3.989741334645958667e-07 3.657238991278724652e-07 7.440922440091128322e-07 7.321567179979902743e-07 1.079514141267404857e-06 1.000632163738650944e-06
9.234828496042222223e-01 1.035659494902298876e-05 3.891354881978560903e-07 3.585586175226434310e-07 7.212711988422244511e-07 7.114237887774898253e-07 1.050641490193154106e-06 9.726662011951281450e-07
9.327084524973712210e-01 1.008629348338498883e-05 3.799204590413768719e-07 3.504503529957759276e-07 7.036830181335471861e-07 6.899164552686238249e-07 1.024243352605806436e-06 9.472405778192114411e-07
9.419340553905202196e-01 9.840773960670633530e-06 3.720997250268178689e-07 3.418029366367878418e-07 6.880135759165064070e-07 6.726853682444924632e-07 1.000023384561896111e-06 9.240583768281212054e-07
9.511596582836694402e-01 9.620104320774223707e-06 3.641291931279790051e-07 3.342292840301290074e-07 6.742470323670089727e-07 6.590462610427090469e-07 9.780182897237612308e-07 9.031333752236085736e-07
9.603852611768185499e-01 9.419726574528101157e-06 3.572444460791249698e-07 3.266775249347541964e-07 6.614273842122007593e-07 6.468973819560183783e-07 9.577853058568923226e-07 8.840404268832226719e-07
9.696108640699675485e-01 9.241357600273086470e-06 3.504183476347290323e-07 3.196049298567897769e-07 6.496785547557615742e-07 6.363423503027107757e-07 9.395318753537054690e-07 8.669494671151338960e-07
9.788364669631165471e-01 9.079821273520870481e-06 3.447660185713201668e-07 3.144795912060470043e-07 6.391305718525839641e-07 6.270267137602890558e-07 9.227383511067655019e-07 8.513739726106921618e-07
9.880620698562656568e-01 8.942612805046931039e-06 3.408602517886523728e-07 3.112611577612957537e-07 6.317858345900894171e-07 6.174175910745594156e-07 9.082272494827140185e-07 8.380352114850061926e-07
9.972876727494148774e-01 8.810734802151800181e-06 3.347550358344970748e-07 3.063663397939190224e-07 6.252205820430909778e-07 6.077917175886911273e-07 8.938615975079219911e-07 8.251120940193402839e-07
1.006513275642563876e+00 8.699883271711406356e-06 3.295056521313347291e-07 3.050288970357699315e-07 6.190775011462683455e-07 5.994809778429746692e-07 8.810143281526412685e-07 8.141206512052937005e-07
1.015738878535712875e+00 8.603758652792751731e-06 3.248899014354077088e-07 3.037112110182656931e-07 6.088931758883170398e-07 5.920495327135855606e-07 8.697769128468269250e-07 8.044650439255698633e-07
1.024964481428862095e+00 8.521712438002825374e-06 3.205611964139757101e-07 3.022432398829861958e-07 6.038731162854625383e-07 5.854479122556833414e-07 8.600793896578677426e-07 7.960814942945081531e-07
1.034190084322011094e+00 8.452124961879705714e-06 3.196611559220922417e-07 3.007928599193968549e-07 5.997286675458105275e-07 5.795062555133278533e-07 8.517437549089509907e-07 7.888178649525643316e-07
1.043415687215160093e+00 8.395658918904565316e-06 3.185516878066095526e-07 2.994358365807351285e-07 5.954091267276408097e-07 5.759408572251338858e-07 8.448261424875455036e-07 7.827425615092631597e-07
1.052641290108309091e+00 8.350624071478094941e-06 3.167644981377214659e-07 2.979108380090410920e-07 5.942444244321337237e-07 5.742004943421960550e-07 8.386386053589446832e-07 7.776930709443754990e-07
1.061866893001458312e+00 8.317209173818484436e-06 3.164353489360611452e-07 2.957559885402806017e-07 5.903200671224650156e-07 5.730801048235374185e-07 8.332698302335085226e-07 7.732542624749476467e-07
1.071092495894607532e+00 8.294553963741993383e-06 3.151891852550111408e-07 2.960540176404737663e-07 5.884339967149765127e-07 5.730157268489929147e-07 8.288567750875639627e-07 7.675065327466877479e-07
1.080318098787756531e+00 8.282893472211609124e-06 3.142459634654923213e-07 2.959915131839698665e-07 5.884860205749753475e-07 5.740531670134417600e-07 8.254216262263619957e-07 7.626531145937814085e-07
1.089543701680905530e+00 8.281183430528955814e-06 3.162878471794552661e-07 2.974840178871603400e-07 5.892402369820043222e-07 5.755038349093338844e-07 8.228702476117775452e-07 7.585893130631661202e-07
1.098769304574054528e+00 8.289557613883664249e-06 3.162669197432237719e-07 2.998659458278899023e-07 5.907088730183099025e-07 5.773900359246170676e-07 8.212087966374702260e-07 7.553168868791836145e-07
1.107994907467203749e+00 8.308734894696016620e-06 3.159342835762896350e-07 3.028123998457120689e-07 5.929390679853553512e-07 5.781702944263216907e-07 8.205231823523610935e-07 7.529108732283956319e-07
1.117220510360352748e+00 8.337115126245930299e-06 3.164241773059000017e-07 3.011152183899717488e-07 5.958256405826800215e-07 5.800620588508030595e-07 8.206288496341940724e-07 7.511835162020118816e-07
1.126446113253501746e+00 8.375205200269086376e-06 3.179710104395370882e-07 2.997292149114245562e-07 6.015110092442085967e-07 5.845038607917158716e-07 8.215790127138289611e-07 7.501790469685970430e-07
1.135671716146650967e+00 8.423394408457008731e-06 3.201082028707562374e-07 3.019624295866446518e-07 6.072225212850652790e-07 5.894374961268494161e-07 8.234249414071325015e-07 7.499331498639330351e-07
1.144897319039799966e+00 8.481714805717455394e-06 3.234929904617097588e-07 3.040346053177949353e-07 6.098045258553278061e-07 5.953563366093794860e-07 8.261584316005992002e-07 7.504290389106283213e-07
1.154122921932948964e+00 8.550196162119694384e-06 3.270515846415388722e-07 3.069876838980981125e-07 6.143904081610179280e-07 5.999280505900074365e-07 8.297729966245292110e-07 7.516521198913374236e-07
1.163348524826097963e+00 8.629011860130964977e-06 3.275752726751201204e-07 3.107894818362509745e-07 6.189862209547263163e-07 6.013956545443173310e-07 8.342875865776369437e-07 7.576402938935313544e-07
1.172574127719247183e+00 8.718624707155300734e-06 3.287667593655433626e-07 3.149376438769065415e-07 6.229642242064300134e-07 6.083599063636973187e-07 8.397254917060680479e-07 7.670111158362428116e-07
1.181799730612396404e+00 8.819709380420286905e-06 3.317648553013514891e-07 3.173603915801317206e-07 6.277807242885113926e-07 6.141720297672484272e-07 8.461578830965196671e-07 7.773030015037410146e-07
1.191025333505545403e+00 8.931675597924810755e-06 3.345153791354735229e-07 3.207518343610697562e-07 6.333089024371484484e-07 6.194504362409037387e-07 8.535376768750369605e-07 7.884738238565457260e-07
1.200250936398694401e+00 9.056868342358556024e-06 3.384600355371444571e-07 3.230561028914841020e-07 6.397017848516345633e-07 6.271986734691718226e-07 8.619994096795620826e-07 8.007126654030253773e-07
1.209476539291843622e+00 9.195212141905249905e-06 3.427980239137719975e-07 3.290402142234491136e-07 6.470551547401338645e-07 6.325894560560214495e-07 8.716275535192521024e-07 8.140221704345091774e-07
1.218702142184992621e+00 9.347572921184390185e-06 3.475517448189022803e-07 3.349403657721541303e-07 6.553900468524922888e-07 6.407672274042588479e-07 8.843802942538365471e-07 8.284723131576815681e-07
1.227927745078141619e+00 9.515097185148069852e-06 3.526899531773808804e-07 3.414017082645060241e-07 6.620431406605179592e-07 6.519459815127525500e-07 9.034805273655549556e-07 8.441600121506046819e-07
1.237153347971290618e+00 9.698736132988664674e-06 3.581544347461842565e-07 3.484610089306818334e-07 6.755939549884906520e-07 6.637382490867508255e-07 9.244394235092662340e-07 8.611616147050738201e-07
1.246378950864439838e+00 9.901487396319700305e-06 3.647858569477382051e-07 3.566497911805213461e-07 6.894900385431721536e-07 6.718999065688433501e-07 9.475664362972109931e-07 8.797198076255454584e-07
1.255604553757589059e+00 1.012183106510059082e-05 3.718809748309431378e-07 3.653612327977236716e-07 7.130162034620880302e-07 6.839132104736173989e-07 9.728200664190839235e-07 8.997149624036771632e-07
1.264830156650738058e+00 1.036554445464415480e-05 3.815508501246833408e-07 3.742333762488850681e-07 7.386779871265188740e-07 6.980496770047912684e-07 9.970000296846024616e-07 9.216085777478918485e-07
1.274055759543887056e+00 1.063226144014073170e-05 3.899809797103449176e-07 3.840527990519856314e-07 7.604160349991379248e-07 7.138697724855998521e-07 1.013989947891429341e-06 9.453766172979612787e-07
1.283281362437036055e+00 1.092646104261153179e-05 4.062196068304986464e-07 3.914455240770136555e-07 7.869491470555904731e-07 7.317167808002771615e-07 1.032977738848505543e-06 9.713711649264403100e-07
1.292506965330185276e+00 1.125084213971062125e-05 4.183447542523406566e-07 4.033692392784478246e-07 8.146471156257054840e-07 7.516548287019759886e-07 1.054139132691282927e-06 9.987854734107836643e-07
1.301732568223334052e+00 1.161035019145548190e-05 4.340277202375090613e-07 4.201396955201096832e-07 8.382121740221695896e-07 7.740981782650441115e-07 1.077921041216129639e-06 1.027167300350150349e-06
1.310958171116483273e+00 1.200802546618482926e-05 4.486911914847810520e-07 4.377348170003375887e-07 8.717355812292069636e-07 7.991739539773571932e-07 1.104420609370966203e-06 1.058659670400556956e-06
1.320183774009632494e+00 1.245065466302480752e-05 4.641020870014678885e-07 4.547099210044943084e-07 8.965420889403946230e-07 8.271955566557880171e-07 1.134201068970245048e-06 1.093843358626809845e-06
1.329409376902781492e+00 1.294521205407995573e-05 4.844199771152057075e-07 4.741850735332800925e-07 9.364658365346256003e-07 8.548441309799244194e-07 1.180587042796640815e-06 1.133332583402679408e-06
1.338634979795930713e+00 1.349912808037190788e-05 5.068236441751610848e-07 4.990839529854019553e-07 9.673288770173934739e-07 8.868651695829493544e-07 1.248352829869957547e-06 1.177709603168128382e-06
1.347860582689079489e+00 1.412367169954760671e-05 5.248223942648555155e-07 5.212659428782392344e-07 1.005055840576950376e-06 9.328919953535420975e-07 1.324519488454128403e-06 1.227914578851210380e-06
1.357086185582228710e+00 1.482988637920005555e-05 5.540085609773072895e-07 5.472162654531842821e-07 1.049304965557581001e-06 9.815665201340435428e-07 1.410453658587087551e-06 1.284870450171058656e-06
1.366311788475377931e+00 1.563383411751526636e-05 5.824722418984202427e-07 5.764179549321629469e-07 1.117035399948736022e-06 1.025219101068017261e-06 1.507973663527327636e-06 1.349934964266584747e-06
1.375537391368526707e+00 1.655419173069126116e-05 6.165330577022698293e-07 6.129515942700335259e-07 1.189799274919237993e-06 1.076813021135147619e-06 1.619273924197482092e-06 1.424669253452026175e-06
1.384762994261675928e+00 1.761516571437889844e-05 6.619287354298286847e-07 6.540099052013751389e-07 1.252307822698236849e-06 1.150059141258873727e-06 1.747132824472329528e-06 1.511118208161520507e-06
1.393988597154824927e+00 1.884695594542419738e-05 7.041743149620843377e-07 6.979153287389077472e-07 1.324506271904827030e-06 1.234170980296763235e-06 1.877848032503451613e-06 1.611824033319619209e-06
1.403214200047974147e+00 2.028896613052376770e-05 7.547183198453471544e-07 7.573616464532148670e-07 1.408903132631753703e-06 1.331632146649799230e-06 2.025597512356865152e-06 1.731583339423495603e-06
1.412439802941123368e+00 2.199225563055770227e-05 8.236855184026689082e-07 8.157273855756556641e-07 1.534104647299441263e-06 1.444956632694051969e-06 2.200770945956755179e-06 1.882824181277363844e-06
1.421665405834272145e+00 2.402382101625993521e-05 8.992542310495214679e-07 8.911666493673053282e-07 1.685103240425948380e-06 1.571274783044912440e-06 2.410468742596799457e-06 2.043519617381644576e-06
1.430891008727421365e+00 2.647458837289792642e-05 9.962264708382970472e-07 9.724366508183235748e-07 1.864834537672414297e-06 1.723081238932844570e-06 2.664377857557898987e-06 2.241945713151806722e-06
1.440116611620570364e+00 2.946709599359011904e-05 1.102935124163491754e-06 1.069464727198227882e-06 2.081191937755175138e-06 1.907789206861375535e-06 2.975558018314510011e-06 2.491554180170595204e-06
1.449342214513719362e+00 3.317262654148997496e-05 1.240841611172695095e-06 1.206380751762402661e-06 2.344951545499454973e-06 2.141919795658670292e-06 3.362233824726487089e-06 2.802154512727839521e-06
1.458567817406868583e+00 3.783279822254341507e-05 1.411055558991981319e-06 1.378938362397434290e-06 2.671063538566174835e-06 2.440623579610952225e-06 3.850126801656026927e-06 3.194878809026692760e-06
1.467793420300017582e+00 4.379860015540798534e-05 1.624023769336681376e-06 1.604578508243818672e-06 3.080467839856215100e-06 2.819637990445549524e-06 4.476547488732351184e-06 3.700663697000727511e-06
1.477019023193166802e+00 5.158967554841785479e-05 1.895673823677310340e-06 1.891315624676059273e-06 3.604008158909645496e-06 3.296100959358322325e-06 5.296523104903128531e-06 4.365753204960346324e-06
1.486244626086316023e+00 6.199761432887240949e-05 2.257516508778065136e-06 2.264838125953077261e-06 4.352985897160624191e-06 3.962503921086791127e-06 6.393437146849770053e-06 5.261276703263440598e-06
1.495470228979464800e+00 7.625997594656156483e-05 2.778695160053848835e-06 2.776027854253505745e-06 5.378485489361428565e-06 4.848746222975818389e-06 7.896493348670679548e-06 6.499799181607820151e-06
1.504695831872614020e+00 9.635676810719180727e-05 3.496026858685883959e-06 3.478694130795129233e-06 6.873358148937807276e-06 6.088127694788431901e-06 1.000920865225986322e-05 8.264013980875038702e-06
1.513921434765763019e+00 1.254996692075029422e-04 4.546956547415867628e-06 4.514991061037873857e-06 9.008483145173573538e-06 7.943604519021580323e-06 1.305297594476307016e-05 1.085509655232984208e-05
1.523147037658912017e+00 1.688020604309213764e-04 6.098446593221396473e-06 6.013262959908945637e-06 1.220398063806710600e-05 1.075732065399930297e-05 1.751481206384750372e-05 1.476086500902721687e-05
1.532372640552061016e+00 2.335063396823448031e-04 8.168448114000625374e-06 8.340378544062081482e-06 1.660651070563130501e-05 1.539050586816726103e-05 2.401172504174986185e-05 2.068074692931326617e-05
1.541598243445210237e+00 3.253115592973919857e-04 1.135325096652530993e-05 1.163173176279788277e-05 2.332927446020027383e-05 2.184291694641739409e-05 3.280757148753403940e-05 2.821690398818873721e-05
1.550823846338359457e+00 4.308179338081612815e-04 1.519104159786806470e-05 1.513016266693366016e-05 3.126627243500717948e-05 2.911227147994158333e-05 4.215747942234315685e-05 3.547670092909790919e-05
1.560049449231508456e+00 4.907557076152580010e-04 1.792796592706147329e-05 1.701570526634917221e-05 3.497765334347150128e-05 3.323625601132039736e-05 4.683577292382385630e-05 4.116605613957625585e-05
1.569275052124657455e+00 4.490548758792364359e-04 1.638433428156795945e-05 1.576265513948617476e-05 3.134079134854028019e-05 3.081142138948829911e-05 4.325335331917587846e-05 3.684757867416106050e-05
1.578500655017806453e+00 3.470276827193953095e-04 1.263670634805779498e-05 1.234879492054098346e-05 2.404235785939922961e-05 2.336529062657208798e-05 3.382268371628495245e-05 2.799640271622681536e-05
1.587726257910955674e+00 2.509988139621751658e-04 9.087602951797014213e-06 8.734798118519287047e-06 1.725922341622810946e-05 1.639250647812132578e-05 2.420118812169791455e-05 2.015738895449033707e-05
1.596951860804104451e+00 1.815940421996004863e-04 6.431175426375025476e-06 6.419006091919985399e-06 1.242173610656630792e-05 1.153872808360012080e-05 1.736615941471609712e-05 1.452472912807711370e-05
1.606177463697253671e+00 1.348853195215291695e-04 4.762502348952182959e-06 4.721259778221731634e-06 9.178099513264476386e-06 8.526138056024341579e-06 1.295678215626567468e-05 1.081381615959458534e-05
1.615403066590402892e+00 1.034987632023744988e-04 3.699968992785295581e-06 3.617660717427034853e-06 7.132420584948906254e-06 6.617764147427864342e-06 1.010896941851935479e-05 8.372197150507352517e-06
1.624628669483551890e+00 8.194207907529199152e-05 2.909242304433958871e-06 2.865778798963138411e-06 5.658814148710327764e-06 5.278695963023227159e-06 7.856763117434261757e-06 6.688273500238272901e-06
1.633854272376701111e+00 6.671815253180473975e-05 2.333308248401663471e-06 2.325400055451143822e-06 4.647516416020472168e-06 4.324568585236315344e-06 6.261407736755057870e-06 5.477683695394652895e-06
1.643079875269850110e+00 5.566539741923073339e-05 1.928684313404721671e-06 1.941330798649127580e-06 3.878204690418354925e-06 3.591628186778216621e-06 5.103575252553947000e-06 4.587667695609016214e-06
1.652305478162999108e+00 4.743556476890843393e-05 1.651398679697980510e-06 1.656124012928899083e-06 3.307098847256213715e-06 3.100414592148346374e-06 4.299570901239640542e-06 3.929684161635421539e-06
1.661531081056148329e+00 4.116784432909212344e-05 1.437124417498364675e-06 1.436316720407778390e-06 2.874033481152305565e-06 2.697171788825987492e-06 3.705410383662286801e-06 3.433346085199763412e-06
1.670756683949297106e+00 3.629966797330253105e-05 1.259561872957099319e-06 1.275515021651333681e-06 2.527490151987362061e-06 2.381362891478649784e-06 3.309106868699590912e-06 3.046731449130408379e-06
1.679982286842446326e+00 3.245243802890078293e-05 1.133880261722736507e-06 1.129122579890610013e-06 2.240679651709605639e-06 2.129794325076911419e-06 2.994034867455147228e-06 2.740347085665022784e-06
1.689207889735595547e+00 2.936545224164337253e-05 1.035260284875720674e-06 1.015346985089250927e-06 2.012385934458030105e-06 1.930672214439124962e-06 2.677639454365674041e-06 2.493835492578978520e-06
1.698433492628744546e+00 2.685565307940924985e-05 9.592668048809859850e-07 9.239271817645022724e-07 1.843738591989644221e-06 1.773914424291307218e-06 2.414662580155222321e-06 2.292856482180233367e-06
1.707659095521893766e+00 2.479073147627510436e-05 8.910326152162516028e-07 8.509859841716757535e-07 1.699528941510683200e-06 1.637907268275428562e-06 2.198514463077168779e-06 2.135824353278410927e-06
1.716884698415042543e+00 2.307439370158413723e-05 8.292554829640199742e-07 7.881904994998009781e-07 1.585785089034380790e-06 1.520424364129705050e-06 2.027643680500925040e-06 2.024822719546087659e-06
1.726110301308191763e+00 2.163453877646418102e-05 7.782784485368498921e-07 7.460136077032169730e-07 1.496537809569628200e-06 1.433630686981821148e-06 1.901312811134601055e-06 1.930481820654870073e-06
1.735335904201340984e+00 2.041688149969234783e-05 7.286283350896712247e-07 6.937013259964108737e-07 1.416392247652505099e-06 1.366751541220793178e-06 1.794466938660222859e-06 1.849645926895512866e-06
1.744561507094489761e+00 1.937972423965528975e-05 6.923879132625328009e-07 6.571621215359265940e-07 1.345261157667565385e-06 1.295653952565114099e-06 1.703401144579214246e-06 1.779857322586865591e-06
1.753787109987638981e+00 1.849059282481336917e-05 6.680955258355981876e-07 6.252129379770874295e-07 1.279070683080959218e-06 1.234284377704810776e-06 1.625280945976971341e-06 1.706543844781803682e-06
1.763012712880787980e+00 1.772371210453459309e-05 6.449876321799493902e-07 5.973062335680595094e-07 1.230724828979850032e-06 1.189235987657256673e-06 1.557830506516523288e-06 1.639869698970547446e-06
1.772238315773937201e+00 1.705926499795051439e-05 6.232662015242813446e-07 5.701531860615490898e-07 1.188067076878851003e-06 1.154988909193238134e-06 1.499295068760055040e-06 1.581902310059166269e-06
1.781463918667086421e+00 1.648058612273666759e-05 6.015530641077793117e-07 5.541873851490422282e-07 1.150849022540471618e-06 1.125339029126729750e-06 1.448234862461517336e-06 1.531252000650816500e-06
1.790689521560235198e+00 1.597501082609222202e-05 5.835082168346719330e-07 5.357543895900021254e-07 1.117764462381461881e-06 1.095842232095786345e-06 1.403507183232948987e-06 1.488240764771401014e-06
1.799915124453384419e+00 1.553122632302670985e-05 5.660666725342547922e-07 5.188147810083120967e-07 1.088106858997006806e-06 1.066220342916894052e-06 1.368489677483729756e-06 1.456452749089506780e-06
1.809140727346533417e+00 1.514073599445698493e-05 5.522557571231476956e-07 5.064349053643764424e-07 1.061747660883017471e-06 1.040166073363606546e-06 1.342077077695893466e-06 1.428087068066407413e-06
1.818366330239682416e+00 1.479629861663600503e-05 5.400764962850227726e-07 4.952564616526072041e-07 1.038168872577318409e-06 1.017300553885313097e-06 1.318738849845800060e-06 1.402704700554377806e-06
1.827591933132831414e+00 1.449169966718542933e-05 5.290702664479212639e-07 4.859384710030977927e-07 1.013166161737068016e-06 1.000011320327053122e-06 1.298069882873854376e-06 1.379935280588463631e-06
1.836817536025980635e+00 1.422169334934553274e-05 5.208343451301590245e-07 4.770121999820429488e-07 9.887045597961725097e-07 9.837191249388309061e-07 1.279738581433889118e-06 1.359466232627092134e-06
1.846043138919129634e+00 1.398223849299118357e-05 5.128669981592698569e-07 4.698080969394195436e-07 9.665268224368818851e-07 9.728873664521332164e-07 1.263460631776904415e-06 1.341027429010187082e-06
1.855268741812278410e+00 1.376942867123236588e-05 5.071104173983102256e-07 4.631940484939706365e-07 9.487420427172774058e-07 9.629675001807434738e-07 1.248990067914219489e-06 1.324383991483259854e-06
1.864494344705427187e+00 1.358019394572474211e-05 5.020432987277281052e-07 4.576482035030182628e-07 9.348964851246146352e-07 9.480231961202159331e-07 1.236116601370855045e-06 1.309334270869131524e-06
1.873719947598576185e+00 1.341174710155076065e-05 4.969524769437010537e-07 4.527106281382687421e-07 9.223474309231091505e-07 9.318086622381920118e-07 1.224664267278898703e-06 1.295709147330029000e-06
1.882945550491724962e+00 1.326202312534589794e-05 4.930562431159030910e-07 4.483074904678919701e-07 9.109739884186548466e-07 9.192766557474688294e-07 1.214490384450715371e-06 1.283371174369317489e-06
1.892171153384873961e+00 1.312871467306441129e-05 4.882523187000804458e-07 4.433059980351590723e-07 9.006981752284663414e-07 9.112126937508227559e-07 1.205450614301526301e-06 1.272179845990588853e-06
1.901396756278022737e+00 1.301033382342675230e-05 4.823459374972537686e-07 4.387851565823248592e-07 8.914159337368972118e-07 9.045444772207883092e-07 1.197434445800314078e-06 1.262027455969515723e-06
1.910622359171171736e+00 1.290498334698376656e-05 4.782841528968717756e-07 4.387977277764071798e-07 8.799010728251899878e-07 9.003804172131925782e-07 1.190320993255701971e-06 1.252795032488057710e-06
1.919847962064320512e+00 1.281192783922671935e-05 4.739108996777081678e-07 4.359648176979317470e-07 8.727446152151555574e-07 8.970890032685580208e-07 1.184072149520689683e-06 1.244446752441169990e-06
1.929073564957469289e+00 1.272956678827904682e-05 4.701138265170974422e-07 4.324341388399071144e-07 8.681343429458703167e-07 8.942949814052099334e-07 1.178556726178866222e-06 1.236851257700588225e-06
1.938299167850618288e+00 1.265697370325938956e-05 4.669580565166276651e-07 4.311287103154411599e-07 8.627468402433787094e-07 8.919587606107916495e-07 1.173721946529109370e-06 1.229956799820770445e-06
1.947524770743767064e+00 1.259326404770791785e-05 4.652996747481764726e-07 4.299083815694125185e-07 8.572895965995394352e-07 8.900430510782120024e-07 1.169528412420842948e-06 1.223724828750935887e-06
1.956750373636916063e+00 1.253748259135877677e-05 4.634312846774968283e-07 4.270701079222949907e-07 8.523646839434909263e-07 8.884925871593323481e-07 1.165877598274997270e-06 1.218055635361403903e-06
1.965975976530064839e+00 1.248920139865991235e-05 4.620546574731919289e-07 4.267697492341276808e-07 8.484544839726061775e-07 8.872985669578545531e-07 1.162763676940737725e-06 1.212944044817457058e-06
1.975201579423213616e+00 1.244759989874614317e-05 4.614341982870417887e-07 4.268353997659084345e-07 8.465375163917785703e-07 8.864165948765574969e-07 1.160124748169614648e-06 1.208327466820554102e-06
1.984427182316362615e+00 1.241099341507846298e-05 4.607627457507208106e-07 4.269317444810749552e-07 8.462858442265522513e-07 8.857728188488061329e-07 1.158000843216070859e-06 1.204251412363006968e-06
1.993652785209511391e+00 1.238227861342558349e-05 4.589940162216724057e-07 4.259945981524150240e-07 8.444549096965032689e-07 8.854269829596983537e-07 1.156133618866665065e-06 1.200439577135796609e-06
2.002878388102660168e+00 1.235753329733882909e-05 4.562960015755694512e-07 4.260776007038717699e-07 8.428324380487017874e-07 8.852687936057416373e-07 1.154704888058754526e-06 1.197090166768593515e-06
2.012103990995809166e+00 1.233768392590319089e-05 4.542279581569211278e-07 4.268314173472062393e-07 8.412289786183547720e-07 8.853447789551222193e-07 1.153630806470759313e-06 1.194113254435142995e-06
2.021329593888958165e+00 1.232199630548412716e-05 4.533910050521383238e-07 4.264895845904391149e-07 8.378670352215465651e-07 8.856114363770245507e-07 1.152861144303626671e-06 1.191457528446296190e-06
2.030555196782107164e+00 1.231045002264947807e-05 4.526669113852338212e-07 4.260997243358505640e-07 8.348434381615209846e-07 8.860762357304847656e-07 1.152398263246356483e-06 1.189125065843698125e-06
2.039780799675255718e+00 1.230268077801757711e-05 4.521023348717642724e-07 4.262357661151513539e-07 8.321305927292539200e-07 8.867195927911019233e-07 1.152214166864362914e-06 1.187086770328807291e-06
2.049006402568404717e+00 1.229828409377603576e-05 4.528749564798574355e-07 4.270018216402705506e-07 8.296970726611340352e-07 8.850325337334392196e-07 1.152271399780365604e-06 1.185304065608974478e-06
2.058232005461553715e+00 1.229709688232692326e-05 4.537578540801017938e-07 4.266157303227131604e-07 8.284465371760398316e-07 8.832916350079552461e-07 1.152574520118557178e-06 1.183781400942193578e-06
2.067457608354702270e+00 1.229917358882872965e-05 4.547552097222894673e-07 4.266044212825152580e-07 8.285050160457696088e-07 8.817634903445095647e-07 1.153127590953297832e-06 1.182522220531891623e-06
2.076683211247851268e+00 1.230334157501593962e-05 4.546507971818183658e-07 4.265732622889983921e-07 8.281581832218696913e-07 8.803524586292990926e-07 1.153822541076610951e-06 1.181415994197125346e-06
2.085908814141000267e+00 1.231046687072885027e-05 4.544396200762952051e-07 4.265836172956234359e-07 8.271960296793672127e-07 8.791491787089666466e-07 1.154757303223875211e-06 1.180562145459551350e-06
2.095134417034148822e+00 1.231990528214058702e-05 4.543243006305047391e-07 4.263885227052924992e-07 8.291147445885578202e-07 8.780807135859095550e-07 1.155858061267821265e-06 1.179884641300062270e-06
2.104360019927297820e+00 1.233167437622267166e-05 4.543064694517985852e-07 4.263167662034595274e-07 8.307430795180805404e-07 8.777110588642583836e-07 1.157134529705149532e-06 1.179392753840296027e-06
2.113585622820446819e+00 1.234544320710523551e-05 4.550388961863679435e-07 4.264201422854901934e-07 8.317625258294584220e-07 8.794615113805774522e-07 1.158568087586251170e-06 1.179067422285624646e-06
2.122811225713595817e+00 1.236138408259947105e-05 4.561133119413664434e-07 4.266042941747911587e-07 8.328693410554787103e-07 8.813512174017791811e-07 1.160175395100926650e-06 1.178924841675974282e-06
2.132036828606744372e+00 1.237895069872646974e-05 4.557260476563987318e-07 4.270568739405049914e-07 8.338907671241977288e-07 8.833434562612594351e-07 1.161904612909556733e-06 1.178911668677180212e-06
2.141262431499893371e+00 1.239815679882851123e-05 4.551742581801239976e-07 4.278359390926675062e-07 8.338252587021127037e-07 8.854405955679499980e-07 1.163757162832646108e-06 1.179028890108804387e-06
2.150488034393042369e+00 1.241920508004984475e-05 4.554485782466015148e-07 4.283974874612076275e-07 8.339040233390660758e-07 8.876531457273376206e-07 1.165766355988310369e-06 1.179310016423104599e-06
2.159713637286190924e+00 1.244153623028321112e-05 4.567977550568655799e-07 4.290138615544709748e-07 8.340797958455911507e-07 8.899446522941401592e-07 1.167874974920095818e-06 1.179696300103069120e-06
2.168939240179339922e+00 1.246526185397969049e-05 4.582123243919834863e-07 4.291971020694667878e-07 8.343566951050889857e-07 8.923251581338209441e-07 1.170090858263780995e-06 1.180194972067911838e-06
2.178164843072488921e+00 1.249036874918504527e-05 4.587562010633271443e-07 4.293541897333969312e-07 8.351847575167296330e-07 8.947599920413775831e-07 1.172424805088451494e-06 1.180816849823020635e-06
2.187390445965637920e+00 1.251660476798811113e-05 4.593612153105652840e-07 4.294801265648828700e-07 8.376638971220399241e-07 8.972556759900300122e-07 1.174856668667126865e-06 1.181541029864232909e-06
2.196616048858786474e+00 1.254434834340033237e-05 4.601087320912923258e-07 4.300781851937955045e-07 8.402226567394106767e-07 8.998559534029736443e-07 1.177394436175670909e-06 1.182372226975916363e-06
2.205841651751935473e+00 1.257284740303499118e-05 4.607606573318427385e-07 4.310586878731966816e-07 8.428019403255025319e-07 9.024950898953507913e-07 1.180005835158618588e-06 1.183279319014698784e-06
2.215067254645084471e+00 1.260240667285010629e-05 4.614507672227725991e-07 4.318779695896671390e-07 8.454257617100314521e-07 9.051972546099448493e-07 1.182714727360813459e-06 1.184286797680923116e-06
2.224292857538233026e+00 1.263323633392570875e-05 4.623259105218925456e-07 4.323481204700644676e-07 8.481156545620425824e-07 9.081987707014555432e-07 1.185513355582940118e-06 1.185385443759293399e-06
2.233518460431382024e+00 1.266476783079999365e-05 4.633886015649423120e-07 4.322452317486722334e-07 8.512109286036721641e-07 9.114566072653122232e-07 1.188379542343460886e-06 1.186553464820849001e-06
2.242744063324531023e+00 1.269720177827513795e-05 4.650579453497359004e-07 4.333722554686809020e-07 8.549222107258114728e-07 9.147569939971867602e-07 1.191324155980335168e-06 1.187800948450398262e-06
2.251969666217680022e+00 1.272626609277083201e-05 4.664629248620011593e-07 4.352467886172282284e-07 8.582206491314912141e-07 9.177352480037325350e-07 1.194225698025951586e-06 1.189013549682438233e-06
2.261195269110828576e+00 1.276102415064043317e-05 4.682349800948010563e-07 4.371688601154971083e-07 8.616901768583820094e-07 9.196579703531259834e-07 1.197333648496272832e-06 1.191359283152221074e-06
2.270420872003977575e+00 1.279649732253451043e-05 4.700098229359731016e-07 4.389490242841186763e-07 8.653506224695459739e-07 9.224776015811971810e-07 1.200502476869959447e-06 1.194394502615581739e-06
2.279646474897126573e+00 1.283463385991740361e-05 4.718705486225192202e-07 4.406206155071690157e-07 8.693590974343829044e-07 9.258521992090873616e-07 1.203784528106036677e-06 1.197644190653669488e-06
2.288872077790275128e+00 1.286956314078825151e-05 4.734808854061724247e-07 4.418611813944010495e-07 8.730438825166389461e-07 9.288457690957653470e-07 1.207032230659100760e-06 1.200668160024236908e-06
2.298097680683424127e+00 1.290706065765129249e-05 4.752461718620610101e-07 4.431015664729264533e-07 8.768882399428063574e-07 9.312519599658358727e-07 1.210385860361397028e-06 1.203897876076520055e-06
2.307323283576573125e+00 1.294514381562136406e-05 4.770282561221555486e-07 4.440363969509399615e-07 8.807591400476004034e-07 9.328708251231953734e-07 1.213794140590520508e-06 1.207184210595337278e-06
2.316548886469722124e+00 1.298380156468458585e-05 4.788275875477378675e-07 4.449889884917274525e-07 8.846400680232909122e-07 9.345402430844700271e-07 1.217253890922036444e-06 1.210525451245099773e-06
2.325774489362870678e+00 1.302298757088940841e-05 4.806402241220967419e-07 4.468167415525180664e-07 8.885279840199018022e-07 9.362362819406083101e-07 1.220766130647502461e-06 1.213918565014460377e-06
2.335000092256019677e+00 1.306269841114593758e-05 4.831479949917281025e-07 4.484938431785967169e-07 8.924242927968730838e-07 9.379493234654694172e-07 1.224328910625939053e-06 1.217362693891076614e-06
2.344225695149168676e+00 1.310324280588763242e-05 4.853377299764784257e-07 4.497047579141741862e-07 8.946970734905082643e-07 9.397300784843136694e-07 1.227926819697593161e-06 1.220874872880306033e-06
2.353451298042317230e+00 1.314354285857863347e-05 4.873535564217921942e-07 4.507682577705148853e-07 8.968520731034463765e-07 9.415044992936016520e-07 1.231597144893317375e-06 1.224390787351548548e-06
2.362676900935466229e+00 1.318464779552572518e-05 4.892037395712208321e-07 4.518564916351422564e-07 8.990670693898463568e-07 9.433440343415264346e-07 1.235298256524176470e-06 1.227971439860541623e-06
2.371902503828615227e+00 1.322613579416715213e-05 4.903061229925423706e-07 4.532892911499872740e-07 9.013074338235281215e-07 9.452196221180841169e-07 1.239038241839194115e-06 1.231589902965922698e-06
2.381128106721764226e+00 1.326802818883605713e-05 4.917126758829744771e-07 4.548510550000945388e-07 9.035743207677872293e-07 9.471322881527115961e-07 1.242821182171154184e-06 1.235248613354530403e-06
2.390353709614912781e+00 1.331034397299501819e-05 4.933696252428871671e-07 4.558130743079495586e-07 9.058420484772631838e-07 9.490826982679542858e-07 1.246650129005544784e-06 1.238949588169112670e-06
2.399579312508061779e+00 1.335296710390466982e-05 4.955006781620084790e-07 4.561128030749409516e-07 9.081148972423488047e-07 9.510633235470927885e-07 1.250511264536852365e-06 1.242681159570069191e-06
2.408804915401210778e+00 1.339592314119748310e-05 4.976870063103139052e-07 4.575204281696440241e-07 9.104084117096839250e-07 9.530753626566627348e-07 1.254409293330183551e-06 1.246446222554838557e-06
2.418030518294359332e+00 1.343920140126126849e-05 4.996997158682913364e-07 4.590222436721651928e-07 9.127214615718984238e-07 9.551177875430487158e-07 1.258343452386240200e-06 1.250243764182333423e-06
2.427256121187508331e+00 1.348284325885223871e-05 5.017183713852700134e-07 4.603088030983222307e-07 9.150572650281911833e-07 9.571927511603454383e-07 1.262319484320794801e-06 1.254078057534332004e-06
2.436481724080657330e+00 1.352674354167474210e-05 5.036219616829330976e-07 4.614584410783895775e-07 9.175630831134646480e-07 9.592934758989090716e-07 1.266324450891623748e-06 1.257938418598155694e-06
2.445707326973806328e+00 1.357091514653724044e-05 5.053929791998281032e-07 4.626202814487358303e-07 9.207384258342794656e-07 9.614204107761396189e-07 1.270362515102786832e-06 1.261826749581510012e-06
2.454932929866954883e+00 1.361536143935331152e-05 5.071353635163286674e-07 4.637981564017148962e-07 9.239204101726311206e-07 9.635734479555187057e-07 1.274433464995596891e-06 1.265743152159776939e-06
2.464158532760103881e+00 1.366005284767002978e-05 5.088131927498720211e-07 4.649909096414984425e-07 9.271072128204440466e-07 9.664397177914317420e-07 1.278534816327731236e-06 1.269684880657294277e-06
2.473384135653252880e+00 1.370497529606768834e-05 5.103699221823858524e-07 4.663031295944476245e-07 9.302979374849261967e-07 9.691446876141494605e-07 1.282666663174846555e-06 1.273650931321527105e-06
2.482609738546401434e+00 1.375014372785623996e-05 5.120989050777189635e-07 4.681437563461973223e-07 9.334940492145309463e-07 9.712321872189682751e-07 1.286829733930958957e-06 1.277642455780960787e-06
2.491835341439550433e+00 1.379554191508987697e-05 5.135165980016454700e-07 4.699937529543290923e-07 9.366945617370405641e-07 9.733477522283389750e-07 1.291023025327758542e-06 1.281304465982431497e-06
2.501060944332699432e+00 1.384113521322428932e-05 5.145394589478397078e-07 4.718520556098678743e-07 9.398971980851017103e-07 9.754888266231851531e-07 1.295244270481453290e-06 1.283641250415962852e-06
2.510286547225848430e+00 1.388690809976265388e-05 5.155651540145945902e-07 4.737180397679405209e-07 9.431014417731767107e-07 9.776421495949382321e-07 1.299489256601993938e-06 1.285992839659483777e-06
2.519512150118996985e+00 1.393289664354207296e-05 5.168392905566377397e-07 4.755932842843844699e-07 9.463094175169081137e-07 9.797899987326367605e-07 1.303766391722784932e-06 1.288368797491115227e-06
2.528737753012145983e+00 1.397904319802985591e-05 5.188041654300527963e-07 4.772413497339898628e-07 9.495178376330006226e-07 9.819597893568945946e-07 1.308066111674201606e-06 1.290757995230197911e-06
2.537963355905294982e+00 1.402537976856511993e-05 5.207318982278368621e-07 4.786863768017792490e-07 9.527285552408780992e-07 9.841536652925226051e-07 1.312396010816338225e-06 1.293168978198905018e-06
2.547188958798443537e+00 1.407188935324546139e-05 5.222596809961661438e-07 4.801291836730349624e-07 9.559412664768524530e-07 9.864764600670167699e-07 1.316749562511725248e-06 1.295593791692982175e-06
2.556414561691592535e+00 1.411852704642436231e-05 5.237841808920965474e-07 4.815673011816704025e-07 9.592557193451628126e-07 9.888443866460477330e-07 1.321126981964148255e-06 1.298033040374374692e-06
2.565640164584741534e+00 1.416524421433623736e-05 5.253033073874058750e-07 4.829989137048432715e-07 9.627978755566856566e-07 9.912226486075495502e-07 1.325523790214257365e-06 1.300481741361919627e-06
2.574865767477890532e+00 1.421225659174007730e-05 5.268264081568449383e-07 4.843079176848485724e-07 9.660863824165435878e-07 9.936248706492108477e-07 1.329957988519155426e-06 1.302958594394521263e-06
2.584091370371039087e+00 1.425928881313908617e-05 5.283405495202502943e-07 4.852697743722439591e-07 9.688700273376764193e-07 9.960332748613584688e-07 1.334404294946526281e-06 1.305436364053220365e-06
2.593316973264188086e+00 1.430648932549654795e-05 5.298159495883970861e-07 4.866586684128060899e-07 9.720430193865033113e-07 9.984572264993237032e-07 1.338880095557949400e-06 1.307933909968935260e-06
2.602542576157337084e+00 1.435379256959621733e-05 5.312659210626599426e-07 4.882006560653321688e-07 9.752715477037412545e-07 1.000892399458720941e-06 1.343375221286593099e-06 1.310439464630163914e-06
2.611768179050485639e+00 1.440123785454531786e-05 5.327133027770817610e-07 4.897386037287965757e-07 9.785004133872005148e-07 1.003341129731230629e-06 1.347895668434204549e-06 1.312959644807670166e-06
2.620993781943634637e+00 1.444875724962273257e-05 5.341552912123101097e-07 4.912697779168274194e-07 9.817247936779421966e-07 1.005798958787090542e-06 1.352435992526390397e-06 1.315488494838062364e-06
2.630219384836783636e+00 1.449636531782494243e-05 5.355910614556224942e-07 4.927359432517178673e-07 9.850162005962927669e-07 1.008266645227368387e-06 1.356995163861075289e-06 1.318024333829176633e-06
2.639444987729932635e+00 1.454411559018739865e-05 5.370266060227253202e-07 4.942789740683088001e-07 9.888470734041326942e-07 1.010747525424051630e-06 1.361582761689739197e-06 1.320577899101134131e-06
2.648670590623081189e+00 1.459192294628042298e-05 5.383828033304404544e-07 4.958244526055131013e-07 9.926885281160694916e-07 1.013235999854626311e-06 1.366186566502044386e-06 1.323135155647818238e-06
2.657896193516230188e+00 1.463983073383649119e-05 5.397187991851878745e-07 4.973752642056576375e-07 9.965405139232671929e-07 1.015734741561333813e-06 1.370813744359119477e-06 1.325704130054151047e-06
2.667121796409379186e+00 1.468782938447195075e-05 5.415307924182654188e-07 4.979002384765807002e-07 1.000403764155423220e-06 1.018242981292461635e-06 1.375461960834899067e-06 1.328281770862466094e-06
2.676347399302527741e+00 1.473591668501023648e-05 5.442317664139916384e-07 4.983804126469847876e-07 1.004276435451986974e-06 1.020760521520297479e-06 1.380133325738858583e-06 1.330870572868110319e-06
2.685573002195676739e+00 1.478405343562589827e-05 5.469351800540092937e-07 5.002999423411062042e-07 1.008361331910902588e-06 1.023284671507820808e-06 1.384820683741636239e-06 1.333462085548439881e-06
2.694798605088825738e+00 1.483226681684995539e-05 5.496408174922683804e-07 5.022334120986019477e-07 1.012764136204066535e-06 1.025817122296720352e-06 1.389529230858250564e-06 1.336061946722215475e-06
2.704024207981974737e+00 1.488056180143898087e-05 5.512264224215719351e-07 5.041661664382926023e-07 1.016794578058885490e-06 1.028358094190938166e-06 1.394260468656778861e-06 1.338671856881265749e-06
2.713249810875123291e+00 1.492889568771004616e-05 5.527738595394415767e-07 5.060880606276543830e-07 1.019861247377751176e-06 1.030643849960499002e-06 1.399010623015086254e-06 1.341287552356147631e-06
2.722475413768272290e+00 1.497730087602121982e-05 5.542874916548330981e-07 5.077725166532371770e-07 1.023780773902067931e-06 1.032646855459298850e-06 1.403779322989242331e-06 1.343907798346901153e-06
2.731701016661421288e+00 1.502574095746250308e-05 5.556426818083933709e-07 5.089680790243797826e-07 1.027707002918065249e-06 1.034640419368979824e-06 1.408566555054438242e-06 1.346533002275498113e-06
2.740926619554569843e+00 1.507426619394647833e-05 5.568700252028683292e-07 5.095336230827073119e-07 1.031642908616959111e-06 1.036883698246604456e-06 1.413376898321503787e-06 1.349167761743072340e-06
2.750152222447718842e+00 1.512278885626066390e-05 5.582248985294738480e-07 5.100935159791538634e-07 1.035584467302175156e-06 1.039447467128825324e-06 1.418201396921040560e-06 1.351802168834627036e-06
2.759377825340867840e+00 1.517141457806637124e-05 5.602914769549241432e-07 5.106547205701125774e-07 1.039535343212149511e-06 1.042378106498601239e-06 1.423052406816490971e-06 1.354449712034929120e-06
