9.225602893149067790e-04 1.445521843931301537e-03 5.076010043071925090e-05 4.949658882417063040e-05 9.790580585481139381e-05 9.231050577549132843e-05 1.281726475489842337e-04 1.209068096153574461e-04
1.014816318246397446e-02 1.474939511167428895e-03 5.182958982795772378e-05 5.053135116843692105e-05 9.987616858034157122e-05 9.419644587266144155e-05 1.308837523452655548e-04 1.233563571390800580e-04
1.937376607561304073e-02 1.506200026229416716e-03 5.296460004921774156e-05 5.162657870369253416e-05 1.019724635615715941e-04 9.620065541629291457e-05 1.337639662664677313e-04 1.259617803641577966e-04
2.859936896876210874e-02 1.539504708195876641e-03 5.414825599152914629e-05 5.278861382417010528e-05 1.042086042676254685e-04 9.834054967689702734e-05 1.368315485649200698e-04 1.287402631754497664e-04
3.782497186191117328e-02 1.575017383009411683e-03 5.540653987724623863e-05 5.401728598597096975e-05 1.065957745110836501e-04 1.006269673538961323e-04 1.401016868981825453e-04 1.317056530479874046e-04
4.705057475506025516e-02 1.612927336404109974e-03 5.674610557740975871e-05 5.529724188877934744e-05 1.091469143189381218e-04 1.028302450487110758e-04 1.435918985682714272e-04 1.348739659771053603e-04
5.627617764820931623e-02 1.653395777589780537e-03 5.817268986937950206e-05 5.665899409549343506e-05 1.118727999893625712e-04 1.051668294207879807e-04 1.473174373309185485e-04 1.382586946705847714e-04
6.550178054135838424e-02 1.696830119039549785e-03 5.969183513489326881e-05 5.818224481144058935e-05 1.148019391553573108e-04 1.076827263804056977e-04 1.513148934418049631e-04 1.418948130685970897e-04
7.472738343450743836e-02 1.743268230581836468e-03 6.128623743690175991e-05 5.997219698722572670e-05 1.179359893296160616e-04 1.103761446887151394e-04 1.555893100509289726e-04 1.457848673591744318e-04
8.395298632765652025e-02 1.793185246874156842e-03 6.291213189587815426e-05 6.172729423873334065e-05 1.213080942076274690e-04 1.132779608429440067e-04 1.601835597776024665e-04 1.499695760969312411e-04
9.317858922080557438e-02 1.846860908123852457e-03 6.463116636224526708e-05 6.346963462471890381e-05 1.249370791997397433e-04 1.164034420486109896e-04 1.651240013966096074e-04 1.544724423995847470e-04
1.024041921139546424e-01 1.904722371990521471e-03 6.648118230437099693e-05 6.540191603564174221e-05 1.288523039369494395e-04 1.197782427591023886e-04 1.704500213056702775e-04 1.593297435337917654e-04
1.116297950071036965e-01 1.967304061676424399e-03 6.874537905070558438e-05 6.741028401143563283e-05 1.330903692077748009e-04 1.234679022558298790e-04 1.762106126213052425e-04 1.645869732068575356e-04
1.208553979002527506e-01 2.035134237466851813e-03 7.125851880818503958e-05 6.957406275903861570e-05 1.376875062049222158e-04 1.275480519611427513e-04 1.824547468796851313e-04 1.702889285754749689e-04
1.300810007934018186e-01 2.108736004614492326e-03 7.395826121243433138e-05 7.207613933557510677e-05 1.426792259001173450e-04 1.319756009132400619e-04 1.892315026670635635e-04 1.764797409528654718e-04
1.393066036865509005e-01 2.189049487014304522e-03 7.670527663191902337e-05 7.482757413948808861e-05 1.481304590310325922e-04 1.368086905142464581e-04 1.966265328562010958e-04 1.832397840908959151e-04
1.485322065796999824e-01 2.276907728802190795e-03 7.975627711272453152e-05 7.783458069788792844e-05 1.540982642892758762e-04 1.420972353396361167e-04 2.047171088006851346e-04 1.906397895951456034e-04
1.577578094728490643e-01 2.372885747238768182e-03 8.308589710993678767e-05 8.098278519156959163e-05 1.606209027056851486e-04 1.478726755105462184e-04 2.135592071444360369e-04 1.987275650110623473e-04
1.669834123659981462e-01 2.478728086832869808e-03 8.684560850210970226e-05 8.443075293305350032e-05 1.678192447706582102e-04 1.542443465474448161e-04 2.233107851314598477e-04 2.076528612286825635e-04
1.762090152591472003e-01 2.595515614982453478e-03 9.103008808861254991e-05 8.839377149460515837e-05 1.757671196365444451e-04 1.612744931861220289e-04 2.340741481378504248e-04 2.175068893571514145e-04
1.854346181522962822e-01 2.725022950585825020e-03 9.559213309042000756e-05 9.253431302340712691e-05 1.845864387349767724e-04 1.690708473599030620e-04 2.460131062733874469e-04 2.284410089291978932e-04
1.946602210454453641e-01 2.869195341565097552e-03 1.004085733179462502e-04 9.755907764859598694e-05 1.944109199270177037e-04 1.777498120958415778e-04 2.593085073350465640e-04 2.406208122549013430e-04
2.038858239385944460e-01 3.030352946288382768e-03 1.062979178514532504e-04 1.031557176830099828e-04 2.053998204295842851e-04 1.874502242315734431e-04 2.741763200591147351e-04 2.542438534030178748e-04
2.131114268317435001e-01 3.211490834794503493e-03 1.128884661934972250e-04 1.094415657216783223e-04 2.177597393942186897e-04 1.983522549137196368e-04 2.908943834768243884e-04 2.695657555960521284e-04
2.223370297248925820e-01 3.416065535655310719e-03 1.199517656129329458e-04 1.165366707350065818e-04 2.317280031280139624e-04 2.106628793639387862e-04 3.097848416915849334e-04 2.868812166845827183e-04
2.315626326180416361e-01 3.648498133627690529e-03 1.279264768850427343e-04 1.245332055631329440e-04 2.476225251375066896e-04 2.246467549432864912e-04 3.312591840354912540e-04 3.065678177516422201e-04
2.407882355111907180e-01 3.914218949402803460e-03 1.369407103899000083e-04 1.333420179838048190e-04 2.658970294751204430e-04 2.406291821585404382e-04 3.558237105908230655e-04 3.290894391408203529e-04
2.500138384043397721e-01 4.220085069538129750e-03 1.473034395206183553e-04 1.437773159767494202e-04 2.869311545165599553e-04 2.590199364892620953e-04 3.841183568343356503e-04 3.550323424887187260e-04
2.592394412974888818e-01 4.574788324340413673e-03 1.594181131019563324e-04 1.559766849103067995e-04 3.113224917941307540e-04 2.803381594479355254e-04 4.169553965320026492e-04 3.851401386103237012e-04
2.684650441906379359e-01 4.989982174196202179e-03 1.740223286774726305e-04 1.702391400236202834e-04 3.398698988719963884e-04 3.052830553570045138e-04 4.554222203999409510e-04 4.204115915560947825e-04
2.776906470837869900e-01 5.480100495945441734e-03 1.907850097746990187e-04 1.869504856360148723e-04 3.735647678795592577e-04 3.347127758990256149e-04 5.008728857279340016e-04 4.620832672705904934e-04
2.869162499769360997e-01 6.064933609544259467e-03 2.105534318621480813e-04 2.063861597475938683e-04 4.137573851915928719e-04 3.698082184709419740e-04 5.551622985301577287e-04 5.118535729647464422e-04
2.961418528700851538e-01 6.771263120968666963e-03 2.349655816069199168e-04 2.308719305901965960e-04 4.622743940273484411e-04 4.121652051184473281e-04 6.208540347091302120e-04 5.720235187936352841e-04
3.053674557632342079e-01 7.635823099549435451e-03 2.644515202665518108e-04 2.605811875015188323e-04 5.216105125251295840e-04 4.639685678849521031e-04 7.018367095182375184e-04 6.457526727486643733e-04
3.145930586563833176e-01 8.710809558506860464e-03 3.015323635950587638e-04 2.964966967861498714e-04 5.954046020208800943e-04 5.283171243017636964e-04 8.027546196039420795e-04 7.375374437621450008e-04
3.238186615495323717e-01 1.007165920971163538e-02 3.486899187061694161e-04 3.428712642102801911e-04 6.893613514607922071e-04 6.110134801461594711e-04 9.308308929706146650e-04 8.538863866383826495e-04
3.330442644426814813e-01 1.183117329063809384e-02 4.094421131659673613e-04 4.039349837469379673e-04 8.102566080559637368e-04 7.199459055513019595e-04 1.096903492445157335e-03 1.004550173792381415e-03
3.422698673358305355e-01 1.416244215196833973e-02 4.929497477139770101e-04 4.825775046249213690e-04 9.692066050420306000e-04 8.609044100058530630e-04 1.317675874950293563e-03 1.204521216538283895e-03
3.514954702289795896e-01 1.734460379339741037e-02 6.079818895851178684e-04 5.904831395393932147e-04 1.187296369405229507e-03 1.057238871059816565e-03 1.617035035789048114e-03 1.478040203563797672e-03
3.607210731221286992e-01 2.184700249092805246e-02 7.651257113068486715e-04 7.419187045902067568e-04 1.496101194500259329e-03 1.329864392868806977e-03 2.036323423447682773e-03 1.865988801565313104e-03
3.699466760152777534e-01 2.849782254025295253e-02 9.962556545200680624e-04 9.743053028776899049e-04 1.957096051481931748e-03 1.748537885879433706e-03 2.665195109040632837e-03 2.440762980902080881e-03
3.791722789084268630e-01 3.885332763333747275e-02 1.349859736835934410e-03 1.327437888149846090e-03 2.677303239084709297e-03 2.386121088182813210e-03 3.650964044538622388e-03 3.339001745142851363e-03
3.883978818015759171e-01 5.601355805931968607e-02 1.929127151807916163e-03 1.899798675681865778e-03 3.874842449567664215e-03 3.442300664819653022e-03 5.295134283110104756e-03 4.834289483964929190e-03
3.976234846947249713e-01 8.634845155088853585e-02 2.949682559563709949e-03 2.925298113728200256e-03 5.992749086685275617e-03 5.320346135381417985e-03 8.223986103322603047e-03 7.491590680648599343e-03
4.068490875878740809e-01 1.413139929383566973e-01 4.778015137855418093e-03 4.826460944947513765e-03 9.865359202431478458e-03 8.779479361042480390e-03 1.356135744847089541e-02 1.232452476102283145e-02
4.160746904810231350e-01 2.221749189249902778e-01 7.562200778510802524e-03 7.526232166449181582e-03 1.579574475995126903e-02 1.381526522495399312e-02 2.133727107233091003e-02 1.935611349923224700e-02
4.253002933741722447e-01 2.484537397004101533e-01 8.487607176509509577e-03 8.311797254535263635e-03 1.782536326913239377e-02 1.547453778709043104e-02 2.328032479002026256e-02 2.127382523872448084e-02
4.345258962673212988e-01 1.716181306335059498e-01 6.018063405345192018e-03 5.807904920573953023e-03 1.215946088822508764e-02 1.055611983866591719e-02 1.562892148488490007e-02 1.441207728914403741e-02
4.437514991604703529e-01 9.907328740427956415e-02 3.508735474710270030e-03 3.322609305683676961e-03 6.977798100000445758e-03 5.982511585972530299e-03 8.957696713457793947e-03 8.294751956119034153e-03
4.529771020536194626e-01 5.874824828079315553e-02 2.080486983368053100e-03 1.976361251471783764e-03 4.112449778783430765e-03 3.533745044401133406e-03 5.318605205630613786e-03 4.934020556305186711e-03
4.622027049467684612e-01 3.729176496530794971e-02 1.314776370721075505e-03 1.250034981883064999e-03 2.593439782381815051e-03 2.245802428690803210e-03 3.387889940660360200e-03 3.141460255681495506e-03
4.714283078399175708e-01 2.519630719913258307e-02 8.826547769869644289e-04 8.478014682445633721e-04 1.760407075608486777e-03 1.517572897868840059e-03 2.302916174353891038e-03 2.129116741945012714e-03
4.806539107330666249e-01 1.790090103980807035e-02 6.210261493292991430e-04 6.021516415663646926e-04 1.247561486682324111e-03 1.079423227831850102e-03 1.645118925212681743e-03 1.517075379676796620e-03
4.898795136262157346e-01 1.323324450847866533e-02 4.559314977877638314e-04 4.454253164384684716e-04 9.204859200921226836e-04 8.021208704691775576e-04 1.222193659550452338e-03 1.124581020850390356e-03
4.991051165193647332e-01 1.009641431035547023e-02 3.479856300706313937e-04 3.390408557413463614e-04 7.012139995329971787e-04 6.135157324097858383e-04 9.336739950132309784e-04 8.602450926066401715e-04
5.083307194125139539e-01 7.902586077411590665e-03 2.733326547734934997e-04 2.650633534345926343e-04 5.481968989531713771e-04 4.790130076198460818e-04 7.300864090139819879e-04 6.750134496555718067e-04
5.175563223056629525e-01 6.316780028548932453e-03 2.191240384368398769e-04 2.114069878600046554e-04 4.377673266833751603e-04 3.820531928708575595e-04 5.831227068484922185e-04 5.408790814235885439e-04
5.267819251988120621e-01 5.138468908769784453e-03 1.765523276710820669e-04 1.716217513046697923e-04 3.560947087879514500e-04 3.112432529729456526e-04 4.749923303619882353e-04 4.410467420325669616e-04
5.360075280919610607e-01 4.242355041965317243e-03 1.451160696948972442e-04 1.418506741609378008e-04 2.936309521879183759e-04 2.579710854970348674e-04 3.928224047215749665e-04 3.650051481246803335e-04
5.452331309851101704e-01 3.547182783890781566e-03 1.215044716156334081e-04 1.183371498872441523e-04 2.454894932745429505e-04 2.165240595537105441e-04 3.289704227102166999e-04 3.059273135286263469e-04
5.544587338782591690e-01 2.998839461275120636e-03 1.029064266655312955e-04 1.001166590687929507e-04 2.079881942254240348e-04 1.837874097591284638e-04 2.785239798720868208e-04 2.592619339233069586e-04
5.636843367714083897e-01 2.559801900622216131e-03 8.803026244768533820e-05 8.559889516495658088e-05 1.779380367248058030e-04 1.575179095377890817e-04 2.380721969834531833e-04 2.218477271381446778e-04
5.729099396645573883e-01 2.203616147881992497e-03 7.596885832005179431e-05 7.376348036564409072e-05 1.535224994846395331e-04 1.357003358551929321e-04 2.052069898587504000e-04 1.914534126101949917e-04
5.821355425577064979e-01 1.911670012049707882e-03 6.610988564985072549e-05 6.417344450781493903e-05 1.334928263296199930e-04 1.178372591416189472e-04 1.782300106915914173e-04 1.665092573163867457e-04
5.913611454508554965e-01 1.669527933601289019e-03 5.764281275168095346e-05 5.615669141804447741e-05 1.168663532265794714e-04 1.030284740656029797e-04 1.558256011396541747e-04 1.457931928410783565e-04
6.005867483440046062e-01 1.467168287449528404e-03 5.052823476390535216e-05 4.922734046941264034e-05 1.029605350315744138e-04 9.087146498302622194e-05 1.370763992413223751e-04 1.284590895306448721e-04
6.098123512371537158e-01 1.296467468823319508e-03 4.449221145595249997e-05 4.352736299252646379e-05 9.110366017267470390e-05 8.024496696146330571e-05 1.212400556128341057e-04 1.138179923934328364e-04
6.190379541303028255e-01 1.151559277443460049e-03 3.969454566105697774e-05 3.872477764743837737e-05 8.102950440409492118e-05 7.140685813955679681e-05 1.077786962179064570e-04 1.013736420558111664e-04
6.282635570234518241e-01 1.027756779890292432e-03 3.544624571907677157e-05 3.437661518574525177e-05 7.246488067331633906e-05 6.386288879766375583e-05 9.626258798726841995e-05 9.072860159722157241e-05
6.374891599166009337e-01 9.212052401239805141e-04 3.141394710042314485e-05 3.091895577681435994e-05 6.499402435040013606e-05 5.737145039997617550e-05 8.633860360740444172e-05 8.155495394073137855e-05
6.467147628097499323e-01 8.291131280546318143e-04 2.830471214027865078e-05 2.779255125208543627e-05 5.843788246196065204e-05 5.169650807897120323e-05 7.774987115196925046e-05 7.361622044988695018e-05
6.559403657028991530e-01 7.490867700021879233e-04 2.555213976509823279e-05 2.520195748923826414e-05 5.274306440019205407e-05 4.660825749673157704e-05 7.027643918934090364e-05 6.670872476101168905e-05
6.651659685960481516e-01 6.791515328375705238e-04 2.316805143198546676e-05 2.296294376393664440e-05 4.776860969555967156e-05 4.217052681138185564e-05 6.373694990844433039e-05 6.066413245033931180e-05
6.743915714891972613e-01 6.178749759762757355e-04 2.111877709813766643e-05 2.083175148359325303e-05 4.341216142466318428e-05 3.829096443791371422e-05 5.799907707520796270e-05 5.536069205995053713e-05
6.836171743823462599e-01 5.639389481927421441e-04 1.931888835722615338e-05 1.903475493060025926e-05 3.971515171465468241e-05 3.499676942578526691e-05 5.294146593144027392e-05 5.068627120248894204e-05
6.928427772754953695e-01 5.163038145092766146e-04 1.769843218647358576e-05 1.750133767889998620e-05 3.644840654697741218e-05 3.219203013933900166e-05 4.846830569864171798e-05 4.655236280220727361e-05
7.020683801686443681e-01 4.740633006078965304e-04 1.622479394693116103e-05 1.594465913180728939e-05 3.354267996522774424e-05 2.969885168142160801e-05 4.449602612151851112e-05 4.288146546515620361e-05
7.112939830617935888e-01 4.365276437388676350e-04 1.502620512535757843e-05 1.457180467345867711e-05 3.095231638300437399e-05 2.747884481149788114e-05 4.096078388968058459e-05 3.961489815244753328e-05
7.205195859549425874e-01 4.030970088487420989e-04 1.392136240026953372e-05 1.351630088506061136e-05 2.855897312424387179e-05 2.549732171769223061e-05 3.780709980731508093e-05 3.670153346727853027e-05
7.297451888480916971e-01 3.730661378323441393e-04 1.286536190582711738e-05 1.256695347353557323e-05 2.640085241124721016e-05 2.370975902707964577e-05 3.510491797302853212e-05 3.408001906129597049e-05
7.389707917412406957e-01 3.462833648236264051e-04 1.198642741481926620e-05 1.166126038998626128e-05 2.460733622679760072e-05 2.205279794739706646e-05 3.276125967068438958e-05 3.173902376599820486e-05
7.481963946343899163e-01 3.221809927547072527e-04 1.112039038226719095e-05 1.086534318981335814e-05 2.299967189112943171e-05 2.046354756591776220e-05 3.064583382289423705e-05 2.962888403264826807e-05
7.574219975275389150e-01 3.004918554780067457e-04 1.041136121493713108e-05 1.008191454426583897e-05 2.143345377001077984e-05 1.916968989340328859e-05 2.873655876782093025e-05 2.772703141281501749e-05
7.666476004206880246e-01 2.809001443738695734e-04 9.733407727495371579e-06 9.400481649476715926e-06 2.001894419358373487e-05 1.807769117737322581e-05 2.700646063902366160e-05 2.600617258510784773e-05
7.758732033138370232e-01 2.632192619609726911e-04 9.134010207831864698e-06 8.797081638732670485e-06 1.878303494626623084e-05 1.708514171810449934e-05 2.544029375497726614e-05 2.445057269112585669e-05
7.850988062069861328e-01 2.472205887694431739e-04 8.612852196954949146e-06 8.251953573454518702e-06 1.769935434454197052e-05 1.618013745254291615e-05 2.401850686045085403e-05 2.304056390709427449e-05
7.943244091001351315e-01 2.327004248054593009e-04 8.139286982188689021e-06 7.771535458408600780e-06 1.667973056930312681e-05 1.530836405427886621e-05 2.272363768107923845e-05 2.170963461744888781e-05
8.035500119932843521e-01 2.195269455652706936e-04 7.709392121843056068e-06 7.287218920667807871e-06 1.573453533897385659e-05 1.451113924611210156e-05 2.154476840932046224e-05 2.050547272526619330e-05
8.127756148864333507e-01 2.075516698659117282e-04 7.315617982683804725e-06 6.915382315961004838e-06 1.482491281065955726e-05 1.378065623501616372e-05 2.046924050227527745e-05 1.941414256477133615e-05
8.220012177795824604e-01 1.966866565718992054e-04 6.968180162804344475e-06 6.618908759160868887e-06 1.398608568414032283e-05 1.307622160510264406e-05 1.948992585190867854e-05 1.842757146339334844e-05
8.312268206727314590e-01 1.867740249159072663e-04 6.676449354985731447e-06 6.311571789949617850e-06 1.327548869507893538e-05 1.243230377692689089e-05 1.859287398590079611e-05 1.753039561567441926e-05
8.404524235658805686e-01 1.777222404487720079e-04 6.399963229518991535e-06 6.024696793794899561e-06 1.257974615750191748e-05 1.184258661136950515e-05 1.777032955161043470e-05 1.671391038043657786e-05
8.496780264590296783e-01 1.694763849412480141e-04 6.140373574166899974e-06 5.784453648124190115e-06 1.200016368730404755e-05 1.132519629835847231e-05 1.701784842596113564e-05 1.597324590441531072e-05
8.589036293521787879e-01 1.619489396591049766e-04 5.898524431963137176e-06 5.507049957327256069e-06 1.149584371804972813e-05 1.084503131971886769e-05 1.632788365869068908e-05 1.528393541100182633e-05
8.681292322453277865e-01 1.550881475369606519e-04 5.663912055132606710e-06 5.257916382095986210e-06 1.099623200180778080e-05 1.042347561603778347e-05 1.569618564729760406e-05 1.465413896020921025e-05
8.773548351384768962e-01 1.487996159027613779e-04 5.466214619615920910e-06 5.036379758509073809e-06 1.053461755115266216e-05 1.003423317582605211e-05 1.511422508231107052e-05 1.407619252260754856e-05
8.865804380316258948e-01 1.430706041014571689e-04 5.303330821733681730e-06 4.851477704042662150e-06 1.011035350856253419e-05 9.671169719623144137e-06 1.458140400863327146e-05 1.354907744841854348e-05
8.958060409247751155e-01 1.378508337308332222e-04 5.154657908904600010e-06 4.668641922627266754e-06 9.712172933710555523e-06 9.317321100169435833e-06 1.409339866466791666e-05 1.306825646005168587e-05
9.050316438179241141e-01 1.330583814465327521e-04 4.986898550857752667e-06 4.493443405808434342e-06 9.359749436986823570e-06 9.014822860310141945e-06 1.364255081999217294e-05 1.262617791806631767e-05
9.142572467110732237e-01 1.286874721535196200e-04 4.863906273120050319e-06 4.374140069195766841e-06 9.027694672377936918e-06 8.767586236425024371e-06 1.322844288670981211e-05 1.222244525753710467e-05
9.234828496042222223e-01 1.247042312243305394e-04 4.734506227082197751e-06 4.282995321681665624e-06 8.785391953767813893e-06 8.456560754728080932e-06 1.277740169729820342e-05 1.185399550191951526e-05
9.327084524973712210e-01 1.210796951076208877e-04 4.570848385671710682e-06 4.175936932409186203e-06 8.569799791989084897e-06 8.244871731031622793e-06 1.241248548626937959e-05 1.151821892643518810e-05
9.419340553905202196e-01 1.177721193716336546e-04 4.454730775504354154e-06 4.045997970627393850e-06 8.371861835311603930e-06 8.055550968061732202e-06 1.211386209751033334e-05 1.121128851349981876e-05
9.511596582836694402e-01 1.147826810264580865e-04 4.350368310105623654e-06 3.928909489918009008e-06 8.192037222662119098e-06 7.856403859773125500e-06 1.178756056135132554e-05 1.093338991749215913e-05
9.603852611768185499e-01 1.120521315769183507e-04 4.255552923931350817e-06 3.830775397861609782e-06 7.991349811743372628e-06 7.678929712482608530e-06 1.148624414919283826e-05 1.067897474916961278e-05
9.696108640699675485e-01 1.096037353868838620e-04 4.168346494461152543e-06 3.754067457577858779e-06 7.795110078060194870e-06 7.524498072480101146e-06 1.121255938579393877e-05 1.045039471620315982e-05
9.788364669631165471e-01 1.073694016160514587e-04 4.075019254225239313e-06 3.697059355295149248e-06 7.613301075000213666e-06 7.379799445130183510e-06 1.095953683953890202e-05 1.024127280980808175e-05
9.880620698562656568e-01 1.054480606527388373e-04 4.004285435201744331e-06 3.639547913148659473e-06 7.453311748394648019e-06 7.252497852984292792e-06 1.073766304413928938e-05 1.006113383482368684e-05
9.972876727494148774e-01 1.035902141324533080e-04 3.951491352228195079e-06 3.609501848952394371e-06 7.296767322983804208e-06 7.124993070723074787e-06 1.052080513138650220e-05 9.886162927968039421e-06
1.006513275642563876e+00 1.020012591364846921e-04 3.882507695683454956e-06 3.554172523633197106e-06 7.158775980285956284e-06 7.035906758952350484e-06 1.033058780877380066e-05 9.736097691263827084e-06
1.015738878535712875e+00 1.006018898229865286e-04 3.855266342610451824e-06 3.540662446872635551e-06 7.033109540554739595e-06 6.932073443305494711e-06 1.015895584552932050e-05 9.603458586963768435e-06
1.024964481428862095e+00 9.938049073944060742e-05 3.805658489250182534e-06 3.518678571662241868e-06 6.924122150954881844e-06 6.831133525638438458e-06 1.000455383359226283e-05 9.487142048449553671e-06
1.034190084322011094e+00 9.831645937494725969e-05 3.764125024888093107e-06 3.464908179096954548e-06 6.868841137077310211e-06 6.759689702254395301e-06 9.865267287543756864e-06 9.385230614303091082e-06
1.043415687215160093e+00 9.741922461283444574e-05 3.731281921336057064e-06 3.427393210553913105e-06 6.822736032369557265e-06 6.663663774904087737e-06 9.785663797342344494e-06 9.298697110915682754e-06
1.052641290108309091e+00 9.666576915931146161e-05 3.695754432002002518e-06 3.412979386800202774e-06 6.784287667038838834e-06 6.596501082567856581e-06 9.725808069560422050e-06 9.225357384917972172e-06
1.061866893001458312e+00 9.605855571470643705e-05 3.653215253440574213e-06 3.386193553976270362e-06 6.753637551229035559e-06 6.549684444157879374e-06 9.677685568623174694e-06 9.165497169598402476e-06
1.071092495894607532e+00 9.558672469292338976e-05 3.609514224312923461e-06 3.370557204659382694e-06 6.733509707172564908e-06 6.545323926338944055e-06 9.640359510230663096e-06 9.118110403153500726e-06
1.080318098787756531e+00 9.525191562822405182e-05 3.582407723279326856e-06 3.369797126184803388e-06 6.719920755801194736e-06 6.550702955099725047e-06 9.614100146456455351e-06 9.083375160673801824e-06
1.089543701680905530e+00 9.504225677492216884e-05 3.591092674951900407e-06 3.344588678255976675e-06 6.713158658942295471e-06 6.562184533132544716e-06 9.597897090627067248e-06 9.060208617732312827e-06
1.098769304574054528e+00 9.495763959338382226e-05 3.590807283850551358e-06 3.343923604483934426e-06 6.713158542387729450e-06 6.579462077744698489e-06 9.591778113130999491e-06 9.048603952211198352e-06
1.107994907467203749e+00 9.500726450373115349e-05 3.599672394932380034e-06 3.357981869862801372e-06 6.719178577484913317e-06 6.565982745015941889e-06 9.596800947334424179e-06 9.049489595796400684e-06
1.117220510360352748e+00 9.516971278483169676e-05 3.587485720566203234e-06 3.382293823496311264e-06 6.744264907090528156e-06 6.558693166549116609e-06 9.610791594666156850e-06 9.060796056427141581e-06
1.126446113253501746e+00 9.545088849608825588e-05 3.577844440476606091e-06 3.405808602500602546e-06 6.776812002627115436e-06 6.558013577692559711e-06 9.634381194057841974e-06 9.083067608741055292e-06
1.135671716146650967e+00 9.585595657487221979e-05 3.606110008903576597e-06 3.397062572773712312e-06 6.847860909723891805e-06 6.564332929144770109e-06 9.668204384116337274e-06 9.116872049133370047e-06
1.144897319039799966e+00 9.638401266886909111e-05 3.636635589394690538e-06 3.416522606747166360e-06 6.915051245938167910e-06 6.583236956962760242e-06 9.712125264019186885e-06 9.162135851646465334e-06
1.154122921932948964e+00 9.703530912558196576e-05 3.656075174052170846e-06 3.424692477430811262e-06 6.940801024666489578e-06 6.641624645828124213e-06 9.766189027356187401e-06 9.218896762570280871e-06
1.163348524826097963e+00 9.781077916297087848e-05 3.696193305023748299e-06 3.429325748393710388e-06 6.973266815471913620e-06 6.709342788724251359e-06 9.830416814396859652e-06 9.287258152557362743e-06
1.172574127719247183e+00 9.871474349229960416e-05 3.736867654258275106e-06 3.443338253524379764e-06 7.012925208409566879e-06 6.785180981620257874e-06 9.899235765405592466e-06 9.364096580666885698e-06
1.181799730612396404e+00 9.975512591210400858e-05 3.780516010124597599e-06 3.506027036686328990e-06 7.060353237845946070e-06 6.805725480437131692e-06 9.970635681562795829e-06 9.421528241172649645e-06
1.191025333505545403e+00 1.009273558270033512e-04 3.831937050528748498e-06 3.537442784031083129e-06 7.115258826078776412e-06 6.886015833322650897e-06 1.005404824050044345e-05 9.489688099922774728e-06
1.200250936398694401e+00 1.022498277543401314e-04 3.887045595016909872e-06 3.580148344469496666e-06 7.178270744387783668e-06 6.975929202112992754e-06 1.015023751877797750e-05 9.569509339616262761e-06
1.209476539291843622e+00 1.037299436309601096e-04 3.926299658061117056e-06 3.621373527410714382e-06 7.269100005033037157e-06 7.076437634460556016e-06 1.026104266839793764e-05 9.662371392980866275e-06
1.218702142184992621e+00 1.053723002817196896e-04 4.007819574329101993e-06 3.702704417340239970e-06 7.386773396592414631e-06 7.187813525590707928e-06 1.038604060201833473e-05 9.767918772917490861e-06
1.227927745078141619e+00 1.071910329642164505e-04 4.093922360269883860e-06 3.787850453126212491e-06 7.489110475263644081e-06 7.309859864672825567e-06 1.052678709752050243e-05 9.887473881451544163e-06
1.237153347971290618e+00 1.091941499724835270e-04 4.185277353303614605e-06 3.847770737103078692e-06 7.613755970363846395e-06 7.443644692088698003e-06 1.068348870090490431e-05 1.002264424748370967e-05
1.246378950864439838e+00 1.114144941573969554e-04 4.275706140844564088e-06 3.898147423998446623e-06 7.771375962251433770e-06 7.591922376897356829e-06 1.085919932743987430e-05 1.024437595851105981e-05
1.255604553757589059e+00 1.138408787596577001e-04 4.376841367539265211e-06 3.988802871221345560e-06 7.942843694131132451e-06 7.736227065459691521e-06 1.105334753313524921e-05 1.048437420336110419e-05
1.264830156650738058e+00 1.165291327307149775e-04 4.455319024678687598e-06 4.080405764079103647e-06 8.132280364906864360e-06 7.868814464622209972e-06 1.128184287450780855e-05 1.074730104795447959e-05
1.274055759543887056e+00 1.194812090524052729e-04 4.539064031003879358e-06 4.184160035415880976e-06 8.339552496732503296e-06 7.996969931128316308e-06 1.156753707768062097e-05 1.103359806607973385e-05
1.283281362437036055e+00 1.227416614645701252e-04 4.633886543597954231e-06 4.279284858459483790e-06 8.567860842754679036e-06 8.158030866036044236e-06 1.188352459432809555e-05 1.134702321121829180e-05
1.292506965330185276e+00 1.263410696611100802e-04 4.733647932056759362e-06 4.394451269740839755e-06 8.818289444177267221e-06 8.385385793995106833e-06 1.217814891313120647e-05 1.169029768778085711e-05
1.301732568223334052e+00 1.303361264170133527e-04 4.878890015619759485e-06 4.554194235671123582e-06 9.067399234863728150e-06 8.654140999843449190e-06 1.250516963156004949e-05 1.206835277306554091e-05
1.310958171116483273e+00 1.347560508126278229e-04 5.075831568209773553e-06 4.690665181835080091e-06 9.325198417514538388e-06 8.940561038231801486e-06 1.286584762086537552e-05 1.248373985307627367e-05
1.320183774009632494e+00 1.396754895370785920e-04 5.291423989013292013e-06 4.879692994869447818e-06 9.618926464063291782e-06 9.256751220317391412e-06 1.326632645975734390e-05 1.294283656141687229e-05
1.329409376902781492e+00 1.451736147600666247e-04 5.522068094986347549e-06 5.090967905978504302e-06 1.008659734951896834e-05 9.556437787715612881e-06 1.371346558066589426e-05 1.342439963485247164e-05
1.338634979795930713e+00 1.513284865951984863e-04 5.779570409784808450e-06 5.324139930517875294e-06 1.055034545870492196e-05 9.870567827382104465e-06 1.421268484006914029e-05 1.395955281209383734e-05
1.347860582689079489e+00 1.582612477128470961e-04 6.079278820739290575e-06 5.491080032634157709e-06 1.102787417199728253e-05 1.028982826572892063e-05 1.477339523639465378e-05 1.456361331888796160e-05
1.357086185582228710e+00 1.660929957986233101e-04 6.353431096211230701e-06 5.781836018388798563e-06 1.158206849862276097e-05 1.079412682593840146e-05 1.540497677934892298e-05 1.524748980352849063e-05
1.366311788475377931e+00 1.749976809807539965e-04 6.680422550059622946e-06 6.058122146816480617e-06 1.217744972496033126e-05 1.136599154451841797e-05 1.615597092976940141e-05 1.602683768141645922e-05
1.375537391368526707e+00 1.851766791247010319e-04 7.058854377699745218e-06 6.402351862967904520e-06 1.287492902410779130e-05 1.201736481402571250e-05 1.701754974304373383e-05 1.691963093638585163e-05
1.384762994261675928e+00 1.968914027330632434e-04 7.525038767194674929e-06 6.796852810981576310e-06 1.367646125741232019e-05 1.270644690967750166e-05 1.801036357283665760e-05 1.794939290733349999e-05
1.393988597154824927e+00 2.104660815790297733e-04 7.928241047579285931e-06 7.251775629563372806e-06 1.460405913398775683e-05 1.343159870996599083e-05 1.916171900823325698e-05 1.914519362550314366e-05
1.403214200047974147e+00 2.263249772353234212e-04 8.525246054519292722e-06 7.752284789177296773e-06 1.570266284855648575e-05 1.448010963357062426e-05 2.050784277676865924e-05 2.054544597742861229e-05
1.412439802941123368e+00 2.450144431818717847e-04 9.213242451204290036e-06 8.430265205976075326e-06 1.705641564320718338e-05 1.556577211179560561e-05 2.209473097824441465e-05 2.219940561476091748e-05
1.421665405834272145e+00 2.672539108971706909e-04 9.983897067802232402e-06 9.167242668904531516e-06 1.858951258482919059e-05 1.683750254252589168e-05 2.398375607309767479e-05 2.417266187725028502e-05
1.430891008727421365e+00 2.940137800247399815e-04 1.082815661813772831e-05 1.005501659639946406e-05 2.042557533669497449e-05 1.836692221680608778e-05 2.625635375103980073e-05 2.655347920850524915e-05
1.440116611620570364e+00 3.265995704868581741e-04 1.185920439294199354e-05 1.115560791986136644e-05 2.266121413931239392e-05 2.035034359908319311e-05 2.902336235786629739e-05 2.941517793622172149e-05
1.449342214513719362e+00 3.668363272608681403e-04 1.327832699650233509e-05 1.253178800731817632e-05 2.556427943053849643e-05 2.282255597151039948e-05 3.252932069151376294e-05 3.284960215227085900e-05
1.458567817406868583e+00 4.172900214167678387e-04 1.489635656324971155e-05 1.430427902001692045e-05 2.911780110629778005e-05 2.611555467787969381e-05 3.728983403284775100e-05 3.712879365622210985e-05
1.467793420300017582e+00 4.816798280384801704e-04 1.706505393627647926e-05 1.649205078903438629e-05 3.377727740194529874e-05 3.008379180572637616e-05 4.337562298405150951e-05 4.255561513399354866e-05
1.477019023193166802e+00 5.655023205611131977e-04 1.998965243521771008e-05 1.936265210136171432e-05 3.920224333644973993e-05 3.508214230177428717e-05 5.130698408855162776e-05 4.957673848105805751e-05
1.486244626086316023e+00 6.771058627578574549e-04 2.383510503841952243e-05 2.325808049729596264e-05 4.693611238305102525e-05 4.222072328074848429e-05 6.187018524164949584e-05 5.886889869923602088e-05
1.495470228979464800e+00 8.295068380807963130e-04 2.918777033131790283e-05 2.860944309121505550e-05 5.771685409395189547e-05 5.233335743018506080e-05 7.628231963730251926e-05 7.148531400531256668e-05
1.504695831872614020e+00 1.043465166242004902e-03 3.617184133624978988e-05 3.593542053610242898e-05 7.258218399886200850e-05 6.586253044063247221e-05 9.646304954977961803e-05 8.910333294175228330e-05
1.513921434765763019e+00 1.352520086064469421e-03 4.700834584740872998e-05 4.665188078016059559e-05 9.475183763201096808e-05 8.521919556417584078e-05 1.254576686880134236e-04 1.144287587041786618e-04
1.523147037658912017e+00 1.809765525992850692e-03 6.248609981205363942e-05 6.221409283866047649e-05 1.265270519790451763e-04 1.145557837756196184e-04 1.679358781842730467e-04 1.517331324276736775e-04
1.532372640552061016e+00 2.489636840248028640e-03 8.487939581316560761e-05 8.503361429519715881e-05 1.720532037943691035e-04 1.578412230080795953e-04 2.300211518675202536e-04 2.069447472461704608e-04
1.541598243445210237e+00 3.448202815583799753e-03 1.190385126722945039e-04 1.160201194135238728e-04 2.401135546459651389e-04 2.205374081931275529e-04 3.150944952859972489e-04 2.841591263670712950e-04
1.550823846338359457e+00 4.538636102028826766e-03 1.577682453492478334e-04 1.510037126263262530e-04 3.170378987846413782e-04 2.973252392209062983e-04 4.228791507969757377e-04 3.893243454098967854e-04
1.560049449231508456e+00 5.137373519754690442e-03 1.812419338953156350e-04 1.705533415783050746e-04 3.695348737341513576e-04 3.367946486354895727e-04 4.909631543019389241e-04 4.477037061055566536e-04
1.569275052124657455e+00 4.670366021381049289e-03 1.644170209028125024e-04 1.581467213648667797e-04 3.260403496206281185e-04 3.005780767113171159e-04 4.493020795269019388e-04 4.121819942224371966e-04
1.578500655017806453e+00 3.585527545051260881e-03 1.255638416502533744e-04 1.222658118074826557e-04 2.473594619021553601e-04 2.308354090159565018e-04 3.462908467094204246e-04 3.067901655382865647e-04
1.587726257910955674e+00 2.576257617576947680e-03 9.117661941474963089e-05 8.839929069172835704e-05 1.769281166577579140e-04 1.671565194843547403e-04 2.435122485845214388e-04 2.164376521794002077e-04
1.596951860804104451e+00 1.851695744881241531e-03 6.544642306349594818e-05 6.288453721544490227e-05 1.275462978950522418e-04 1.186606089528822929e-04 1.748336422388665785e-04 1.545159473102448219e-04
1.606177463697253671e+00 1.366580431849662202e-03 4.724299670947305907e-05 4.678269065988322102e-05 9.446710150485572444e-05 8.722343682261322548e-05 1.302515137219305112e-04 1.139564935748688199e-04
1.615403066590402892e+00 1.042048133409002658e-03 3.571532585683410282e-05 3.568476080914487029e-05 7.239505201649533254e-05 6.701208549437414133e-05 9.893944208910700373e-05 8.708307042455058333e-05
1.624628669483551890e+00 8.200626268598751887e-04 2.839273533587641316e-05 2.818815227035892813e-05 5.637807717524128976e-05 5.307446752244487139e-05 7.747135371773822277e-05 6.877173722720183492e-05
1.633854272376701111e+00 6.638928598761381942e-04 2.280666955472275288e-05 2.233972393698589656e-05 4.560434962880971499e-05 4.296536677973468270e-05 6.238076502027944774e-05 5.590254191807240893e-05
1.643079875269850110e+00 5.509318614745323901e-04 1.887088445471436955e-05 1.881459321924773120e-05 3.770018668635636422e-05 3.555085017269761938e-05 5.148343523453554043e-05 4.659098250974196692e-05
1.652305478162999108e+00 4.671229834057215920e-04 1.605469048911309024e-05 1.608218156865540106e-05 3.210806110006346990e-05 3.028534200492011058e-05 4.346788145699262418e-05 3.967567396172326467e-05
1.661531081056148329e+00 4.035229830932130814e-04 1.382764255986371725e-05 1.389201725314709399e-05 2.786350275014467083e-05 2.618566893682847683e-05 3.773519489483557121e-05 3.442177240778478793e-05
1.670756683949297106e+00 3.542954713934751121e-04 1.221219896290989294e-05 1.219236688749071942e-05 2.457156459570268830e-05 2.296573734324007521e-05 3.329631907976536402e-05 3.034966612441272662e-05
1.679982286842446326e+00 3.155266247480153119e-04 1.092522918259104456e-05 1.086667811626680722e-05 2.199337741670443370e-05 2.058436071326386931e-05 2.976265811874484815e-05 2.713865205185051225e-05
1.689207889735595547e+00 2.845267415434987583e-04 9.949169919108334040e-06 9.816982252474834580e-06 1.995669348447916183e-05 1.857234756684440291e-05 2.666786955407210577e-05 2.456811093454560647e-05
1.698433492628744546e+00 2.594089924087421869e-04 9.094741115651722076e-06 8.888393815838528320e-06 1.823611193936351942e-05 1.696738506176397065e-05 2.414634332102087288e-05 2.248289213352213278e-05
1.707659095521893766e+00 2.388150648005801270e-04 8.380841484156062015e-06 8.158935778168955027e-06 1.677941652054328568e-05 1.573111503828307392e-05 2.206738505005403353e-05 2.077136521339023210e-05
1.716884698415042543e+00 2.217570344383962245e-04 7.788699589885480362e-06 7.592275761615885051e-06 1.561065394416953460e-05 1.469279578319098540e-05 2.033544753356702301e-05 1.947595113677402226e-05
1.726110301308191763e+00 2.074966816153170249e-04 7.274342719187595376e-06 7.097738272083457898e-06 1.448946083923115854e-05 1.381688881560284138e-05 1.887892860272599531e-05 1.849196125764914541e-05
1.735335904201340984e+00 1.954794146702822457e-04 6.866435252628411623e-06 6.714375359359375448e-06 1.364813265018727760e-05 1.304287576443967432e-05 1.764641827163918042e-05 1.765629768191376834e-05
1.744561507094489761e+00 1.852793018717121154e-04 6.576652645378684844e-06 6.419919479337335292e-06 1.292084474586449117e-05 1.236804996443486627e-05 1.671029130940861001e-05 1.694111071338862433e-05
1.753787109987638981e+00 1.765671021292349789e-04 6.248424132104991478e-06 6.163669421337320594e-06 1.228818486954166020e-05 1.186551308096823760e-05 1.591586510008127829e-05 1.632546268152780598e-05
1.763012712880787980e+00 1.690807180760414729e-04 6.011378076231448618e-06 5.892727727390708161e-06 1.173448502983647792e-05 1.138130566704287014e-05 1.523775713895055158e-05 1.573140729153388925e-05
1.772238315773937201e+00 1.626184897964342668e-04 5.817330099957597218e-06 5.693993086267816299e-06 1.124695643146995938e-05 1.096449341572968686e-05 1.465650242522934009e-05 1.514907234130506556e-05
1.781463918667086421e+00 1.570125703711602893e-04 5.641148315566394105e-06 5.476304045227715217e-06 1.081511988086170453e-05 1.068416031527264832e-05 1.415597734351882139e-05 1.464292026414978237e-05
1.790689521560235198e+00 1.521335801027869485e-04 5.494083432075686294e-06 5.296826837441516445e-06 1.043178904743200246e-05 1.043807440202450991e-05 1.372367256003120383e-05 1.420148494708344802e-05
1.799915124453384419e+00 1.478700889486214774e-04 5.357524116317454160e-06 5.135333090843451857e-06 1.009013639615856167e-05 1.022164470472933608e-05 1.334907518312335520e-05 1.381512668648790846e-05
1.809140727346533417e+00 1.441343455102982684e-04 5.237365467018252098e-06 5.015403240950293230e-06 9.820988806820017594e-06 1.003071091825165980e-05 1.302363121867490450e-05 1.350205163502292481e-05
1.818366330239682416e+00 1.408540296427306430e-04 5.131402652331685816e-06 4.913471180206124313e-06 9.607872704543198028e-06 9.861965812587328252e-06 1.274048389794419246e-05 1.325896810617512803e-05
1.827591933132831414e+00 1.379665952005783042e-04 5.024386516607956543e-06 4.809318956734682073e-06 9.380304912355125159e-06 9.712435164078021517e-06 1.249367134185906127e-05 1.304292481795764932e-05
1.836817536025980635e+00 1.354197682754544976e-04 4.936053537872223248e-06 4.718902586560983674e-06 9.185212850666306167e-06 9.579754632025770048e-06 1.227827556700650333e-05 1.285062507837424792e-05
1.846043138919129634e+00 1.331734894322945180e-04 4.859019064529267792e-06 4.652587521315000628e-06 9.043574265199739092e-06 9.461408563941382669e-06 1.209044980966323193e-05 1.267916669955043599e-05
1.855268741812278410e+00 1.311882697891627626e-04 4.797731578787067059e-06 4.591388672046476044e-06 8.919058193148163153e-06 9.355984539978563406e-06 1.192648045726963919e-05 1.252605321478302534e-05
1.864494344705427187e+00 1.294336078541831177e-04 4.752545855018694681e-06 4.534933278526774234e-06 8.809659080156583694e-06 9.262014792835325983e-06 1.178347234865266937e-05 1.238914202865763986e-05
1.873719947598576185e+00 1.278817378167664681e-04 4.707349282629709345e-06 4.473313874745323080e-06 8.712784597206127760e-06 9.178231941385042746e-06 1.165883939922805214e-05 1.226666993504943253e-05
1.882945550491724962e+00 1.265120632074809813e-04 4.669176593222309959e-06 4.418400982119996068e-06 8.630968377757434638e-06 9.104171664240886565e-06 1.155063984199206193e-05 1.215716066104967569e-05
1.892171153384873961e+00 1.253024595896773917e-04 4.654592997121906025e-06 4.377663487000829916e-06 8.540533192705180264e-06 9.037384973614877824e-06 1.145683187623125032e-05 1.205925061677954083e-05
1.901396756278022737e+00 1.242373483021005909e-04 4.632966295009007104e-06 4.328411197767936792e-06 8.450509249804640443e-06 8.978363359911313481e-06 1.137592403557412301e-05 1.197170649881448628e-05
1.910622359171171736e+00 1.232987900357994599e-04 4.613363743896729255e-06 4.293696007455494179e-06 8.369662103938367613e-06 8.925732115320475415e-06 1.130625568065870938e-05 1.189340167128906031e-05
1.919847962064320512e+00 1.224787605081287777e-04 4.580801479439714505e-06 4.282897192343080618e-06 8.297313226919111710e-06 8.859798278278851894e-06 1.124714930693067935e-05 1.182388073636475101e-05
1.929073564957469289e+00 1.217618018660542712e-04 4.551946826084472711e-06 4.270544204821463425e-06 8.273067773381016939e-06 8.804181887498720681e-06 1.119706199420151497e-05 1.176180730978985815e-05
1.938299167850618288e+00 1.211383497749934923e-04 4.525455048929325277e-06 4.256383894547709971e-06 8.211590689524115054e-06 8.769300505420213549e-06 1.115514937769226055e-05 1.170661306082295880e-05
1.947524770743767064e+00 1.206008082606964811e-04 4.502033981566196390e-06 4.248892969010737309e-06 8.156407264608601265e-06 8.746137017584778759e-06 1.112080554567449191e-05 1.165804848778669142e-05
1.956750373636916063e+00 1.201392225566930686e-04 4.480373402783300696e-06 4.238314811475264450e-06 8.106328771631941712e-06 8.727081893928744644e-06 1.109297164048757246e-05 1.161498092923866205e-05
1.965975976530064839e+00 1.197486941583347011e-04 4.461608738333798659e-06 4.225172073946096445e-06 8.061187002792919473e-06 8.711946587972182153e-06 1.107129168005458332e-05 1.157732473253849487e-05
1.975201579423213616e+00 1.194222088003452960e-04 4.445455630135307823e-06 4.211257302993138651e-06 8.023928693956535840e-06 8.694694024490907556e-06 1.105510813532776767e-05 1.154454218431760759e-05
1.984427182316362615e+00 1.191482122014467135e-04 4.432097547958806553e-06 4.187687732187786904e-06 8.005009336708532471e-06 8.677801863244910085e-06 1.104396751342271333e-05 1.151794057833561383e-05
1.993652785209511391e+00 1.189397673090230358e-04 4.423197166367943858e-06 4.162575266173244100e-06 7.989555357079965278e-06 8.660946255610815921e-06 1.103729651108884436e-05 1.149214099562805990e-05
2.002878388102660168e+00 1.187734880639222944e-04 4.419498636530977344e-06 4.138829976170276892e-06 7.977502965267506472e-06 8.647939203060335685e-06 1.103469721987621044e-05 1.147169880968370215e-05
2.012103990995809166e+00 1.186535915838486438e-04 4.417362131694418156e-06 4.116202814746523081e-06 7.968381653328287162e-06 8.637372835075535346e-06 1.103757709100151451e-05 1.145486717274421854e-05
2.021329593888958165e+00 1.185732954369017811e-04 4.416548767085314389e-06 4.105234839737488669e-06 7.961989001722749051e-06 8.628890698058900568e-06 1.105392343312134164e-05 1.144118102557289659e-05
2.030555196782107164e+00 1.185316707711590021e-04 4.416373595858655732e-06 4.096109858351049864e-06 7.958287725203384410e-06 8.622502534590668379e-06 1.107325273335492194e-05 1.143059545829418103e-05
2.039780799675255718e+00 1.185256185487273012e-04 4.403944569761415371e-06 4.084752349025266242e-06 7.957054435069507953e-06 8.618168397484790360e-06 1.109531269048891374e-05 1.142285194730338074e-05
2.049006402568404717e+00 1.185516051094666270e-04 4.395546681934531371e-06 4.084603751726195633e-06 7.958022080963922992e-06 8.615460564384181557e-06 1.111974408754529521e-05 1.141758782681375753e-05
2.058232005461553715e+00 1.186075475772685738e-04 4.402358246059515849e-06 4.079699227404058365e-06 7.961089469558146133e-06 8.614431432120615525e-06 1.114658138352349521e-05 1.141483900652176531e-05
2.067457608354702270e+00 1.186941387768725473e-04 4.407739655804473479e-06 4.081355564198977954e-06 7.966288163040166951e-06 8.615128571794945810e-06 1.117586996299086094e-05 1.141464228023738692e-05
2.076683211247851268e+00 1.187997914339384035e-04 4.423226153382758688e-06 4.089218736480704696e-06 7.972784841856975094e-06 8.620325283490527573e-06 1.120648107828605441e-05 1.141585862983448077e-05
2.085908814141000267e+00 1.189337122008528389e-04 4.437220291429261549e-06 4.087763810450506193e-06 8.001834660917929746e-06 8.633570523516542424e-06 1.123951638319040406e-05 1.141959620817714139e-05
2.095134417034148822e+00 1.190890851372779626e-04 4.450161547479711743e-06 4.086574437878504767e-06 8.040430263882042839e-06 8.629399048354393351e-06 1.127414195938538266e-05 1.142500182260568523e-05
2.104360019927297820e+00 1.192657967471712541e-04 4.458470923798712516e-06 4.086344495532091164e-06 8.080021668777859971e-06 8.629229559022562920e-06 1.131044046567926864e-05 1.143215346323255444e-05
2.113585622820446819e+00 1.194611569804372893e-04 4.461015801751329422e-06 4.086470082958955927e-06 8.120449591529854899e-06 8.635535326213141633e-06 1.134829290330957152e-05 1.144093045832337110e-05
2.122811225713595817e+00 1.196765343728563595e-04 4.476892638049552323e-06 4.090113688905237365e-06 8.154158657309421195e-06 8.642655769056843771e-06 1.138784279572038370e-05 1.145146689693923815e-05
2.132036828606744372e+00 1.199072854142254864e-04 4.488497642818055117e-06 4.090017049478822777e-06 8.164916604281243786e-06 8.650555037757948879e-06 1.142861207982879678e-05 1.146327588263330237e-05
2.141262431499893371e+00 1.201531193484167015e-04 4.500666601618103055e-06 4.092127989239351983e-06 8.176072378254618865e-06 8.659220238047782791e-06 1.147057802443496733e-05 1.147632804815683220e-05
2.150488034393042369e+00 1.204157010313235859e-04 4.512040516535330932e-06 4.095531268671816910e-06 8.188135058517521372e-06 8.668945069720661594e-06 1.151408888566663423e-05 1.149096818710243050e-05
2.159713637286190924e+00 1.206908637335626981e-04 4.522496161009692864e-06 4.095788997570776148e-06 8.201124186809529283e-06 8.679321122808956513e-06 1.155865668700616479e-05 1.150669881824854237e-05
2.168939240179339922e+00 1.209781428421890517e-04 4.531551835872571661e-06 4.097927535950672312e-06 8.215003052887507326e-06 8.690307478975101640e-06 1.160422037042456488e-05 1.152344909857707050e-05
2.178164843072488921e+00 1.212781429266846477e-04 4.537382615425657878e-06 4.103642449467117615e-06 8.229784710582027868e-06 8.702064886305827147e-06 1.165097840050816590e-05 1.154141450539991024e-05
2.187390445965637920e+00 1.215889529984647043e-04 4.541429594187503275e-06 4.112586331928773202e-06 8.250856154581377201e-06 8.714477936492301229e-06 1.169878592949488726e-05 1.156044557774118511e-05
2.196616048858786474e+00 1.219131069520498333e-04 4.546123308906400463e-06 4.118367980173882870e-06 8.268441116696551582e-06 8.728072373424692124e-06 1.174755973919761336e-05 1.158043435277752141e-05
2.205841651751935473e+00 1.222446055277838701e-04 4.550445533044135057e-06 4.124538472962362276e-06 8.307255597654437810e-06 8.742305361363330121e-06 1.179717008281225038e-05 1.160126805765421168e-05
2.215067254645084471e+00 1.225858862552866126e-04 4.558978824303070235e-06 4.138726065535378897e-06 8.346550313398181211e-06 8.768437031119607778e-06 1.184781280032470938e-05 1.162312816725451301e-05
2.224292857538233026e+00 1.229385242078818899e-04 4.572480473425392282e-06 4.151649278488552951e-06 8.386298842235527995e-06 8.797710859155885577e-06 1.189930237924913779e-05 1.164580736874456059e-05
2.233518460431382024e+00 1.232976130162294890e-04 4.586724620699570874e-06 4.154608914675600190e-06 8.419431111729447099e-06 8.823779493623504504e-06 1.195153579703223806e-05 1.166921525517925417e-05
2.242744063324531023e+00 1.236652036137559718e-04 4.602807151389732990e-06 4.174341938453562722e-06 8.439346143603178958e-06 8.850357022423721619e-06 1.200462011844682909e-05 1.169344414969255414e-05
2.251969666217680022e+00 1.240058860576572343e-04 4.616662638136592939e-06 4.187611756452047315e-06 8.460424056052896725e-06 8.885215029016938393e-06 1.205848922531318622e-05 1.171854158936238579e-05
2.261195269110828576e+00 1.243935937103332428e-04 4.626394447130970089e-06 4.200069262032057145e-06 8.482889969034453125e-06 8.917352583069195816e-06 1.211307712240702297e-05 1.174414678581447524e-05
2.270420872003977575e+00 1.247883417655644151e-04 4.632870161311487692e-06 4.212698980822569394e-06 8.513987040376520257e-06 8.949891118273855736e-06 1.216837687855715331e-05 1.177041427022945306e-05
2.279646474897126573e+00 1.252052880232871102e-04 4.645024509213567781e-06 4.226300383397934277e-06 8.546211916208630186e-06 8.984476622217924023e-06 1.222429012115385004e-05 1.179716990355638893e-05
2.288872077790275128e+00 1.255968325813313063e-04 4.659859552201615733e-06 4.243230118227946383e-06 8.574860693629692216e-06 9.021582835876668766e-06 1.228106154830014771e-05 1.182486682068987994e-05
2.298097680683424127e+00 1.260097470005115293e-04 4.679972170523798115e-06 4.270446817446037083e-06 8.604691123036242902e-06 9.064557454609904839e-06 1.233839325303604070e-05 1.185298706419098342e-05
2.307323283576573125e+00 1.264280896739186167e-04 4.700340000643801752e-06 4.297675075536137824e-06 8.612205083301867521e-06 9.107805229500556322e-06 1.239635723551874881e-05 1.188166751828908748e-05
2.316548886469722124e+00 1.268521602112736074e-04 4.720978482424014388e-06 4.324968567716097004e-06 8.620126344048296670e-06 9.151362428071380985e-06 1.245495991194521860e-05 1.191090955076475543e-05
2.325774489362870678e+00 1.272805985924303307e-04 4.741837335345484069e-06 4.335409805141595026e-06 8.639502270431121149e-06 9.195130024841421273e-06 1.251413970932861502e-05 1.194800440348758582e-05
2.335000092256019677e+00 1.277139499107528958e-04 4.752651861047058621e-06 4.346025481411945135e-06 8.664108203089985376e-06 9.239157961852092127e-06 1.257393337114243626e-05 1.198931718042935146e-05
2.344225695149168676e+00 1.281538574990351211e-04 4.758885702703179958e-06 4.355786193235996161e-06 8.688759114933722804e-06 9.283746622751849818e-06 1.263395150792872169e-05 1.203115410666534297e-05
2.353451298042317230e+00 1.285933311959433717e-04 4.764090161761395416e-06 4.363357745411486008e-06 8.714481192806654590e-06 9.327536965342782586e-06 1.269522380854167247e-05 1.207330253030704410e-05
2.362676900935466229e+00 1.290395435456332079e-04 4.783375545657083620e-06 4.371103729316859606e-06 8.740234265502722392e-06 9.371853468685022843e-06 1.275672135053930326e-05 1.211598461807168823e-05
2.371902503828615227e+00 1.294892701900376541e-04 4.800162838067067528e-06 4.378944803572703236e-06 8.766309327713051698e-06 9.407668865947478110e-06 1.281872396214205089e-05 1.215905039566153774e-05
2.381128106721764226e+00 1.299427108464067994e-04 4.823859361453489538e-06 4.399192497398483632e-06 8.792734790551652970e-06 9.438067255344102704e-06 1.288127211352351441e-05 1.220252271707042294e-05
2.390353709614912781e+00 1.303996375841016812e-04 4.852499083200968602e-06 4.421050980027874545e-06 8.819512328003614125e-06 9.468451035428242495e-06 1.294437080524756738e-05 1.224638574680028344e-05
2.399579312508061779e+00 1.308598940514530307e-04 4.880615020372134792e-06 4.442990853423110136e-06 8.846584055244939484e-06 9.498874993057863404e-06 1.300796000889474589e-05 1.229061179157931697e-05
2.408804915401210778e+00 1.313232391408722009e-04 4.908787186127670961e-06 4.464985667993300522e-06 8.873960072927199617e-06 9.529532360106935003e-06 1.307205403455280555e-05 1.233518660827613675e-05
2.418030518294359332e+00 1.317895565576208668e-04 4.930957833180170391e-06 4.487035371071075454e-06 8.901627462155680759e-06 9.560414833847106532e-06 1.313664300685253366e-05 1.238009831744436872e-05
2.427256121187508331e+00 1.322588270196886867e-04 4.948875685975535422e-06 4.509122378141156582e-06 8.929609020600818388e-06 9.591521823757066670e-06 1.320175649760393748e-05 1.242535213999289604e-05
2.436481724080657330e+00 1.327309361262174350e-04 4.953634238617711689e-06 4.527961369420397319e-06 8.957852658350937006e-06 9.622843714541168053e-06 1.326734207773998839e-05 1.247092530430974364e-05
2.445707326973806328e+00 1.332056581765163632e-04 4.958115435675343810e-06 4.544046528756910588e-06 8.986366215207950824e-06 9.654365482189217196e-06 1.333341086618360745e-05 1.251680398780599115e-05
2.454932929866954883e+00 1.336828977971032473e-04 4.962663277553687252e-06 4.564643398682698789e-06 9.015145655366370130e-06 9.684538479428484023e-06 1.339996177871890701e-05 1.256298029676943830e-05
2.464158532760103881e+00 1.341623808926051969e-04 4.975674394053160353e-06 4.576385713825386259e-06 9.044160876394281671e-06 9.712451981210262330e-06 1.346696287397877397e-05 1.260942597921942837e-05
2.473384135653252880e+00 1.346441670056169437e-04 4.986378305364068094e-06 4.589624183081434826e-06 9.073434759948351440e-06 9.740376695449381268e-06 1.353444695422511873e-05 1.265615246879419080e-05
2.482609738546401434e+00 1.351282124791701748e-04 4.995291934920697728e-06 4.607371184609285837e-06 9.102951510697770065e-06 9.763685263278719384e-06 1.360239855916278782e-05 1.270315195074569071e-05
2.491835341439550433e+00 1.356144412498694264e-04 5.004269107424625610e-06 4.633527263396552964e-06 9.132710084699637758e-06 9.792972041267115858e-06 1.367082221974248268e-05 1.275041918642291663e-05
2.501060944332699432e+00 1.361025154332834084e-04 5.013296369438187709e-06 4.660751350462125336e-06 9.162694374231376880e-06 9.825717450859987670e-06 1.372891367134993737e-05 1.279792525174378568e-05
2.510286547225848430e+00 1.365927676950967791e-04 5.022374622483703277e-06 4.688044873748359841e-06 9.192888892560621087e-06 9.854714171518260193e-06 1.378634553090817287e-05 1.284569004483669024e-05
2.519512150118996985e+00 1.370846351179010785e-04 5.040637318750527647e-06 4.715402159911517236e-06 9.223317563899889214e-06 9.883905093222971347e-06 1.384418745959268746e-05 1.289368017430629577e-05
2.528737753012145983e+00 1.375785261744601933e-04 5.067050710177550257e-06 4.741440446382247766e-06 9.253951041610319851e-06 9.913264536195206915e-06 1.390244348371518163e-05 1.294191679357924174e-05
2.537963355905294982e+00 1.380737175994847213e-04 5.093645762706288695e-06 4.767532847275041683e-06 9.284793165836044502e-06 9.942793740432193973e-06 1.396108019520512881e-05 1.299034914625305632e-05
2.547188958798443537e+00 1.385710625478402916e-04 5.120451690715651597e-06 4.786340207319812615e-06 9.315844630301166936e-06 9.972465299928163704e-06 1.402014235308597515e-05 1.303903936866808336e-05
2.556414561691592535e+00 1.390696734511109780e-04 5.147440348370204517e-06 4.775511289669776092e-06 9.347088001591301668e-06 1.000223447692456086e-05 1.407957553890455140e-05 1.308791866483198247e-05
2.565640164584741534e+00 1.395691097670117556e-04 5.174600486060793080e-06 4.773473525853066902e-06 9.378485698637549495e-06 1.003212252782449015e-05 1.413933672995404118e-05 1.313694458597648479e-05
2.574865767477890532e+00 1.400714746235109519e-04 5.201990376076077267e-06 4.792821590289905341e-06 9.410177028424369667e-06 1.006227920259146610e-05 1.419961233633526012e-05 1.318630953899886269e-05
2.584091370371039087e+00 1.405744667477396058e-04 5.229547741864303033e-06 4.812160179434800573e-06 9.441988116811253495e-06 1.009252115209010822e-05 1.426018849217335592e-05 1.323579752593930935e-05
2.593316973264188086e+00 1.410787220692753233e-04 5.241077550919475206e-06 4.839820810519947485e-06 9.474001987690053132e-06 1.012293514037498920e-05 1.432114522820354132e-05 1.328547870927174581e-05
2.602542576157337084e+00 1.415844044753299298e-04 5.263024609466083331e-06 4.850767721233708576e-06 9.506185995587719583e-06 1.015348996159128720e-05 1.438247374773327526e-05 1.333535589420991566e-05
2.611768179050485639e+00 1.420915676595434544e-04 5.291696323066143095e-06 4.872322542599864239e-06 9.542531719231251092e-06 1.018421727729885073e-05 1.444419459057500301e-05 1.338544202307743688e-05
2.620993781943634637e+00 1.425995496985624201e-04 5.319256948959960379e-06 4.893853314949959000e-06 9.579809978220194411e-06 1.021506979244677467e-05 1.450624997170529493e-05 1.343567666271640120e-05
2.630219384836783636e+00 1.431088594386550894e-04 5.341937600056799983e-06 4.915410670703148667e-06 9.617207721267906741e-06 1.024605905062067222e-05 1.456867138671237940e-05 1.348609934130151448e-05
2.639444987729932635e+00 1.436192100280359464e-04 5.360532219113902904e-06 4.934928132256628059e-06 9.654714266924306013e-06 1.027719497816024152e-05 1.463146529514722238e-05 1.353670015198063688e-05
2.648670590623081189e+00 1.441306382015065523e-04 5.369237970665575272e-06 4.940308776700216321e-06 9.692327469219954921e-06 1.030834020810311377e-05 1.469460548888135588e-05 1.358746653402697702e-05
2.657896193516230188e+00 1.446431637474278526e-04 5.377905426586827593e-06 4.969420327630895504e-06 9.730053990637918711e-06 1.033963875443481319e-05 1.475811413295506375e-05 1.363841090686840709e-05
2.667121796409379186e+00 1.451566393464856833e-04 5.386520736150020392e-06 4.998649234813271449e-06 9.767882869031181518e-06 1.037106058619812659e-05 1.482196824943829471e-05 1.368951446512403636e-05
2.676347399302527741e+00 1.456711425802958992e-04 5.394392979327772546e-06 5.022812691025973402e-06 9.805823957507141253e-06 1.040263782887295612e-05 1.488618955612180895e-05 1.374079186817437227e-05
2.685573002195676739e+00 1.461866123712511460e-04 5.400822653615580280e-06 5.044259218922830757e-06 9.843870185529069112e-06 1.043871419111608843e-05 1.495075309075846628e-05 1.379222693312798925e-05
2.694798605088825738e+00 1.467029691696799133e-04 5.407157638338171493e-06 5.065686359240716401e-06 9.882020384238823308e-06 1.047673204456435665e-05 1.501566617260097387e-05 1.384381894231560936e-05
2.704024207981974737e+00 1.472202890437157910e-04 5.413407249948211939e-06 5.087067887940658088e-06 9.920282458519857384e-06 1.051482311031361975e-05 1.508094433818108252e-05 1.389558012683254668e-05
2.713249810875123291e+00 1.477381871312602631e-04 5.430803901712349859e-06 5.108404125771996533e-06 9.958632379783156994e-06 1.055295649371077674e-05 1.514655112019926164e-05 1.394747352177378732e-05
2.722475413768272290e+00 1.482572235468271272e-04 5.451885914411125009e-06 5.129760186737002299e-06 9.996007137539925525e-06 1.059115801562400343e-05 1.521252052274425413e-05 1.399954148067797627e-05
2.731701016661421288e+00 1.487768029753374667e-04 5.473085145885818546e-06 5.151068657114558479e-06 1.002354257152398664e-05 1.062940208618363969e-05 1.527881944396610424e-05 1.405173965336704248e-05
2.740926619554569843e+00 1.492973627162923352e-04 5.494415252277156086e-06 5.172346316299541655e-06 1.005092084384914385e-05 1.066772064953945770e-05 1.534548652036996715e-05 1.410410761460667811e-05
2.750152222447718842e+00 1.498185518269721595e-04 5.515349805100837246e-06 5.193608324923816317e-06 1.007812110978792311e-05 1.069638893246160232e-05 1.541248235096528887e-05 1.415660871559201554e-05
2.759377825340867840e+00 1.503403617998665966e-04 5.540902842976518560e-06 5.204024447522781873e-06 1.010512671770934972e-05 1.072476523658171671e-05 1.547982935716198582e-05 1.420925415368483173e-05
