2.306400723287267349e-02 5.572493953409607200e+16 -8.000000000000000000e+00 8.000000000000000000e+00 -8.000000000000000000e+00 8.000000000000000000e+00 -8.000000000000000000e+00 2.400000000000000000e+01
3.228961012602173802e-02 1.163078255396023750e+14 1.046875000000000000e+00 1.015625000000000000e+00 2.062500000000000000e+00 2.156250000000000000e+00 2.828125000000000000e+00 2.734375000000000000e+00
4.151521301917080603e-02 2.104248557363484619e+12 9.538574218750000000e-01 9.218750000000000000e-01 1.878173828125000000e+00 1.963134765625000000e+00 2.563964843750000000e+00 2.488769531250000000e+00
5.074081591231988098e-02 1.178572736976968536e+11 8.831481933593750000e-01 8.549346923828125000e-01 1.739334106445312500e+00 1.823638916015625000e+00 2.379379272460937500e+00 2.314239501953125000e+00
5.996641880546894204e-02 1.301894237615284538e+10 8.284263610839843750e-01 8.003311157226562500e-01 1.629852294921875000e+00 1.713655471801757812e+00 2.237216949462890625e+00 2.180435180664062500e+00
6.919202169861800311e-02 2.246726882184808254e+09 7.884612083435058594e-01 7.550439834594726562e-01 1.542556285858154297e+00 1.623890876770019531e+00 2.124612808227539062e+00 2.075113773345947266e+00
7.841762459176707112e-02 5.296187554949898720e+08 7.559375762939453125e-01 7.170113325119018555e-01 1.476986646652221680e+00 1.550945460796356201e+00 2.033670902252197266e+00 1.990702331066131592e+00
8.764322748491613913e-02 1.568588211579236984e+08 7.271262109279632568e-01 6.895169615745544434e-01 1.420023232698440552e+00 1.490782648324966431e+00 1.959220170974731445e+00 1.922259002923965454e+00
9.686883037806519325e-02 5.523747760852555931e+07 7.013351842761039734e-01 6.657752767205238342e-01 1.372718572616577148e+00 1.440647728741168976e+00 1.897739537060260773e+00 1.866426207125186920e+00
1.060944332712142474e-01 2.226401114438353851e+07 6.797871068120002747e-01 6.455644108355045319e-01 1.334399621933698654e+00 1.398598358035087585e+00 1.846753776073455811e+00 1.820853430777788162e+00
1.153200361643633154e-01 9.994981667008003220e+06 6.611496545374393463e-01 6.288708969950675964e-01 1.309411726891994476e+00 1.363229213282465935e+00 1.804479973390698433e+00 1.783857604488730431e+00
1.245456390575123834e-01 4.898250579506509006e+06 6.488637374714016914e-01 6.149592744186520576e-01 1.289643864147365093e+00 1.338252626359462738e+00 1.769610311836004257e+00 1.754215529188513756e+00
1.337712419506614514e-01 2.580954355826780200e+06 6.383484234102070332e-01 6.066228905692696571e-01 1.274418184068053961e+00 1.320085218641906977e+00 1.741174155846238136e+00 1.731032113078981638e+00
1.429968448438105333e-01 1.445113746645326260e+06 6.299559387844055891e-01 6.011165513191372156e-01 1.257871781941503286e+00 1.306214839220046997e+00 1.718447545543313026e+00 1.713654385413974524e+00
1.522224477369596152e-01 8.519130933686504140e+05 6.234895251691341400e-01 5.968965117353945971e-01 1.243973260861821473e+00 1.296271494938991964e+00 1.700892363092862070e+00 1.701614246238023043e+00
1.614480506301086971e-01 5.248717592063711490e+05 6.188060386339202523e-01 5.954109575832262635e-01 1.233555062208324671e+00 1.289974764571525156e+00 1.688114693155512214e+00 1.694589860271662474e+00
1.706736535232577512e-01 3.359499183844891959e+05 6.140177014167420566e-01 5.948528291773982346e-01 1.226516211347188801e+00 1.285769993613939732e+00 1.679836012481246144e+00 1.692379712068941444e+00
1.798992564164068331e-01 2.222909300743170315e+05 6.114176691626198590e-01 5.943592716066632420e-01 1.220334396813996136e+00 1.276349360006861389e+00 1.675873251020675525e+00 1.694885599281406030e+00
1.891248593095559150e-01 1.514318247087139462e+05 6.134811450610868633e-01 5.946968997886870056e-01 1.222249497688608244e+00 1.269642989733256400e+00 1.676125195663189515e+00 1.702102266892325133e+00
1.983504622027049968e-01 1.058438684242815507e+05 6.170396901288768277e-01 5.947920403705211356e-01 1.224944040688569658e+00 1.281076587460120209e+00 1.680563602974871174e+00 1.711339546222006902e+00
2.075760650958540787e-01 7.568264141487731831e+04 6.218179496790980920e-01 5.996877114957896993e-01 1.230743447740678675e+00 1.294978107136557810e+00 1.689227955081150867e+00 1.721839559177169576e+00
2.168016679890031329e-01 5.522255385106339963e+04 6.286564068213920109e-01 6.009748102442244999e-01 1.238551181661023293e+00 1.303649956906156149e+00 1.702223162399604917e+00 1.737135669522103854e+00
2.260272708821522147e-01 4.102768612085897621e+04 6.307581083310651593e-01 6.074173389861243777e-01 1.245519987154693808e+00 1.315345260452886578e+00 1.718012731791532133e+00 1.757474046848074067e+00
2.352528737753012689e-01 3.097726362450169836e+04 6.404122408202965744e-01 6.183485198998823762e-01 1.268303295069927117e+00 1.330402965628309175e+00 1.742005751148099080e+00 1.783189338209922425e+00
2.444784766684503230e-01 2.372851268363292547e+04 6.516755174161517061e-01 6.241545774391852319e-01 1.289154857873654692e+00 1.361862609002855606e+00 1.769349140362464823e+00 1.814714826061390340e+00
2.537040795615994049e-01 1.841136051194103129e+04 6.634427448298083618e-01 6.310699297973769717e-01 1.312490162399626570e+00 1.384307532054663170e+00 1.802141481301077874e+00 1.852596346692735096e+00
2.629296824547484590e-01 1.445000184965893277e+04 6.786129756055743201e-01 6.456155327887245221e-01 1.349404473889080691e+00 1.410839893491356634e+00 1.840859235862808418e+00 1.897510315544423065e+00
2.721552853478975686e-01 1.145592587546536561e+04 6.931472194246453000e-01 6.609519956764415838e-01 1.397304003859971999e+00 1.441845051129348576e+00 1.886071691147662932e+00 1.950286089089786401e+00
2.813808882410466228e-01 9.162272073914233260e+03 7.096568860069965012e-01 6.895547652638924774e-01 1.436889863727628835e+00 1.477694368422817206e+00 1.938445980124015477e+00 2.011932403043829254e+00
2.906064911341957324e-01 7.382674012100393156e+03 7.284772057109876187e-01 7.085971410351703526e-01 1.480615591893183591e+00 1.529992910447617760e+00 1.998745509267791931e+00 2.083666300246477476e+00
2.998320940273447865e-01 5.984938302174635282e+03 7.536533543861878570e-01 7.322877954711657367e-01 1.535144362571372767e+00 1.587729651055269642e+00 2.089316467117896536e+00 2.166939768769225338e+00
3.090576969204938407e-01 4.873896092640746247e+03 7.930146610942756524e-01 7.599748151478706859e-01 1.594398220132461574e+00 1.657280483501381241e+00 2.212773728929278150e+00 2.263389373646532476e+00
3.182832998136429503e-01 3.980032841871575329e+03 8.228076028990471968e-01 8.111870608327080845e-01 1.678596253795149096e+00 1.725240107402896683e+00 2.297419707050266879e+00 2.374934773192762805e+00
3.275089027067920044e-01 3.251820893883460030e+03 8.759456353232053516e-01 8.558937665188750543e-01 1.776532184697771299e+00 1.820112761869950191e+00 2.370733880207808397e+00 2.533191845286637545e+00
3.367345055999411141e-01 2.650463255179108728e+03 9.193757537373130617e-01 9.003912736411621154e-01 1.890426447453592118e+00 1.935415296955397935e+00 2.445699019984658662e+00 2.723240498706218204e+00
3.459601084930901682e-01 2.146236451283970837e+03 9.692038310327006911e-01 9.618158983216744673e-01 1.995153369785384712e+00 2.064371575474069687e+00 2.563149391987280978e+00 2.883733892171221669e+00
3.551857113862392223e-01 1.715933903704551540e+03 1.021016374881583033e+00 1.035945422553595563e+00 2.113084591999722761e+00 2.184199885324687784e+00 2.707720105122007226e+00 3.028270573495319695e+00
3.644113142793883320e-01 1.341168972746568670e+03 1.106387635697956284e+00 1.087201922794065467e+00 2.273416427934307649e+00 2.259856317659796332e+00 2.897753038673954507e+00 3.179310490558918900e+00
3.736369171725373861e-01 1.007672300111460686e+03 1.167980905003901171e+00 1.129855413705968203e+00 2.365783500426573482e+00 2.334958144184952289e+00 3.098680169929821204e+00 3.396586457534112924e+00
3.828625200656864958e-01 7.067302948785102217e+02 1.169257565126372356e+00 1.134973140295073790e+00 2.337458639933402083e+00 2.325650610234447413e+00 3.183972211908212557e+00 3.523258309732113958e+00
3.920881229588355499e-01 4.435315276024037985e+02 9.166481242489794568e-01 9.359840990566681285e-01 2.004786378996357143e+00 1.958328132624899354e+00 2.727916685124284868e+00 3.074022951999722864e+00
4.013137258519846040e-01 2.707229793642898130e+02 2.030804521281197594e-01 2.092566974088185816e-01 4.416268592162850837e-01 4.159643009512024037e-01 6.628744237243040516e-01 6.126648766899052134e-01
4.105393287451337136e-01 3.980931022823850185e+02 2.148483404698026789e+00 2.128180092654190503e+00 4.282614494192671373e+00 4.261429574970861722e+00 7.036127336383628972e+00 5.995433004140750199e+00
4.197649316382827678e-01 1.239634495297602371e+03 5.844979387562034390e+00 6.022179681365287252e+00 1.256209080037160675e+01 1.220606835178455185e+01 1.762335329878828816e+01 1.715274781355196865e+01
4.289905345314318219e-01 2.251545357320363564e+03 4.072953819525082508e+00 4.038098647925380646e+00 8.145685647980826616e+00 8.264267199822825205e+00 1.292965312800515676e+01 1.149009187866704451e+01
4.382161374245809315e-01 2.335909073722511494e+03 8.888340704424990690e-02 8.657043281209553243e-02 1.698268053683023027e-01 1.909665840335037501e-01 2.142949876697457512e-01 3.726667283472124836e-01
4.474417403177299857e-01 2.004874635094842006e+03 1.351148859895147325e+00 1.299843424138998671e+00 2.792176445354698444e+00 2.725111064116390480e+00 3.890513002962507016e+00 5.027202030260923493e+00
4.566673432108790953e-01 1.675446564818252909e+03 1.570220416533175012e+00 1.468066520559659693e+00 3.110286198955463988e+00 3.002066160632011815e+00 4.296754900259884380e+00 5.404333603741179104e+00
4.658929461040280939e-01 1.415861359856890886e+03 1.468541167551848048e+00 1.347243326652460382e+00 2.908458681795309531e+00 2.744576627171454675e+00 3.992430832189711509e+00 4.794741658585962796e+00
4.751185489971772036e-01 1.216170902942727707e+03 1.279971324121106591e+00 1.191588642785973207e+00 2.515250863386427227e+00 2.421718436905393901e+00 3.546338278103576158e+00 4.093043317570618456e+00
4.843441518903262577e-01 1.060082258878588163e+03 1.098860568278723804e+00 1.058308973383645935e+00 2.216847353619186833e+00 2.122554986170598568e+00 3.113202207647191244e+00 3.487697042957279336e+00
4.935697547834753673e-01 9.353066497498376748e+02 9.804224539655024273e-01 9.538956219849978879e-01 1.938553678079074416e+00 1.840644018720468011e+00 2.737304369811226934e+00 3.013717400641212407e+00
5.027953576766244215e-01 8.334458894234653599e+02 8.802641520570659850e-01 8.417163999693002552e-01 1.691217628573099319e+00 1.644954785855929913e+00 2.421436561891823658e+00 2.692679586280064541e+00
5.120209605697735311e-01 7.487840692692271887e+02 7.991244986455967592e-01 7.542938413961337574e-01 1.501133902473497983e+00 1.477182164839859979e+00 2.157543298543942001e+00 2.418696391737853446e+00
5.212465634629225297e-01 6.773526486892023968e+02 7.170042522139965513e-01 6.744066871036693556e-01 1.358370358681781909e+00 1.323402551837716601e+00 1.922116689158769987e+00 2.185249534578360908e+00
5.304721663560716394e-01 6.163245598555754441e+02 6.448964626803217470e-01 6.118666791729765464e-01 1.238066329212301753e+00 1.212143916540526334e+00 1.742397324994044538e+00 1.985601978654131017e+00
5.396977692492206380e-01 5.636335475625894560e+02 5.832639224298645786e-01 5.591219944218437377e-01 1.134768826663957952e+00 1.097322034400349366e+00 1.590933088434780984e+00 1.802709771807030847e+00
5.489233721423698587e-01 5.177332343844566367e+02 5.300342605485184322e-01 5.166408480304198747e-01 1.044194406656060892e+00 1.012928342817303928e+00 1.454607601651446203e+00 1.632919927956436368e+00
5.581489750355188573e-01 4.774415536780367688e+02 4.894104797068052903e-01 4.760605150458445678e-01 9.648390453268120837e-01 9.230227526884391409e-01 1.336647720649182247e+00 1.488351865108143102e+00
5.673745779286679669e-01 4.418378911991736118e+02 4.528464079477885207e-01 4.422965976670525379e-01 8.951006143432778117e-01 8.556059710487602388e-01 1.233806511410648454e+00 1.364083034486100132e+00
5.766001808218169655e-01 4.101934151516509246e+02 4.172617456208058684e-01 4.123991629340366671e-01 8.336095522869868546e-01 7.983031305125791732e-01 1.143517953123421194e+00 1.256341437853677689e+00
5.858257837149661862e-01 3.819227801859014448e+02 3.892305757865415217e-01 3.858024564610786911e-01 7.855869290135615302e-01 7.470083371260898275e-01 1.063738705112939442e+00 1.162200922557076410e+00
5.950513866081151848e-01 3.565499158210182031e+02 3.626791822851487268e-01 3.619653835978624556e-01 7.353079145525498461e-01 7.009603436129623333e-01 9.928227388271579912e-01 1.079364423428671671e+00
6.042769895012642944e-01 3.336833040317266068e+02 3.363688984189252551e-01 3.403687530268371120e-01 6.858842169930312593e-01 6.617293276193549900e-01 9.294464248393978778e-01 1.006008374533621463e+00
6.135025923944132931e-01 3.129977854660686489e+02 3.126625074245339420e-01 3.206947478360007153e-01 6.461445607303630823e-01 6.259986024300019380e-01 8.725269608763710494e-01 9.406698181939532333e-01
6.227281952875624027e-01 2.942209461753794812e+02 2.915482086115730453e-01 3.014610022498231956e-01 6.101140046818045448e-01 5.900722716085056163e-01 8.211712768361394410e-01 8.821635535956602325e-01
6.319537981807114013e-01 2.771227768597450449e+02 2.739959716157045477e-01 2.840369140894836164e-01 5.772751262898623281e-01 5.568131279297858782e-01 7.746388165885491617e-01 8.295206310455682797e-01
6.411794010738606220e-01 2.615077096082451931e+02 2.588092007822524465e-01 2.682024683736017323e-01 5.472927819594133325e-01 5.270991351130760449e-01 7.323110810234538803e-01 7.819421790632645752e-01
6.504050039670096206e-01 2.472084087344607042e+02 2.450542224696619087e-01 2.537574440334822157e-01 5.198285179916126708e-01 5.007001196022144995e-01 6.936680179557868087e-01 7.387643675588151382e-01
6.596306068601587302e-01 2.340808742546404915e+02 2.326244667501953245e-01 2.405954064003594794e-01 4.945937022075383993e-01 4.737003098093168774e-01 6.582695744178295172e-01 6.994315478575003908e-01
6.688562097533077289e-01 2.220005405497709319e+02 2.209982500540661476e-01 2.285599858820717145e-01 4.713408993549705883e-01 4.500823383875456329e-01 6.257411698978501136e-01 6.634754607308082086e-01
6.780818126464568385e-01 2.108591386313227076e+02 2.102896117810360010e-01 2.187551836928491866e-01 4.498569354117591956e-01 4.298184421867574656e-01 5.957621702879976056e-01 6.304989936042488807e-01
6.873074155396059481e-01 2.005621508180347234e+02 2.003995490404406610e-01 2.087357722934939375e-01 4.299572875449086951e-01 4.117262124649698762e-01 5.680566758093164026e-01 6.001633816302387459e-01
6.965330184327550578e-01 1.910267297017316537e+02 1.914744803841870180e-01 1.991248295942114055e-01 4.114815201376416098e-01 3.948607318418169143e-01 5.423861067816062587e-01 5.721780401017895201e-01
7.057586213259040564e-01 1.821799844104335193e+02 1.833710903814562698e-01 1.903348970273839313e-01 3.942895508506296665e-01 3.791080099274211079e-01 5.185431964550275552e-01 5.462924251214360538e-01
7.149842242190531660e-01 1.739575599580247172e+02 1.765222450958106037e-01 1.821039286807888402e-01 3.782585789938650578e-01 3.642115329861326245e-01 4.963470928695699058e-01 5.222894707143836968e-01
7.242098271122021647e-01 1.663024523367662368e+02 1.699370853640402856e-01 1.744093287111070367e-01 3.632805453355842928e-01 3.497013351152418181e-01 4.756393407866994494e-01 4.999802609122241392e-01
7.334354300053513853e-01 1.591640146329770573e+02 1.637061576048779443e-01 1.672345395970751269e-01 3.492600206822373821e-01 3.361024943387462827e-01 4.562805665743212558e-01 4.791996765442547712e-01
7.426610328985003839e-01 1.524971189918371977e+02 1.571334293399502258e-01 1.611023544127476725e-01 3.361124422544605750e-01 3.234251598620403456e-01 4.381477280778653949e-01 4.598028167712584491e-01
7.518866357916494936e-01 1.462614465442237304e+02 1.509812293153913743e-01 1.556400334799832308e-01 3.237626336483572231e-01 3.123605633233523804e-01 4.213021783167221201e-01 4.416620405590094833e-01
7.611122386847984922e-01 1.404208830210606322e+02 1.452161452893676596e-01 1.505023478553937366e-01 3.121435571918027563e-01 3.019634287933286032e-01 4.056007171331543759e-01 4.246645073753825272e-01
7.703378415779476018e-01 1.349430021399575423e+02 1.398049429574825808e-01 1.449285701465328202e-01 3.010065523790785846e-01 2.921803158750719831e-01 3.908168053667111508e-01 4.087101223313425180e-01
7.795634444710966005e-01 1.297986222615929535e+02 1.347179724232034914e-01 1.395487171954243877e-01 2.908841334622422892e-01 2.829632724325392701e-01 3.768750012302461982e-01 3.946852753886957998e-01
7.887890473642458211e-01 1.249614245043750600e+02 1.305685516830976667e-01 1.344584866613161012e-01 2.811582971863515468e-01 2.740395258495595954e-01 3.637076342944283169e-01 3.815168645387245761e-01
7.980146502573948197e-01 1.204076226431288461e+02 1.266048495215983394e-01 1.297171112735640008e-01 2.719556075648199567e-01 2.653468932968650051e-01 3.512538405450129630e-01 3.690726471105563178e-01
8.072402531505439294e-01 1.161156768255109597e+02 1.229304528474557401e-01 1.251686773720877000e-01 2.632327380172370113e-01 2.569745711337532157e-01 3.394587360776455398e-01 3.572980788604951385e-01
8.164658560436929280e-01 1.120660445136055330e+02 1.195739646495042052e-01 1.208658736574506065e-01 2.549157167241276056e-01 2.485955503907604225e-01 3.282727068865796127e-01 3.461438220415402611e-01
8.256914589368421487e-01 1.082409631690476601e+02 1.164074350514852085e-01 1.166698782687518587e-01 2.470172121469573767e-01 2.406275295955140336e-01 3.176507962667187712e-01 3.355651493005069597e-01
8.349170618299911473e-01 1.046242601046595126e+02 1.134178262012284222e-01 1.127160331201082499e-01 2.401480955361847691e-01 2.330420912246466969e-01 3.075521746219607166e-01 3.255214268495336682e-01
8.441426647231402569e-01 1.012011856575068691e+02 1.105645982435135011e-01 1.090215633098097214e-01 2.327738817171933761e-01 2.258124501888119084e-01 2.979396790578476839e-01 3.159756649333331779e-01
8.533682676162892555e-01 9.795826646229377843e+01 1.073872471977495024e-01 1.055128699173764062e-01 2.268369170256079315e-01 2.191540492483312619e-01 2.887794123964226856e-01 3.068941257446766713e-01
8.625938705094383652e-01 9.488317607933663567e+01 1.042949317773746998e-01 1.021768934958231512e-01 2.211886004373155856e-01 2.135587099612621387e-01 2.800403928050343438e-01 2.982459803801162934e-01
8.718194734025873638e-01 9.196462066799806223e+01 1.017028354501405829e-01 9.920503036316574708e-02 2.158112772325324613e-01 2.082365244404940086e-01 2.716942468087353291e-01 2.900030079308208997e-01
8.810450762957365844e-01 8.919223773042028824e+01 9.927082373424411799e-02 9.649244647272325892e-02 2.106887292649020083e-01 2.026205394018063544e-01 2.637149395412734521e-01 2.821393308212378770e-01
8.902706791888855831e-01 8.655650624207736143e+01 9.684102352510137734e-02 9.402786785507544209e-02 2.057930697079797255e-01 1.971324325624408402e-01 2.560785370731366584e-01 2.746311814421460440e-01
8.994962820820346927e-01 8.404866672697265528e+01 9.391279829435461579e-02 9.207827324689787929e-02 2.003186527452101018e-01 1.916542961903218156e-01 2.501713713158153496e-01 2.674566958771720238e-01
9.087218849751836913e-01 8.166065003891932861e+01 9.118779687736378037e-02 8.960691565569334216e-02 1.943732685497110424e-01 1.865738532138010441e-01 2.446191670460819978e-01 2.605957311500901596e-01
9.179474878683329120e-01 7.938501378208896142e+01 8.866772234628683691e-02 8.718613265794772360e-02 1.886578070845956745e-01 1.820433808156991518e-01 2.393170726876263643e-01 2.540297029473492785e-01
9.271730907614816886e-01 7.721488544960354261e+01 8.641270096148900848e-02 8.525609183091376053e-02 1.831577017067047564e-01 1.774307474169916077e-01 2.342521333421530016e-01 2.477414412082197259e-01
9.363986936546309092e-01 7.514391148258056319e+01 8.469622537424470465e-02 8.289620844021783341e-02 1.778594163798032923e-01 1.730010977813378759e-01 2.294123688357387891e-01 2.417150613476479748e-01
9.456242965477800189e-01 7.316621155745346528e+01 8.301999974283091888e-02 8.117189763981969008e-02 1.727503485826531460e-01 1.687328742040108409e-01 2.247638664161968336e-01 2.359358491875269692e-01
9.548498994409290175e-01 7.127633749936379104e+01 8.088706353517238767e-02 7.962407437236151964e-02 1.679590005510078754e-01 1.646179555462623512e-01 2.188751834938074126e-01 2.303901579371228081e-01
9.640755023340780161e-01 6.946923629671897515e+01 7.894911188589048834e-02 7.797514235373625979e-02 1.637082035491062015e-01 1.606735932054874638e-01 2.131984729965665792e-01 2.250653157874040744e-01
9.733011052272271257e-01 6.774021675816472055e+01 7.698391787354808002e-02 7.596261659125502774e-02 1.597603555902509243e-01 1.567657940397992888e-01 2.077173575730313360e-01 2.199495428757103355e-01
9.825267081203763464e-01 6.608491941037178208e+01 7.562465028060216810e-02 7.399143561502796729e-02 1.559499705252846979e-01 1.523992622866501279e-01 2.025200174697658895e-01 2.150318765375374142e-01
9.917523110135253450e-01 6.449928928437087450e+01 7.413829008012839950e-02 7.224406906881597479e-02 1.522821653761070593e-01 1.482192271181901333e-01 1.983212526164948031e-01 2.103021039042687335e-01
1.000977913906674344e+00 6.297955128067786035e+01 7.194966335342201091e-02 7.041179865746016731e-02 1.482765766960199016e-01 1.443208860352314105e-01 1.942810939915560198e-01 2.057507010230210653e-01
1.010203516799823564e+00 6.152218784057524203e+01 7.030381103832183953e-02 6.865007761540198317e-02 1.447895108913215267e-01 1.405677957081152840e-01 1.903917238023282721e-01 2.013687777774038068e-01
1.019429119692972563e+00 6.012391868295181041e+01 6.861174332218666905e-02 6.721569367767443737e-02 1.410697568371475086e-01 1.369196849608584898e-01 1.857766183534153015e-01 1.971480279772350741e-01
1.028654722586121562e+00 5.878168239412529772e+01 6.616070197948431542e-02 6.573666584665005530e-02 1.374487013551686232e-01 1.334327146217333393e-01 1.812431171913928551e-01 1.930806840594812002e-01
1.037880325479270560e+00 5.749261968244877608e+01 6.419397626062561812e-02 6.413129900504799252e-02 1.339274441226763201e-01 1.311611337563434176e-01 1.768497922940213130e-01 1.891594759103583101e-01
1.047105928372419781e+00 5.625405813087753870e+01 6.273299898822415344e-02 6.256123610764063869e-02 1.304833508212013271e-01 1.288057351640006232e-01 1.730160849522022204e-01 1.853775933727845882e-01
1.056331531265569001e+00 5.506349829930939421e+01 6.177639569288828625e-02 6.170058611948547878e-02 1.271715740318057897e-01 1.270651262402324733e-01 1.698432587697666918e-01 1.806294712197882291e-01
1.065557134158718000e+00 5.391860104489279593e+01 6.043133763363783828e-02 6.048261017696177078e-02 1.242286320837493463e-01 1.251594860227029926e-01 1.667824182345540862e-01 1.756461100991941748e-01
1.074782737051866999e+00 5.281717594287985662e+01 5.885441571169280905e-02 5.979041827887243699e-02 1.207275169873014420e-01 1.224997020261540115e-01 1.638287376230351811e-01 1.707692264408890992e-01
1.084008339945015997e+00 5.175717070322383506e+01 5.744179167924556850e-02 5.929046781152891299e-02 1.186383341506740408e-01 1.199191624020699010e-01 1.609776799531914548e-01 1.659906364462884198e-01
1.093233942838165218e+00 5.073666148921687835e+01 5.604835641644712041e-02 5.894481606796375672e-02 1.167379749722954330e-01 1.173960386275609835e-01 1.582249771636483615e-01 1.613023674998430579e-01
1.102459545731314217e+00 4.975384405423726264e+01 5.442260308605995078e-02 5.796167458943557449e-02 1.138582503729921314e-01 1.149495585097852768e-01 1.555666118535441456e-01 1.566966171436732225e-01
1.111685148624463215e+00 4.880702562124054822e+01 5.409387044285551838e-02 5.716716653893882949e-02 1.110390391399391774e-01 1.126906404006575713e-01 1.529988004160216519e-01 1.521657122493351721e-01
1.120910751517612436e+00 4.789461743716035613e+01 5.335965372802320417e-02 5.622645747889265522e-02 1.082577804208071370e-01 1.102523673079929267e-01 1.505179774078868604e-01 1.477020679225518052e-01
1.130136354410761435e+00 4.701512794091777891e+01 5.331077471638678844e-02 5.472271036604325900e-02 1.055614912725459931e-01 1.079104761153004688e-01 1.486221130293614578e-01 1.435934539391254816e-01
1.139361957303910433e+00 4.616715648946851047e+01 5.241861484112320113e-02 5.351237664177688202e-02 1.044695509578019710e-01 1.057437747591052357e-01 1.472462492850112881e-01 1.411336477968632153e-01
1.148587560197059654e+00 4.534938759113935447e+01 5.151025796361352604e-02 5.341457218928269413e-02 1.028408757669794227e-01 1.036027598837989672e-01 1.459775476630795765e-01 1.387571886682579247e-01
1.157813163090208652e+00 4.456058559964269961e+01 5.081315557172416675e-02 5.235312855493390316e-02 1.000080741491231606e-01 1.017276115791290181e-01 1.439117145599837500e-01 1.364610957108212119e-01
1.167038765983357873e+00 4.379958982545282709e+01 5.026907099659183586e-02 5.197609059565877487e-02 9.720248205818649012e-02 1.005812329888371437e-01 1.417649461895322816e-01 1.342425909054654198e-01
1.176264368876506872e+00 4.306531002374904205e+01 4.979141404417930517e-02 5.144945831373348710e-02 9.441884968003932954e-02 9.954090731950770987e-02 1.404379358714038517e-01 1.320990903034271469e-01
1.185489971769655870e+00 4.235672221984780350e+01 4.916279312426041770e-02 5.066889028211818413e-02 9.165178625488579200e-02 9.856320746956015455e-02 1.396530740268460136e-01 1.307398193145701271e-01
1.194715574662805091e+00 4.167286483374236639e+01 4.928102851108917548e-02 5.066091267287475830e-02 8.933123832576939094e-02 9.763939590222037168e-02 1.389746778264537852e-01 1.285605216560696817e-01
1.203941177555954090e+00 4.101283506500868725e+01 4.875746692266602622e-02 5.123614214733152039e-02 8.929858800969725507e-02 9.672895226141520197e-02 1.384050878258733519e-01 1.280325077059671912e-01
1.213166780449103088e+00 4.037578549766447367e+01 4.833812223883882098e-02 5.045931807125469959e-02 8.833719124085348540e-02 9.587927635465121057e-02 1.379471919092338794e-01 1.271955521296348479e-01
1.222392383342252087e+00 3.976092088112557832e+01 4.757480438465222505e-02 5.020133040985541584e-02 8.797613314704477716e-02 9.521012590577271339e-02 1.376044795434623325e-01 1.243155944923159950e-01
1.231617986235401307e+00 3.916749503793869991e+01 4.767298041405609865e-02 4.998334585305030942e-02 8.821121175715518348e-02 9.632959129059059933e-02 1.373811060967540243e-01 1.251293775166715250e-01
1.240843589128550528e+00 3.859480784059205405e+01 4.717914116036325822e-02 4.993580112446949215e-02 8.850467783834403690e-02 9.470482593799545157e-02 1.372819690410622684e-01 1.260731250123754421e-01
1.250069192021699527e+00 3.804220218761268058e+01 4.735673504142567936e-02 4.959142283089335024e-02 8.885126711965796176e-02 9.323320425875891715e-02 1.373127982716155771e-01 1.268545247514012431e-01
1.259294794914848525e+00 3.750906089198652182e+01 4.680993742594097284e-02 4.959387661311609463e-02 8.931808255674411612e-02 9.312878427122228686e-02 1.374802632952594195e-01 1.260848970000054692e-01
1.268520397807997524e+00 3.699480337078271219e+01 4.656470318681726894e-02 4.908372405051864007e-02 8.985188108981390087e-02 9.406569647751439334e-02 1.377921006918185753e-01 1.243803995273395913e-01
1.277746000701146745e+00 3.649888199111935450e+01 4.648585924432779848e-02 4.938283237352436572e-02 9.048269732449654157e-02 9.457723989262944997e-02 1.382572660809984200e-01 1.227278321022211571e-01
1.286971603594295521e+00 3.602077788040738682e+01 4.654121936363964096e-02 4.937635239004123378e-02 8.908163127222934463e-02 9.325468118299085063e-02 1.388861158805809737e-01 1.221224363256467882e-01
1.296197206487444742e+00 3.555999594271521147e+01 4.639154059001526775e-02 4.940726434067954642e-02 8.726141010512122875e-02 9.414271542989638419e-02 1.396906254944028092e-01 1.228225588626372655e-01
1.305422809380593963e+00 3.511605873006890732e+01 4.624189717873861127e-02 4.990514243493748836e-02 8.757188813429195307e-02 9.636372030368534070e-02 1.406846523147109451e-01 1.253507774642628192e-01
1.314648412273742961e+00 3.468849868591520647e+01 4.755826077187919054e-02 5.032825212405356297e-02 9.055361341911805084e-02 9.832830880041143473e-02 1.418842541890370512e-01 1.297646373178054091e-01
1.323874015166892182e+00 3.427684809040765401e+01 4.805723803266204186e-02 5.083351232527633101e-02 9.333395225826990327e-02 1.004667336895863627e-01 1.433080769691343903e-01 1.311018841462541218e-01
1.333099618060040958e+00 3.388062576782795077e+01 4.829785544362152905e-02 5.019292893622662177e-02 9.610201357638459285e-02 1.019683067093168916e-01 1.449778286620642120e-01 1.323165776906023439e-01
1.342325220953190179e+00 3.349931922603596490e+01 4.854840779254487870e-02 5.132121220902519099e-02 9.831143401083863864e-02 1.038946451903157708e-01 1.466064071532287016e-01 1.346965575844691898e-01
1.351550823846339400e+00 3.313236032646602069e+01 5.052132211962145902e-02 5.247247174028046857e-02 9.881491815633580700e-02 1.058893290893294648e-01 1.462228801373868237e-01 1.401233884884334202e-01
1.360776426739488176e+00 3.277909173793665332e+01 5.162353597198432453e-02 5.357565828862931312e-02 1.025762690871303562e-01 1.080997119799249617e-01 1.460588064902950123e-01 1.453740412755379907e-01
1.370002029632637397e+00 3.243872016262005076e+01 5.404210854430857580e-02 5.421690746711504971e-02 1.053419898968073198e-01 1.125979448232357072e-01 1.473871088015670239e-01 1.484156884523244457e-01
1.379227632525786396e+00 3.211025040586306289e+01 5.707069630904726409e-02 5.485602673399370133e-02 1.068911112664068241e-01 1.196042044969978235e-01 1.539720118612706301e-01 1.533838006116106101e-01
1.388453235418935616e+00 3.179239141831644133e+01 5.865914172264652393e-02 5.606594567188238898e-02 1.110380079217101468e-01 1.254105606153821384e-01 1.612612951287388796e-01 1.612724521164388136e-01
1.397678838312084837e+00 3.148342085405547408e+01 6.161611191118154807e-02 5.876506990719221335e-02 1.174042278234779246e-01 1.305663311594251752e-01 1.663675134073550055e-01 1.698908390777127408e-01
1.406904441205233613e+00 3.118098743688321761e+01 6.525998088033091449e-02 6.173017618143461505e-02 1.241175679546202559e-01 1.382265168925655985e-01 1.714332860226406297e-01 1.793228602521566017e-01
1.416130044098382834e+00 3.088181877076252491e+01 6.830218093470818985e-02 6.502936958537475221e-02 1.301864262670449079e-01 1.480925006822175760e-01 1.782524531382279065e-01 1.896715688656129828e-01
1.425355646991532055e+00 3.058128317241621019e+01 7.243866028269252411e-02 6.850417310896617096e-02 1.377754230636476507e-01 1.538943524242242233e-01 1.851650766318719832e-01 2.010412556732141809e-01
1.434581249884680831e+00 3.027272238976253860e+01 7.723426702767000052e-02 7.397898213481823859e-02 1.462620320767236137e-01 1.623055250148581763e-01 1.916711222342897258e-01 2.135195517330501502e-01
1.443806852777830052e+00 2.994641834172888650e+01 8.166902945281506732e-02 7.789164179061458526e-02 1.574035168789613692e-01 1.673692617364856972e-01 2.006323552032789337e-01 2.271938580927930218e-01
1.453032455670979051e+00 2.958796440411909856e+01 8.700651062188669016e-02 8.247431282819661646e-02 1.695659423486688411e-01 1.734112516304016083e-01 2.150995250857263841e-01 2.421194130107018339e-01
1.462258058564128271e+00 2.917564970082930031e+01 9.412848737887813400e-02 8.945404290709646489e-02 1.811883352703667072e-01 1.893890980759103115e-01 2.262099054634099105e-01 2.582787360043070635e-01
1.471483661457277492e+00 2.867617849711798073e+01 1.023722090702037235e-01 9.618965255549127846e-02 1.922661290523564048e-01 2.104734134525330091e-01 2.377676572953077994e-01 2.754981074116606976e-01
1.480709264350426269e+00 2.803754233162549525e+01 1.090425879619978389e-01 1.053509303790391982e-01 2.096031989283773100e-01 2.361766660301611864e-01 2.548743825620505277e-01 3.030866703784909078e-01
1.489934867243575489e+00 2.717700354969264254e+01 1.178191275116518000e-01 1.148662825192197090e-01 2.248448411921444290e-01 2.610039058901563180e-01 2.890581845408313200e-01 3.309657444525235803e-01
1.499160470136724488e+00 2.596085754649766741e+01 1.276938936403730906e-01 1.270074989240441710e-01 2.480040992862839744e-01 2.829143423895992271e-01 3.194692653539590310e-01 3.465516105548047676e-01
1.508386073029873486e+00 2.417157056806719950e+01 1.371522375388209980e-01 1.440656149029315714e-01 2.709466146851653434e-01 2.994970830913601390e-01 3.520126254920370457e-01 3.682536755304433029e-01
1.517611675923022485e+00 2.146180694968360569e+01 1.502288022738049733e-01 1.577614809852150302e-01 2.862278913859377383e-01 3.165137765419672178e-01 3.905620142894719038e-01 4.120439730528531186e-01
1.526837278816171706e+00 1.732764037987930195e+01 1.567118079002547404e-01 1.687948889770076732e-01 2.995474149117427487e-01 3.330919975939217181e-01 4.143010734848537879e-01 4.504138048966694896e-01
1.536062881709320926e+00 1.129150298801717511e+01 1.552673284668184550e-01 1.666677359745065701e-01 3.074813319464375638e-01 3.187972781788257493e-01 4.465985826842668871e-01 4.336459593278902958e-01
1.545288484602469925e+00 3.999244355977510157e+00 1.184744513495012974e-01 1.263670324467871531e-01 2.321699258328595583e-01 2.272187513487358146e-01 3.609158037776381001e-01 3.227045646933386358e-01
1.554514087495618924e+00 1.698623001521570586e-01 1.884609801443068444e-02 1.910102045559619599e-02 4.019898016697598386e-02 3.530910943893658671e-02 6.089507480485750746e-02 4.064061765953524974e-02
1.563739690388767922e+00 8.764888569626384296e+00 2.016262092523142258e-01 2.102172040166294664e-01 4.159158255112647140e-01 4.034456094154226236e-01 5.132908134787541599e-01 6.614400113281426741e-01
1.572965293281917143e+00 3.140598557043511363e+01 3.689551637620915869e-01 3.637289121783027213e-01 7.465140743478002605e-01 7.227202918065671611e-01 9.103972660222012792e-01 1.166258589799070933e+00
1.582190896175066142e+00 5.934149033535715034e+01 4.533325514811465951e-01 4.376770372134757281e-01 8.670969106190398179e-01 8.169202975216194318e-01 1.165381199002759161e+00 1.239453297687411748e+00
1.591416499068215140e+00 8.277534650855780285e+01 4.202136502325686251e-01 4.206594680688482413e-01 7.832874868905150834e-01 8.159557059428834691e-01 1.162555472153243841e+00 1.063010362016783006e+00
1.600642101961364361e+00 8.741550387582924486e+01 5.638816857542394700e-01 5.377267449967320090e-01 1.102723375574825582e+00 1.117495162320963686e+00 1.499962207319384788e+00 1.577550044304771859e+00
1.609867704854513359e+00 6.736047828279872363e+01 6.550006766827607407e-01 6.898395033036734958e-01 1.241102305825918961e+00 1.267753256565299580e+00 1.624728404474524268e+00 1.922339802758230576e+00
1.619093307747662580e+00 4.261884510307603335e+01 5.673709837341647244e-01 5.123156768833396768e-01 9.472934036518196876e-01 1.094984805963065355e+00 1.371129604160415738e+00 1.462243604353965054e+00
1.628318910640811579e+00 2.680142777771064644e+01 3.800575997807449369e-01 3.622885981475860717e-01 7.086393779222674993e-01 7.964356194044412973e-01 9.189604432883768936e-01 1.072723229504394027e+00
1.637544513533960577e+00 1.871009358166900327e+01 2.529993307375804079e-01 2.396547616803879066e-01 4.840454674561520676e-01 5.054595355339692730e-01 6.260475921765085161e-01 7.495037609247781063e-01
1.646770116427109798e+00 1.483563263043575198e+01 1.636343656356373799e-01 1.533952136635683416e-01 3.106044364624356291e-01 3.246640799338962324e-01 4.120032949801792910e-01 4.851693432019654750e-01
1.655995719320258575e+00 1.303756066619555121e+01 1.026455800147356712e-01 9.617995476686935774e-02 2.010294395772191933e-01 2.032841727156657896e-01 2.598149476679125769e-01 2.941332900126756300e-01
1.665221322213407795e+00 1.225096106325580791e+01 6.056178573279424882e-02 6.016559338343796526e-02 1.234049174488340839e-01 1.272037125275513603e-01 1.587149563882626069e-01 1.646348815529705689e-01
1.674446925106557016e+00 1.196094751994720795e+01 3.831371119406412618e-02 3.906234284147025448e-02 7.361472056578399759e-02 7.532946718077759840e-02 9.715380773601367537e-02 1.014978152787779919e-01
1.683672527999706015e+00 1.191444830206011396e+01 2.804653360333020373e-02 2.837123568444255284e-02 5.617259788311024238e-02 5.410604269446217529e-02 7.571175462540224999e-02 7.227970544796313845e-02
1.692898130892855235e+00 1.198393066476695878e+01 2.701666459031137890e-02 2.688696819188685083e-02 5.464696104794519727e-02 5.545244274914473692e-02 7.701265232347331846e-02 7.821020993976723901e-02
1.702123733786004012e+00 1.210377990867431031e+01 2.976814715654185761e-02 3.062312754811102877e-02 6.344450870938089793e-02 5.893050868492011318e-02 8.543716698218695171e-02 8.368576925022175317e-02
1.711349336679153232e+00 1.223988792401343417e+01 3.264129677710769784e-02 3.398843398987416720e-02 6.985182350249985461e-02 6.902488592170996640e-02 9.176728008419843263e-02 8.793808540612069180e-02
1.720574939572302453e+00 1.237462958285768977e+01 3.639831401033433167e-02 3.724925533684775303e-02 7.494079196342440241e-02 7.315289005175351633e-02 1.019879276848847383e-01 9.686791567200714326e-02
1.729800542465451230e+00 1.249919121718782478e+01 3.808446404926790763e-02 3.984646373940314845e-02 7.770574442219668754e-02 8.005943236042867284e-02 1.094883032515703292e-01 1.029986199598820207e-01
1.739026145358600450e+00 1.260953453908344457e+01 3.953401902821163105e-02 4.149365963754192421e-02 7.951901118229542931e-02 8.332505589400085455e-02 1.140785632933205562e-01 1.071426415755123429e-01
1.748251748251749449e+00 1.270421877424407597e+01 4.132848021052915044e-02 4.276389232171773358e-02 8.178778752725790469e-02 8.546160864081997488e-02 1.173235413662805371e-01 1.098631950617541264e-01
1.757477351144898670e+00 1.278320161478530359e+01 4.205141159081371427e-02 4.356134911306419610e-02 8.186764621706288381e-02 8.777691237834694959e-02 1.191409174105899638e-01 1.115544082585397945e-01
1.766702954038047890e+00 1.284716954487519658e+01 4.215092827535471542e-02 4.354986705769192668e-02 8.250610731534102626e-02 8.818141182362460029e-02 1.200533962702845514e-01 1.124960458609525205e-01
1.775928556931196667e+00 1.289716095318363820e+01 4.262978979051545991e-02 4.354715772237938154e-02 8.352287617761255945e-02 8.793610936029239156e-02 1.203046131361080739e-01 1.128894624486367348e-01
1.785154159824345887e+00 1.293435417232658935e+01 4.304561365335146661e-02 4.342791906447374117e-02 8.438141529515341688e-02 8.719545005325102238e-02 1.200710581687260969e-01 1.128811900721942152e-01
1.794379762717494886e+00 1.295994973170783204e+01 4.324392194255644029e-02 4.345217849980720359e-02 8.479954951048007672e-02 8.759020537250528093e-02 1.194823084819756076e-01 1.125789083506365529e-01
1.803605365610643885e+00 1.297510693091393108e+01 4.328122796553479645e-02 4.315210672673330805e-02 8.488096818598478421e-02 8.704398467770779746e-02 1.186343389976300955e-01 1.120624189576790997e-01
1.812830968503793105e+00 1.298091185068139097e+01 4.279681085520437023e-02 4.325688612196643135e-02 8.470493258712075146e-02 8.632419956562920049e-02 1.175987762265702230e-01 1.113912925010573929e-01
1.822056571396942104e+00 1.297836349909385767e+01 4.266933630961133872e-02 4.335259475807085039e-02 8.433243253930378103e-02 8.557488909398358601e-02 1.164294166528865304e-01 1.106102658694805285e-01
1.831282174290091325e+00 1.296837028346562093e+01 4.254814959050001733e-02 4.288794392814843093e-02 8.381067337966108255e-02 8.481776394764040106e-02 1.151668744868104000e-01 1.097530975548774990e-01
1.840507777183240323e+00 1.295175219570154113e+01 4.239286203262793151e-02 4.244993264275898071e-02 8.317637761164320409e-02 8.403660727524098206e-02 1.138419330821953679e-01 1.088453520764733895e-01
