2.306400723287267349e-02 1.943525371799456640e+17 0.000000000000000000e+00 0.000000000000000000e+00 3.200000000000000000e+01 0.000000000000000000e+00 3.200000000000000000e+01 6.400000000000000000e+01
3.228961012602173802e-02 4.056481922928371875e+14 2.006250000000000000e+01 1.993750000000000000e+01 3.881250000000000000e+01 3.887500000000000000e+01 5.862500000000000000e+01 5.618750000000000000e+01
4.151521301917080603e-02 7.339012828417871094e+12 1.991894531250000000e+01 1.973925781250000000e+01 3.859863281250000000e+01 3.854687500000000000e+01 5.820605468750000000e+01 5.575781250000000000e+01
5.074081591231988098e-02 4.110522231553505859e+11 1.756396484375000000e+01 1.741229248046875000e+01 3.402459716796875000e+01 3.400195312500000000e+01 5.130792236328125000e+01 4.919952392578125000e+01
5.996641880546894204e-02 4.540632266117600250e+10 1.488349914550781250e+01 1.476082611083984375e+01 2.882268524169921875e+01 2.882397460937500000e+01 4.346321868896484375e+01 4.172111511230468750e+01
6.919202169861800311e-02 7.835937867208059311e+09 1.240136146545410156e+01 1.230700778961181641e+01 2.401332569122314453e+01 2.403203010559082031e+01 3.621073150634765625e+01 3.479729270935058594e+01
7.841762459176707112e-02 1.847159214063306332e+09 1.023971748352050781e+01 1.016971397399902344e+01 1.983261609077453613e+01 1.985823678970336914e+01 2.989907860755920410e+01 2.876469826698303223e+01
8.764322748491613913e-02 5.470798289976999760e+08 8.394574046134948730e+00 8.343953490257263184e+00 1.626471519470214844e+01 1.629287636280059814e+01 2.451190781593322754e+01 2.360997247695922852e+01
9.686883037806519325e-02 1.926537631458703876e+08 6.825843572616577148e+00 6.791181653738021851e+00 1.323019093275070190e+01 1.325922402739524841e+01 1.993206825852394104e+01 1.922264805436134338e+01
1.060944332712142474e-01 7.765173281913657486e+07 5.489962860941886902e+00 5.466170728206634521e+00 1.064216148853302002e+01 1.067078027129173279e+01 1.602800260484218597e+01 1.547796823084354401e+01
1.153200361643633154e-01 3.486082685782804340e+07 4.344122208654880524e+00 4.328589096665382385e+00 8.421833224594593048e+00 8.449032291769981384e+00 1.268048430979251862e+01 1.226261747628450394e+01
1.245456390575123834e-01 1.708484183600482345e+07 3.353562269359827042e+00 3.344205591827630997e+00 6.502770800143480301e+00 6.527487106621265411e+00 9.788969796150922775e+00 9.480644967406988144e+00
1.337712419506614514e-01 9.002733561869667843e+06 2.490244742482900620e+00 2.484764428809285164e+00 4.830406906083226204e+00 4.851359257474541664e+00 7.270877126604318619e+00 7.052999023348093033e+00
1.429968448438105333e-01 5.041209450800008141e+06 1.731389286927878857e+00 1.727743217721581459e+00 3.360096923075616360e+00 3.376082509756088257e+00 5.058747352100908756e+00 4.915289750322699547e+00
1.522224477369596152e-01 2.972263496397688054e+06 1.059209005441516638e+00 1.055724987760186195e+00 2.054156770464032888e+00 2.066497066523879766e+00 3.096308479085564613e+00 3.016145037021487951e+00
1.614480506301086971e-01 1.831610086092968937e+06 4.559593074955046177e-01 4.590257836971431971e-01 8.858448755927383900e-01 8.936412057373672724e-01 1.337441259995102882e+00 1.313255699118599296e+00
1.706736535232577512e-01 1.172682560030682012e+06 9.068099991418421268e-02 9.327537706121802330e-02 1.630230771843343973e-01 1.777350488118827343e-01 2.336512261535972357e-01 2.509275805205106735e-01
1.798992564164068331e-01 7.762545765394323971e+05 5.867835332173854113e-01 5.945907300338149071e-01 1.145135439583100379e+00 1.150273324223235250e+00 1.649719221750274301e+00 1.705347314011305571e+00
1.891248593095559150e-01 5.291042706658197567e+05 1.050258619710803032e+00 1.059421086334623396e+00 2.044796592905186117e+00 2.053507323958911002e+00 2.960910628084093332e+00 3.052439562627114356e+00
1.983504622027049968e-01 3.700961780793927610e+05 1.484746351896319538e+00 1.493996113305911422e+00 2.891229061235208064e+00 2.897881313518155366e+00 4.194933709804899991e+00 4.310298242839053273e+00
2.075760650958540787e-01 2.648955948797937017e+05 1.899090446124318987e+00 1.906410698138643056e+00 3.697064718173351139e+00 3.698443383211269975e+00 5.370727366942446679e+00 5.500722919532563537e+00
2.168016679890031329e-01 1.935331801497716515e+05 2.299283350497717038e+00 2.303041159029817209e+00 4.474084785848390311e+00 4.468706539279082790e+00 6.505925157049205154e+00 6.643288807274075225e+00
2.260272708821522147e-01 1.440253669785825186e+05 2.691555725032230839e+00 2.689971524232532829e+00 5.234271340566920117e+00 5.220534876600140706e+00 7.618101375934202224e+00 7.755442271940410137e+00
2.352528737753012689e-01 1.089754968843224633e+05 3.082038298423867673e+00 3.073104804760077968e+00 5.989346163914888166e+00 5.965460180130321532e+00 8.724519482959294692e+00 8.854002004838548601e+00
2.444784766684503230e-01 8.370041812558531819e+04 3.472917943916399963e+00 3.461310773869627155e+00 6.748270153722842224e+00 6.718034879580955021e+00 9.839848235220415518e+00 9.958682094598771073e+00
2.537040795615994049e-01 6.516568133271916304e+04 3.864842099515954033e+00 3.859233012059121393e+00 7.525126939362962730e+00 7.488856888950977009e+00 1.098428598621831043e+01 1.108528135304368334e+01
2.629296824547484590e-01 5.136322537810183712e+04 4.283122298278613016e+00 4.273655641845834907e+00 8.333542216583737172e+00 8.291182750748703256e+00 1.217826547740696697e+01 1.225246288936614292e+01
2.721552853478975686e-01 4.093829655624912994e+04 4.730412070886814035e+00 4.718032938581018243e+00 9.183100132686377037e+00 9.145751862357428763e+00 1.343922825216577621e+01 1.348675270858075237e+01
2.813808882410466228e-01 3.296049503662764619e+04 5.201110983172839042e+00 5.198597730661276728e+00 1.009442537881113822e+01 1.006726296458509751e+01 1.479717659156449372e+01 1.480920152176258853e+01
2.906064911341957324e-01 2.678024441276767539e+04 5.726727169992955169e+00 5.714957593881990761e+00 1.110013626989893964e+01 1.106544535040302435e+01 1.629626585248115589e+01 1.623664848619227996e+01
2.998320940273447865e-01 2.193702829234247474e+04 6.312510679796105251e+00 6.286172086853184737e+00 1.222083105776619050e+01 1.217176225787625299e+01 1.797168633358523948e+01 1.780860487931568059e+01
3.090576969204938407e-01 1.809958043797661594e+04 6.962941611196583835e+00 6.941490576104115462e+00 1.347713443046086468e+01 1.343098195942729944e+01 1.986299509731543367e+01 1.957893713471275987e+01
3.182832998136429503e-01 1.502619810267923822e+04 7.727234477628371678e+00 7.685179084446644993e+00 1.492307740245632885e+01 1.487265660808043322e+01 2.204937786564914859e+01 2.158724763758982590e+01
3.275089027067920044e-01 1.253803120880288043e+04 8.606573314511479111e+00 8.566867089572042460e+00 1.659154950937227113e+01 1.657087481630514958e+01 2.459905928389343899e+01 2.391797504180976830e+01
3.367345055999411141e-01 1.050059381289049270e+04 9.648144756984038395e+00 9.598319179893223918e+00 1.856516202579587116e+01 1.858367509323579725e+01 2.764177638964247308e+01 2.663776661067458917e+01
3.459601084930901682e-01 8.810817061592842947e+03 1.088756798618669563e+01 1.084664847394924436e+01 2.093085022628838487e+01 2.093680932161987585e+01 3.131444325363736425e+01 2.985759059539122973e+01
3.551857113862392223e-01 7.387384823884081925e+03 1.237819604593278200e+01 1.241193162242689141e+01 2.378118010475100164e+01 2.372914812724593503e+01 3.585032830294403539e+01 3.363640199823748844e+01
3.644113142793883320e-01 6.163210904957522871e+03 1.410387470270143240e+01 1.424873468558871537e+01 2.743233883390712435e+01 2.707197151599666540e+01 4.144791849196735711e+01 3.804577062546195521e+01
3.736369171725373861e-01 5.078295016450319054e+03 1.631464991135635501e+01 1.630928845818561967e+01 3.185986169283660274e+01 3.090075939066719002e+01 4.827508972689611255e+01 4.288896483829103090e+01
3.828625200656864958e-01 4.071700647899830528e+03 1.818521704302611397e+01 1.857787736992213468e+01 3.678977590565818900e+01 3.415454715858822965e+01 5.622088741842026138e+01 4.617262227900710059e+01
3.920881229588355499e-01 3.073119049427204118e+03 1.976091071363543961e+01 1.962581575094509390e+01 4.089372307260782691e+01 3.638661468714053626e+01 6.276317903276185461e+01 4.639167086889801794e+01
4.013137258519846040e-01 2.006062960713660686e+03 1.723314552330521110e+01 1.643378364072759723e+01 3.804682951666791269e+01 2.991718155532657875e+01 5.796764809310116107e+01 3.689213327936340647e+01
4.105393287451337136e-01 9.167363095981094148e+02 5.731051406771030088e+00 6.482074252346137655e+00 1.419972733946690369e+01 1.320099017964025734e+01 1.960197855609339967e+01 1.829663597492276494e+01
4.197649316382827678e-01 5.070089261907474452e+02 7.412890450285942734e+00 6.562533296425101526e+00 1.488054895545138834e+01 1.320606085566134880e+01 2.033936855177586267e+01 2.207606661699196593e+01
4.289905345314318219e-01 1.427586986630379442e+03 4.886209651890976602e+01 4.894689022683473922e+01 9.449885186119149694e+01 9.578129960568298884e+01 1.266332156827272684e+02 1.579357493695422363e+02
4.382161374245809315e-01 2.223732525628395706e+03 4.268266969375235931e+01 4.282862524929305437e+01 8.035149140917928889e+01 8.688236954426474767e+01 1.090497138144082783e+02 1.418030989538447102e+02
4.474417403177299857e-01 2.416478858878882420e+03 2.275123788628980037e+01 2.394291347991247676e+01 4.266441913622020365e+01 4.841491979044985783e+01 5.874787824402255865e+01 7.949552290859628556e+01
4.566673432108790953e-01 2.337934712302670050e+03 1.099352658634916224e+01 1.180171875926635039e+01 2.051234298001372736e+01 2.425845372763660635e+01 2.792346783851735381e+01 3.960623801657538934e+01
4.658929461040280939e-01 2.176452708528683615e+03 4.760512883945011708e+00 5.413861535200339858e+00 8.702709115045763610e+00 1.142191482980206274e+01 1.169411431973185245e+01 1.855151439832343385e+01
4.751185489971772036e-01 1.999101080386821195e+03 1.528223625639157035e+00 1.993008483188305036e+00 2.599484133883834147e+00 4.432062570946300184e+00 3.215346998858649386e+00 7.408839066977861876e+00
4.843441518903262577e-01 1.828361273770678963e+03 7.624117620480319601e-02 2.555224614231974556e-01 8.352566938719974132e-02 7.408853107529012050e-01 8.632589170429127989e-02 1.493708553379292425e+00
4.935697547834753673e-01 1.671443031317103760e+03 9.288979138750619313e-01 1.162030773678452533e+00 1.593483499564626982e+00 2.504181334227496336e+00 2.012096800530571272e+00 3.816653434610316253e+00
5.027953576766244215e-01 1.529527238561228387e+03 1.511668097713936731e+00 1.683715473223855952e+00 2.787389623020544605e+00 3.494637334449635091e+00 3.906297142139464995e+00 5.165162372668646640e+00
5.120209605697735311e-01 1.402111332492934025e+03 1.827020345447863292e+00 1.961596040210224601e+00 3.440523708814680504e+00 4.021736324536050233e+00 4.959076813820956886e+00 5.868806182848857134e+00
5.212465634629225297e-01 1.287947463601199161e+03 1.987420114539872884e+00 2.102275777685008507e+00 3.775534013364222119e+00 4.276733594513871139e+00 5.514870159803194838e+00 6.196474425565838828e+00
5.304721663560716394e-01 1.185633466718363252e+03 2.047969025466272797e+00 2.155253769493810978e+00 3.931667763608857058e+00 4.367124023978703917e+00 5.772110854534048485e+00 6.298579911269371223e+00
5.396977692492206380e-01 1.093814139289452214e+03 2.058420442738679412e+00 2.149823598132115876e+00 3.974898864258420872e+00 4.349430234359033420e+00 5.850033156825020342e+00 6.261178369825756818e+00
5.489233721423698587e-01 1.011263275155491556e+03 2.032436184635457721e+00 2.116367715295609742e+00 3.944237978450473747e+00 4.269491359952667153e+00 5.813227615012465321e+00 6.143979334570872197e+00
5.581489750355188573e-01 9.368813806253493794e+02 1.991057479795244944e+00 2.061185897610812390e+00 3.873211036383963801e+00 4.150762212077779623e+00 5.710994648611631419e+00 5.974710512135402496e+00
5.673745779286679669e-01 8.697145404639231856e+02 1.936421800320431430e+00 1.994436708023044957e+00 3.773963626183785891e+00 4.013949639735301389e+00 5.565406629899030122e+00 5.779909325969470046e+00
5.766001808218169655e-01 8.089264237995882922e+02 1.873017473996355875e+00 1.926528972902474379e+00 3.657227991468744221e+00 3.869242026391361833e+00 5.393540554609785431e+00 5.573584584601690040e+00
5.858257837149661862e-01 7.537872461576253045e+02 1.805687899802705942e+00 1.857193376565419385e+00 3.531462868817811795e+00 3.721210913939899001e+00 5.207961011322595368e+00 5.363214410513251096e+00
5.950513866081151848e-01 7.036643743090980934e+02 1.738344074024098518e+00 1.789869919416219091e+00 3.399634098334331611e+00 3.574956062860792372e+00 5.014346510062182460e+00 5.156075441634015988e+00
6.042769895012642944e-01 6.579998278665668749e+02 1.670776321969810851e+00 1.720974478872221880e+00 3.269962629980454949e+00 3.429587091952726041e+00 4.822584218559313740e+00 4.950617374999751519e+00
6.135025923944132931e-01 6.163140405227889005e+02 1.602941944481585779e+00 1.654517961397004910e+00 3.141262920283338644e+00 3.289789452278682802e+00 4.632608194403474045e+00 4.752197021151800982e+00
6.227281952875624027e-01 5.781835964118279207e+02 1.536841322752138694e+00 1.589960374605652760e+00 3.015867332781908772e+00 3.155369743853498221e+00 4.447461422638298245e+00 4.561031702706486612e+00
6.319537981807114013e-01 5.432378980085136391e+02 1.473375718498346032e+00 1.527612738607444953e+00 2.894814091989701410e+00 3.027640670787263844e+00 4.268618325858824392e+00 4.377554235099864854e+00
6.411794010738606220e-01 5.111514881497809029e+02 1.412686394629986353e+00 1.467676123213777828e+00 2.778524829214802594e+00 2.906383950760584867e+00 4.096751725356170937e+00 4.202089199072986503e+00
6.504050039670096206e-01 4.816376642492769520e+02 1.354812588471190793e+00 1.410044723402563704e+00 2.667194071816084033e+00 2.790625526039832494e+00 3.932182453691325463e+00 4.034699682890334316e+00
6.596306068601587302e-01 4.544432742487322230e+02 1.299726738591743924e+00 1.354716479473495383e+00 2.560508983748661649e+00 2.680313453056271555e+00 3.774994678587233921e+00 3.875278995375595059e+00
6.688562097533077289e-01 4.293442770823169781e+02 1.247358379144202445e+00 1.301727570335003747e+00 2.457928431612231179e+00 2.575315042890281347e+00 3.625114983461912743e+00 3.723611318194286923e+00
6.780818126464568385e-01 4.061419495680175942e+02 1.197610413418260578e+00 1.251288241311840466e+00 2.360368615924642199e+00 2.475446919249577604e+00 3.482366907796063060e+00 3.579413237041876528e+00
6.873074155396059481e-01 3.846590579903195248e+02 1.151132093313322002e+00 1.202718055859065771e+00 2.268215238615141516e+00 2.379473955292780829e+00 3.347090116556444173e+00 3.441780793248256032e+00
6.965330184327550578e-01 3.647388144939229733e+02 1.107509761891265043e+00 1.156487220900089596e+00 2.180672805905544465e+00 2.287916779193153616e+00 3.218424701141145761e+00 3.310950823550399491e+00
7.057586213259040564e-01 3.462408390864556509e+02 1.065897624634601470e+00 1.112578852743240532e+00 2.097418780497605439e+00 2.200963864861364527e+00 3.095972315086896742e+00 3.186671176163372365e+00
7.149842242190531660e-01 3.290394693725746720e+02 1.025972856981127279e+00 1.070960345506250633e+00 2.018237380981418028e+00 2.118360661867654926e+00 2.979434891724451973e+00 3.068583368128145139e+00
7.242098271122021647e-01 3.130220881085580231e+02 9.880043166297696189e-01 1.031765231157862672e+00 1.942914099060828903e+00 2.039860041930296575e+00 2.868512612466304290e+00 2.956338997071270569e+00
7.334354300053513853e-01 2.980875791076929318e+02 9.518844760577280795e-01 9.944678496106007515e-01 1.871239279815483769e+00 1.965224718762442535e+00 2.762909890898356480e+00 2.849603220273593251e+00
7.426610328985003839e-01 2.841449871777556382e+02 9.175098064166604672e-01 9.589617652220567834e-01 1.803010435053749916e+00 1.894228649907120143e+00 2.662339339855009257e+00 2.748056791982946834e+00
7.518866357916494936e-01 2.711123524891404486e+02 8.847582261001889492e-01 9.251454436078461185e-01 1.738033663874716694e+00 1.826657735605579091e+00 2.566524307266774940e+00 2.651397102261626060e+00
7.611122386847984922e-01 2.589156944151775406e+02 8.535585034285304573e-01 8.929225448161446366e-01 1.676124445955565534e+00 1.762310036378551104e+00 2.475200397992352919e+00 2.559338529906085569e+00
7.703378415779476018e-01 2.474881237553485676e+02 8.238347239905579045e-01 8.620638453150490932e-01 1.617107996749524546e+00 1.700995665708319393e+00 2.388116280093100841e+00 2.471612330397022106e+00
7.795634444710966005e-01 2.367690654813337119e+02 7.955017121784351275e-01 8.324851416883802813e-01 1.560819319798866900e+00 1.642536468263159577e+00 2.305033989810311823e+00 2.387966215256369651e+00
7.887890473642458211e-01 2.267035768456603932e+02 7.684794574528837074e-01 8.041838740599303037e-01 1.507103052948906452e+00 1.586765561601055197e+00 2.225728889418661538e+00 2.308163733451664257e+00
7.980146502573948197e-01 2.172417479547976882e+02 7.426929183424704206e-01 7.773682824951606563e-01 1.455813177773620737e+00 1.533526796210480825e+00 2.149989389025932951e+00 2.231983532921475444e+00
8.072402531505439294e-01 2.083381738076265037e+02 7.180717913392982155e-01 7.516954075661033130e-01 1.406812641778856232e+00 1.482674172290842307e+00 2.077616512318371633e+00 2.159218557061933552e+00
8.164658560436929280e-01 1.999514883984485323e+02 6.945220160565952483e-01 7.270128514788325447e-01 1.359972928720708296e+00 1.434071239922928953e+00 2.008423363767008141e+00 2.089675214366110367e+00
8.256914589368421487e-01 1.920439528314853135e+02 6.719574255995155454e-01 7.034044383541413481e-01 1.315173602081841864e+00 1.387590500870203414e+00 1.942234538486275142e+00 2.023172547482573691e+00
8.349170618299911473e-01 1.845813111928210049e+02 6.499433821082618579e-01 6.810309292463330166e-01 1.272081180282071955e+00 1.343333483254582461e+00 1.878664845040475484e+00 1.959762078427246479e+00
8.441426647231402569e-01 1.775317655128265528e+02 6.288722017925181262e-01 6.595535174770361664e-01 1.230850071648433186e+00 1.300928781170426873e+00 1.817820077697092529e+00 1.899025625656946659e+00
8.533682676162892555e-01 1.708664673383088086e+02 6.086572346916625520e-01 6.389435905593643383e-01 1.191342935814361681e+00 1.260310705760986139e+00 1.759517210849708135e+00 1.840853741905476681e+00
8.625938705094383652e-01 1.645589250376746691e+02 5.892530064716652305e-01 6.194722221178210475e-01 1.153462430688250606e+00 1.221382111484473398e+00 1.703620464270130697e+00 1.785108337878909879e+00
8.718194734025873638e-01 1.585848137517318719e+02 5.706162190367933817e-01 6.008315209651016175e-01 1.117126240539079163e+00 1.184052142838851296e+00 1.650002501522010334e+00 1.731660237838838157e+00
8.810450762957365844e-01 1.529217715481455002e+02 5.526981992406376776e-01 5.829452335079281511e-01 1.082252825084992764e+00 1.148235788354924125e+00 1.598543878803184271e+00 1.680388554140535007e+00
8.902706791888855831e-01 1.475492171118958140e+02 5.354708876746201440e-01 5.657837300625772059e-01 1.048765688650036054e+00 1.113957413362157922e+00 1.549132522767507680e+00 1.631180103744100052e+00
8.994962820820346927e-01 1.424480690944624826e+02 5.193369143943016297e-01 5.491830291375094930e-01 1.016710433691656590e+00 1.081280155776568108e+00 1.501780597872283352e+00 1.583811505771507200e+00
9.087218849751836913e-01 1.376008006952408778e+02 5.040416432114511736e-01 5.330524946707271283e-01 9.860533854936477383e-01 1.049744553247762724e+00 1.456422993762402029e+00 1.538149727897547336e+00
9.179474878683329120e-01 1.329912423448747063e+02 4.892817705033110087e-01 5.174354952268060970e-01 9.567470398712316637e-01 1.019269430523110032e+00 1.412982643458690291e+00 1.494085868229802827e+00
9.271730907614816886e-01 1.286045214345901968e+02 4.744458518172791628e-01 5.025843291831790793e-01 9.286717091109721878e-01 9.898537146287509358e-01 1.371312047549338331e+00 1.451592794358262495e+00
9.363986936546309092e-01 1.244267745509106078e+02 4.601471771201346428e-01 4.879981931912880100e-01 9.015271371124953248e-01 9.613949724646460027e-01 1.331374070915430252e+00 1.410543569610808845e+00
9.456242965477800189e-01 1.204453553657731675e+02 4.470147742723611373e-01 4.734030808370732757e-01 8.752004006537390524e-01 9.339931691472003195e-01 1.292937567022292455e+00 1.371015107909826725e+00
9.548498994409290175e-01 1.166485580490545146e+02 4.347090902410144508e-01 4.594873083713224560e-01 8.496724164074578312e-01 9.077606504172166524e-01 1.255766823332919557e+00 1.333098060074902946e+00
9.640755023340780161e-01 1.130254138843561122e+02 4.219120282969583968e-01 4.466008982592768461e-01 8.248451176403648333e-01 8.826970309833797046e-01 1.219746142909556852e+00 1.296771612970815113e+00
9.733011052272271257e-01 1.095654740145414223e+02 4.095025794199216307e-01 4.342601650683945991e-01 8.008870881777312434e-01 8.585415333251944503e-01 1.185025749440711706e+00 1.261757010837285975e+00
9.825267081203763464e-01 1.062590726623352282e+02 3.978865980243142531e-01 4.222104742093790719e-01 7.779118300723126822e-01 8.351014373130141166e-01 1.151693887009557216e+00 1.227844924215361289e+00
9.917523110135253450e-01 1.030974846912561276e+02 3.868816632751190809e-01 4.102387915660443696e-01 7.557474522200493539e-01 8.124725546363578133e-01 1.119560555879502317e+00 1.195111222090559977e+00
1.000977913906674344e+00 1.000725199564606953e+02 3.762667108634332180e-01 3.985502171130121951e-01 7.342950703642401322e-01 7.906793105307485803e-01 1.088509819908253462e+00 1.163564208727308369e+00
1.010203516799823564e+00 9.717648283330345294e+01 3.663001204853202353e-01 3.872438182227568859e-01 7.135208185512027512e-01 7.696641933204091401e-01 1.058491752027947541e+00 1.133152256023720383e+00
1.019429119692972563e+00 9.440254942512420655e+01 3.564093240884460556e-01 3.767048873071701109e-01 6.930345069556835824e-01 7.497719726117111350e-01 1.029101031052604753e+00 1.104184815582655688e+00
1.028654722586121562e+00 9.174362604744155192e+01 3.458818879956737646e-01 3.666302813576436392e-01 6.731908972761431187e-01 7.305853883359105794e-01 1.000678160666438998e+00 1.076230837277748265e+00
1.037880325479270560e+00 8.919319529674518776e+01 3.367999919212110171e-01 3.570914165964325093e-01 6.542069027274521886e-01 7.118281834118675988e-01 9.734266173022803059e-01 1.049001285415727125e+00
1.047105928372419781e+00 8.674557345826649168e+01 3.279927765236152482e-01 3.478230979468150963e-01 6.358706147844088719e-01 6.936561194591917001e-01 9.471218287668534686e-01 1.022639848607809654e+00
1.056331531265569001e+00 8.439546559813325644e+01 3.188213105129165115e-01 3.390118152296395237e-01 6.179555042317730340e-01 6.760553157081119480e-01 9.215253308979498570e-01 9.973084941901788625e-01
1.065557134158718000e+00 8.213775233595529812e+01 3.097962462863819155e-01 3.308511794364505931e-01 6.004055256468916468e-01 6.582762051807833359e-01 8.965698311279624022e-01 9.730021365863024130e-01
1.074782737051866999e+00 7.996766121841568520e+01 3.013476065710989360e-01 3.230078588761955416e-01 5.831379583990923265e-01 6.412938692582486055e-01 8.721620118113406761e-01 9.497455851525700155e-01
1.084008339945015997e+00 7.788044160801580063e+01 2.925783699064368193e-01 3.160782675987263701e-01 5.663448489084572657e-01 6.248695731601685566e-01 8.484839378496218387e-01 9.272919054908470571e-01
1.093233942838165218e+00 7.587180392578775923e+01 2.840685633895247975e-01 3.097000738807054177e-01 5.500320165979957210e-01 6.089531002197219323e-01 8.255320308594775724e-01 9.055832306107163276e-01
1.102459545731314217e+00 7.393752003954554652e+01 2.763814622734201976e-01 3.024318941057799748e-01 5.348972688229451933e-01 5.933030057994272966e-01 8.034966392426952098e-01 8.843709913042658854e-01
1.111685148624463215e+00 7.207352437096534459e+01 2.695504072722201272e-01 2.940704917526915096e-01 5.210764504172828993e-01 5.776060217205554181e-01 7.826424694341227450e-01 8.633352992649889757e-01
1.120910751517612436e+00 7.027664146994931116e+01 2.630672860561560356e-01 2.865609209311088534e-01 5.078121554985699504e-01 5.622215044348450874e-01 7.625639841345304148e-01 8.428293760217684394e-01
1.130136354410761435e+00 6.854389768629994251e+01 2.565459251021167120e-01 2.794925458969288457e-01 4.947096174417993097e-01 5.475086878546591151e-01 7.428580057023310701e-01 8.232067884476776953e-01
1.139361957303910433e+00 6.687148523704937020e+01 2.506224972240289617e-01 2.722030463048525917e-01 4.818807036482866124e-01 5.333345878395761019e-01 7.241451070114806043e-01 8.037999075121859960e-01
1.148587560197059654e+00 6.525681036210308150e+01 2.446566188886549753e-01 2.654530720923133913e-01 4.691900903052612648e-01 5.208217602148437209e-01 7.060079888246235669e-01 7.849813902248854447e-01
1.157813163090208652e+00 6.369751427759013040e+01 2.376853200456920945e-01 2.593047246143385109e-01 4.563936998730611094e-01 5.091548366568119377e-01 6.879580359121888478e-01 7.671974915382619997e-01
1.167038765983357873e+00 6.219052875992127127e+01 2.307839806165929986e-01 2.533949493023186506e-01 4.438701503900546186e-01 4.979271707772667810e-01 6.703681293733509960e-01 7.500351277269245998e-01
1.176264368876506872e+00 6.073310104602729353e+01 2.242287944448548842e-01 2.474446286578597665e-01 4.318234494303112569e-01 4.869079950078116781e-01 6.534369480809303354e-01 7.332574572358794285e-01
1.185489971769655870e+00 5.932305657337545313e+01 2.177398352916313229e-01 2.416698061634647843e-01 4.200101961591897748e-01 4.763105937200720064e-01 6.369161612096476688e-01 7.170765758510739829e-01
1.194715574662805091e+00 5.795814951905734347e+01 2.114070764667275171e-01 2.356887306793424841e-01 4.083796452390018317e-01 4.661604146253210956e-01 6.207504845942040106e-01 7.015133521072201006e-01
1.203941177555954090e+00 5.663581855635911921e+01 2.055894023486075639e-01 2.300131688823014997e-01 3.972801927537474853e-01 4.560617532129498386e-01 6.053131205065938047e-01 6.861618817755115174e-01
1.213166780449103088e+00 5.535482187433913026e+01 1.997839542692076975e-01 2.244358779823514283e-01 3.858794190147989411e-01 4.468298287025405102e-01 5.897624789120641253e-01 6.718326614819005727e-01
1.222392383342252087e+00 5.411261784344794989e+01 1.941327923812892209e-01 2.187100822649270526e-01 3.747588621541666498e-01 4.378743745018951472e-01 5.746537460790293039e-01 6.579409132435074525e-01
1.231617986235401307e+00 5.290699657462969441e+01 1.889581686782548786e-01 2.127430567695327568e-01 3.642345122564520921e-01 4.288479827340054840e-01 5.603000073482959920e-01 6.441453501527902858e-01
1.240843589128550528e+00 5.173622941330376079e+01 1.841833513313986259e-01 2.066280212891840051e-01 3.542234642821924240e-01 4.189657502756674035e-01 5.466158424501799118e-01 6.305044609928884825e-01
1.250069192021699527e+00 5.059912550505993067e+01 1.793566633754224426e-01 2.008915354053755209e-01 3.442133121727906087e-01 4.083712561102785799e-01 5.330542224590431033e-01 6.175394796742708081e-01
1.259294794914848525e+00 4.949393856406648240e+01 1.748925124668190278e-01 1.958099430500652716e-01 3.342954285759915933e-01 3.981578465141168977e-01 5.196935504973723141e-01 6.051471907026808594e-01
1.268520397807997524e+00 4.841764299476490407e+01 1.725110535621681151e-01 1.903946407743006830e-01 3.258504759856251098e-01 3.869109367171503777e-01 5.079556776450502298e-01 5.918817302514298717e-01
1.277746000701146745e+00 4.737156398081329201e+01 1.679331549183089578e-01 1.865746773058063468e-01 3.159754220288917281e-01 3.774776088610281022e-01 4.949702737342676073e-01 5.805899909712977092e-01
1.286971603594295521e+00 4.635172293427424961e+01 1.645822399707910222e-01 1.809159116104552822e-01 3.088618481759723977e-01 3.684191266845147084e-01 4.832241693682419736e-01 5.687619975102293779e-01
1.296197206487444742e+00 4.535807940061242505e+01 1.598259609005054926e-01 1.756035708256860062e-01 3.009200039225063961e-01 3.588262929447623151e-01 4.713146047627816415e-01 5.577772940710801208e-01
1.305422809380593963e+00 4.438863670831430852e+01 1.551754643119664934e-01 1.715249115028711913e-01 2.915869874848411314e-01 3.508758487450052144e-01 4.598391587312917750e-01 5.470145385345901445e-01
1.314648412273742961e+00 4.344242458655562444e+01 1.506108513094588375e-01 1.670713553184128841e-01 2.820553699767742728e-01 3.453977121353659641e-01 4.484092411629205799e-01 5.368373745851755530e-01
1.323874015166892182e+00 4.251727783172475483e+01 1.472550545089461593e-01 1.639279836609830454e-01 2.745565897790953613e-01 3.395317433848532573e-01 4.378682400618956194e-01 5.263754266407616456e-01
1.333099618060040958e+00 4.161182996888209118e+01 1.437079117589306065e-01 1.580353729155632436e-01 2.654813649612108861e-01 3.323987234729841589e-01 4.282956448824322138e-01 5.155190040219750358e-01
1.342325220953190179e+00 4.072604385461036713e+01 1.403033001791058609e-01 1.523357605182837915e-01 2.575035581015185926e-01 3.238514929200349002e-01 4.184756102236235620e-01 5.054489175097245379e-01
1.351550823846339400e+00 3.985798844117660167e+01 1.357021614498137296e-01 1.469318761989910627e-01 2.533595921543110308e-01 3.151268273728362601e-01 4.091213647615106197e-01 4.954098093806962311e-01
1.360776426739488176e+00 3.900726474560810431e+01 1.316014549270860812e-01 1.438145482061443658e-01 2.488316061449751260e-01 3.073280837105514252e-01 3.994533714979553451e-01 4.861288041420195327e-01
1.370002029632637397e+00 3.817182549586630103e+01 1.290407257230654636e-01 1.410740657147755428e-01 2.438387569234450325e-01 3.002496607387072913e-01 3.903882145486363697e-01 4.766220760481445495e-01
1.379227632525786396e+00 3.735132150028359632e+01 1.240990416456710932e-01 1.370750646912881621e-01 2.378452043854437647e-01 2.934135795433334692e-01 3.812073848309154300e-01 4.675195118452037946e-01
1.388453235418935616e+00 3.654339572904596878e+01 1.211597845843783716e-01 1.316337430889547022e-01 2.331818628255888370e-01 2.853238129102706466e-01 3.732884037634747187e-01 4.573240331158956451e-01
1.397678838312084837e+00 3.575032713093549575e+01 1.166435878293867745e-01 1.281648874274949890e-01 2.285574614111425262e-01 2.794243337695618834e-01 3.635016117502729571e-01 4.490006996244702009e-01
1.406904441205233613e+00 3.497041308051393571e+01 1.113362902229440010e-01 1.257940300885351803e-01 2.230559523613777628e-01 2.755527927557963608e-01 3.528921755731815324e-01 4.412735858120768739e-01
1.416130044098382834e+00 3.420182877677761724e+01 1.065900818295020258e-01 1.227150216096077884e-01 2.125423740777634407e-01 2.698380691233737139e-01 3.429225192589839821e-01 4.323512834340945687e-01
1.425355646991532055e+00 3.344470126256733522e+01 1.041861360429905403e-01 1.190355241192122548e-01 2.038381194480507475e-01 2.599059253748379206e-01 3.335594897226883404e-01 4.217902785433977897e-01
1.434581249884680831e+00 3.269981999032751929e+01 1.003283921372144505e-01 1.134637909037650161e-01 1.974356498835376783e-01 2.490502413629371858e-01 3.248206475947981176e-01 4.088711124437338640e-01
1.443806852777830052e+00 3.197069778465061063e+01 9.665577700436500663e-02 1.073376182917868960e-01 1.899221002098769873e-01 2.368490307067681044e-01 3.151269090679136298e-01 3.941220316867344309e-01
1.453032455670979051e+00 3.126173771864386097e+01 9.213556843002379537e-02 1.008579042487411925e-01 1.812618564633261542e-01 2.248327577216109319e-01 3.038106688574444547e-01 3.766100406023547009e-01
1.462258058564128271e+00 3.058047035160581117e+01 8.636876571521767687e-02 9.326571046659282160e-02 1.750159916936588900e-01 2.110990469895597244e-01 2.899976292623520635e-01 3.547275792693760366e-01
1.471483661457277492e+00 2.993859295856474745e+01 8.050251403396657679e-02 8.321175391560942103e-02 1.634005676151453201e-01 1.920799636158250223e-01 2.734550390317700419e-01 3.247895758392189691e-01
1.480709264350426269e+00 2.935770812752375747e+01 7.485683085148409077e-02 7.116952078117222413e-02 1.508414567205669243e-01 1.645357118848238542e-01 2.520916318958015268e-01 2.825997607433556880e-01
1.489934867243575489e+00 2.887537774513709365e+01 6.578393219048095375e-02 5.666070591133021139e-02 1.349481864874277903e-01 1.253936427208088844e-01 2.215382910673362460e-01 2.223179378114430449e-01
1.499160470136724488e+00 2.855576919834413729e+01 5.609325332518011464e-02 4.303346450439349269e-02 1.114703213102252732e-01 9.317907272839320854e-02 1.743397874768284339e-01 1.594873365689792877e-01
1.508386073029873486e+00 2.850856370739660406e+01 4.190605743353614798e-02 3.866120523987603974e-02 7.995425643961340256e-02 8.545992188036066750e-02 1.162656776394364044e-01 1.325004181526345803e-01
1.517611675923022485e+00 2.889650627841220754e+01 6.716866059236892283e-02 5.667187913838844793e-02 1.633381160669777898e-01 1.214055002423215512e-01 2.473297365337714382e-01 1.491324422752100531e-01
1.526837278816171706e+00 2.998158681873405129e+01 1.424103380454937451e-01 9.841982646057445550e-02 3.433805989841758333e-01 1.722539056166425553e-01 4.823057108191939335e-01 2.167803741828500108e-01
1.536062881709320926e+00 3.201926241206581381e+01 2.288200708645717896e-01 1.499839685825996582e-01 5.445984506511791778e-01 2.643123386130170616e-01 7.508481712865275881e-01 3.396028237719832532e-01
1.545288484602469925e+00 3.466422982936551023e+01 2.461211891296315457e-01 1.640944908146693137e-01 5.470808326745810746e-01 3.108239313173015717e-01 7.380972494162847397e-01 4.039559902240057454e-01
1.554514087495618924e+00 3.564305371263311173e+01 8.712890587191424174e-02 8.675712324789941476e-02 1.498448050957961186e-01 1.633973904474004257e-01 1.856286868163721238e-01 2.191407130603408859e-01
1.563739690388767922e+00 3.152232739340813339e+01 6.629195427564127385e-02 8.071572284567096744e-02 1.251412850151254474e-01 2.536194189275384758e-01 1.742609110170931785e-01 3.768838477437057577e-01
1.572965293281917143e+00 2.297979017839178084e+01 5.183639758151059596e-02 6.609810383712400039e-02 9.906646834765098220e-02 1.667624445853590487e-01 1.428236894663470480e-01 2.410021301698002105e-01
1.582190896175066142e+00 1.434311072845145674e+01 6.948777506084269362e-02 8.965124549859027070e-02 1.803765473203640113e-01 2.071740646990978263e-01 2.446083317964653503e-01 3.768869342773424336e-01
1.591416499068215140e+00 1.014417943064399097e+01 1.382077135420640701e-01 1.279307933899502814e-01 3.623137731464645128e-01 2.711882304162873680e-01 5.165827602210857350e-01 4.488113679806566836e-01
1.600642101961364361e+00 1.474661948796446609e+01 7.778845632293318602e-02 7.374699963322228768e-02 1.623899167615778794e-01 1.291507966199443302e-01 2.209447322022395355e-01 1.611872439187163053e-01
1.609867704854513359e+00 2.565563548991506337e+01 3.157818014146016594e-01 2.875028038814768649e-01 6.219900336630210802e-01 5.052453018377818239e-01 8.660907365490224663e-01 6.539091417250411098e-01
1.619093307747662580e+00 3.425154152734674540e+01 4.791818561006238042e-01 4.645110023337650773e-01 9.217258117056204014e-01 8.340112643151726957e-01 1.316946969715708349e+00 1.168632340052653262e+00
1.628318910640811579e+00 3.793464396344452894e+01 4.793496280539244481e-01 4.784106094835536283e-01 9.051231819449725435e-01 8.354121315900400191e-01 1.275965505823990043e+00 1.163755413990401166e+00
1.637544513533960577e+00 3.863728021747920138e+01 4.226125070608688361e-01 4.246129173967361226e-01 7.870392943166635291e-01 7.377255412604029061e-01 1.081031925348128198e+00 9.818708766023647172e-01
1.646770116427109798e+00 3.806352696143414960e+01 3.538188044722474501e-01 3.606180744780189684e-01 6.586266829608575790e-01 6.099709279526805972e-01 8.895774248581460597e-01 8.087115748220909950e-01
1.655995719320258575e+00 3.703809592736859457e+01 3.060004487545455731e-01 3.153017551622880887e-01 5.527336758850225351e-01 5.152914333300273597e-01 7.397341284020981789e-01 7.002850120262564815e-01
1.665221322213407795e+00 3.590045495782166540e+01 2.675857282419613625e-01 2.691273847873674185e-01 4.816625276436141689e-01 4.448792868671702649e-01 6.320094674068741369e-01 6.089556548571479766e-01
1.674446925106557016e+00 3.478689026200169820e+01 2.337432024180969847e-01 2.332460802027824798e-01 4.252573107613812908e-01 3.930743808122088012e-01 5.490753892492037380e-01 5.365899310197761451e-01
1.683672527999706015e+00 3.374480827139786498e+01 2.090486721238278278e-01 2.073594115421926176e-01 3.785812761094291545e-01 3.523935784348708466e-01 4.843802639768597373e-01 4.805617529357988360e-01
1.692898130892855235e+00 3.278292076616797601e+01 1.893830881193352411e-01 1.859442136341229457e-01 3.414525383552486915e-01 3.192253783670722100e-01 4.348841542994321685e-01 4.346952601675155847e-01
1.702123733786004012e+00 3.189878960849605249e+01 1.720494191190553579e-01 1.668780674847312184e-01 3.120429446854728894e-01 2.901349668395845072e-01 3.930022021649790531e-01 3.960085012157534834e-01
1.711349336679153232e+00 3.108807431232143870e+01 1.571326909716006526e-01 1.529706935923726974e-01 2.862191446991140253e-01 2.656993847999657987e-01 3.573704962960917442e-01 3.617748803707243610e-01
1.720574939572302453e+00 3.034087451417628856e+01 1.449739062920940569e-01 1.416563453635895087e-01 2.640335068050916334e-01 2.461724862298773076e-01 3.282687489201983055e-01 3.325381256389654538e-01
1.729800542465451230e+00 2.964947953528361424e+01 1.349303004410344897e-01 1.320973925355097833e-01 2.454830211326388678e-01 2.292033138303857243e-01 3.046181396931721963e-01 3.077827365005312288e-01
1.739026145358600450e+00 2.900743372902726946e+01 1.265157810671553307e-01 1.235978313099153070e-01 2.297007677804216996e-01 2.147166638392263849e-01 2.848318150474469235e-01 2.881593940661666409e-01
1.748251748251749449e+00 2.840833375708911746e+01 1.190797214447485430e-01 1.163344543978688250e-01 2.159469126597741706e-01 2.014422975306615626e-01 2.675743721134153930e-01 2.715553505087342501e-01
1.757477351144898670e+00 2.784743536204138792e+01 1.121584325046036668e-01 1.096019499702229894e-01 2.032345519468137240e-01 1.901555719223502194e-01 2.519185233941279023e-01 2.572079205841930616e-01
1.766702954038047890e+00 2.731967372137010130e+01 1.062114674147416338e-01 1.033360594980656799e-01 1.923598582526935274e-01 1.806923095481671737e-01 2.381365453363457618e-01 2.441621661890138739e-01
1.775928556931196667e+00 2.682147812385553109e+01 1.009060859543815525e-01 9.793669778315816643e-02 1.825857970368502947e-01 1.720666919259699057e-01 2.257486368800591947e-01 2.323642993857042427e-01
1.785154159824345887e+00 2.634971903325757125e+01 9.605699549413060367e-02 9.320738382768212205e-02 1.736610008017827056e-01 1.640566983797775436e-01 2.144526755381477301e-01 2.216945634671141363e-01
1.794379762717494886e+00 2.590167725048180358e+01 9.155909219944646793e-02 8.892378128690481276e-02 1.652885357649118703e-01 1.567530319972334496e-01 2.040497332887625248e-01 2.120147215893517512e-01
1.803605365610643885e+00 2.547500354906024711e+01 8.739540457682792862e-02 8.512510843074494460e-02 1.575290852505304429e-01 1.501271006083975124e-01 1.943966123574085714e-01 2.031957845657856865e-01
1.812830968503793105e+00 2.506758586769829833e+01 8.355463975138732735e-02 8.161405198451987530e-02 1.503799429345775707e-01 1.440077424566794662e-01 1.854663217424352695e-01 1.950429364422632261e-01
1.822056571396942104e+00 2.467767457269679454e+01 7.998189289881807440e-02 7.827527554724511560e-02 1.437536337672860043e-01 1.383275775343868474e-01 1.771635855980235874e-01 1.874691070060698905e-01
1.831282174290091325e+00 2.430374933125225922e+01 7.664186027639274812e-02 7.494819721272349966e-02 1.375788317186703580e-01 1.330308285660244394e-01 1.694095540031774760e-01 1.804020054661741312e-01
1.840507777183240323e+00 2.394448285800202569e+01 7.350353839388645838e-02 7.200096145152201643e-02 1.317958231309113160e-01 1.280709737836573936e-01 1.621384542322239497e-01 1.737811634460442178e-01
