9.225602893149067790e-04 1.366261248803061394e-03 8.933907428861358364e-05 1.057055755313081498e-04 1.796983136826740737e-04 2.420255673690324943e-04 2.315211176687440465e-04 3.424383583003304081e-04
1.014816318246397446e-02 1.394220794942428992e-03 9.012545020773820442e-05 1.064925515210737340e-04 1.794422559880776667e-04 2.430557303517392066e-04 2.311168609764034133e-04 3.423799855324014246e-04
1.937376607561304073e-02 1.424480043646522698e-03 9.007620456741305404e-05 1.089331957133887144e-04 1.786657429084573517e-04 2.434381482759864421e-04 2.301411950476669327e-04 3.429265032281903630e-04
2.859936896876210874e-02 1.456388900840488226e-03 9.029635033261092063e-05 1.100856616246522011e-04 1.781138119872056978e-04 2.423345377001642070e-04 2.306596319703955317e-04 3.454419680719317959e-04
3.782497186191117328e-02 1.490720489929390092e-03 9.099827219116686169e-05 1.119044139835910241e-04 1.795714089853051552e-04 2.432872490776569543e-04 2.327922815191459972e-04 3.491054872919593325e-04
4.705057475506025516e-02 1.525316301038189687e-03 9.321009570271402041e-05 1.123142212953673075e-04 1.832033786237777847e-04 2.426955475235666529e-04 2.370759444981420262e-04 3.510263676943282691e-04
5.627617764820931623e-02 1.563750946717646587e-03 9.361165973371986596e-05 1.136559267251562987e-04 1.856029629871173373e-04 2.461411882379888495e-04 2.401773179307765960e-04 3.545815179783907284e-04
6.550178054135838424e-02 1.604400621606949908e-03 9.650101195689134506e-05 1.159706246379932013e-04 1.898532522444835741e-04 2.480236365548103752e-04 2.439757400209399338e-04 3.579345506544945148e-04
7.472738343450743836e-02 1.649159051052960772e-03 9.645732727420652970e-05 1.204124369463344460e-04 1.938306708103168866e-04 2.513115518135542077e-04 2.478108845060530366e-04 3.627411571101345558e-04
8.395298632765652025e-02 1.696062994254999212e-03 9.889629671552780874e-05 1.226235753259586215e-04 1.991620312747817163e-04 2.550811182277933249e-04 2.530550447724599049e-04 3.667697690111460743e-04
9.317858922080557438e-02 1.746269711123309490e-03 1.018606216560344335e-04 1.246602430059284925e-04 2.051574024755137195e-04 2.567331089579965794e-04 2.589259288962924774e-04 3.708657877060574527e-04
1.024041921139546424e-01 1.800449867364837912e-03 1.022503877971525903e-04 1.261134849213653951e-04 2.115667245385327404e-04 2.593142541946228882e-04 2.651679851116165929e-04 3.753351669268803828e-04
1.116297950071036965e-01 1.859510626387464449e-03 1.040458688037065871e-04 1.292273951147724850e-04 2.174754677924731205e-04 2.619244346113195569e-04 2.736573476191301625e-04 3.806569764491596428e-04
1.208553979002527506e-01 1.922575430899034704e-03 1.069281061307147344e-04 1.317381373699411107e-04 2.212711778379263406e-04 2.642018863237877331e-04 2.848666923350080555e-04 3.854832711192367027e-04
1.300810007934018186e-01 1.991284534029704421e-03 1.095223513837709564e-04 1.349558296040540440e-04 2.256270457178534937e-04 2.676498656617278590e-04 2.967891124109889311e-04 3.909160285991454542e-04
1.393066036865509005e-01 2.065118046074852602e-03 1.128746157639218435e-04 1.344937624979411581e-04 2.306554208231456106e-04 2.699858868733368521e-04 3.107496602332351920e-04 3.957923555805995322e-04
1.485322065796999824e-01 2.148516081943756956e-03 1.153224196365361907e-04 1.389344213045501202e-04 2.374569330597514627e-04 2.744598812260547020e-04 3.232711798763919682e-04 4.033749784319153129e-04
1.577578094728490643e-01 2.238641306564366322e-03 1.202189641839042193e-04 1.417983836031178578e-04 2.465918522878132388e-04 2.772364001467414116e-04 3.382450254558284561e-04 4.091864661077775599e-04
1.669834123659981462e-01 2.339202362880189734e-03 1.261148583814619174e-04 1.472422936981596618e-04 2.550096638258172836e-04 2.850300531121148853e-04 3.532778725585639622e-04 4.169307707730556586e-04
1.762090152591472003e-01 2.449300404043576115e-03 1.315798190558614862e-04 1.513479285324731589e-04 2.617981262228999059e-04 2.937465383234488629e-04 3.707774642300815451e-04 4.244683036079346938e-04
1.854346181522962822e-01 2.571376391867500472e-03 1.361548083857726937e-04 1.570983677021439533e-04 2.698310110168175568e-04 3.024738100637631814e-04 3.901353931281374698e-04 4.327405367294404406e-04
1.946602210454453641e-01 2.707302620584889005e-03 1.416685938194195936e-04 1.649927051387591048e-04 2.838975735800657908e-04 3.168307964276475056e-04 4.116187222823054596e-04 4.418505037609805550e-04
2.038858239385944460e-01 2.861102269498694978e-03 1.451844149872472817e-04 1.744148967783901681e-04 2.982613718213789934e-04 3.363206002531915310e-04 4.338144397788615790e-04 4.536670820922445065e-04
2.131114268317435001e-01 3.030514858479125238e-03 1.538537938784081266e-04 1.777290214856892640e-04 3.206551301289045988e-04 3.419954569924988502e-04 4.621708832137161674e-04 4.694785816812172517e-04
2.223370297248925820e-01 3.221130864844143349e-03 1.650113814698917630e-04 1.822546881969436261e-04 3.407825720765562429e-04 3.569120208229432240e-04 4.949684053344250226e-04 4.879716700706905781e-04
2.315626326180416361e-01 3.440943958766802188e-03 1.755986432579316296e-04 1.956296959116877662e-04 3.571535125807289747e-04 3.774383350126256191e-04 5.319629762719777291e-04 5.128917086959249895e-04
2.407882355111907180e-01 3.689848342016853553e-03 1.926115316448770778e-04 2.073991184753458915e-04 3.855308504924089517e-04 3.972222778063656118e-04 5.704990090648312702e-04 5.527274486472368020e-04
2.500138384043397721e-01 3.981660150513899668e-03 2.051898456556632694e-04 2.259751733309370639e-04 4.114581332696383431e-04 4.259345474054180777e-04 6.130782250944625741e-04 6.199880316223658865e-04
2.592394412974888818e-01 4.315594833046399945e-03 2.257477375198577857e-04 2.387536130507763449e-04 4.443530771897352682e-04 4.584840379824820650e-04 6.670753253417609566e-04 6.921170586062859627e-04
2.684650441906379359e-01 4.711388428276268997e-03 2.452542803854486711e-04 2.653697552367296000e-04 4.922241958918499236e-04 5.031609881779074492e-04 7.224727096970459672e-04 7.268316343654098594e-04
2.776906470837869900e-01 5.174372279533418981e-03 2.733364999692967576e-04 2.881695779078045222e-04 5.438135382274484828e-04 5.500964598505551223e-04 7.990215833238037760e-04 7.773753719916356997e-04
2.869162499769360997e-01 5.729785186017957374e-03 3.080320477469268223e-04 3.159767762119479462e-04 5.928166937448917442e-04 6.177505540575743692e-04 8.845366047223026176e-04 8.608387971099050462e-04
2.961418528700851538e-01 6.392125434674848436e-03 3.537334438086263064e-04 3.456299010067128905e-04 6.769545117204789353e-04 6.952835190092735915e-04 9.969930043841335188e-04 9.571088570641383270e-04
3.053674557632342079e-01 7.210234597536228224e-03 4.042821508847601469e-04 3.921575638508026027e-04 7.695017799752429388e-04 7.688849197533178387e-04 1.134987081622042954e-03 1.084939723026215330e-03
3.145930586563833176e-01 8.231698306648684710e-03 4.680305669801584911e-04 4.491245434464496977e-04 8.897909377601712771e-04 8.974046618636143460e-04 1.327489344987650699e-03 1.310182053120662396e-03
3.238186615495323717e-01 9.527629321425213835e-03 5.588851631001430509e-04 5.162931236630270010e-04 1.053036945810983602e-03 1.043086201441858346e-03 1.580920926433979426e-03 1.602305162393938623e-03
3.330442644426814813e-01 1.119815343232794663e-02 6.790801172862209745e-04 6.021680586198278895e-04 1.273011380332526865e-03 1.236789705252205884e-03 1.952160525844614039e-03 1.980929696812423063e-03
3.422698673358305355e-01 1.343013509715003904e-02 8.402785810566401614e-04 7.366552991126106703e-04 1.547983996812895419e-03 1.516108090142376588e-03 2.351801550949389127e-03 2.509622462422455777e-03
3.514954702289795896e-01 1.649737661270486017e-02 1.022130919512632269e-03 9.395189975257029619e-04 1.937759193836291471e-03 1.898560175860923571e-03 2.939573258169958514e-03 3.265465135429719903e-03
3.607210731221286992e-01 2.084932065066974829e-02 1.319738743123907015e-03 1.237396145412242993e-03 2.465704921193447030e-03 2.503440258937075780e-03 3.810073018543143342e-03 4.371163202652697533e-03
3.699466760152777534e-01 2.730079416823873867e-02 1.813754709459092923e-03 1.662095913982478829e-03 3.426006830100008366e-03 3.381725074894408739e-03 5.144188770884405848e-03 6.070895521415566737e-03
3.791722789084268630e-01 3.744868329603069645e-02 2.574654590577485358e-03 2.405591868670182987e-03 4.832154424905157897e-03 4.861335413389254734e-03 7.257282417949428854e-03 8.911681754892430973e-03
3.883978818015759171e-01 5.432951365960519974e-02 3.917281464946270608e-03 3.676293635186518582e-03 7.350915285478223926e-03 7.436342239634345652e-03 1.100173811268582991e-02 1.391111350543068614e-02
3.976234846947249713e-01 8.439183031659699963e-02 6.525700208214885167e-03 6.180213486288943514e-03 1.264886954886947079e-02 1.246270110623971805e-02 1.832599198130917262e-02 2.364345157549185145e-02
4.068490875878740809e-01 1.382551720110277160e-01 1.207403982966701039e-02 1.167761439324724315e-02 2.397553762562512625e-02 2.304796790567011089e-02 3.312313542948411293e-02 4.289432274745856588e-02
4.160746904810231350e-01 2.113741185928819655e-01 2.077508524662446954e-02 1.962663931968047781e-02 4.243428080163746952e-02 3.942941384464584975e-02 5.554042444373363807e-02 7.107139248586630265e-02
4.253002933741722447e-01 2.209875643501305609e-01 2.073311021296211920e-02 2.016008246170467033e-02 4.202684721076133112e-02 4.029710485142634635e-02 5.664766911162044671e-02 7.222773813733887605e-02
4.345258962673212988e-01 1.462962885618145636e-01 1.202333705124966623e-02 1.160893888643774186e-02 2.436785712995706565e-02 2.373910154806876949e-02 3.248424905660884932e-02 4.254588418059469801e-02
4.437514991604703529e-01 8.435668959225434138e-02 6.273193153938455557e-03 6.355846676183343757e-03 1.237708876044339712e-02 1.244433824173139802e-02 1.765464423558241180e-02 2.291576847610448525e-02
4.529771020536194626e-01 5.046674338450109210e-02 3.658301751901724130e-03 3.680862750833437114e-03 7.223603128726358014e-03 7.368743258743239155e-03 1.046552508419973382e-02 1.352164786786837214e-02
4.622027049467684612e-01 3.229602619460041762e-02 2.366438047689801982e-03 2.355225689366708536e-03 4.668569579630230115e-03 4.727113683725268911e-03 6.746781976971212569e-03 8.756275757976279828e-03
4.714283078399175708e-01 2.195385337628254913e-02 1.652107973061152368e-03 1.632453833580269770e-03 3.251846271415483047e-03 3.261572414948715054e-03 4.648622072538469846e-03 6.086938538262937765e-03
4.806539107330666249e-01 1.566636469835984424e-02 1.217565133282950962e-03 1.203040765392517433e-03 2.421103917310898218e-03 2.379179012461036039e-03 3.368059389261577469e-03 4.460854738592480787e-03
4.898795136262157346e-01 1.162041383621872405e-02 9.314605400424624121e-04 9.097699179493202309e-04 1.866977330068823535e-03 1.826305529017699728e-03 2.537998562514265713e-03 3.404773897640909347e-03
4.991051165193647332e-01 8.883474783515248052e-03 7.422105021018983451e-04 7.192787701863715549e-04 1.517283891943790874e-03 1.433874200848055114e-03 1.994061389268610499e-03 2.675565315386620006e-03
5.083307194125139539e-01 6.955789219724001562e-03 6.022962637808144601e-04 5.748109515805342393e-04 1.231957715037821158e-03 1.145159353457168676e-03 1.624059802864967830e-03 2.148334937518041506e-03
5.175563223056629525e-01 5.559373942761198367e-03 4.994602685638466905e-04 4.661929765278358465e-04 1.025365259703707628e-03 9.448446152899997452e-04 1.339821838135198118e-03 1.760106663924018190e-03
5.267819251988120621e-01 4.525008573613764629e-03 4.217444005793821032e-04 3.923215996597777255e-04 8.585638025532587800e-04 7.991240427990139138e-04 1.117961572668400329e-03 1.470989110237032847e-03
5.360075280919610607e-01 3.734255885549216981e-03 3.601750750827194605e-04 3.342171625897545281e-04 7.310556008434387909e-04 6.810197290885015332e-04 9.489918264018572594e-04 1.243526922990290540e-03
5.452331309851101704e-01 3.124431189189903323e-03 3.076153305228055378e-04 2.908412846868552691e-04 6.257349092745200132e-04 5.851146574780458250e-04 8.116703404035048759e-04 1.067674569944911372e-03
5.544587338782591690e-01 2.639411369804488608e-03 2.669578391636144230e-04 2.503472867449833827e-04 5.442565867346455845e-04 5.038339447300155434e-04 7.044744936703763519e-04 9.203667736774575388e-04
5.636843367714083897e-01 2.249354900865050376e-03 2.356698898255214086e-04 2.152720917521591150e-04 4.785921005803993843e-04 4.381502175743244402e-04 6.182496820675885754e-04 7.966685413915680202e-04
5.729099396645573883e-01 1.933922573776669651e-03 2.108639968960612961e-04 1.904548531942724509e-04 4.236202799758523839e-04 3.843428454092603658e-04 5.457542175449120632e-04 6.958621525608949063e-04
5.821355425577064979e-01 1.676400382576959461e-03 1.900419423029569687e-04 1.702195738558444534e-04 3.791279641314148317e-04 3.407859500903726111e-04 4.837263139645716498e-04 6.132065859969660498e-04
5.913611454508554965e-01 1.460113888514670121e-03 1.719498205433628735e-04 1.503426479433169795e-04 3.409131876813311767e-04 3.028323013933285381e-04 4.341512689119502409e-04 5.407784080129762749e-04
6.005867483440046062e-01 1.282139866112227359e-03 1.538716234433239616e-04 1.358786455293019713e-04 3.024068637907280366e-04 2.717171832836234001e-04 3.922122873393691679e-04 4.821830109793696093e-04
6.098123512371537158e-01 1.131054866576845265e-03 1.402591925926653400e-04 1.230802110695474946e-04 2.712335685044367332e-04 2.446565223697992142e-04 3.600038087136819744e-04 4.309327043638489039e-04
6.190379541303028255e-01 1.003291779954390041e-03 1.268710815124664531e-04 1.125815325397999623e-04 2.484049502635781413e-04 2.209858705508395719e-04 3.310235246376783038e-04 3.872375566436926392e-04
6.282635570234518241e-01 8.933723035572674548e-04 1.154649997913631066e-04 1.021595769998714888e-04 2.267602863553086099e-04 2.002151920031909138e-04 3.060082447788168734e-04 3.485536383952464240e-04
6.374891599166009337e-01 7.992646743170790050e-04 1.054336943719706666e-04 9.380219956679649966e-05 2.073199333311171160e-04 1.835190747969671658e-04 2.832537518651842817e-04 3.151413250214848342e-04
6.467147628097499323e-01 7.185420937367776369e-04 9.582882344058227253e-05 8.644426458044281517e-05 1.889987981384973594e-04 1.680789794683122283e-04 2.612267183675991665e-04 2.864070765040716026e-04
6.559403657028991530e-01 6.471167783324315893e-04 8.862239430453217395e-05 7.853974378495395727e-05 1.718843078021713069e-04 1.532521422991666880e-04 2.400090153945979351e-04 2.597145039941157292e-04
6.651659685960481516e-01 5.848610767246696911e-04 8.276782913508619333e-05 7.182423705190204254e-05 1.586014843474760480e-04 1.408155998802931440e-04 2.209773814247830565e-04 2.361114277049641678e-04
6.743915714891972613e-01 5.300553473826402108e-04 7.713230913659917861e-05 6.534410094861942131e-05 1.484338373717873681e-04 1.289560677169905470e-04 2.041565384719398225e-04 2.148259253663600669e-04
6.836171743823462599e-01 4.823413038412372811e-04 7.185664860398391449e-05 6.055133430654994174e-05 1.366674314560164605e-04 1.192562462576669661e-04 1.885024786754709025e-04 1.962828304810808658e-04
6.928427772754953695e-01 4.407917157398039067e-04 6.615174333841916275e-05 5.680088930059358542e-05 1.266723672543465453e-04 1.110959942414182187e-04 1.737749359579244114e-04 1.801978506227678569e-04
7.020683801686443681e-01 4.039734100486413798e-04 6.096160339442947482e-05 5.300383021465974922e-05 1.178333413125216703e-04 1.036806503267398709e-04 1.607679006727907173e-04 1.656722235789347261e-04
7.112939830617935888e-01 3.709004068741141155e-04 5.678538972006666246e-05 4.931872196025743720e-05 1.110572903742550947e-04 9.617352466942565145e-05 1.505896968394905338e-04 1.521610382840401588e-04
7.205195859549425874e-01 3.409597788051376755e-04 5.331914522068966281e-05 4.566930642034404018e-05 1.052457457812915531e-04 8.844457095025638847e-05 1.416563832547163612e-04 1.394241112419774338e-04
7.297451888480916971e-01 3.143829657223420329e-04 5.012374135730319124e-05 4.255433633050791781e-05 9.902573937444240307e-05 8.153641839534587566e-05 1.331949008730195735e-04 1.280054600877536129e-04
7.389707917412406957e-01 2.908271435512491880e-04 4.701833894935644569e-05 4.009399136094266144e-05 9.311040545032243975e-05 7.602642289247752653e-05 1.250846819073986814e-04 1.178292325187013277e-04
7.481963946343899163e-01 2.698069870763055507e-04 4.400441764756561408e-05 3.772344092192779844e-05 8.777519367492067062e-05 7.125829627638589946e-05 1.174147879259664811e-04 1.086357602340116946e-04
7.574219975275389150e-01 2.509158291894238212e-04 4.099291991773785409e-05 3.532872334038620276e-05 8.272991675196023379e-05 6.686105055962886690e-05 1.102545632321084187e-04 1.002072286826724600e-04
7.666476004206880246e-01 2.338416076803065597e-04 3.865887414307238833e-05 3.338935645662608571e-05 7.785312303448289895e-05 6.273652673419410734e-05 1.029638035682937979e-04 9.240147956975070355e-05
7.758732033138370232e-01 2.182718894342998905e-04 3.661044154126081923e-05 3.138423842244383931e-05 7.351388017906573943e-05 5.871277828413913797e-05 9.625562322149286464e-05 8.504476392012135498e-05
7.850988062069861328e-01 2.041073243749737698e-04 3.465853840231220072e-05 2.937881429428135238e-05 6.958250649507854318e-05 5.459600365804626824e-05 9.013150476298368414e-05 7.816389147799015949e-05
7.943244091001351315e-01 1.915143963045740332e-04 3.276640796377909624e-05 2.742577974488004887e-05 6.570650856447160623e-05 5.100432287053700267e-05 8.421947133789459161e-05 7.202694759944674996e-05
8.035500119932843521e-01 1.800544068495077725e-04 3.117069775407930229e-05 2.593944443431063940e-05 6.214800492525032727e-05 4.773106616595313594e-05 7.877112769463399597e-05 6.628995915580942545e-05
8.127756148864333507e-01 1.695409669013301941e-04 2.982991723912597668e-05 2.421903260396964723e-05 5.877501527847860184e-05 4.454567455411392938e-05 7.455234013593908153e-05 6.084730288801609580e-05
8.220012177795824604e-01 1.599655110293514621e-04 2.843796581282275566e-05 2.274632250239114108e-05 5.535823679032368465e-05 4.126006153249990160e-05 7.086597830972230188e-05 5.575961434621663196e-05
8.312268206727314590e-01 1.513638448630035666e-04 2.703956074043633944e-05 2.155010059613974411e-05 5.226007582145945343e-05 3.860033736836927375e-05 6.727616284494294507e-05 5.112395278270862400e-05
8.404524235658805686e-01 1.436611775761551207e-04 2.552177693244074758e-05 2.039520863159982687e-05 4.881608447658748349e-05 3.598278921509748501e-05 6.368126279211736083e-05 4.691827025486254305e-05
8.496780264590296783e-01 1.366053398020337711e-04 2.397779914458121587e-05 1.957312456571345407e-05 4.566462439817506607e-05 3.361947018950577006e-05 5.974184136670954832e-05 4.308005574447922395e-05
8.589036293521787879e-01 1.299419306726384642e-04 2.298853997472879366e-05 1.815802586605411531e-05 4.324956426899384033e-05 3.133001260044515548e-05 5.686082866478397568e-05 3.894454182533496340e-05
8.681292322453277865e-01 1.241224555727543817e-04 2.170654363076800447e-05 1.724477302904165702e-05 4.055978394034183009e-05 2.908214647707775817e-05 5.399485811280325238e-05 3.551724285277144057e-05
8.773548351384768962e-01 1.188372409565936815e-04 2.030482093999923525e-05 1.631887235478532070e-05 3.804840081330593824e-05 2.716993714280603481e-05 5.128628911621661390e-05 3.325853080368315173e-05
8.865804380316258948e-01 1.138683163547580786e-04 1.915024478758462975e-05 1.506007162768131997e-05 3.574153583637922332e-05 2.528408779271490816e-05 4.889306961994172311e-05 3.126830722971657461e-05
8.958060409247751155e-01 1.094171577672845605e-04 1.808504691382803388e-05 1.401440815752391092e-05 3.351386265186234010e-05 2.344142018141550775e-05 4.655870237228387971e-05 2.925381940740371788e-05
9.050316438179241141e-01 1.055560556832324428e-04 1.694071467519858883e-05 1.348199459627082283e-05 3.120360612598918181e-05 2.215135665680483684e-05 4.407333618364962682e-05 2.795778005717670651e-05
9.142572467110732237e-01 1.021479892473935923e-04 1.582223270567935033e-05 1.301113572224621429e-05 2.907679061767648812e-05 2.103625144500695290e-05 4.149889238571256801e-05 2.667216327884032294e-05
9.234828496042222223e-01 9.870442520657029368e-05 1.498645148645553007e-05 1.198164977487553996e-05 2.711333468930042653e-05 1.956756560968923636e-05 3.939584479202525903e-05 2.536924966790999713e-05
9.327084524973712210e-01 9.578104320842698591e-05 1.413535740882032588e-05 1.130371779182451006e-05 2.540235505619704750e-05 1.850540216796993300e-05 3.717818487540127206e-05 2.406936296634858965e-05
9.419340553905202196e-01 9.300686457052346015e-05 1.355023290141713673e-05 1.055567752274484011e-05 2.412181697799277945e-05 1.742390510034597529e-05 3.518344167769381359e-05 2.265191260251597403e-05
9.511596582836694402e-01 9.052893449186855579e-05 1.289410055626000336e-05 9.839075492320482528e-06 2.282835895677876254e-05 1.621468881073890645e-05 3.323879426881057590e-05 2.133415697608833327e-05
9.603852611768185499e-01 8.833507609793604491e-05 1.221276306949193636e-05 9.248622513883991204e-06 2.130202124335010372e-05 1.520709059386058434e-05 3.133208133320898440e-05 2.012092132689059711e-05
9.696108640699675485e-01 8.632792990498396328e-05 1.149335169179549791e-05 8.585223408232614496e-06 2.017467584225683349e-05 1.450505608343880741e-05 2.953516582942619412e-05 1.893449202671344507e-05
9.788364669631165471e-01 8.453120890316662356e-05 1.089952076031910899e-05 7.949835817740446035e-06 1.931669356280804508e-05 1.410416078125519782e-05 2.783345183257962736e-05 1.798004921386241032e-05
9.880620698562656568e-01 8.298008475558142725e-05 1.028316038942344560e-05 7.407768886862577313e-06 1.814640255948772336e-05 1.342799799575682780e-05 2.641739217137354257e-05 1.753592518199887024e-05
9.972876727494148774e-01 8.157885221665446118e-05 9.605525375749686856e-06 7.090962694929539827e-06 1.703353745087701342e-05 1.288758564370322431e-05 2.448310869002857828e-05 1.708156332458979625e-05
1.006513275642563876e+00 8.039037496568880975e-05 9.150676394361858439e-06 6.619692371885829468e-06 1.636207729704989503e-05 1.257976541443004152e-05 2.288524530297481388e-05 1.658919444241847862e-05
1.015738878535712875e+00 7.949650738217953726e-05 8.394819284329344770e-06 6.452396002517275342e-06 1.558745657615997517e-05 1.215684848748775930e-05 2.143768103882878425e-05 1.601250741246420010e-05
1.024964481428862095e+00 7.869087259962406181e-05 7.839218818161755044e-06 6.372734234372804058e-06 1.490893695529576612e-05 1.200825895839422212e-05 2.032986886724856329e-05 1.541369243002908222e-05
1.034190084322011094e+00 7.799405551963092451e-05 7.329490841775980437e-06 6.300198683780965894e-06 1.399418429504991235e-05 1.154856479409515128e-05 1.930376160993302597e-05 1.539229964704899925e-05
1.043415687215160093e+00 7.736186017236591859e-05 6.936270897753396602e-06 6.064389454190930524e-06 1.343904190521717529e-05 1.120430172636808933e-05 1.889419927319737529e-05 1.530814536419233221e-05
1.052641290108309091e+00 7.698562443365038525e-05 6.594092136039505147e-06 5.995332833003060328e-06 1.276886396426430391e-05 1.106620154725080458e-05 1.841716450946580665e-05 1.533136890940071440e-05
1.061866893001458312e+00 7.665596274859158652e-05 6.338171442082650192e-06 5.872230045701821760e-06 1.222509311927547310e-05 1.105265515135944829e-05 1.804557646056955365e-05 1.506602430961329021e-05
1.071092495894607532e+00 7.644830080758023073e-05 6.345404032282546121e-06 5.916246514480434713e-06 1.227761108826852000e-05 1.083986886611582382e-05 1.769690246337310283e-05 1.529405866178508487e-05
1.080318098787756531e+00 7.623750634528703770e-05 6.389539119664447908e-06 5.822783452029731783e-06 1.189051875219939596e-05 1.076842931298715392e-05 1.710935743021837270e-05 1.521088777286726902e-05
1.089543701680905530e+00 7.613322337864083177e-05 6.518419712961930068e-06 5.617955835002168643e-06 1.168887865985307462e-05 1.088200711862675519e-05 1.635041135032225799e-05 1.509302370398862749e-05
1.098769304574054528e+00 7.625866325820110174e-05 6.472816647392560835e-06 5.716302837732956067e-06 1.159300093324425434e-05 1.092884362151964796e-05 1.585304837417967434e-05 1.510304652797726593e-05
1.107994907467203749e+00 7.651103924955731230e-05 6.316428262797917342e-06 5.751130430361884173e-06 1.139008233623304406e-05 1.089025851153032362e-05 1.566482324000222765e-05 1.513939994810625485e-05
1.117220510360352748e+00 7.696766900752775821e-05 6.166960936397763451e-06 6.053720049975540914e-06 1.120371743654431705e-05 1.121935062574525054e-05 1.596793989333451260e-05 1.528114308639595394e-05
1.126446113253501746e+00 7.744296665822047792e-05 6.252880730470738633e-06 6.313635587635303107e-06 1.125827137596382131e-05 1.146404624382953662e-05 1.624113846040536836e-05 1.612212671691238674e-05
1.135671716146650967e+00 7.787378560886634954e-05 6.421114135840357852e-06 6.491002609126201792e-06 1.152677769278024809e-05 1.175939579982902177e-05 1.688210623662048538e-05 1.646443403795573351e-05
1.144897319039799966e+00 7.858317725126140094e-05 6.409964039402084985e-06 6.661204543966978663e-06 1.185708216536204384e-05 1.204139305101710998e-05 1.771322595225554750e-05 1.647159514922471452e-05
1.154122921932948964e+00 7.938373773800429418e-05 6.539807192717953053e-06 6.987962121371741556e-06 1.220599136372603748e-05 1.274084624693346619e-05 1.852700599428816247e-05 1.647749867305029338e-05
1.163348524826097963e+00 8.025767955069845533e-05 6.640349461570742165e-06 7.078993791481984123e-06 1.206981723666937826e-05 1.301495115088402790e-05 1.934478929187047889e-05 1.669283890960243872e-05
1.172574127719247183e+00 8.126028395798466685e-05 6.774004173092969131e-06 7.128548016495169664e-06 1.226325690675787185e-05 1.327348668104754684e-05 2.011676829997413249e-05 1.725705334911051703e-05
1.181799730612396404e+00 8.243898214843643085e-05 6.723012915753302180e-06 7.350662733081753933e-06 1.262187868044609834e-05 1.400750011107192942e-05 2.080026304954378058e-05 1.797592237115474537e-05
1.191025333505545403e+00 8.361866007460804786e-05 6.762504664528795075e-06 7.492671653402033010e-06 1.315553314953126960e-05 1.452780378110332627e-05 2.157771633629877739e-05 1.855295813538524873e-05
1.200250936398694401e+00 8.490884638705346887e-05 6.977640780961451880e-06 7.637519005351657109e-06 1.379681257211042944e-05 1.505499473806380618e-05 2.234656507477343743e-05 1.884571320135561214e-05
1.209476539291843622e+00 8.634699923508237568e-05 7.138371291733413919e-06 7.699020370121613908e-06 1.424079785127021201e-05 1.547063685838456337e-05 2.307908125770596799e-05 1.913956213589389850e-05
1.218702142184992621e+00 8.801477681610574556e-05 7.426469556740298390e-06 7.865944194923791448e-06 1.475058932399732304e-05 1.596417869620842282e-05 2.370394996558551073e-05 1.967419042387313693e-05
1.227927745078141619e+00 8.981361408148285015e-05 7.654797092542054500e-06 7.933683506842616564e-06 1.531124980579231989e-05 1.643255276780835434e-05 2.433159812234118727e-05 2.023981293199525965e-05
1.237153347971290618e+00 9.186042111814601526e-05 7.870477186848863710e-06 8.299745877695649315e-06 1.576903682068024398e-05 1.703877423074834190e-05 2.485863302581041163e-05 2.106816980958766490e-05
1.246378950864439838e+00 9.412340065768634242e-05 7.978851100124740876e-06 8.390635124853987629e-06 1.628598193739056734e-05 1.760547794829369966e-05 2.533304779654934800e-05 2.172951783870932633e-05
1.255604553757589059e+00 9.663698342387548352e-05 8.063419869275056722e-06 8.706546150674064058e-06 1.655742836869535778e-05 1.837483870065463197e-05 2.574011632807138305e-05 2.244404372458423289e-05
1.264830156650738058e+00 9.940729074767941007e-05 8.262044007768196965e-06 9.143100388953582808e-06 1.687921779498718986e-05 1.923315421697395901e-05 2.609458798617583244e-05 2.319893130362836258e-05
1.274055759543887056e+00 1.023957663979065613e-04 8.440993086006651604e-06 9.459041626386438875e-06 1.726490331922828590e-05 1.996593293091293163e-05 2.646073261086974286e-05 2.393289593705027140e-05
1.283281362437036055e+00 1.056660993111336721e-04 8.573100727589681377e-06 9.640682422075821153e-06 1.787831329730046361e-05 2.074430336459919162e-05 2.680522929982744203e-05 2.468243517128850873e-05
1.292506965330185276e+00 1.092556516827433016e-04 8.860673725420741605e-06 9.921186979949849481e-06 1.857290098180436593e-05 2.132985668092818050e-05 2.712620388647742791e-05 2.545316174607602081e-05
1.301732568223334052e+00 1.132412783371477047e-04 9.029649628435664562e-06 1.026554025478201631e-05 1.922212738046602477e-05 2.209014048656926391e-05 2.738799108073818923e-05 2.635844253248600510e-05
1.310958171116483273e+00 1.176563264470799526e-04 9.269030686142763417e-06 1.063285102651634990e-05 1.970478557046986671e-05 2.282999101827111596e-05 2.760755213012354436e-05 2.734288086104436706e-05
1.320183774009632494e+00 1.225538849134685283e-04 9.434875811981807431e-06 1.105546746680710699e-05 2.034530931532528846e-05 2.344627902890511657e-05 2.820066330982222403e-05 2.831627046519198188e-05
1.329409376902781492e+00 1.279690773264424708e-04 9.854849308176444377e-06 1.135217560052967757e-05 2.099877021844340458e-05 2.419584330903853486e-05 2.852631155167626689e-05 2.902717302906337245e-05
1.338634979795930713e+00 1.339982598728282806e-04 1.020496174440588787e-05 1.168304452932902556e-05 2.160097018982017492e-05 2.491607418046270627e-05 2.975617041810066973e-05 2.999994224941630394e-05
1.347860582689079489e+00 1.408178246836190865e-04 1.082601762177366343e-05 1.204426126733912513e-05 2.225287573093021228e-05 2.568041466289544919e-05 3.125748307027432257e-05 3.108300092646174787e-05
1.357086185582228710e+00 1.485893539361285572e-04 1.138844397661931021e-05 1.249553575400193456e-05 2.292660684657200692e-05 2.652147534198038930e-05 3.253854652328160599e-05 3.231822588026926656e-05
1.366311788475377931e+00 1.575149476705123047e-04 1.178388666860661141e-05 1.311200997622711216e-05 2.351084085367916216e-05 2.775442347020985875e-05 3.230118996221163861e-05 3.375847054322954083e-05
1.375537391368526707e+00 1.678604446598788323e-04 1.209780554735169944e-05 1.385414535003245875e-05 2.458752279142718735e-05 2.864206617880470638e-05 3.285696787594879239e-05 3.548265518020865344e-05
1.384762994261675928e+00 1.794964227911267788e-04 1.307937210071421531e-05 1.425703287957915495e-05 2.562283449925644645e-05 2.968703076164992986e-05 3.561900261603100732e-05 3.719202558162291246e-05
1.393988597154824927e+00 1.931657298818297507e-04 1.392050639191665562e-05 1.515252663433937479e-05 2.658894308228682132e-05 3.073471260191162273e-05 3.734336943124369175e-05 3.975546332369325579e-05
1.403214200047974147e+00 2.092336127137091632e-04 1.461749982927329299e-05 1.600695955542727152e-05 2.762757622924732646e-05 3.188716489027420631e-05 3.736540675918496087e-05 4.203672615755307622e-05
1.412439802941123368e+00 2.281065285119391294e-04 1.563935519599565327e-05 1.746014031769150621e-05 2.896989627126830271e-05 3.365851288923864325e-05 3.908227530148599728e-05 4.502424160785994749e-05
1.421665405834272145e+00 2.503488797867080675e-04 1.716400961720591705e-05 1.813413179139954329e-05 3.217239878308626776e-05 3.505294397728703324e-05 4.337650506697438100e-05 4.703229553254485371e-05
1.430891008727421365e+00 2.774534031165156334e-04 1.922303951495658945e-05 1.920265758281525020e-05 3.541556121098112832e-05 3.731990392690122523e-05 4.864958889850222977e-05 5.232579732762350586e-05
1.440116611620570364e+00 3.109925578124560089e-04 2.059127451908100356e-05 2.081500201790042375e-05 3.917909383800049269e-05 4.097404231153452953e-05 5.470918840065744143e-05 5.737528570983504821e-05
1.449342214513719362e+00 3.523495956368799986e-04 2.267558529529931002e-05 2.234849682706136756e-05 4.406991479160345809e-05 4.546284116416178175e-05 6.247253314740116702e-05 6.012686212323562103e-05
1.458567817406868583e+00 4.048080717305524781e-04 2.568398535846558913e-05 2.533340619824056691e-05 4.998638824772001690e-05 5.184759834709387052e-05 7.192533330700409417e-05 6.648214360804849919e-05
1.467793420300017582e+00 4.718392555903720481e-04 2.993248192632131603e-05 2.967790672273891818e-05 5.754057025892961742e-05 6.034408577862377743e-05 8.435225860375266446e-05 7.949479172935280859e-05
1.477019023193166802e+00 5.601347954254124947e-04 3.500124053052247348e-05 3.633667460167149324e-05 6.758917970469140082e-05 7.086202601932968959e-05 9.902727384343893140e-05 9.966031498831500390e-05
1.486244626086316023e+00 6.789808199555889216e-04 4.199542332904615451e-05 4.574045894734351386e-05 8.218991757478208773e-05 8.718049620379925667e-05 1.156180646659537474e-04 1.272163576718541396e-04
1.495470228979464800e+00 8.421053196517656707e-04 5.146677900915743158e-05 5.650841316021072355e-05 1.014503452763432147e-04 1.090846343460313925e-04 1.407001835856678314e-04 1.588645004713747262e-04
1.504695831872614020e+00 1.072371867816491759e-03 6.597948634833234773e-05 7.075055144245339864e-05 1.327720145525537916e-04 1.411563379287708239e-04 1.769090030834881595e-04 2.013993478492314077e-04
1.513921434765763019e+00 1.407903305243794062e-03 8.715433058501258386e-05 9.446911387658114487e-05 1.744324787637885690e-04 1.855113304450376182e-04 2.450965666345320329e-04 2.640334441237964392e-04
1.523147037658912017e+00 1.905232677449747968e-03 1.209473807178120322e-04 1.283902372261164996e-04 2.438965231575749432e-04 2.515762103535330863e-04 3.375741483266085814e-04 3.572001284626420085e-04
1.532372640552061016e+00 2.640937919625920005e-03 1.690967142874474222e-04 1.805532700628062828e-04 3.418667524451458190e-04 3.501942739177286296e-04 4.704035215034501130e-04 5.001290565310591123e-04
1.541598243445210237e+00 3.635247136624099058e-03 2.337335099174180433e-04 2.499799952183851329e-04 4.686858837773442109e-04 4.841457042603467160e-04 6.474868467910067406e-04 7.005328860519681455e-04
1.550823846338359457e+00 4.641629489937860661e-03 2.909206481823897739e-04 3.386918479730159290e-04 5.825123470825487731e-04 6.373031514715519694e-04 8.173878637042471598e-04 9.280708435115895931e-04
1.560049449231508456e+00 4.958770789838130161e-03 3.189126463537606329e-04 3.631925563774675639e-04 6.296395608488053117e-04 6.767038383805766208e-04 8.685692978229160935e-04 9.244856839442476548e-04
1.569275052124657455e+00 4.278497699473149569e-03 2.846123645142339606e-04 3.146087499278828886e-04 5.471435444926158603e-04 6.136848946648176817e-04 7.705045164031207663e-04 8.193381982665123332e-04
1.578500655017806453e+00 3.215965305211887330e-03 2.085543756138942724e-04 2.384450857987612145e-04 3.990522040455829478e-04 4.608924465850905948e-04 5.665175889221700338e-04 6.187159603550530101e-04
1.587726257910955674e+00 2.315441342261270654e-03 1.443280948303584006e-04 1.693323461790540753e-04 2.856986725221590841e-04 3.231341624421683184e-04 3.909822144683937871e-04 4.399417215862281693e-04
1.596951860804104451e+00 1.681345925779640770e-03 1.005532536453360420e-04 1.219391250039899600e-04 2.032237898821919776e-04 2.283846005659609900e-04 2.724749318381083918e-04 3.140650949979887328e-04
1.606177463697253671e+00 1.255094617948179607e-03 7.563259063247842855e-05 8.851313756707613646e-05 1.476346296229254142e-04 1.668040235160588892e-04 1.963339607877715321e-04 2.319695130846711594e-04
1.615403066590402892e+00 9.671098291281878326e-04 5.774266277414454376e-05 6.685546027613295875e-05 1.131063817702952518e-04 1.253388046708388704e-04 1.545765015209120581e-04 1.777769053774926359e-04
1.624628669483551890e+00 7.682289496407702402e-04 4.604296987716896463e-05 5.188442354208875045e-05 8.875401014569388007e-05 9.848577757429156573e-05 1.256357146095101558e-04 1.411971214306708810e-04
1.633854272376701111e+00 6.267314025891635582e-04 3.718162861386198163e-05 4.194363500875349440e-05 7.299806167441124597e-05 7.986062459892548891e-05 1.007854973481933820e-04 1.154486401861755385e-04
1.643079875269850110e+00 5.239146748291692145e-04 3.052430317052848459e-05 3.541234220850932469e-05 6.104774056432844820e-05 6.742622540862968326e-05 8.725279474543527151e-05 9.736405663358287197e-05
1.652305478162999108e+00 4.461002933348239344e-04 2.646577504509969826e-05 2.910922156184480745e-05 5.228706347489865940e-05 5.583247555262816362e-05 7.808378257700347540e-05 8.306261571042173296e-05
1.661531081056148329e+00 3.866692388145899235e-04 2.262383765957813857e-05 2.546230085919760260e-05 4.575524262296362882e-05 4.832788181264110897e-05 6.788191883347674798e-05 7.229088085459063054e-05
1.670756683949297106e+00 3.401602009114605869e-04 2.112464256311488188e-05 2.152659916612514532e-05 4.142478458132528444e-05 4.311699331674835167e-05 6.760307879667595398e-05 6.401007425609831891e-05
1.679982286842446326e+00 3.034033463787704963e-04 1.918510669378289133e-05 1.926022692864623204e-05 3.948039851525334378e-05 3.928485005396563845e-05 6.387201744531762534e-05 5.696938606447951451e-05
1.689207889735595547e+00 2.736957246989405205e-04 1.798527779152766680e-05 1.721053248528642060e-05 3.772294041459782693e-05 3.607184561662225776e-05 6.240405736872918670e-05 5.144126250623270460e-05
1.698433492628744546e+00 2.493393597695357832e-04 1.737413443335774276e-05 1.569096030041910658e-05 3.624203632512115704e-05 3.337313000535254630e-05 6.146157245264411177e-05 4.712962132922526837e-05
1.707659095521893766e+00 2.296232582531507779e-04 1.671192134161940835e-05 1.452943055456649632e-05 3.431670297480326126e-05 3.103614533819058492e-05 6.052424664922708948e-05 4.374678770920284866e-05
1.716884698415042543e+00 2.130592776385354607e-04 1.603237761858304828e-05 1.370162733252075233e-05 3.391255590016903311e-05 2.888780901214228107e-05 5.993091158882209125e-05 4.091786160057361713e-05
1.726110301308191763e+00 1.991164875537191270e-04 1.544428436949519244e-05 1.306988143045468621e-05 3.326785070397654683e-05 2.677369167350979076e-05 5.949868341058436785e-05 3.850495906665833451e-05
1.735335904201340984e+00 1.870084847324515070e-04 1.541505758768905326e-05 1.232059349881640779e-05 3.339384350326733914e-05 2.511512538747371183e-05 5.947062002899803149e-05 3.614973044336233961e-05
1.744561507094489761e+00 1.769533814845381978e-04 1.544850966896181132e-05 1.233825486687456963e-05 3.365931694000165236e-05 2.325258608517453301e-05 5.921128974936936741e-05 3.439987148691511071e-05
1.753787109987638981e+00 1.681809657050419807e-04 1.551383826104332764e-05 1.187825727066874146e-05 3.425502964881082125e-05 2.237933374136947119e-05 5.916723468110790508e-05 3.274172771310321383e-05
1.763012712880787980e+00 1.607445000535991596e-04 1.533237914328153023e-05 1.154917158443475125e-05 3.419362472726993193e-05 2.124575711022865443e-05 5.902830459895237530e-05 3.143089257121435640e-05
1.772238315773937201e+00 1.542790438304874755e-04 1.512270255079340158e-05 1.132750487840692615e-05 3.409988758610677179e-05 2.065333864433499316e-05 5.911516822276310424e-05 3.008636434194717911e-05
1.781463918667086421e+00 1.485588135927923357e-04 1.524129204012085806e-05 1.098149642033129656e-05 3.411890657596534080e-05 1.978041305554433470e-05 5.989079181475728667e-05 2.874064633500346161e-05
1.790689521560235198e+00 1.436206768413508805e-04 1.545689173452095074e-05 1.084799841794188181e-05 3.421441564490845994e-05 1.957548946767716561e-05 6.055352883377522022e-05 2.812044812413775447e-05
1.799915124453384419e+00 1.392215849660980494e-04 1.590769671216033074e-05 1.080904564335384023e-05 3.486869559476217495e-05 1.969296263342872619e-05 6.124822291484244871e-05 2.751480617388773185e-05
1.809140727346533417e+00 1.353215850236000263e-04 1.611659705127565373e-05 1.068068313269079548e-05 3.497727589922138437e-05 1.937387882993729562e-05 6.193341586273413274e-05 2.695736700603066130e-05
1.818366330239682416e+00 1.320668313092685669e-04 1.614500279730548020e-05 1.066766824110138121e-05 3.517366470935762135e-05 1.950596853025866276e-05 6.239569570401409305e-05 2.660511873785091164e-05
1.827591933132831414e+00 1.291143260829437931e-04 1.637440714074309221e-05 1.052852373516242142e-05 3.564055686523334601e-05 1.939994183389915511e-05 6.292151387737220320e-05 2.631359081718899929e-05
1.836817536025980635e+00 1.266161667719156898e-04 1.644708089999942762e-05 1.057174747661083082e-05 3.596151237920394228e-05 1.976483370177491595e-05 6.331177969672461474e-05 2.636781857057784377e-05
1.846043138919129634e+00 1.242829691869993733e-04 1.657802704011990193e-05 1.049496960087715190e-05 3.639007054446468802e-05 1.983814417396976876e-05 6.381616371402469112e-05 2.636545208335803591e-05
1.855268741812278410e+00 1.221820854069996726e-04 1.668909633787733445e-05 1.043089833928277047e-05 3.682484539117001666e-05 1.976437825510103793e-05 6.433312162910993673e-05 2.635332304725548718e-05
1.864494344705427187e+00 1.202902719076774060e-04 1.695055047835708972e-05 1.038814272228809907e-05 3.707867199049504146e-05 1.970231653628703159e-05 6.485752849428286129e-05 2.633631154704201645e-05
1.873719947598576185e+00 1.186757918175496498e-04 1.703776261130463768e-05 1.046797838779346408e-05 3.732695100901528627e-05 1.984159811062007474e-05 6.513719528941029060e-05 2.640715406049794016e-05
1.882945550491724962e+00 1.172352373851974483e-04 1.702334518263384907e-05 1.045655694704647476e-05 3.769330678642741819e-05 1.954458690380536873e-05 6.531295936273518246e-05 2.648261557341707732e-05
1.892171153384873961e+00 1.159671474847749585e-04 1.706287901111840327e-05 1.049641973055105866e-05 3.789261623307323221e-05 1.957239948092897642e-05 6.547953298268100776e-05 2.657962015929505586e-05
1.901396756278022737e+00 1.148231980006362673e-04 1.728832205539584835e-05 1.064575414698775487e-05 3.811387966486372986e-05 1.980261008905074194e-05 6.566824325905329060e-05 2.666552958827685365e-05
1.910622359171171736e+00 1.137882620319160512e-04 1.758599880822783214e-05 1.080505174947029841e-05 3.835641407042770894e-05 1.981481569277029702e-05 6.588002548710169995e-05 2.673909879539397398e-05
1.919847962064320512e+00 1.129104024218741050e-04 1.778734134009716270e-05 1.086511686862718740e-05 3.855916592286210071e-05 2.012963455006017122e-05 6.605222034795437097e-05 2.686049981125605975e-05
1.929073564957469289e+00 1.121507467984723071e-04 1.797654494745020760e-05 1.092018594130584729e-05 3.875123321418573788e-05 2.037035046697085680e-05 6.621363831606645101e-05 2.700112183539379179e-05
1.938299167850618288e+00 1.114651248992399213e-04 1.820050122531091208e-05 1.102527047641659725e-05 3.896519787742212045e-05 2.045107342102296200e-05 6.639663173361201555e-05 2.712649823812282146e-05
1.947524770743767064e+00 1.108583148532663173e-04 1.846635760214613274e-05 1.117553751272734857e-05 3.918793555932471558e-05 2.047064572722156995e-05 6.658823698647609078e-05 2.724920162112151427e-05
1.956750373636916063e+00 1.103674205882982067e-04 1.859817208442411706e-05 1.136637641626679434e-05 3.943726951369596972e-05 2.058541874209845730e-05 6.674327253209814742e-05 2.741403071852203770e-05
1.965975976530064839e+00 1.100323657585955091e-04 1.860477112971756219e-05 1.163752493434533786e-05 3.963885495946212916e-05 2.086650445889671980e-05 6.681560080773734506e-05 2.766697912352377060e-05
1.975201579423213616e+00 1.097331628930378860e-04 1.863702698591003905e-05 1.185363645892704813e-05 3.986418030694477269e-05 2.114806355515238721e-05 6.691738101857847378e-05 2.789424756540373842e-05
1.984427182316362615e+00 1.094267282283569760e-04 1.876556746982210985e-05 1.199969657996598183e-05 4.015128657600433007e-05 2.123446836972950932e-05 6.708671599011904187e-05 2.805780458184654728e-05
1.993652785209511391e+00 1.091749588788049389e-04 1.893616032405594793e-05 1.222045583437527945e-05 4.043271135105195127e-05 2.139347843284466880e-05 6.725637205531108755e-05 2.822414803224505115e-05
2.002878388102660168e+00 1.089547620714478035e-04 1.907974385756446424e-05 1.235293376520744208e-05 4.072873087198415664e-05 2.159401405849709337e-05 6.744481037659116256e-05 2.837450919272022478e-05
2.012103990995809166e+00 1.088171462957758799e-04 1.918495033982744666e-05 1.246661562621755102e-05 4.098463715153762487e-05 2.178708883119885283e-05 6.759705039848250318e-05 2.856348387164231591e-05
2.021329593888958165e+00 1.087288377580169227e-04 1.928160960989669511e-05 1.258611425163558197e-05 4.123049429958366920e-05 2.201271624048652196e-05 6.774273097342063048e-05 2.876133045911112975e-05
2.030555196782107164e+00 1.086999727486057294e-04 1.934634675194242710e-05 1.271118755200977826e-05 4.145277613218229505e-05 2.224691870414321343e-05 6.786812305903557182e-05 2.898109412899402715e-05
2.039780799675255718e+00 1.087107371596515384e-04 1.940027425325812152e-05 1.294851670763711143e-05 4.166890315712076787e-05 2.247321122014135273e-05 6.799028901885782836e-05 2.920584571213055041e-05
2.049006402568404717e+00 1.088071893637459196e-04 1.945622694950863607e-05 1.308266541364640548e-05 4.183010583534688587e-05 2.274073613191122164e-05 6.806013251870030012e-05 2.948432874694393755e-05
2.058232005461553715e+00 1.088756640551752722e-04 1.950399981974094824e-05 1.308290117527091613e-05 4.201803484652974485e-05 2.304705207383928435e-05 6.818933055854363890e-05 2.970472391901229935e-05
2.067457608354702270e+00 1.089388327832964848e-04 1.955033541901569688e-05 1.316237767976027602e-05 4.217816200475890708e-05 2.326581129952171945e-05 6.835193326012245832e-05 2.989235867101348052e-05
2.076683211247851268e+00 1.090563840679308137e-04 1.958655612005081930e-05 1.333767557768900374e-05 4.231089719922004875e-05 2.344035535604659646e-05 6.848760107302750196e-05 3.010836037444583754e-05
2.085908814141000267e+00 1.092007114746386691e-04 1.965220621241166961e-05 1.351487287035045483e-05 4.244051267318941709e-05 2.361585702007029089e-05 6.862035502994953467e-05 3.032720299279279127e-05
2.095134417034148822e+00 1.093289805196941459e-04 1.980075181725514605e-05 1.357108435114600482e-05 4.260925702221580514e-05 2.383889314970588441e-05 6.879260355395849466e-05 3.050742742124666845e-05
2.104360019927297820e+00 1.095074355714985813e-04 1.999470034833342961e-05 1.367996036771081418e-05 4.274738065963444491e-05 2.406062289390843310e-05 6.893567725380311774e-05 3.071692673220069913e-05
2.113585622820446819e+00 1.097537961652269309e-04 2.004057328919205626e-05 1.383329384700380529e-05 4.283707917551572253e-05 2.429691538730988304e-05 6.903094481212446003e-05 3.097471098408998043e-05
2.122811225713595817e+00 1.099364711825480964e-04 2.020368319902268771e-05 1.392756799698079281e-05 4.300881111796132244e-05 2.444890694550225403e-05 6.920848752446122289e-05 3.115032342862582564e-05
2.132036828606744372e+00 1.101943004916890629e-04 2.023981575217653620e-05 1.410875422181958249e-05 4.312178538980886188e-05 2.470658497928371257e-05 6.932738435220642920e-05 3.138402275594033043e-05
2.141262431499893371e+00 1.104318004116529593e-04 2.033204322381366926e-05 1.410694210159423652e-05 4.327171250671599408e-05 2.482906129742532204e-05 6.948350446802510464e-05 3.158113865269061469e-05
2.150488034393042369e+00 1.106477509863853148e-04 2.054021831042067469e-05 1.418723138219269407e-05 4.356870349614530352e-05 2.497875105643217902e-05 6.967564752886570454e-05 3.174150364900747516e-05
2.159713637286190924e+00 1.108785760711760771e-04 2.074773864540224483e-05 1.429514242209345789e-05 4.386824665938865464e-05 2.509818919211894404e-05 6.986738713026267519e-05 3.190239654505749932e-05
2.168939240179339922e+00 1.111213991029354962e-04 2.095166048915812730e-05 1.435676036722386513e-05 4.416749163790546155e-05 2.523271871559889471e-05 7.006007574061072680e-05 3.206177772076646644e-05
2.178164843072488921e+00 1.113803993603569120e-04 2.113971614808301679e-05 1.435935196403997395e-05 4.446219149837338778e-05 2.537028839865925216e-05 7.024921286236674172e-05 3.222466645050916763e-05
2.187390445965637920e+00 1.116805220783294897e-04 2.129813019223675047e-05 1.449723923701994488e-05 4.472593735080293640e-05 2.553613079825805567e-05 7.040835033279468273e-05 3.241679634169183065e-05
2.196616048858786474e+00 1.119866584473074554e-04 2.146194302561112155e-05 1.457105347989924029e-05 4.497224843205468851e-05 2.569555597368345008e-05 7.057266921742922196e-05 3.260341075620190544e-05
2.205841651751935473e+00 1.122965684081554200e-04 2.157978919895384596e-05 1.468004369964680820e-05 4.515974794037589930e-05 2.584786522635250394e-05 7.074330434805969046e-05 3.278324288837827511e-05
2.215067254645084471e+00 1.126576776589075608e-04 2.164187812712462249e-05 1.481106575195344688e-05 4.530486344987176756e-05 2.604112474444273859e-05 7.087168829396679076e-05 3.300425384601541321e-05
2.224292857538233026e+00 1.130027349467458634e-04 2.172295166241058439e-05 1.494605049898029806e-05 4.547548943686222154e-05 2.620833975359197689e-05 7.102576118370035872e-05 3.319956893445849631e-05
2.233518460431382024e+00 1.133694706150584436e-04 2.182544988008490146e-05 1.506553816934916464e-05 4.563183652039394002e-05 2.639445233082130936e-05 7.116629541275678651e-05 3.340741326519723739e-05
2.242744063324531023e+00 1.137208301223277182e-04 2.197053704734445632e-05 1.514233617688569809e-05 4.580973392880142167e-05 2.657647098718558354e-05 7.132997304900573076e-05 3.359139276269393402e-05
2.251969666217680022e+00 1.141106197697469202e-04 2.208412087294073971e-05 1.516038596016062502e-05 4.595660034330292082e-05 2.678794153264657930e-05 7.146268912128415332e-05 3.380561431775025319e-05
2.261195269110828576e+00 1.145310291733266962e-04 2.215161492209125884e-05 1.520618406328291545e-05 4.607926754570765174e-05 2.702146657113464387e-05 7.157120531185156838e-05 3.404286535169550297e-05
2.270420872003977575e+00 1.149206036193183787e-04 2.223740969046427666e-05 1.531234620352169343e-05 4.623990398131578997e-05 2.718034458614144793e-05 7.171774455992515295e-05 3.424178782143088087e-05
2.279646474897126573e+00 1.153339635204727058e-04 2.230168977679309944e-05 1.541373018856218523e-05 4.638309101792829447e-05 2.731608799287827717e-05 7.184684679738725910e-05 3.445743858798583381e-05
2.288872077790275128e+00 1.156984979929317656e-04 2.242022903659580632e-05 1.542861791196430067e-05 4.658044696054025255e-05 2.748320960780934797e-05 7.203007053680206642e-05 3.461771004763948393e-05
2.298097680683424127e+00 1.160833476892755161e-04 2.252372123360161051e-05 1.552828958043903237e-05 4.676292508646047561e-05 2.765431518084208128e-05 7.219835498169078656e-05 3.479200233402488852e-05
2.307323283576573125e+00 1.164777305497659483e-04 2.261380581131228434e-05 1.564324713532026399e-05 4.694101650686995065e-05 2.778611632556369159e-05 7.236217902330450459e-05 3.496982219596893825e-05
2.316548886469722124e+00 1.168781513208424003e-04 2.270378299058715109e-05 1.572326361668246379e-05 4.711891158832509435e-05 2.791642799967325450e-05 7.252580369397413869e-05 3.514760534086060228e-05
2.325774489362870678e+00 1.172830462611969488e-04 2.279337021006790694e-05 1.574617189656871044e-05 4.729607244989984176e-05 2.804471237962350295e-05 7.268850190718598452e-05 3.532471713965884379e-05
2.335000092256019677e+00 1.176868237573446289e-04 2.293744031697079219e-05 1.575156152431075169e-05 4.747896660558766687e-05 2.816514927695222125e-05 7.285685345638864504e-05 3.549533038246079433e-05
2.344225695149168676e+00 1.181153275148570078e-04 2.305159377496227024e-05 1.584278260710577692e-05 4.764952418443583798e-05 2.831702262021764977e-05 7.301279338401600778e-05 3.568446831897494162e-05
2.353451298042317230e+00 1.185189188799300370e-04 2.315160551601518611e-05 1.593695168417251235e-05 4.783165930674916611e-05 2.845114904131405581e-05 7.317997347415137153e-05 3.584658958031043067e-05
2.362676900935466229e+00 1.189297846598964781e-04 2.325217325015686972e-05 1.590272863397883404e-05 4.801950011291492297e-05 2.858328709729962233e-05 7.335284504452372093e-05 3.600984534054055535e-05
2.371902503828615227e+00 1.193868992678428879e-04 2.329297945969066022e-05 1.595772104565080899e-05 4.816436374398966260e-05 2.875682338832023376e-05 7.348250429623726858e-05 3.621517572185781869e-05
2.381128106721764226e+00 1.198536242322685292e-04 2.329824224839928447e-05 1.606460431988449933e-05 4.832411459349558822e-05 2.893567051829250736e-05 7.360569276426701048e-05 3.642588834078354712e-05
2.390353709614912781e+00 1.203259073060673919e-04 2.334439351626055098e-05 1.616841735365963264e-05 4.850962234994186440e-05 2.906296131751586636e-05 7.372604733187551195e-05 3.663814255059426425e-05
2.399579312508061779e+00 1.208137483258739473e-04 2.344412442271018673e-05 1.629608966087653669e-05 4.872292774859272413e-05 2.917023350826875830e-05 7.383388608971704504e-05 3.686210540197759232e-05
2.408804915401210778e+00 1.213135873385948150e-04 2.352440879327576053e-05 1.642610168861282022e-05 4.892758215041775709e-05 2.930697579987957249e-05 7.393219863444206136e-05 3.709442684354279161e-05
2.418030518294359332e+00 1.217935873927761877e-04 2.359552834732577659e-05 1.654254841509303342e-05 4.915539347320250596e-05 2.945227878931180139e-05 7.405276832569203816e-05 3.730340268850220473e-05
2.427256121187508331e+00 1.222343583730273078e-04 2.370846341951909192e-05 1.661402555930198985e-05 4.934266472702146284e-05 2.953737909214730693e-05 7.421474916847095702e-05 3.747012152772499544e-05
2.436481724080657330e+00 1.226699107559890722e-04 2.381461220107852707e-05 1.666147674815932392e-05 4.952933790676103658e-05 2.947637259286319271e-05 7.438444795502337399e-05 3.766740507775313688e-05
2.445707326973806328e+00 1.231081302096992522e-04 2.394686829303261191e-05 1.667590108544485185e-05 4.973961017527974782e-05 2.963581045068732454e-05 7.455346628942516513e-05 3.786383532513809352e-05
2.454932929866954883e+00 1.235627110623399431e-04 2.404675704700432880e-05 1.660545444843093438e-05 4.996594733504042371e-05 2.980756907261825983e-05 7.470798467001823996e-05 3.807324238142021841e-05
2.464158532760103881e+00 1.240447206585950485e-04 2.412357240404094049e-05 1.669351801557663901e-05 5.016751614204947927e-05 2.996441867369164906e-05 7.483673648229629085e-05 3.830691354712032533e-05
2.473384135653252880e+00 1.245025050362249933e-04 2.424296492544342381e-05 1.676605547078166309e-05 5.039374379581883071e-05 3.006457911758838599e-05 7.499123703122440162e-05 3.851324875064406777e-05
2.482609738546401434e+00 1.249853370643070585e-04 2.432142792644674599e-05 1.685307890511675722e-05 5.059667242462374185e-05 3.018591484645336334e-05 7.512235180043316221e-05 3.874159822133772856e-05
2.491835341439550433e+00 1.254705440170783234e-04 2.439554067554860280e-05 1.692372759614181111e-05 5.079963735824953759e-05 3.030584732191006622e-05 7.525261814383932789e-05 3.896939875456919883e-05
2.501060944332699432e+00 1.259496874343103592e-04 2.447723590217511648e-05 1.697784003156088272e-05 5.101059562500698599e-05 3.041620259988106001e-05 7.538994394746064863e-05 3.918848402532263493e-05
2.510286547225848430e+00 1.264151084782421243e-04 2.457491011613531333e-05 1.703017757574119839e-05 5.123815605531396172e-05 3.050908096579524125e-05 7.554288459199801596e-05 3.939099610806135160e-05
2.519512150118996985e+00 1.269051062524448499e-04 2.470555684734343808e-05 1.710741633883449905e-05 5.139257583804267998e-05 3.062329607709435482e-05 7.567174344866325572e-05 3.961571506441508895e-05
2.528737753012145983e+00 1.273537117890173739e-04 2.493921566585640239e-05 1.708740713874450589e-05 5.157031748552470948e-05 3.069255166172461270e-05 7.584365035431323487e-05 3.979639582611752555e-05
2.537963355905294982e+00 1.278154913835661969e-04 2.516124762398809890e-05 1.714355623745017856e-05 5.173521005154659621e-05 3.077199537127480432e-05 7.600254756574706611e-05 3.998816523042413452e-05
2.547188958798443537e+00 1.282963921991826014e-04 2.536719383703514379e-05 1.724768264747701793e-05 5.188292499795486195e-05 3.088718805676317282e-05 7.614424309903913032e-05 4.019641969831708119e-05
2.556414561691592535e+00 1.288288557339657778e-04 2.543861348301603830e-05 1.732621190139479030e-05 5.197951224757626381e-05 3.110646750849652533e-05 7.623463148126620589e-05 4.045424114268421974e-05
2.565640164584741534e+00 1.293930831476852424e-04 2.546984224952332228e-05 1.744275577797202545e-05 5.204415371056286496e-05 3.135651657490493840e-05 7.629303077022410624e-05 4.074212765235278317e-05
2.574865767477890532e+00 1.299283138017951974e-04 2.552818380949990512e-05 1.761059461199182183e-05 5.213804839101249147e-05 3.157509666051891233e-05 7.638312548495341885e-05 4.099809366013749631e-05
2.584091370371039087e+00 1.304827875348154253e-04 2.554336592150579263e-05 1.779671052121390351e-05 5.221268822954203527e-05 3.181213012895592318e-05 7.645369924712123229e-05 4.127176936118587573e-05
2.593316973264188086e+00 1.309584368430855516e-04 2.563816779467594105e-05 1.789162413023240891e-05 5.238514080797311762e-05 3.196908376279211769e-05 7.660331476272094504e-05 4.146480789758961538e-05
2.602542576157337084e+00 1.314587954398615350e-04 2.570960220854697983e-05 1.781533395077300485e-05 5.267184698491729901e-05 3.214942992377844218e-05 7.672893153519980873e-05 4.168060996390755618e-05
2.611768179050485639e+00 1.319637950802889570e-04 2.577755508564264636e-05 1.774231015158770155e-05 5.292989676010135137e-05 3.233306022331443037e-05 7.685062492712458606e-05 4.189915322142376199e-05
2.620993781943634637e+00 1.324426196277995668e-04 2.587216601686784094e-05 1.770772672891299422e-05 5.306581595659196006e-05 3.248944684749244585e-05 7.699832375571930639e-05 4.209005144765388842e-05
2.630219384836783636e+00 1.329065884627908295e-04 2.609693988510805823e-05 1.773675198460397478e-05 5.321765281665689473e-05 3.262960402113924648e-05 7.716164886425476823e-05 4.226430945478238332e-05
2.639444987729932635e+00 1.333715513247599551e-04 2.624247616157487461e-05 1.767717836814116674e-05 5.336863119755988504e-05 3.276976980758759979e-05 7.734903682294407500e-05 4.243807191574448031e-05
2.648670590623081189e+00 1.339474294238414669e-04 2.620630315932181010e-05 1.779886610798300285e-05 5.340949178180736442e-05 3.301989535130181073e-05 7.750584603317107568e-05 4.272117224139814590e-05
2.657896193516230188e+00 1.344778306459545056e-04 2.622944972357325075e-05 1.778815670328278233e-05 5.350779219081094364e-05 3.322356715621765076e-05 7.770912229842569718e-05 4.295729412965498741e-05
2.667121796409379186e+00 1.349486583068758587e-04 2.636096595064766008e-05 1.779589810068750238e-05 5.375861821315603751e-05 3.336682094052307224e-05 7.797310698900376379e-05 4.313242818127391797e-05
2.676347399302527741e+00 1.354223149214902038e-04 2.654314949424233633e-05 1.777261344258379051e-05 5.400438666896534008e-05 3.351200497069113605e-05 7.823510533288012591e-05 4.330899577439050168e-05
2.685573002195676739e+00 1.359198021995570776e-04 2.670302891614778802e-05 1.771738603847328934e-05 5.422757171033817697e-05 3.368010196694907435e-05 7.847458297412102514e-05 4.350799669461463345e-05
2.694798605088825738e+00 1.364147937169816647e-04 2.686664636101552899e-05 1.778145172248847365e-05 5.445417738272678373e-05 3.384289351998153404e-05 7.871752325127221134e-05 4.370320972489799593e-05
2.704024207981974737e+00 1.369866952657981872e-04 2.685651622306840336e-05 1.790495355565295977e-05 5.460458245107644533e-05 3.408174489746535298e-05 7.888434159304216786e-05 4.397405277395946067e-05
2.713249810875123291e+00 1.376062513389998752e-04 2.679048441393193326e-05 1.810057933632018817e-05 5.470776215472033339e-05 3.435639141056236233e-05 7.900393242657663948e-05 4.429151135650852842e-05
2.722475413768272290e+00 1.381844575249389050e-04 2.674812385881881289e-05 1.822676603335896288e-05 5.485380123464080743e-05 3.448012468031648133e-05 7.916647352635379628e-05 4.456620741089299198e-05
2.731701016661421288e+00 1.386682141381001771e-04 2.680005227293766118e-05 1.825233368962219933e-05 5.509468855490129912e-05 3.450688024372204003e-05 7.942384859027103823e-05 4.474548030602885581e-05
2.740926619554569843e+00 1.391765300691828798e-04 2.688444162692857136e-05 1.834314626386521999e-05 5.531195225585728301e-05 3.455542187148231135e-05 7.965767359741435108e-05 4.494809137437872986e-05
2.750152222447718842e+00 1.396798429571543577e-04 2.703902846951230718e-05 1.840862918311780101e-05 5.553498070219354014e-05 3.459509625691708612e-05 7.989725730140283776e-05 4.514467775122867456e-05
2.759377825340867840e+00 1.402114315803122354e-04 2.716592050107388494e-05 1.851104120549284756e-05 5.572999090725142923e-05 3.475160925471455634e-05 8.010884664687431198e-05 4.536861882818079975e-05
2.768603428234016395e+00 1.407302094957787596e-04 2.724831889317950269e-05 1.859939369818955747e-05 5.593893205708890416e-05 3.492905413501318072e-05 8.033439444702185957e-05 4.557862050786952262e-05
2.777829031127165393e+00 1.412413079416289141e-04 2.739620238243126843e-05 1.862125930929611891e-05 5.615650129926874731e-05 3.509802610948090529e-05 8.056861014188115649e-05 4.577987912318409074e-05
2.787054634020314392e+00 1.417437752561429476e-04 2.757973661099744653e-05 1.871292327471372812e-05 5.638347607466806933e-05 3.525766664780583773e-05 8.081224857734163776e-05 4.597151296134611303e-05
2.796280236913463391e+00 1.423263784101734140e-04 2.768371647154113874e-05 1.888086299161757515e-05 5.647607277946837113e-05 3.549703556383554327e-05 8.097583306919780275e-05 4.624253985790185365e-05
2.805505839806611945e+00 1.428117215229795860e-04 2.788621126897876238e-05 1.888420819924947086e-05 5.664540785258340909e-05 3.563843827551838928e-05 8.123763531768678670e-05 4.641532232892946598e-05
2.814731442699760944e+00 1.432870446531248651e-04 2.809979540773418767e-05 1.890325440219000675e-05 5.682488129529604136e-05 3.576918148316450433e-05 8.151014082296282573e-05 4.657715839971538006e-05
2.823957045592909942e+00 1.437969878728247923e-04 2.827974126325716081e-05 1.891213823688610144e-05 5.696973647826620614e-05 3.587844224701622732e-05 8.174862219074326684e-05 4.677282028531683635e-05
2.833182648486058497e+00 1.443448052958441405e-04 2.842276594745238869e-05 1.903284169961291122e-05 5.707672254911462279e-05 3.600513460102859739e-05 8.194978180045943764e-05 4.700550848782335494e-05
2.842408251379207496e+00 1.449165391222315374e-04 2.853234208903142246e-05 1.917419347575107544e-05 5.715997620523051567e-05 3.615390923271441894e-05 8.212783648579497268e-05 4.726128597431636456e-05
2.851633854272356494e+00 1.454203087827835494e-04 2.866833367105698868e-05 1.924353598879133308e-05 5.731085426226352627e-05 3.622230879585514442e-05 8.237402684082667471e-05 4.744843724310252074e-05
2.860859457165505493e+00 1.460848024066333179e-04 2.863285241280741941e-05 1.946055816882393897e-05 5.730125854849847352e-05 3.644651388835200691e-05 8.246036346437710541e-05 4.779545195502246451e-05
2.870085060058654047e+00 1.466103377414509164e-04 2.873690527287618333e-05 1.954742537698108350e-05 5.743055188046230662e-05 3.652973564883359983e-05 8.268615547464327879e-05 4.800275466239619184e-05
2.879310662951803046e+00 1.471166422619542378e-04 2.890424482401057196e-05 1.947195974824779798e-05 5.757898289232820646e-05 3.659173454201842634e-05 8.293166974224580276e-05 4.819008903651581519e-05
2.888536265844952045e+00 1.477237379558150757e-04 2.897472096736425731e-05 1.964064928521922610e-05 5.762680004781526254e-05 3.675238578660431200e-05 8.307716080314023047e-05 4.847738925427305082e-05
2.897761868738100599e+00 1.482429269215577463e-04 2.912719094153986285e-05 1.955880324519350855e-05 5.776205100919775434e-05 3.682336814435200841e-05 8.331065994495557648e-05 4.867634568118251034e-05
2.906987471631249598e+00 1.488001781699429768e-04 2.924152539310722124e-05 1.961377876946726541e-05 5.875131065126106998e-05 3.694828648355928669e-05 8.350668537787905355e-05 4.891256081684250477e-05
2.916213074524398596e+00 1.493812169722588158e-04 2.931409437231344175e-05 1.978139248477072320e-05 5.905837850306191713e-05 3.715376371368655822e-05 8.367996554451239528e-05 4.917172137302218296e-05
2.925438677417547595e+00 1.500136898121624709e-04 2.925917707270050895e-05 1.995825875774752964e-05 5.916158577965444955e-05 3.739794898031442293e-05 8.380170150990986036e-05 4.948195646462071713e-05
2.934664280310696149e+00 1.505920745757014195e-04 2.923380010286477670e-05 1.993129184151273066e-05 5.931949174610212303e-05 3.761088311495535037e-05 8.397813759111616839e-05 4.973744692493948193e-05
2.943889883203845148e+00 1.511048644746407384e-04 2.935181192562370919e-05 2.000424567864101224e-05 5.951652150654643367e-05 3.775327103966510673e-05 8.422094876720908740e-05 4.992661396464166906e-05
2.953115486096994147e+00 1.516041090738211631e-04 2.948302755217732511e-05 2.004698569350345369e-05 5.959337365581479575e-05 3.787737189383030964e-05 8.447742918520141403e-05 5.010172126649893283e-05
2.962341088990142701e+00 1.522206896215396452e-04 2.954442041879843501e-05 2.011575981202367550e-05 5.955240729906097577e-05 3.811349629077670986e-05 8.461724816751027057e-05 5.039358580301079888e-05
2.971566691883291700e+00 1.527971908270429229e-04 2.959916164335516702e-05 2.018304328531696050e-05 5.955082326750851091e-05 3.825429886750602345e-05 8.479739533575941703e-05 5.064485426005140803e-05
2.980792294776440698e+00 1.532899023755892112e-04 2.969419110342041870e-05 2.012479419144971838e-05 5.963271423389376316e-05 3.830993917768308113e-05 8.506214857011284319e-05 5.081168309564909516e-05
2.990017897669589697e+00 1.537584563634453118e-04 2.980695648726184969e-05 2.005918231963555007e-05 5.973803246473436790e-05 3.834032163955270823e-05 8.535126483247073518e-05 5.095386375700161770e-05
2.999243500562738252e+00 1.543406746803212032e-04 2.977684888410140674e-05 2.013259576989862780e-05 5.972874626324065073e-05 3.848329782924751502e-05 8.552685107810959245e-05 5.120934229512468926e-05
3.008469103455887250e+00 1.551034539865192715e-04 2.956617471910460287e-05 2.039430220923267698e-05 5.953898511129341329e-05 3.880533908989244147e-05 8.552305898466830620e-05 5.164457026369808853e-05
3.017694706349036249e+00 1.556800817862438746e-04 2.958089444198965597e-05 2.053157979588804177e-05 5.953433273633661465e-05 3.894023004116111786e-05 8.570541404347099736e-05 5.189333008982416665e-05
3.026920309242184803e+00 1.562429365935088165e-04 2.963669528255189530e-05 2.063232330965265198e-05 5.954266024428542573e-05 3.905776541374553006e-05 8.590205132233939573e-05 5.212779606965061287e-05
3.036145912135333802e+00 1.569101026061314502e-04 2.963707134748339652e-05 2.074307770484661376e-05 5.944474004500991423e-05 3.928613206411313405e-05 8.599494201857888214e-05 5.246604695459127930e-05
3.045371515028482801e+00 1.574672189644979025e-04 2.975124417529489930e-05 2.087385650726070662e-05 5.945584575147089745e-05 3.946447353129860485e-05 8.619782194164494257e-05 5.269389723677945342e-05
3.054597117921631799e+00 1.580044641310473434e-04 2.988923263202549808e-05 2.098463457211391858e-05 5.948615840828134420e-05 3.962237838111416874e-05 8.642092361074081531e-05 5.290138120418855011e-05
3.063822720814780354e+00 1.585427042254523812e-04 3.002781239357918191e-05 2.109596786825946994e-05 5.951552584319470015e-05 3.977006461619671848e-05 8.664458724561246820e-05 5.310920663380587340e-05
3.073048323707929352e+00 1.592218532872782637e-04 3.002177332449637451e-05 2.132241296824621195e-05 5.950371336824430740e-05 3.996372007766192300e-05 8.672744279335995983e-05 5.345759407040047071e-05
3.082273926601078351e+00 1.597627154408146435e-04 3.015906277827943541e-05 2.133731949155987895e-05 5.972625904331364528e-05 4.001782651377379667e-05 8.694758823499606527e-05 5.366752504034800358e-05
3.091499529494226906e+00 1.602662381665082708e-04 3.049095510406946998e-05 2.130405083194725126e-05 5.998800135400834520e-05 4.003247759143686965e-05 8.783325362378418969e-05 5.383950600992076991e-05
3.100725132387375904e+00 1.609414224420847883e-04 3.080688222805596610e-05 2.154547895332422388e-05 6.007874611209246805e-05 4.021701179586215015e-05 8.936986566843944241e-05 5.418260201433985858e-05
3.109950735280524903e+00 1.615730974690099474e-04 3.103709240356080376e-05 2.167337154932133286e-05 6.021312645892494347e-05 4.049505755803305801e-05 9.096868913827696164e-05 5.448199913527030963e-05
3.119176338173673901e+00 1.622212522699726430e-04 3.108515135185935425e-05 2.178431511221147758e-05 6.033175977124562140e-05 4.079462066452470162e-05 9.257004140625010868e-05 5.479737608231978387e-05
3.128401941066822456e+00 1.628936914764080339e-04 3.103073376667223916e-05 2.197935707842990855e-05 6.042797362551917883e-05 4.111841772524201920e-05 9.316881130302327035e-05 5.510036682137074801e-05
3.137627543959971455e+00 1.634272719998965974e-04 3.111435074224761063e-05 2.201714111298773923e-05 6.066227592020536751e-05 4.130343972192512553e-05 9.327579607525319345e-05 5.522895429548023720e-05
3.146853146853120453e+00 1.639468888199603863e-04 3.121245978249414014e-05 2.204007269212914346e-05 6.091198573770977378e-05 4.147464119276273332e-05 9.339628359190867580e-05 5.534240237870968369e-05
3.156078749746269008e+00 1.645444224857522226e-04 3.191981367507807049e-05 2.210276657458893484e-05 6.108316741164972630e-05 4.172392087432069316e-05 9.343226044801757296e-05 5.553266589204401585e-05
3.165304352639418006e+00 1.651326192669481496e-04 3.206063876088751448e-05 2.210624848052641900e-05 6.126575479073820209e-05 4.196356652636046920e-05 9.347802410185761007e-05 5.571207783437236800e-05
3.174529955532567005e+00 1.656433333465980593e-04 3.211141198216255514e-05 2.216568590676347710e-05 6.152591504746029376e-05 4.212601651182998536e-05 9.359986952641138652e-05 5.581296433190955947e-05
3.183755558425716004e+00 1.662187965620414928e-04 3.209719897753114887e-05 2.224386756110368290e-05 6.172189976463984340e-05 4.235327063405923626e-05 9.365607298932203720e-05 5.597736183305762571e-05
3.192981161318864558e+00 1.669095362188574810e-04 3.214985818360591814e-05 2.241900328131462227e-05 6.185921818359409467e-05 4.268602163824827215e-05 9.364085994632587737e-05 5.624688527835796151e-05
3.202206764212013557e+00 1.674926555232871157e-04 3.238679305969815081e-05 2.258464930450089871e-05 6.199242410469683515e-05 4.293102959975874646e-05 9.364266753671688422e-05 5.642550692239245230e-05
3.211432367105162555e+00 1.681075268961003942e-04 3.238134972362882746e-05 2.276102098519908710e-05 6.215054882331724306e-05 4.319797103715931788e-05 9.365662176418973472e-05 5.662568392096529221e-05
3.220657969998311110e+00 1.687330252458937125e-04 3.240288874464312507e-05 2.294282591892691679e-05 6.229992311297278813e-05 4.347541246195387333e-05 9.366012807288939205e-05 5.683506716313293193e-05
3.229883572891460108e+00 1.692848162013332327e-04 3.259933621215202232e-05 2.301620257713992931e-05 6.252307406048822195e-05 4.365762301905727551e-05 9.373578437731882999e-05 5.696973079717603211e-05
3.239109175784609107e+00 1.698310698094206215e-04 3.270299700426838223e-05 2.307546029330702852e-05 6.275122966074248650e-05 4.381960631832487437e-05 9.381543193959717645e-05 5.709764423501060648e-05
3.248334778677758106e+00 1.703432839791608165e-04 3.314829191499780482e-05 2.313983663009672696e-05 6.301523934830303725e-05 4.394693275009279644e-05 9.392910686704421383e-05 5.719015246048152212e-05
3.257560381570906660e+00 1.708424600540450321e-04 3.325429002837992400e-05 2.319101958576659083e-05 6.329287688013545505e-05 4.405980002289154097e-05 9.405492088067400700e-05 5.726837049273731392e-05
3.266785984464055659e+00 1.713959124239612230e-04 3.374333832754735263e-05 2.329653423181459056e-05 6.351582895295401331e-05 4.422526670763094673e-05 9.412522200120151776e-05 5.739974112639267497e-05
3.276011587357204657e+00 1.721889816257879912e-04 3.368241506599225794e-05 2.359879461828276741e-05 6.339865166442342414e-05 4.461088328382053743e-05 9.395499158272821471e-05 5.781482615732083056e-05
3.285237190250353212e+00 1.728115108409877115e-04 3.376999793075214761e-05 2.377002803625080890e-05 6.345158288566734466e-05 4.478513552700938666e-05 9.395423928760051908e-05 5.811490524020884892e-05
3.294462793143502211e+00 1.733863455147485223e-04 3.378519203472228724e-05 2.389298215744908686e-05 6.355302874336317821e-05 4.490981243391936064e-05 9.400117787882605880e-05 5.836694427345546501e-05
3.303688396036651209e+00 1.740187637882075530e-04 3.373984200926328104e-05 2.407378867268919280e-05 6.359556592810646425e-05 4.509072963930119788e-05 9.398864679738532651e-05 5.867671591506116633e-05
3.312913998929800208e+00 1.746541698604442850e-04 3.369192742065082796e-05 2.425720241873039959e-05 6.363553311926776275e-05 4.527781074011098502e-05 9.397277130637526942e-05 5.898927014849222699e-05
3.322139601822948762e+00 1.752746383207383373e-04 3.369548250902162424e-05 2.438818902635348667e-05 6.369024130486222236e-05 4.544327663937429581e-05 9.397090330811192762e-05 5.928680434143053838e-05
3.331365204716097761e+00 1.758100693364149586e-04 3.379554873096608575e-05 2.434961792891691783e-05 6.382990683104504447e-05 4.552436439298892059e-05 9.405338808983736837e-05 5.949908270073458723e-05
3.340590807609246760e+00 1.763369922617697935e-04 3.390398667312314544e-05 2.443766410949380747e-05 6.397743905975459156e-05 4.559350836131148359e-05 9.414308194492364843e-05 5.970290986441573557e-05
3.349816410502395314e+00 1.768444927111272990e-04 3.403209634410419193e-05 2.436836397326795547e-05 6.423465301528692695e-05 4.564186177765102250e-05 9.425123499875881776e-05 5.988725647529128597e-05
3.359042013395544313e+00 1.775136151413878255e-04 3.451089666961108587e-05 2.455132606661008924e-05 6.523649592031754421e-05 4.585047873771744059e-05 9.419650712764169632e-05 6.023327757772976724e-05
3.368267616288693311e+00 1.780586397755717757e-04 3.468972708846982810e-05 2.461118899025366183e-05 6.550540482903860874e-05 4.593329570743535386e-05 9.426637063432623058e-05 6.045464989515796734e-05
3.377493219181842310e+00 1.785812433297959861e-04 3.484811106521806009e-05 2.463401463382298398e-05 6.578345197706818889e-05 4.599248666328707822e-05 9.435612488212753658e-05 6.065402110501562230e-05
3.386718822074990864e+00 1.792582224015015768e-04 3.477979389105879536e-05 2.487105294939287599e-05 6.589505449552734507e-05 4.619930967566068022e-05 9.429176764068450704e-05 6.100734398820035825e-05
3.395944424968139863e+00 1.798125374536312473e-04 3.480570904684318775e-05 2.496513323287154217e-05 6.612966924296123650e-05 4.629379505287440559e-05 9.434886041085970530e-05 6.123805129336212111e-05
3.405170027861288862e+00 1.803670350619646329e-04 3.503174044325318981e-05 2.505934347207228164e-05 6.636452416520387991e-05 4.638291918202097478e-05 9.440458627238033310e-05 6.146895148124373049e-05
3.414395630754437416e+00 1.809258697687820823e-04 3.526355462646498483e-05 2.515780525859408873e-05 6.659556974072543181e-05 4.647495792591056665e-05 9.445492939563879167e-05 6.170418227154834978e-05
3.423621233647586415e+00 1.815394622503053730e-04 3.534156694780409198e-05 2.530384349147142401e-05 6.742200254095974464e-05 4.662010804833412549e-05 9.444988308149909642e-05 6.199394826389717451e-05
3.432846836540735413e+00 1.821639756138195465e-04 3.540730185678760741e-05 2.541534255585519569e-05 6.842429939518061138e-05 4.677510832573015262e-05 9.443207338092951325e-05 6.229495969539885754e-05
3.442072439433883968e+00 1.828284849809866093e-04 3.542695619221589696e-05 2.563085392956373490e-05 6.855136749886288545e-05 4.696876915114060703e-05 9.437391286790263356e-05 6.263581088351187964e-05
3.451298042327032967e+00 1.835300652243480575e-04 3.544178730035841282e-05 2.585893911212893141e-05 6.875585454147538399e-05 4.726396844765830101e-05 9.427965722300378536e-05 6.301265644114173198e-05
3.460523645220181965e+00 1.843045400714990402e-04 3.532168567477254450e-05 2.612059160723208956e-05 6.963764935116406401e-05 4.767323327056893355e-05 9.410913111196147368e-05 6.346354144744879183e-05
3.469749248113330964e+00 1.849393595286337650e-04 3.537298787638154052e-05 2.626591357257881325e-05 6.968702416359676783e-05 4.794249384837162998e-05 9.419676025413645020e-05 6.377443184372840943e-05
3.478974851006479518e+00 1.855109101378308277e-04 3.556468806356256093e-05 2.635492672725640189e-05 6.980112317037632814e-05 4.814424952822096704e-05 9.440890044376911610e-05 6.402115501038116105e-05
3.488200453899628517e+00 1.861686791573821990e-04 3.568474873555312369e-05 2.641882869560240456e-05 6.984890790998857669e-05 4.835809013041254649e-05 9.453367178573229184e-05 6.435516152018347521e-05
3.497426056792777516e+00 1.868308348830664063e-04 3.579278588911879522e-05 2.660922968537917104e-05 6.986928001604265220e-05 4.863839316713122101e-05 9.465626243440047405e-05 6.469240845474006577e-05
3.506651659685926070e+00 1.874116129489810799e-04 3.601488596069766590e-05 2.671872105948318310e-05 6.996929544896099851e-05 4.883840126365914989e-05 9.485935019002420324e-05 6.494930380978255233e-05
3.515877262579075069e+00 1.880256769432528939e-04 3.616521545781565487e-05 2.686007867050939422e-05 7.056888737900265506e-05 4.907187711109635073e-05 9.502843442998714068e-05 6.523981718174200976e-05
3.525102865472224067e+00 1.885905589662705765e-04 3.638005293529013090e-05 2.697064231061752949e-05 7.119638842771665462e-05 4.925345437490174214e-05 9.525133003216495402e-05 6.547942069722129609e-05
3.534328468365373066e+00 1.891238479271805620e-04 3.645308183235115547e-05 2.699589499953231227e-05 7.144007422905877922e-05 4.940427116366074276e-05 9.550374018156643978e-05 6.568874123439891817e-05
3.543554071258521621e+00 1.897098831334320885e-04 3.655325901271192727e-05 2.710643761367001340e-05 7.163245450810868829e-05 4.960655754330549534e-05 9.570538218611355976e-05 6.594985684763550265e-05
3.552779674151670619e+00 1.903757678930369777e-04 3.662071697733629153e-05 2.729139080026883450e-05 7.174298798112271327e-05 4.988841801190551989e-05 9.582779107460159297e-05 6.629072217726397092e-05
3.562005277044819618e+00 1.910344282138763596e-04 3.674110020350469319e-05 2.741656496092482716e-05 7.187497954572351550e-05 5.015898821025688704e-05 9.595665654262255559e-05 6.662534486593087667e-05
3.571230879937968172e+00 1.917506888753454106e-04 3.683181700746602128e-05 2.769717718474840268e-05 7.194397129593862929e-05 5.046022624725473769e-05 9.633432957664234738e-05 6.701646234484378976e-05
3.580456482831117171e+00 1.923989736933927428e-04 3.702520622903535986e-05 2.788017601795244878e-05 7.207438889504470879e-05 5.069433299513824475e-05 9.782144810898597722e-05 6.734090608179232103e-05
3.589682085724266170e+00 1.929990354400234337e-04 3.735767015974685739e-05 2.800229654449279924e-05 7.225706415602196247e-05 5.087797162937004081e-05 9.937347608614781206e-05 6.761553802455604143e-05
3.598907688617415168e+00 1.935533164400607409e-04 3.773625628791444004e-05 2.804309437997090908e-05 7.292544238679375289e-05 5.101670443697888316e-05 9.950324588899907546e-05 6.784578970728987520e-05
3.608133291510563723e+00 1.940985056369184004e-04 3.787746809218105431e-05 2.805825485841043901e-05 7.324474212251047664e-05 5.114448580591281495e-05 9.958940806564789351e-05 6.800929038124368725e-05
3.617358894403712721e+00 1.947632981795177035e-04 3.808363868657989554e-05 2.819369456138603189e-05 7.449531767410341016e-05 5.139272436417593971e-05 9.955161217048644488e-05 6.828786866852631660e-05
3.626584497296861720e+00 1.954636906866865232e-04 3.797644712837865101e-05 2.836204776522708703e-05 7.572461317216421591e-05 5.167276052995181646e-05 9.947721778866418815e-05 6.860000877003733628e-05
3.635810100190010274e+00 1.960553406189065263e-04 3.821721283039583453e-05 2.845178734743586792e-05 7.707640795994577846e-05 5.184271795938722328e-05 9.951167272643111016e-05 6.880267746184166671e-05
3.645035703083159273e+00 1.967125768494564224e-04 3.855396362475644093e-05 2.861765005312882568e-05 7.836642458942597034e-05 5.207934798075820925e-05 1.003452544806599086e-04 6.907188599367285382e-05
3.654261305976308272e+00 1.973281308254132521e-04 3.884984969832982441e-05 2.879051699277389558e-05 7.927978898648863461e-05 5.227205361218521091e-05 1.019129675435497917e-04 6.929738635562401818e-05
3.663486908869457270e+00 1.978910956284378735e-04 3.910520103855711152e-05 2.887138330620464956e-05 7.969442241382594986e-05 5.238836916554969261e-05 1.035479710901531989e-04 6.947094129565543202e-05
3.672712511762605825e+00 1.986314243584782644e-04 3.905856182295143367e-05 2.912625338144278595e-05 8.053788627159614265e-05 5.265529718060941566e-05 1.043022397689699426e-04 6.981993061601864375e-05
3.681938114655754823e+00 1.992153926714848556e-04 3.913388259321794464e-05 2.926669989815298425e-05 8.078892944787924280e-05 5.276613542458188379e-05 1.044216639942876894e-04 7.001321650772164475e-05
