4.612801446574533726e-01 1.741085966744328744e+03 1.103691991653886362e+01 1.139956411740968178e+01 2.159782592402575574e+01 2.242305470009364399e+01 3.293969183577632975e+01 3.206454940559478928e+01
4.705057475506024267e-01 1.524190363186995000e+03 1.120800604915029908e+01 1.134782714145194404e+01 2.224022098431623817e+01 2.228585233645981134e+01 3.359477549353596260e+01 3.171819831941775192e+01
4.797313504437515363e-01 1.345287762918509088e+03 1.056345473742931063e+01 1.055601349890002894e+01 2.100898488901816563e+01 2.077441381940343490e+01 3.157084214240944675e+01 2.949700131729628083e+01
4.889569533369005905e-01 1.197197853982006563e+03 9.700418277847575155e+00 9.617914090965314244e+00 1.918411156805996143e+01 1.892019687031142894e+01 2.887312294435446347e+01 2.688327603857646864e+01
4.981825562300497001e-01 1.073279606474216962e+03 8.804061452104861019e+00 8.710595470224916426e+00 1.734625884680144736e+01 1.715867466976692413e+01 2.617333859212521929e+01 2.438370975486100178e+01
5.074081591231986987e-01 9.683347677477727302e+02 7.976515578816929519e+00 7.886471478743601438e+00 1.569184137844183624e+01 1.558653807637267619e+01 2.371651543211896751e+01 2.211720809124847165e+01
5.166337620163478084e-01 8.785115181553812818e+02 7.229174082199506302e+00 7.188864171031582373e+00 1.421988755821109862e+01 1.420831401217697021e+01 2.152580323544077601e+01 2.013312310429103036e+01
5.258593649094969180e-01 8.008741544026704560e+02 6.586179650064764246e+00 6.568939613080488016e+00 1.296348093608662566e+01 1.298967750109977715e+01 1.961539603720848390e+01 1.838830118374914946e+01
5.350849678026460277e-01 7.332113454730738340e+02 6.023340817437201622e+00 6.013481358275384991e+00 1.189020797463194867e+01 1.191265368692597804e+01 1.795476344959524795e+01 1.685378596763223413e+01
5.443105706957950263e-01 6.738257673594414427e+02 5.531599498817513449e+00 5.527521999115037943e+00 1.094689496724299715e+01 1.095215495369302516e+01 1.650040007200959735e+01 1.550952811471756831e+01
5.535361735889441359e-01 6.213774406661361809e+02 5.105462386003750908e+00 5.106264746519627806e+00 1.011518817175885943e+01 1.010775681351003641e+01 1.522214595823118088e+01 1.432735800340446986e+01
5.627617764820932456e-01 5.747927882675476212e+02 4.736144483650832626e+00 4.727103974844567347e+00 9.385903457111794523e+00 9.354397263176906563e+00 1.410073669389964834e+01 1.327602705295919350e+01
5.719873793752422442e-01 5.332213884732525457e+02 4.406272525848407895e+00 4.387337567146914807e+00 8.735307532917090612e+00 8.688865156493079667e+00 1.310402525124402473e+01 1.234502267698223932e+01
5.812129822683913538e-01 4.959646533776715387e+02 4.105960571973810147e+00 4.098484635014472133e+00 8.148045747777814540e+00 8.096462086770372935e+00 1.220973281820943157e+01 1.152097258077208153e+01
5.904385851615404635e-01 4.624342474273428252e+02 3.844686754795588968e+00 3.837380125942786435e+00 7.623282115552569849e+00 7.565258920424923872e+00 1.141137429119595481e+01 1.078066359477037395e+01
5.996641880546894621e-01 4.321526465197273410e+02 3.602610992508004983e+00 3.604823355438441013e+00 7.148145567216488416e+00 7.091146429214575164e+00 1.069115650381178284e+01 1.011713352378603759e+01
6.088897909478385717e-01 4.047133938466353698e+02 3.381177672652654564e+00 3.395983880805317767e+00 6.717179475543218814e+00 6.665258676226358148e+00 1.003968751968812967e+01 9.519082230932099264e+00
6.181153938409876814e-01 3.797720341975283418e+02 3.180752717071243296e+00 3.206166412246489017e+00 6.326414626978646538e+00 6.279561166971518560e+00 9.449717197797156132e+00 8.976396456592397044e+00
6.273409967341367910e-01 3.570355386149162200e+02 2.999452665854960287e+00 3.031030812124981821e+00 5.972197393439842017e+00 5.928135646903456291e+00 8.914842766465540080e+00 8.480842999329524901e+00
6.365665996272857896e-01 3.362554036565518345e+02 2.833620125974960047e+00 2.868435074053422795e+00 5.648888225201858404e+00 5.610768496948082884e+00 8.427109037688353510e+00 8.027974954008527675e+00
6.457922025204348992e-01 3.172163692400140462e+02 2.682146411791279661e+00 2.719432031932115024e+00 5.351020722390728679e+00 5.319909156733388045e+00 7.980925043764955262e+00 7.612839014437838614e+00
6.550178054135840089e-01 2.997320755996178150e+02 2.544634589303598204e+00 2.582487877281209876e+00 5.075597883948887556e+00 5.052566921132779498e+00 7.571516610352375665e+00 7.231188649987984718e+00
6.642434083067330075e-01 2.836402838787857377e+02 2.420495555508807684e+00 2.456118016768186862e+00 4.822436642040429433e+00 4.806003853604977394e+00 7.194952498222107806e+00 6.879202883401660529e+00
6.734690111998820061e-01 2.687979181454606987e+02 2.305702347725741674e+00 2.337558733477862916e+00 4.590668001149424526e+00 4.576463231460593306e+00 6.849235126003975438e+00 6.552188119133802502e+00
6.826946140930312268e-01 2.550828707692115245e+02 2.198029723366914823e+00 2.227645369357077243e+00 4.376231864301018959e+00 4.363997782590445240e+00 6.529324983235596846e+00 6.249383187576654564e+00
6.919202169861803364e-01 2.423859178841093467e+02 2.098342669469843713e+00 2.125768180255278139e+00 4.177367867430291426e+00 4.166881407662202719e+00 6.232608322929507949e+00 5.968352029126066327e+00
7.011458198793293350e-01 2.306106414797604884e+02 2.006564538872510184e+00 2.031128478228396261e+00 3.992538517155992395e+00 3.983606009780487511e+00 5.956801203539924927e+00 5.706964827049716860e+00
7.103714227724783337e-01 2.196718169828371856e+02 1.921072060134605408e+00 1.943181807720833376e+00 3.820240919995939066e+00 3.813003721138670699e+00 5.699745397234750044e+00 5.463507234131043333e+00
7.195970256656274433e-01 2.094938523620671731e+02 1.840938399984651141e+00 1.861547662928614955e+00 3.659054681146898247e+00 3.654144246840616006e+00 5.459443126531596135e+00 5.236566901617436542e+00
7.288226285587766640e-01 2.000089511479353064e+02 1.765794736919389152e+00 1.786129378759369501e+00 3.508201198681376809e+00 3.505729960829711445e+00 5.234605362581902455e+00 5.024419538221820858e+00
7.380482314519256626e-01 1.911566181107239117e+02 1.695393772951064193e+00 1.715434681082456336e+00 3.366953954031686180e+00 3.366647453100114262e+00 5.024052891362657647e+00 4.825572873272591323e+00
7.472738343450746612e-01 1.828828957175910830e+02 1.629237042775855571e+00 1.649060055485620069e+00 3.234478311199382006e+00 3.236095659415099135e+00 4.826548343228552085e+00 4.638888394749557165e+00
7.564994372382237708e-01 1.751393747557112874e+02 1.566916795021256803e+00 1.586645254165034657e+00 3.110030528244209336e+00 3.113359783189935115e+00 4.640988633905323013e+00 4.463349862307893545e+00
7.657250401313729915e-01 1.678825273339856778e+02 1.508265440832047943e+00 1.527867706672793702e+00 2.992945929241926706e+00 2.997800186746246709e+00 4.466387558497274313e+00 4.298047603224802060e+00
7.749506430245219901e-01 1.610731318204786362e+02 1.452987236726244191e+00 1.472437805700849367e+00 2.882628849816171623e+00 2.888842931863223384e+00 4.301860983868948551e+00 4.142165133885868045e+00
7.841762459176709887e-01 1.546757753777569349e+02 1.400816333538699610e+00 1.420094873183671780e+00 2.778544057506792342e+00 2.785971694423665213e+00 4.146614203973484791e+00 3.994967719771494785e+00
7.934018488108200984e-01 1.486583636891642186e+02 1.351571727130078671e+00 1.370545124122600100e+00 2.680267975804326852e+00 2.688662256314074739e+00 3.999989675116637500e+00 3.855733985618059023e+00
8.026274517039692080e-01 1.429915791973718342e+02 1.305320151012921315e+00 1.323292674689980686e+00 2.587648375549804314e+00 2.596210527662094592e+00 3.861623703011275666e+00 3.723581453710778533e+00
8.118530545971182066e-01 1.376494457923666914e+02 1.261480714739349196e+00 1.278529635988377322e+00 2.499906254012159934e+00 2.508620063977389236e+00 3.730545726206287327e+00 3.598351912920094264e+00
8.210786574902672053e-01 1.326079848435836652e+02 1.219879483131137476e+00 1.236076970455570745e+00 2.416688027867024857e+00 2.425540691807611893e+00 3.606228259449977713e+00 3.479548180808535562e+00
8.303042603834164259e-01 1.278453525556280539e+02 1.180358212250027350e+00 1.195669013439754735e+00 2.337672199007769791e+00 2.346653868393445919e+00 3.488191603877922375e+00 3.366717841693443347e+00
8.395298632765655356e-01 1.233416183438620521e+02 1.142772646939150150e+00 1.157123448659959308e+00 2.262565850591315098e+00 2.271669238166310834e+00 3.375998637953841808e+00 3.259448387883850273e+00
8.487554661697145342e-01 1.190785694404487316e+02 1.106991032230368432e+00 1.120465414567036078e+00 2.191101586289505576e+00 2.200321623908521929e+00 3.269250265987722059e+00 3.157362972306628990e+00
8.579810690628635328e-01 1.150395382359356518e+02 1.072892808049616065e+00 1.085568305124411381e+00 2.123034848965190236e+00 2.132368390100708666e+00 3.167581429810837790e+00 3.060116684901473150e+00
8.672066719560127535e-01 1.112092493870886045e+02 1.040367461694927442e+00 1.052316128347371205e+00 2.058141565574132414e+00 2.067587126366078110e+00 3.070657604824390319e+00 2.967393279706072917e+00
8.764322748491618631e-01 1.075736841491512052e+02 1.009313516424413137e+00 1.020593822436794085e+00 1.996216073207904174e+00 2.005773606850695501e+00 2.978171713620596961e+00 2.878902290633348571e+00
8.856578777423108617e-01 1.041199597542945128e+02 9.796376378137523488e-01 9.902625599410868062e-01 1.937069288150070179e+00 1.946739988187218273e+00 2.889841400661396165e+00 2.794376483476895601e+00
8.948834806354598603e-01 1.008362219636298533e+02 9.512538422834495577e-01 9.612870740194381369e-01 1.880527085562036405e+00 1.890313214314758739e+00 2.805406619991700268e+00 2.713569599553565581e+00
9.041090835286089700e-01 9.771154917850128641e+01 9.240827944936427230e-01 9.335837327888469872e-01 1.826428862204664938e+00 1.836333601114134240e+00 2.724627495059408488e+00 2.636254352964343184e+00
9.133346864217581906e-01 9.473586671606844334e+01 8.980511822277890133e-01 9.070752937321060472e-01 1.774626258626994968e+00 1.784653577756927234e+00 2.647282415663596566e+00 2.562220648974857795e+00
9.225602893149071893e-01 9.189987004056956721e+01 8.730938495684057443e-01 8.816903074918798211e-01 1.724982020616437239e+00 1.735136564964108175e+00 2.573166342044316934e+00 2.491273995643254580e+00
9.317858922080561879e-01 8.919495590074981806e+01 8.492133712737199858e-01 8.573625859260260995e-01 1.677368982553787191e+00 1.687655973156410028e+00 2.502089290339171157e+00 2.423234084733167037e+00
9.410114951012052975e-01 8.661316045997405411e+01 8.263009440504163194e-01 8.340522710885664992e-01 1.631669157712750007e+00 1.642094305827271228e+00 2.433874977191081257e+00 2.357933521249179876e+00
9.502370979943544071e-01 8.414710362222021445e+01 8.043416209960554397e-01 8.117642366648425423e-01 1.587772922579191004e+00 1.598342355466982667e+00 2.368359604306874644e+00 2.295216683735958441e+00
9.594627008875034058e-01 8.178993885744773706e+01 7.832118182790992478e-01 7.903523132876131285e-01 1.545578283995183710e+00 1.556298481057211802e+00 2.305390766333744068e+00 2.234938699860691713e+00
9.686883037806525154e-01 7.953530791625256313e+01 7.628657736582908910e-01 7.697678269443741783e-01 1.504990219401491913e+00 1.515867957601997773e+00 2.244826467598258546e+00 2.176964523830463349e+00
9.779139066738016250e-01 7.737731908857151097e+01 7.432415681250432726e-01 7.498928161287352623e-01 1.465900891477957657e+00 1.476981579623583229e+00 2.186515044892061610e+00 2.121187294160563397e+00
9.871395095669507347e-01 7.531051368277769598e+01 7.242573452063965078e-01 7.308053713962010534e-01 1.428185582620727700e+00 1.439598658548845833e+00 2.130290838145839416e+00 2.067531108736162082e+00
9.963651124600997333e-01 7.332969809276465867e+01 7.059454338524631112e-01 7.124177970764975498e-01 1.391836560321436878e+00 1.403572190108192785e+00 2.076107816909015469e+00 2.015815990676287583e+00
1.005590715353248843e+00 7.143009534294614582e+01 6.882701162624442759e-01 6.946928833670256154e-01 1.356780611719543117e+00 1.368830442241247169e+00 2.023856898143733929e+00 1.965939293198260884e+00
1.014816318246397842e+00 6.960724695429919961e+01 6.711978713930477625e-01 6.775957403663284140e-01 1.322949075365940530e+00 1.335306125582803816e+00 1.973435780940874906e+00 1.917804703534542909e+00
1.024041921139547062e+00 6.785698773987337518e+01 6.546971969146540005e-01 6.610936113485621490e-01 1.290277470582779529e+00 1.302936037431976501e+00 1.924748396399493799e+00 1.871321735020998744e+00
1.033267524032696061e+00 6.617542283663132707e+01 6.387384463650391808e-01 6.451860005646921081e-01 1.258705159069819501e+00 1.271660736846570217e+00 1.877704405423557432e+00 1.826405263418962477e+00
1.042493126925845059e+00 6.455890674734266099e+01 6.232936798377721743e-01 6.298243465704587152e-01 1.228172881056465826e+00 1.241424247549346660e+00 1.832218739233141491e+00 1.782975102755905539e+00
1.051718729818994280e+00 6.300402419099728490e+01 6.082911089360010237e-01 6.149684751439608021e-01 1.198628576839297466e+00 1.212173785702731266e+00 1.788211177962594434e+00 1.740955616493522484e+00
1.060944332712143279e+00 6.150757258182560605e+01 5.937145261915546257e-01 6.005927891251161554e-01 1.170021785933123226e+00 1.183859509926428188e+00 1.745605963206394051e+00 1.700275360284550175e+00
1.070169935605292277e+00 6.006649439118859846e+01 5.796312748902039402e-01 5.866215071276528192e-01 1.142355961396631869e+00 1.156382706338689559e+00 1.704383025681728725e+00 1.660815168099261996e+00
1.079395538498441276e+00 5.867799792546315985e+01 5.659863175143584613e-01 5.730640619425813043e-01 1.115553157216574220e+00 1.129731083815009640e+00 1.664442147366429481e+00 1.622543356019491512e+00
1.088621141391590497e+00 5.733944620365377176e+01 5.528403872169036504e-01 5.599174129406492284e-01 1.089551407920815507e+00 1.103880990853753019e+00 1.625700241800480228e+00 1.585417854277963556e+00
1.097846744284739717e+00 5.604833941955150323e+01 5.400942278028821875e-01 5.471608730679662358e-01 1.064309615079274352e+00 1.078792153813324717e+00 1.588096148317113432e+00 1.549380866572683146e+00
1.107072347177888716e+00 5.480232219654299541e+01 5.277086948346436657e-01 5.347747631568964266e-01 1.039788625443740955e+00 1.054426248485945905e+00 1.551571624151357298e+00 1.514377367950693554e+00
1.116297950071037715e+00 5.359917297626165578e+01 5.156653085076214893e-01 5.227728186455777859e-01 1.015951062360450408e+00 1.030746740348220669e+00 1.516071095323205498e+00 1.480354875986002128e+00
1.125523552964186713e+00 5.243679419654225171e+01 5.039463880600223433e-01 5.111956486385622611e-01 9.927611664772797440e-01 1.007716442373038035e+00 1.481541421632243782e+00 1.447263235852595642e+00
1.134749155857335934e+00 5.131320317907064776e+01 4.925349773990745916e-01 4.999348381388557527e-01 9.701846443322068581e-01 9.851070346485286677e-01 1.447931673713618750e+00 1.415054417542535248e+00
1.143974758750484932e+00 5.022652365343256520e+01 4.814147738787610820e-01 4.889743530311747577e-01 9.481885234648359528e-01 9.630766753905106725e-01 1.415192920191465475e+00 1.383682323593433239e+00
1.153200361643633931e+00 4.917497784961601326e+01 4.705700595756852067e-01 4.782988118257094357e-01 9.267410127226867189e-01 9.415939454650441576e-01 1.383278023026711878e+00 1.353102605786340007e+00
1.162425964536783152e+00 4.815687909538642941e+01 4.599576214342135927e-01 4.678934280094040332e-01 9.058113664441052038e-01 9.206284672192381890e-01 1.352141439180783777e+00 1.323272489351538184e+00
1.171651567429932372e+00 4.717058256049807596e+01 4.496084148967867122e-01 4.577016574011807393e-01 8.854120490751498096e-01 9.001084768513933909e-01 1.321781324605574071e+00 1.294108305387460689e+00
1.180877170323081371e+00 4.621453976801181796e+01 4.395530023668285935e-01 4.476794675001016799e-01 8.655375209343318943e-01 8.799817782546526246e-01 1.292178260724931249e+00 1.265546408049054605e+00
1.190102773216230370e+00 4.528735931706121676e+01 4.297150403974825394e-01 4.377770094678652413e-01 8.460971431954504851e-01 8.602825774727449470e-01 1.263228100924926878e+00 1.237609975666920548e+00
1.199328376109379368e+00 4.438765273952893153e+01 4.200808395569168852e-01 4.280830350741808843e-01 8.270632223770135738e-01 8.409831745076701282e-01 1.234889956769940511e+00 1.210260672663650894e+00
1.208553979002528589e+00 4.351407483459158243e+01 4.106532120014634302e-01 4.185679667014099437e-01 8.084247922793323937e-01 8.220399113108385336e-01 1.207139921290789175e+00 1.183444571360467990e+00
1.217779581895677588e+00 4.266546102417512998e+01 4.013502667355268727e-01 4.093290527269175527e-01 7.900445299237901509e-01 8.035359758467421898e-01 1.179827925266280886e+00 1.157234933987936643e+00
1.227005184788826586e+00 4.184057559891025591e+01 3.922413555250656714e-01 4.003440467477474840e-01 7.719048715726799514e-01 7.854349921672607593e-01 1.152923791899958417e+00 1.131585785482783990e+00
1.236230787681975807e+00 4.103819120132709486e+01 3.832475613650885293e-01 3.915560933026185353e-01 7.540229117755501420e-01 7.676658090330121809e-01 1.126432072100286064e+00 1.106416690530870994e+00
1.245456390575124805e+00 4.025712828136241228e+01 3.743897267808549145e-01 3.829186308541636663e-01 7.364052715765510015e-01 7.501672957629068605e-01 1.100346845694879505e+00 1.081657544838087404e+00
1.254681993468273804e+00 3.949627364855305700e+01 3.656541077239268134e-01 3.744195234134508610e-01 7.190237209934835505e-01 7.329123541928908026e-01 1.074627272801535582e+00 1.057272591313001442e+00
1.263907596361422803e+00 3.875454024551228827e+01 3.570266328088820273e-01 3.660466477334480828e-01 7.018493248574841914e-01 7.158733706347746306e-01 1.049231663468077613e+00 1.033225887535465404e+00
1.273133199254572023e+00 3.803086092939399521e+01 3.484927856926418599e-01 3.577425528198858729e-01 6.848521977336261557e-01 6.990220138570109043e-01 1.024117150223922579e+00 1.009481133943651798e+00
1.282358802147721244e+00 3.732400762419168672e+01 3.401822039124553498e-01 3.493540006211404148e-01 6.681753491118840316e-01 6.821548881366794603e-01 9.994134435549497653e-01 9.858273764766991576e-01
1.291584405040870243e+00 3.663309365619436164e+01 3.319157430149815013e-01 3.410397065395258664e-01 6.516246125393436728e-01 6.654030361296179308e-01 9.749126627040283211e-01 9.623885848754554218e-01
1.300810007934019241e+00 3.595707036826200920e+01 3.237035901838964946e-01 3.327887442634462900e-01 6.351633179048548072e-01 6.487366185804930296e-01 9.505638996775545024e-01 9.391284425921639922e-01
1.310035610827168240e+00 3.529490742874295961e+01 3.154948797869536747e-01 3.247339194835916487e-01 6.187219768457481450e-01 6.321544845479323271e-01 9.262827850945001273e-01 9.160400743962711090e-01
1.319261213720317460e+00 3.464556362345113882e+01 3.072248399958397158e-01 3.168494245992263814e-01 6.022157845519657826e-01 6.156658094862592634e-01 9.019688579432951769e-01 8.931279063841657262e-01
1.328486816613466459e+00 3.400795558624135850e+01 2.989086904836923964e-01 3.085596047230012573e-01 5.855619449003768295e-01 5.992717714381683436e-01 8.775227452975258302e-01 8.703896531213857202e-01
1.337712419506615458e+00 3.338080173086436986e+01 2.907317013350620982e-01 3.007216683730931095e-01 5.688188393853508273e-01 5.828252183350031146e-01 8.529851722856278684e-01 8.476764196882982105e-01
1.346938022399764678e+00 3.276229198276268306e+01 2.830694483352544921e-01 2.923556419118327199e-01 5.524954728249440450e-01 5.666860611203787812e-01 8.288462364656439263e-01 8.243825052739772730e-01
1.356163625292913677e+00 3.215174210929693288e+01 2.743279241294942494e-01 2.838171040113479648e-01 5.358710718635535386e-01 5.506613119962224800e-01 8.043648262291398510e-01 8.011250712626996062e-01
1.365389228186062898e+00 3.154754953282213137e+01 2.659243162233764224e-01 2.753166495109944378e-01 5.189537439734692725e-01 5.345313417337429485e-01 7.795794675204348323e-01 7.777324689113811473e-01
1.374614831079211896e+00 3.094815237276119291e+01 2.576463273287536992e-01 2.668030370863796463e-01 5.009809520095274138e-01 5.183306827453897370e-01 7.543062794017032502e-01 7.542456874403811184e-01
1.383840433972360895e+00 3.035178802239235196e+01 2.494846776335428729e-01 2.585907768713084920e-01 4.823365191552824172e-01 5.021710430974728467e-01 7.283240621885553878e-01 7.307331444981741697e-01
1.393066036865510116e+00 2.975604932393395075e+01 2.403464902152023797e-01 2.499399223299114681e-01 4.631401343843570828e-01 4.857907991767653755e-01 7.017431350316130079e-01 7.069226241287829282e-01
1.402291639758658892e+00 2.915822115523755542e+01 2.308420930421846151e-01 2.417555128560024968e-01 4.437559832478754629e-01 4.677941363028637056e-01 6.745672687819528335e-01 6.826417383455982701e-01
1.411517242651808113e+00 2.855531511248499044e+01 2.209823888734270270e-01 2.331082685286887113e-01 4.252866348457118306e-01 4.508502376057030858e-01 6.465192620719513172e-01 6.579976009659311842e-01
1.420742845544957333e+00 2.794406528798117151e+01 2.102969240324483735e-01 2.251999158986137672e-01 4.055463108348824619e-01 4.354777229831299223e-01 6.168491574463459415e-01 6.335788454886319698e-01
1.429968448438106332e+00 2.731826003522150614e+01 2.003315638415834599e-01 2.158847005779946926e-01 3.857602480418691471e-01 4.178886684391009965e-01 5.867220911083457224e-01 6.080866850813855251e-01
1.439194051331255553e+00 2.667279581445776415e+01 1.887300183019924305e-01 2.059734307886778026e-01 3.633005906571895594e-01 4.007404739280104877e-01 5.547548244350615221e-01 5.828324256071510945e-01
1.448419654224404329e+00 2.599832964931171730e+01 1.783589631271489395e-01 1.940365841537996516e-01 3.400358661238485070e-01 3.820693293148345049e-01 5.217512269527837532e-01 5.570625610131614280e-01
1.457645257117553550e+00 2.528282078516856757e+01 1.641534299096143457e-01 1.786226982756105031e-01 3.160504132750148187e-01 3.634283241268434494e-01 4.864509395672165226e-01 5.305444716355900425e-01
1.466870860010702771e+00 2.451328272004468545e+01 1.508765772715570108e-01 1.672588053900163629e-01 2.923522966534299883e-01 3.451376369531651278e-01 4.439024851227415525e-01 5.069782410679977147e-01
1.476096462903851547e+00 2.366487461485748156e+01 1.367453705615915283e-01 1.555470075968621302e-01 2.624955962385548958e-01 3.306081313446185277e-01 3.986541308443563025e-01 4.752589680375614023e-01
1.485322065797000768e+00 2.270156582328758788e+01 1.239002762093512899e-01 1.417260565431419650e-01 2.341696817828378130e-01 3.164112487033037269e-01 3.527665693893595744e-01 4.409648582654526194e-01
1.494547668690149766e+00 2.157429152417492446e+01 1.092580617788172503e-01 1.333931314266614265e-01 2.126522985086438666e-01 3.090244928397218871e-01 3.038939617590408204e-01 4.415706364840055187e-01
1.503773271583298987e+00 2.020302926878467531e+01 9.450068698798119726e-02 1.253570776882924065e-01 1.885092566386070700e-01 3.121251353323941657e-01 2.522816840816055617e-01 4.305739116428028979e-01
1.512998874476448208e+00 1.845462219606428889e+01 9.401916777096275268e-02 1.254645764136128605e-01 1.806307674423948129e-01 3.348442289395237026e-01 2.468349618856606753e-01 4.616476222375460736e-01
1.522224477369596984e+00 1.613461998197201552e+01 1.032275420711954439e-01 1.350081169201384768e-01 1.862946491067738464e-01 3.763071587076414204e-01 2.535211694155101725e-01 5.190685081235724141e-01
1.531450080262746205e+00 1.298744824851942070e+01 1.164233579859104140e-01 1.477673749585868279e-01 2.130527730830049649e-01 4.215383590809551606e-01 2.769991106268676617e-01 5.855496325539153446e-01
1.540675683155895204e+00 8.915933577987335212e+00 1.154875204081644569e-01 1.407812094303224626e-01 2.246317841917502278e-01 3.955849615367093008e-01 2.870181077265723246e-01 5.457386833593709241e-01
1.549901286049044202e+00 4.750845705874235492e+00 6.320785466055411916e-02 5.587979141553134355e-02 1.332016192098670615e-01 1.311185892668227382e-01 1.842188370569521894e-01 1.810706065686984445e-01
1.559126888942193201e+00 3.026718557806171273e+00 9.848053765790742986e-02 7.346077854819910158e-02 2.817499786220469815e-01 1.418624660886500521e-01 4.433526101905869155e-01 1.918944823089709928e-01
1.568352491835342422e+00 5.451030333607176814e+00 1.286416709446820406e-01 1.001407741408337770e-01 3.656355426789712482e-01 1.863880156750470363e-01 5.565247114190059463e-01 2.445544737210809672e-01
1.577578094728491642e+00 1.060456466906565787e+01 9.713755393751100087e-02 8.389638991443071347e-02 2.149457308742590556e-01 1.555918707385508526e-01 2.940801871119838040e-01 2.058489134287846412e-01
1.586803697621640641e+00 1.740776125804262620e+01 2.187485392781098881e-01 1.605799757638095571e-01 4.714671300406116927e-01 2.812252635582694893e-01 7.211234003742532650e-01 3.752000425638861714e-01
1.596029300514789639e+00 2.612365574604717722e+01 4.345382068460210689e-01 3.937977141610353726e-01 8.721160016712730112e-01 8.601723946959225486e-01 1.450079387652042584e+00 1.232736050378690607e+00
1.605254903407938860e+00 3.419851176024404538e+01 6.911465004835690706e-01 6.971234521409996887e-01 1.389336578998666027e+00 1.508881860357192295e+00 2.324106571087384054e+00 2.278192661301780220e+00
1.614480506301087859e+00 3.748659491898271767e+01 8.273107396212182607e-01 8.308931475074743389e-01 1.596967517894881894e+00 1.781053825136915236e+00 2.665512045035683286e+00 2.748829669858032787e+00
1.623706109194236857e+00 3.675576324024648045e+01 7.775344906391481459e-01 7.971432612082125502e-01 1.485824914454788370e+00 1.661507418302640815e+00 2.474333852416741308e+00 2.600053529901607874e+00
1.632931712087385856e+00 3.473073689444227341e+01 6.857914490930028251e-01 7.065245656716925282e-01 1.323030098062396576e+00 1.445956182502037279e+00 2.165090224329183854e+00 2.285781281033607115e+00
1.642157314980535077e+00 3.270862930427894355e+01 6.073681410243949585e-01 6.279749894761792461e-01 1.177714783676073296e+00 1.278918597301753834e+00 1.904753862745707238e+00 2.012238553476350944e+00
1.651382917873684297e+00 3.100092892239866416e+01 5.504759649198476268e-01 5.717573774325899194e-01 1.060273804992988289e+00 1.152802388246190191e+00 1.708666381530981937e+00 1.801517701722605835e+00
1.660608520766833296e+00 2.960569564286343081e+01 5.075423132764420586e-01 5.178956508290788463e-01 9.784000696631736105e-01 1.054520159244635380e+00 1.563061902392931302e+00 1.639291452638506286e+00
1.669834123659982295e+00 2.846502822938497701e+01 4.723794296959304972e-01 4.842198810475899506e-01 9.122969273223944242e-01 9.809047624065740933e-01 1.447974654769435432e+00 1.516430818530341895e+00
1.679059726553131293e+00 2.751426728855761894e+01 4.452715530159458979e-01 4.570452489641532168e-01 8.593575023224317988e-01 9.173563633602412892e-01 1.356868129105567533e+00 1.418638600522196924e+00
1.688285329446280514e+00 2.670627883055467322e+01 4.206168046217371170e-01 4.351920108643447804e-01 8.148663564595857167e-01 8.701747447739478503e-01 1.283023070123640252e+00 1.338687740950543770e+00
1.697510932339429290e+00 2.600657085182796635e+01 4.016928279588292128e-01 4.145750592909109855e-01 7.789894262849763606e-01 8.306075017468472765e-01 1.222090473026163693e+00 1.271600405510245224e+00
1.706736535232578511e+00 2.539128012438926163e+01 3.849335434060954242e-01 3.983128785565561714e-01 7.480144457754427378e-01 7.969273955403721743e-01 1.170098668503527506e+00 1.214991282650377258e+00
1.715962138125727732e+00 2.484201585570869852e+01 3.711076833528785812e-01 3.838156453564849357e-01 7.211629810420205899e-01 7.669276515897962554e-01 1.125318773854576904e+00 1.166148823980364568e+00
1.725187741018876730e+00 2.434615691901115753e+01 3.583083323156586175e-01 3.704282261009019805e-01 6.978432992358563070e-01 7.406119525881216248e-01 1.085620048774959656e+00 1.124023728562914215e+00
1.734413343912025951e+00 2.389316720072161715e+01 3.469134852016431125e-01 3.582981207192688089e-01 6.768547896251675411e-01 7.159046408794687011e-01 1.050546813045780681e+00 1.086740207486048604e+00
1.743638946805174728e+00 2.347609166680511095e+01 3.362863618028413271e-01 3.479655765571934012e-01 6.570475991330333443e-01 6.943151176871182884e-01 1.018729605275513705e+00 1.053921453033428435e+00
1.752864549698323948e+00 2.308819166760976671e+01 3.271894173283058649e-01 3.383155512594733239e-01 6.395456300841324548e-01 6.744059425515764872e-01 9.905028831333240191e-01 1.023899669965452119e+00
1.762090152591473169e+00 2.272552799580097727e+01 3.188941983524635759e-01 3.293852770120686557e-01 6.235047684030448067e-01 6.563822940704469033e-01 9.648054791526341489e-01 9.967003170168062809e-01
1.771315755484621945e+00 2.238454032383698689e+01 3.112650364114024626e-01 3.212402730255448091e-01 6.086966384483076808e-01 6.399677123778353405e-01 9.412391070851668928e-01 9.719046950450014322e-01
1.780541358377771166e+00 2.206243473377546138e+01 3.041316351282077335e-01 3.137988202172365959e-01 5.948757213072255468e-01 6.250032937729592675e-01 9.194233246221052980e-01 9.492398521405469580e-01
1.789766961270920165e+00 2.175682920584173985e+01 2.974703389251054375e-01 3.069489000760547981e-01 5.819566431744220836e-01 6.112463938212968628e-01 8.991642336831695559e-01 9.283706142398528982e-01
1.798992564164069385e+00 2.146575650705324279e+01 2.912744024532862852e-01 3.005854444145477089e-01 5.698815045578555782e-01 5.984858797181900059e-01 8.803156294013234628e-01 9.090099677935690181e-01
1.808218167057218606e+00 2.118763707913997507e+01 2.854870079559539420e-01 2.946486765537486008e-01 5.585506952285186344e-01 5.865984704680222706e-01 8.627052925250211501e-01 8.909717928574494294e-01
1.817443769950367383e+00 2.092114893206360904e+01 2.800606972294623631e-01 2.890887200417715519e-01 5.478806548147758804e-01 5.754797844501133852e-01 8.461893896265237913e-01 8.741007794120392305e-01
1.826669372843516603e+00 2.066517581028774231e+01 2.749554966441323245e-01 2.838636006250041532e-01 5.378007140101033201e-01 5.650452781173633809e-01 8.306467824193504157e-01 8.582662310815578621e-01
1.835894975736665824e+00 2.041876736569555817e+01 2.701374771583289203e-01 2.789377167303079830e-01 5.282506573262999439e-01 5.552217986095762114e-01 8.159746583837517164e-01 8.433573125339322019e-01
