9.225602893149067790e-04 1.089368433397247299e-04 7.101702304574561094e-06 8.413319549542522973e-06 1.433288262628096580e-05 1.929575847684502179e-05 1.846784974193318757e-05 2.730798742392096358e-05
1.014816318246397446e-02 1.115263782588172832e-04 7.203538101796267486e-06 8.490933386226810937e-06 1.434095987900963864e-05 1.943345654068798711e-05 1.847913640599114084e-05 2.737470824236677106e-05
1.937376607561304073e-02 1.141119113297128036e-04 7.162853377801553447e-06 8.664792475807697107e-06 1.432325596521712586e-05 1.946761244259308124e-05 1.845386052271393885e-05 2.742554843145086321e-05
2.859936896876210874e-02 1.168328719819603878e-04 7.184673533333440056e-06 8.775066818071634183e-06 1.431838221519694571e-05 1.941144242992169958e-05 1.856867840179773953e-05 2.760212933937892632e-05
3.782497186191117328e-02 1.197034722774030870e-04 7.273978748401955814e-06 8.960945915258985246e-06 1.447444244052461713e-05 1.942753626787896892e-05 1.877639681575877075e-05 2.789711142140390335e-05
4.705057475506025516e-02 1.226327083377554898e-04 7.420826626253212857e-06 9.009482557481733925e-06 1.469652163599730554e-05 1.935130894840003711e-05 1.910366995213299180e-05 2.809974920321531191e-05
5.627617764820931623e-02 1.257650393782077389e-04 7.556516405277541879e-06 9.091960818124008485e-06 1.482878043220059558e-05 1.971293787687349800e-05 1.943039599859927710e-05 2.833508031009619830e-05
6.550178054135838424e-02 1.292008900007751140e-04 7.637000197162119221e-06 9.412560401388106392e-06 1.520415468026571930e-05 1.993201606721633546e-05 1.967818156411264559e-05 2.868393517904800703e-05
7.472738343450743836e-02 1.328208255763627175e-04 7.735215776512251347e-06 9.587124232427081524e-06 1.547755366070732914e-05 2.017986152668070881e-05 1.999083489571430727e-05 2.900725411762722491e-05
8.395298632765652025e-02 1.366420750587063449e-04 7.948664643200040788e-06 9.748512242282135736e-06 1.593522197841258235e-05 2.042107616420054306e-05 2.037989952722836853e-05 2.929984732204142051e-05
9.317858922080557438e-02 1.407627328305998109e-04 8.108277717880265755e-06 9.978515293566935819e-06 1.640584734888882548e-05 2.054503128383309576e-05 2.077804660688563798e-05 2.963266598830434394e-05
1.024041921139546424e-01 1.452062840750580649e-04 8.138313393974707342e-06 1.003877366382430387e-05 1.690299600164474792e-05 2.077133286220849426e-05 2.131764268376945635e-05 2.999952026886697795e-05
1.116297950071036965e-01 1.499410257188675804e-04 8.456829968587781937e-06 1.024991682045035845e-05 1.749889890707414315e-05 2.085433118103992224e-05 2.218073132718769986e-05 3.033473448109752176e-05
1.208553979002527506e-01 1.550713780705358764e-04 8.607478436408242230e-06 1.045624003441139723e-05 1.778072317610120611e-05 2.096196541994174841e-05 2.310382944397117405e-05 3.070400709030850672e-05
1.300810007934018186e-01 1.606828001159187145e-04 8.842579206619821447e-06 1.076158158098050512e-05 1.830144378155395797e-05 2.125561698524037644e-05 2.405541365509909204e-05 3.114918168162635016e-05
1.393066036865509005e-01 1.668490777461896686e-04 9.006147031168966217e-06 1.083258484652915052e-05 1.852933557704825756e-05 2.147577586519220901e-05 2.502667863476843065e-05 3.164311713877018210e-05
1.485322065796999824e-01 1.735183095566190546e-04 9.240627510842346461e-06 1.113284834482414568e-05 1.904034083819973943e-05 2.168660478318962877e-05 2.614714166840871276e-05 3.204126230814367143e-05
1.577578094728490643e-01 1.808324729046849409e-04 9.595497929856436998e-06 1.133739702921930550e-05 1.953715235353375968e-05 2.223347428537749424e-05 2.735971963346614630e-05 3.248502240795793361e-05
1.669834123659981462e-01 1.889248612282834949e-04 1.007425607675094866e-05 1.163554027871366043e-05 2.026786131790117161e-05 2.288344188423860922e-05 2.863696564404821809e-05 3.302148589516928196e-05
1.762090152591472003e-01 1.979190639511611122e-04 1.039318786508325169e-05 1.211999472412186255e-05 2.098597278904054046e-05 2.358601183600814014e-05 2.997664040172820076e-05 3.367418782780848556e-05
1.854346181522962822e-01 2.078208248861082574e-04 1.068523882255707769e-05 1.275310439925671398e-05 2.154762378704061878e-05 2.403392524781517792e-05 3.152034075551115233e-05 3.432799643748090583e-05
1.946602210454453641e-01 2.188044240542922920e-04 1.122920566939272780e-05 1.322234353513717579e-05 2.260652271278990196e-05 2.533261710172272961e-05 3.326570616306220298e-05 3.501464043594270910e-05
2.038858239385944460e-01 2.310748490089139574e-04 1.157294184470712803e-05 1.384234573594252744e-05 2.422938638526662448e-05 2.645439388216009767e-05 3.521744199179856032e-05 3.634719078239508636e-05
2.131114268317435001e-01 2.447859369567271246e-04 1.242335572838014230e-05 1.406213226907903290e-05 2.545283753952240881e-05 2.734861357442646551e-05 3.747775737584851333e-05 3.783502213494262093e-05
2.223370297248925820e-01 2.602990251900226711e-04 1.309087114571768099e-05 1.492586109606424153e-05 2.692809964516897124e-05 2.870664226625456342e-05 3.999610306071663254e-05 3.920871507834708890e-05
2.315626326180416361e-01 2.779334163864475215e-04 1.426386792142839361e-05 1.580701820778023349e-05 2.873417222047126851e-05 3.005848583609971965e-05 4.264945152160392380e-05 4.145948604822571252e-05
2.407882355111907180e-01 2.980768854281504870e-04 1.558132297115299427e-05 1.686659106067749060e-05 3.062242770223469164e-05 3.140641586022672451e-05 4.610581337458551868e-05 4.442023652803054473e-05
2.500138384043397721e-01 3.214327377451559487e-04 1.666287309901422686e-05 1.787918491503857248e-05 3.275593841147258654e-05 3.383582104813536752e-05 4.969377117225974453e-05 4.963595336174514774e-05
2.592394412974888818e-01 3.483926454919669463e-04 1.826854935336265405e-05 1.929153262944792750e-05 3.511770997433814575e-05 3.696774158316905919e-05 5.397617591162100345e-05 5.488333600591990174e-05
2.684650441906379359e-01 3.799738985948136597e-04 1.993261614201703030e-05 2.095181979138989285e-05 3.990111594445250797e-05 3.995976644456807839e-05 5.791962678257747167e-05 5.732059630267734773e-05
2.776906470837869900e-01 4.174800786066717030e-04 2.187959915926168631e-05 2.300075460637469090e-05 4.384514193427757481e-05 4.413168287373541061e-05 6.305711361329080240e-05 6.235176736342441708e-05
2.869162499769360997e-01 4.621465977769127439e-04 2.464455362712210905e-05 2.552546915851974275e-05 4.813629835743912485e-05 4.913338654958805240e-05 7.113844314590478694e-05 6.905120887152422973e-05
2.961418528700851538e-01 5.152576234868118518e-04 2.863793990206414154e-05 2.815691256480268821e-05 5.320564048531437832e-05 5.554574477400765460e-05 8.066299358830831667e-05 7.626609903591772275e-05
3.053674557632342079e-01 5.809521111069692505e-04 3.288222786529133423e-05 3.148721243545471709e-05 6.128552815633421264e-05 6.219581441336413663e-05 9.127402687953149914e-05 8.757470410921937374e-05
3.145930586563833176e-01 6.632290027317192449e-04 3.754365207450118241e-05 3.645040052814802010e-05 7.111148562678434090e-05 7.239197225200806086e-05 1.060098075960480947e-04 1.059525273911575242e-04
3.238186615495323717e-01 7.669861376798216366e-04 4.472948474020096640e-05 4.233625440715237716e-05 8.443103022251572526e-05 8.437930862567404825e-05 1.274576141701077659e-04 1.291829733475708753e-04
3.330442644426814813e-01 9.014311725400591269e-04 5.415379875457662206e-05 4.879207091249134973e-05 9.983921739386224757e-05 9.953790343636729435e-05 1.567589778377293051e-04 1.600313865002655350e-04
3.422698673358305355e-01 1.080197412448079784e-03 6.643158685840349492e-05 5.891030794309953106e-05 1.245060746449227606e-04 1.208316736269914905e-04 1.888073451075515143e-04 2.022666473773390098e-04
3.514954702289795896e-01 1.325732421175514425e-03 8.235509966376692442e-05 7.535625237408945590e-05 1.535446915956661853e-04 1.524473216134400889e-04 2.350775478105280453e-04 2.626019424277971533e-04
3.607210731221286992e-01 1.674757585011339960e-03 1.054651134788316992e-04 9.858701432329084087e-05 1.976720293185405160e-04 1.990523760908129158e-04 3.041884283263018851e-04 3.516324227207986292e-04
3.699466760152777534e-01 2.191033879317169641e-03 1.439075133045039125e-04 1.327049996179704115e-04 2.739061231103296322e-04 2.721449467587065772e-04 4.109945921694224680e-04 4.875042695719246106e-04
3.791722789084268630e-01 3.001561318066643148e-03 2.081800138118545217e-04 1.904636202105709254e-04 3.876951426849497596e-04 3.865185939804709030e-04 5.812671459647085308e-04 7.133273289054533652e-04
3.883978818015759171e-01 4.352486370606572369e-03 3.154067004098454197e-04 2.908754289990128639e-04 5.878590765726436629e-04 5.974468359002190095e-04 8.817781781408767783e-04 1.113999750209820980e-03
3.976234846947249713e-01 6.756205107568302726e-03 5.190075854922008777e-04 4.967069105504592214e-04 1.015460066877168013e-03 9.964022563452926140e-04 1.467278529961969086e-03 1.892705526784397956e-03
4.068490875878740809e-01 1.105826745481988671e-02 9.642129562504649781e-04 9.313306983129970157e-04 1.922430277014415892e-03 1.847086131555153443e-03 2.646136707561145412e-03 3.430181919279093848e-03
4.160746904810231350e-01 1.690308744868650875e-02 1.650803789400738519e-03 1.579345164912166616e-03 3.390652455005103982e-03 3.148755380429099290e-03 4.424750651883725683e-03 5.690055125288983467e-03
4.253002933741722447e-01 1.764566821837714600e-02 1.643166043364223394e-03 1.612646958242314188e-03 3.355085648009181742e-03 3.233666910473127071e-03 4.523021936295126832e-03 5.767936876062180682e-03
4.345258962673212988e-01 1.166915771370823432e-02 9.572735274881536555e-04 9.244370966014284208e-04 1.936792636195642722e-03 1.889570160314879566e-03 2.600742245107688991e-03 3.393394046393383157e-03
4.437514991604703529e-01 6.719298465238681198e-03 5.000537502326991846e-04 5.041202175829553878e-04 9.880911463002895606e-04 9.891386250390748341e-04 1.404321316270830747e-03 1.823465945334630696e-03
4.529771020536194626e-01 4.016572316617934499e-03 2.904657810768812923e-04 2.929087887713968663e-04 5.741911829497316905e-04 5.861710501276337290e-04 8.318823293663032623e-04 1.075835214037910038e-03
4.622027049467684612e-01 2.567350602300036162e-03 1.878925094530798159e-04 1.874496533641289812e-04 3.705851083855992052e-04 3.754287726154274980e-04 5.367908664756348286e-04 6.957543232176499441e-04
4.714283078399175708e-01 1.743259662911360395e-03 1.307682157365864378e-04 1.294180798521700829e-04 2.572678696255484808e-04 2.590428347934742737e-04 3.700202583777709858e-04 4.831899283229033285e-04
4.806539107330666249e-01 1.242231772302451916e-03 9.616919739895450278e-05 9.525351909561068434e-05 1.914160733604692004e-04 1.890121423303839279e-04 2.685429788397903413e-04 3.534257219500422679e-04
4.898795136262157346e-01 9.204606795700164771e-04 7.362222601235463189e-05 7.212277289345093902e-05 1.460896883887614298e-04 1.448265573108049528e-04 2.017318399678586383e-04 2.696232524003258765e-04
4.991051165193647332e-01 7.022916971233664814e-04 5.870180974596275227e-05 5.644061786964590412e-05 1.192218272302090045e-04 1.126791606700155643e-04 1.579129274675040171e-04 2.111397450647463890e-04
5.083307194125139539e-01 5.495405616611688006e-04 4.758718893601535539e-05 4.558669826764609034e-05 9.753640598264068980e-05 9.021355056779497986e-05 1.274768601465193964e-04 1.696922905142980438e-04
5.175563223056629525e-01 4.384970744673102883e-04 3.949296350885269334e-05 3.701209475791240400e-05 8.014550688736183596e-05 7.347694388376997112e-05 1.057166149700528024e-04 1.387145764491426654e-04
5.267819251988120621e-01 3.562406082139158814e-04 3.327251784582231035e-05 3.100035106141761513e-05 6.771207138058681681e-05 6.176549322261485220e-05 8.824172667150207610e-05 1.155945013234883694e-04
5.360075280919610607e-01 2.936232230692624066e-04 2.829097286709812177e-05 2.618965828507199053e-05 5.751018116999907044e-05 5.260491836073233601e-05 7.465275864321479354e-05 9.763719807135283111e-05
5.452331309851101704e-01 2.451791265915278335e-04 2.409462190720228041e-05 2.259834449150552858e-05 4.926126895970627407e-05 4.536879053775657060e-05 6.383987135454862426e-05 8.356886706939917306e-05
5.544587338782591690e-01 2.068659002498531040e-04 2.097714707069439437e-05 1.955436640091801135e-05 4.253159889810125384e-05 3.902899170156462418e-05 5.524687136794747535e-05 7.215078449444804602e-05
5.636843367714083897e-01 1.760825186450162155e-04 1.851397432065218416e-05 1.693594826994378232e-05 3.744368390784464989e-05 3.403070876071922048e-05 4.833549069932442568e-05 6.262212119722646042e-05
5.729099396645573883e-01 1.511294551532182658e-04 1.646971167464919214e-05 1.490846427801487801e-05 3.308505325530302580e-05 3.008992713168990489e-05 4.261076440641850733e-05 5.460670780748680105e-05
5.821355425577064979e-01 1.307283642811956888e-04 1.466710564212967446e-05 1.309749419063668233e-05 2.937237829612543904e-05 2.684171191395187141e-05 3.776217329106543890e-05 4.798837343076108779e-05
5.913611454508554965e-01 1.138687947525678079e-04 1.314640250160378256e-05 1.180778413431221390e-05 2.618414888847691094e-05 2.398750462589192107e-05 3.363217123621928826e-05 4.245250010400152473e-05
6.005867483440046062e-01 9.975430681666297168e-05 1.171049936289552469e-05 1.063370434749184845e-05 2.327815320647479928e-05 2.146413331573302895e-05 3.014225305134356193e-05 3.772155109509391644e-05
6.098123512371537158e-01 8.775670488313539949e-05 1.074934244251110323e-05 9.513918283683768214e-06 2.102821110887727600e-05 1.914126100615487936e-05 2.725594600661766873e-05 3.355946316542166697e-05
6.190379541303028255e-01 7.770148657442691592e-05 9.689364490653989558e-06 8.664272389047160145e-06 1.885628598999412116e-05 1.721831191316942298e-05 2.463636317604029290e-05 3.009169835559840706e-05
6.282635570234518241e-01 6.908804865148469626e-05 8.778020878389352450e-06 7.860639978454504045e-06 1.707955171661361491e-05 1.552063852782793637e-05 2.261713446975933310e-05 2.705057119687263786e-05
6.374891599166009337e-01 6.165193854076609693e-05 8.102572072178472018e-06 7.196631421922570712e-06 1.555943478592401123e-05 1.412275061282520968e-05 2.087917507399684558e-05 2.435351293877964214e-05
6.467147628097499323e-01 5.526200995073828612e-05 7.401997851410813058e-06 6.502972132102511694e-06 1.420639964526086024e-05 1.285026267232970899e-05 1.928717708496166452e-05 2.201473819773890143e-05
6.559403657028991530e-01 4.970897263984779186e-05 6.784923188328817218e-06 5.968138630330326998e-06 1.316075628095425977e-05 1.170874579937344754e-05 1.786037787967799655e-05 1.994002290448124829e-05
6.651659685960481516e-01 4.489437832257348526e-05 6.215634467894665875e-06 5.513870298003727252e-06 1.208611407450446679e-05 1.073956774731246754e-05 1.636996791012100864e-05 1.812403134110469042e-05
6.743915714891972613e-01 4.067440000487479462e-05 5.750182483430192474e-06 5.037390626722225103e-06 1.109098982915407661e-05 9.900641497509514661e-06 1.498677929713312647e-05 1.649800533159483589e-05
6.836171743823462599e-01 3.696454251630406404e-05 5.360646258192992917e-06 4.629182991800388856e-06 1.029749899887578214e-05 9.138646461354814403e-06 1.374533297874472695e-05 1.503942370308140544e-05
6.928427772754953695e-01 3.367973274318833725e-05 4.977091933863492940e-06 4.232068013381906413e-06 9.637926288887365420e-06 8.433013375021453128e-06 1.263881138537483254e-05 1.371407123329736516e-05
7.020683801686443681e-01 3.080472047937608208e-05 4.636496311423234681e-06 3.936784486518881364e-06 9.005849678412223224e-06 7.821116532952394321e-06 1.171476383176472150e-05 1.254894741317332346e-05
7.112939830617935888e-01 2.824816496461278554e-05 4.308334766769037323e-06 3.648817896043216703e-06 8.416083956073117171e-06 7.199523406079552326e-06 1.090133111718617979e-05 1.148756575564592816e-05
7.205195859549425874e-01 2.598230898597804196e-05 3.944510496191439664e-06 3.420493893104288694e-06 7.888815137049055837e-06 6.690963789398812560e-06 1.014192393754060793e-05 1.053160113354574404e-05
7.297451888480916971e-01 2.395621660857095650e-05 3.715712883258186753e-06 3.176342240962516889e-06 7.411384017474612713e-06 6.236844099995879646e-06 9.444495351218722254e-06 9.654801033908780926e-06
7.389707917412406957e-01 2.215786002542109248e-05 3.448347182384934050e-06 2.993716453113158619e-06 6.912782628745258758e-06 5.807319782034386409e-06 8.784739157447081346e-06 8.866175209678142291e-06
7.481963946343899163e-01 2.051988738268892070e-05 3.223290253456722942e-06 2.814455245075795129e-06 6.461739301540032264e-06 5.395902926242925770e-06 8.203574701240534624e-06 8.116155146359816240e-06
7.574219975275389150e-01 1.903822439604017740e-05 3.049897063533926636e-06 2.642017723940478775e-06 6.019094060079255759e-06 4.986463354655631746e-06 7.751867784898844554e-06 7.415554182927976067e-06
7.666476004206880246e-01 1.773551875306566243e-05 2.856583529837332478e-06 2.464784014267480645e-06 5.628652288714403398e-06 4.648605447133614168e-06 7.248408272356554567e-06 6.800369903822386748e-06
7.758732033138370232e-01 1.656715447401121153e-05 2.681172486305939180e-06 2.306597844304966889e-06 5.211597513826785451e-06 4.341296521766966975e-06 6.772819907424799816e-06 6.236900858961779540e-06
7.850988062069861328e-01 1.550279238402574593e-05 2.510033494771234780e-06 2.175808528949941528e-06 4.804713721457535051e-06 4.033689893233330994e-06 6.369615740793330101e-06 5.704710260086430545e-06
7.943244091001351315e-01 1.454010027510041763e-05 2.354160728320868891e-06 2.042936288582407873e-06 4.486368175962604884e-06 3.764741708756021615e-06 5.998554053416030107e-06 5.179844726809875919e-06
8.035500119932843521e-01 1.366134855555183945e-05 2.211957350372709569e-06 1.910706258248532827e-06 4.221281007960149073e-06 3.486123408319723345e-06 5.663077763714822912e-06 4.737566438582962571e-06
8.127756148864333507e-01 1.289535313300792352e-05 2.075466934492747425e-06 1.829979999678593063e-06 3.900271561188646329e-06 3.253895565034770060e-06 5.322202841431870847e-06 4.365936518171934671e-06
8.220012177795824604e-01 1.217228182501761399e-05 2.002956336686201859e-06 1.704254497294443408e-06 3.668654830682362082e-06 3.004201437159157483e-06 4.974826614424304616e-06 3.950105069814130964e-06
8.312268206727314590e-01 1.153025078353033181e-05 1.869875499256386540e-06 1.563991512113586585e-06 3.413705423616326484e-06 2.771901389013041285e-06 4.619181712272783054e-06 3.625575670551414750e-06
8.404524235658805686e-01 1.095213778772906804e-05 1.766597367123402994e-06 1.461703273612543133e-06 3.170822087864134080e-06 2.587965988664920345e-06 4.278798334528179786e-06 3.330403585346951576e-06
8.496780264590296783e-01 1.042543435518482636e-05 1.642891336564685412e-06 1.365904657335188064e-06 3.006402388225760017e-06 2.469002807581227349e-06 3.958819199985604131e-06 3.029586434587797978e-06
8.589036293521787879e-01 9.982134334067317873e-06 1.507099570431973533e-06 1.308022089330783297e-06 2.762381556632319859e-06 2.280308507078124866e-06 3.621012533886747967e-06 2.779870115822788711e-06
8.681292322453277865e-01 9.566855450000942546e-06 1.392824170228233703e-06 1.215502365059237727e-06 2.544093337085127441e-06 2.115272324719540805e-06 3.366113544660317083e-06 2.570670510224073858e-06
8.773548351384768962e-01 9.171485986842142996e-06 1.314554761477071602e-06 1.123280300646501299e-06 2.390511325411112230e-06 1.932898206056473600e-06 3.196558350086131314e-06 2.381505241464067160e-06
8.865804380316258948e-01 8.829039584300575676e-06 1.224199034837128333e-06 1.044851851793950114e-06 2.278606855709058553e-06 1.802540012289323568e-06 3.022015880948690495e-06 2.266185037184056277e-06
8.958060409247751155e-01 8.504925460980782109e-06 1.152660160736005031e-06 9.621688039361978736e-07 2.142377878373664802e-06 1.679843254738151081e-06 2.872908759816808442e-06 2.198386367195105765e-06
9.050316438179241141e-01 8.209682512844706595e-06 1.101478241552591284e-06 8.830277957160494483e-07 2.031715651514541689e-06 1.564306882361712478e-06 2.735316735659599935e-06 2.131830634071865262e-06
9.142572467110732237e-01 7.953154847163103542e-06 1.039981654630224637e-06 8.119608385370185132e-07 1.931915729455833185e-06 1.479739979310725425e-06 2.595867510090565700e-06 2.078633983320646884e-06
9.234828496042222223e-01 7.719686258000198087e-06 1.000445786296444222e-06 7.617681897675979523e-07 1.832266017925986674e-06 1.403229121003853616e-06 2.470568003064240443e-06 1.938278435885962108e-06
9.327084524973712210e-01 7.523072981700400691e-06 9.223066210814344124e-07 7.295454502203063644e-07 1.759364315267990936e-06 1.309503437382936389e-06 2.347154498404632782e-06 1.812521206854270911e-06
9.419340553905202196e-01 7.367051751466847444e-06 8.565067223636276496e-07 7.052283831285022898e-07 1.683437635226897352e-06 1.272959685142547711e-06 2.211572143337258438e-06 1.711892283118530967e-06
9.511596582836694402e-01 7.211082116042433183e-06 8.174449887949041389e-07 6.775732498598383170e-07 1.624212152615892566e-06 1.239001654665889639e-06 2.101830744233118363e-06 1.609604325197241924e-06
9.603852611768185499e-01 7.082081040892737329e-06 7.588792299697497959e-07 6.596769611525230811e-07 1.524012422765860613e-06 1.175487642393782092e-06 1.989798488139182347e-06 1.641259904939251214e-06
9.696108640699675485e-01 6.961593020993650181e-06 7.316012990166116531e-07 6.537592071876130673e-07 1.472470659183833530e-06 1.160757013011226353e-06 1.904411942771498197e-06 1.626114883248958520e-06
9.788364669631165471e-01 6.867975357127832948e-06 6.975364440825748623e-07 6.563102541333544322e-07 1.421802214541030725e-06 1.156659656410099106e-06 1.839099552588858112e-06 1.553226793752508205e-06
9.880620698562656568e-01 6.789405741284143265e-06 6.700568314205928848e-07 6.657843552028768237e-07 1.371447865839193233e-06 1.147976034787232368e-06 1.751788520862442776e-06 1.559699668367074999e-06
9.972876727494148774e-01 6.732970218192488153e-06 6.295293757187676040e-07 6.870230034829477543e-07 1.306378213111906980e-06 1.193131005979509095e-06 1.630563360210650499e-06 1.623118134352018104e-06
1.006513275642563876e+00 6.679983706752758572e-06 6.310250955151582930e-07 6.854475556514226110e-07 1.254736591624199218e-06 1.204419343198263553e-06 1.610010542413785927e-06 1.685880558267217102e-06
1.015738878535712875e+00 6.634417963740214047e-06 6.293774712864068000e-07 6.732677497191002475e-07 1.224388771851345731e-06 1.254880846243520936e-06 1.616278408762724065e-06 1.742079573954494461e-06
1.024964481428862095e+00 6.598335426588667114e-06 6.301408218511773374e-07 6.779686330965542846e-07 1.243503905277200123e-06 1.273336891157138419e-06 1.578503207777880006e-06 1.779506205453888563e-06
1.034190084322011094e+00 6.587627922377278322e-06 6.191540462655222715e-07 6.818773250264248864e-07 1.212397206785571237e-06 1.348770702697269401e-06 1.574543854128175534e-06 1.773995985796989841e-06
1.043415687215160093e+00 6.569819410687181816e-06 6.247265439913931591e-07 6.839184776158093969e-07 1.209211145351352109e-06 1.391496287392008453e-06 1.627880355785393625e-06 1.801079101042971569e-06
1.052641290108309091e+00 6.565633124303601767e-06 6.424759316814323182e-07 6.896777412014633754e-07 1.217229752015439189e-06 1.415367236749720912e-06 1.758033507240585775e-06 1.875872881138396181e-06
1.061866893001458312e+00 6.583944419668980754e-06 6.525333659736803717e-07 6.987970156935741439e-07 1.216519314792613294e-06 1.507111314113460595e-06 1.801378867781721539e-06 1.875901158476383480e-06
1.071092495894607532e+00 6.610763066531620690e-06 6.507240854114907115e-07 7.179256840766013562e-07 1.213971326486946645e-06 1.574628937380108120e-06 1.781449578478458060e-06 1.978311259105838936e-06
1.080318098787756531e+00 6.645136598135285673e-06 6.655074730608154040e-07 7.334085087766212044e-07 1.263268738474488518e-06 1.633178347768759694e-06 1.824748197684504162e-06 2.068359066408762775e-06
1.089543701680905530e+00 6.686392889743124012e-06 6.771014226783727177e-07 7.449628741906640108e-07 1.315232703281462554e-06 1.699215719902586159e-06 1.882912357132691990e-06 2.158475064281534194e-06
1.098769304574054528e+00 6.743964039843564168e-06 6.868694476083153075e-07 7.634250505057178362e-07 1.361116519608798869e-06 1.759528918646502052e-06 1.884805384885585849e-06 2.242213156629841178e-06
1.107994907467203749e+00 6.801800955558267567e-06 7.096111690265978055e-07 7.781809106962289115e-07 1.416112864983932906e-06 1.827991228824215633e-06 1.910540176881649288e-06 2.292040766314132440e-06
1.117220510360352748e+00 6.873716009509873904e-06 7.215631076761814305e-07 7.943916623504005916e-07 1.467128446214402631e-06 1.879575702951774421e-06 1.953917335005239676e-06 2.346372404660330314e-06
1.126446113253501746e+00 6.966228732020339739e-06 7.380890292182597294e-07 8.389607247002609530e-07 1.496655035105870699e-06 1.951742857734467582e-06 1.987283051524608209e-06 2.422359921253253188e-06
1.135671716146650967e+00 7.053444985536462506e-06 7.650685057811550501e-07 8.610959045852172530e-07 1.541015865653174634e-06 2.019966561274541451e-06 2.036646702121047272e-06 2.490997338872136287e-06
1.144897319039799966e+00 7.169633986980943958e-06 7.809556622155657690e-07 8.923479881261443027e-07 1.570654028972935659e-06 2.109879418700229853e-06 2.068231679911220456e-06 2.577731480856354290e-06
1.154122921932948964e+00 7.285517434993310761e-06 8.001615116033883817e-07 9.172719233226276449e-07 1.614146662676391807e-06 2.192627938177392732e-06 2.123663098754195874e-06 2.653640036467429476e-06
1.163348524826097963e+00 7.406949358019558708e-06 8.295292696075771955e-07 9.286076194477650090e-07 1.658954326430810524e-06 2.256415195424290098e-06 2.204060529000456621e-06 2.724163134236356493e-06
1.172574127719247183e+00 7.548332370140646971e-06 8.480321673701488220e-07 9.655195166447423920e-07 1.702685325906325933e-06 2.350419485242566344e-06 2.275526400789292947e-06 2.803030550366540124e-06
1.181799730612396404e+00 7.700560679857164093e-06 8.684930049183487355e-07 1.000437755819221930e-06 1.744981625386863628e-06 2.427900304002877708e-06 2.347762278797734312e-06 2.880749299938241040e-06
1.191025333505545403e+00 7.858930690468985617e-06 8.941960810484743437e-07 1.021332351317257043e-06 1.802859533095766166e-06 2.483314473690995813e-06 2.426347079977953070e-06 2.952020773093203837e-06
1.200250936398694401e+00 8.031945406510166129e-06 9.237718952236333853e-07 1.049160018754135950e-06 1.859555568162543637e-06 2.529452546824608285e-06 2.503600657241811177e-06 3.024729967727387843e-06
1.209476539291843622e+00 8.214681951920245134e-06 9.441570225891583745e-07 1.070566094505790057e-06 1.920897306747124429e-06 2.607301098942584160e-06 2.585580473064155193e-06 3.093138493213508056e-06
1.218702142184992621e+00 8.426508064477740293e-06 9.640969874567836790e-07 1.114896269575730865e-06 1.955475971895590309e-06 2.700628357168902902e-06 2.654143485814625266e-06 3.178732919655610526e-06
1.227927745078141619e+00 8.649373521422806362e-06 9.899100490642948503e-07 1.153795839376499914e-06 1.998460732572162151e-06 2.791074921779868556e-06 2.728692719079328210e-06 3.268791427729614141e-06
1.237153347971290618e+00 8.882381227318912620e-06 1.029768329796288542e-06 1.176500643362492392e-06 2.052952371355092935e-06 2.874992465908185006e-06 2.811727545066278615e-06 3.350734684486097794e-06
1.246378950864439838e+00 9.135446383918708065e-06 1.072781890425376851e-06 1.202904834013631636e-06 2.116164663250738262e-06 2.960557992393690912e-06 2.895146473414245643e-06 3.432965139073875524e-06
1.255604553757589059e+00 9.414826670959096700e-06 1.100588211442420349e-06 1.243376931156954456e-06 2.177928207149133996e-06 3.042505101065153630e-06 2.974941666354024452e-06 3.519814190947969386e-06
1.264830156650738058e+00 9.719273089036491403e-06 1.136220422631399523e-06 1.297402055080783227e-06 2.241580645789675101e-06 3.105872309396477080e-06 3.054735689809234871e-06 3.640576671604268328e-06
1.274055759543887056e+00 1.004993140866125376e-05 1.167209098766138116e-06 1.339236261549128028e-06 2.308989788335257391e-06 3.167332956975269344e-06 3.136255234573380289e-06 3.769517613312471637e-06
1.283281362437036055e+00 1.041211466059035660e-05 1.192917960396843382e-06 1.385214605604860540e-06 2.378387822845000113e-06 3.250256498848984079e-06 3.217563605562475109e-06 3.901336511216144401e-06
1.292506965330185276e+00 1.081065336081488456e-05 1.215318129394088903e-06 1.432859839194062851e-06 2.442426040209438342e-06 3.353803414734137721e-06 3.297760477823131895e-06 4.037474180609612819e-06
1.301732568223334052e+00 1.124130919757285565e-05 1.241154571924289689e-06 1.484286655221914904e-06 2.506778012204925797e-06 3.458409790239327401e-06 3.385630510071909881e-06 4.169613839991196872e-06
1.310958171116483273e+00 1.170867296107406697e-05 1.280398711154966094e-06 1.531220605418687479e-06 2.580192178397303012e-06 3.564574432073122805e-06 3.482059594356057760e-06 4.297518771687686091e-06
1.320183774009632494e+00 1.223583326908611710e-05 1.302175391813493183e-06 1.591241730991918438e-06 2.643506764208731523e-06 3.690530257402369058e-06 3.570448868207808915e-06 4.413778059447011600e-06
1.329409376902781492e+00 1.281280238748499057e-05 1.342137764189726501e-06 1.642105327526315219e-06 2.713808465083627420e-06 3.816142853950147453e-06 3.668512338835156039e-06 4.512969590485938401e-06
1.338634979795930713e+00 1.344326009603732174e-05 1.392384640349184861e-06 1.694579728080219093e-06 2.803438558709411718e-06 3.911735675507690467e-06 3.781751413267114999e-06 4.620679387695579592e-06
1.347860582689079489e+00 1.414631083368705658e-05 1.440343731966375575e-06 1.735816855072355475e-06 2.892012614144214797e-06 4.016660135974369034e-06 3.902209082089723029e-06 4.739068625672361286e-06
1.357086185582228710e+00 1.493096655470193480e-05 1.480297935987559804e-06 1.785458570381375263e-06 2.961821689050633479e-06 4.138634809781450597e-06 4.034433130892773971e-06 4.852976735202084219e-06
1.366311788475377931e+00 1.582031979574649171e-05 1.543607244114437061e-06 1.849795807400883956e-06 3.053028121529931845e-06 4.207167961029904777e-06 4.172052850663979918e-06 4.969415455956352782e-06
1.375537391368526707e+00 1.683161157494306761e-05 1.636331570001793876e-06 1.945236952649246335e-06 3.171228835432289946e-06 4.370500080485333142e-06 4.318629338151441815e-06 5.129141155306999518e-06
1.384762994261675928e+00 1.799778395774633938e-05 1.718536154119734255e-06 2.009791746156636860e-06 3.324110999641922916e-06 4.526449488135584067e-06 4.522861743715683719e-06 5.325596955805932746e-06
1.393988597154824927e+00 1.932722477637149964e-05 1.824942144875815633e-06 2.122734601661165613e-06 3.482000499921588028e-06 4.674093120814093837e-06 4.802997201839250322e-06 5.469551289657319506e-06
1.403214200047974147e+00 2.091285417255491448e-05 1.892555300802944404e-06 2.230520163236445489e-06 3.630764136426223971e-06 4.850294179395391720e-06 5.092460462835536052e-06 5.633571929149058181e-06
1.412439802941123368e+00 2.274066096196526008e-05 1.941213158616050263e-06 2.362711712321752640e-06 3.809607349143054756e-06 5.153465812110464899e-06 5.454733022653666534e-06 5.927038934951741630e-06
1.421665405834272145e+00 2.484672443403171627e-05 2.100052808720355289e-06 2.506328164247210094e-06 4.160218547156657092e-06 5.263424824965462262e-06 5.931498382957124508e-06 6.200296934093081988e-06
1.430891008727421365e+00 2.743740775587182767e-05 2.229756623261858656e-06 2.716335072448908722e-06 4.499736494929569444e-06 5.470698357342556066e-06 6.356539447799518304e-06 6.597829550928330748e-06
1.440116611620570364e+00 3.048254035769849102e-05 2.454010443769405350e-06 2.905532060772535771e-06 5.038343313545806429e-06 5.678138687497296587e-06 6.912221941319486790e-06 7.004543691237863590e-06
1.449342214513719362e+00 3.429271145837634624e-05 2.722332619146789986e-06 3.161424202589754569e-06 5.529159855359886615e-06 6.091239724710198917e-06 7.568658034529703992e-06 7.653856725594759575e-06
1.458567817406868583e+00 3.908525099549002655e-05 3.031248170077714341e-06 3.480574289777469928e-06 5.925227993988538104e-06 6.512203972061647583e-06 8.524801837922023199e-06 8.424101825966718389e-06
1.467793420300017582e+00 4.518474138815977348e-05 3.458452608024586018e-06 3.758957696553144481e-06 6.725611728507178565e-06 7.277389398579636357e-06 9.747693958220301591e-06 9.432323385754807056e-06
1.477019023193166802e+00 5.309897219994879952e-05 3.912377309093493561e-06 4.326548133052732887e-06 7.643360045081938755e-06 8.432504674546453100e-06 1.117631369407024778e-05 1.089535236837147045e-05
1.486244626086316023e+00 6.352559385346904369e-05 4.617508416089163219e-06 5.007820306374437171e-06 8.928628435585464376e-06 9.517482349353076538e-06 1.302871827887292834e-05 1.323581824706989059e-05
1.495470228979464800e+00 7.770187587875493471e-05 5.578838883384435615e-06 6.063215337999140449e-06 1.061427183324764698e-05 1.127217188584035560e-05 1.550945104465426623e-05 1.599250107706999221e-05
1.504695831872614020e+00 9.769740932995762094e-05 6.947909209003346473e-06 7.730428197839892706e-06 1.328661997372865364e-05 1.419680230967911288e-05 1.873817536087245240e-05 2.001010271913170968e-05
1.513921434765763019e+00 1.262617759444512055e-04 9.005842411940713976e-06 9.627365860282913841e-06 1.734437532202682338e-05 1.827753881478600285e-05 2.411886346328180673e-05 2.563026200691420826e-05
1.523147037658912017e+00 1.682167592910361904e-04 1.168483100860798771e-05 1.288678536110634642e-05 2.326217138985943954e-05 2.439261615363368194e-05 3.235237930123549869e-05 3.460391824109778952e-05
1.532372640552061016e+00 2.288340571989956737e-04 1.629056964901585969e-05 1.721708991741537271e-05 3.169221575256766111e-05 3.334810015803024589e-05 4.436633075591511722e-05 4.748600148018683530e-05
1.541598243445210237e+00 3.091628687799494353e-04 2.170248500000154833e-05 2.370885551404708011e-05 4.259212688352114742e-05 4.524619910914549209e-05 5.966586726274851959e-05 6.356865614591788441e-05
1.550823846338359457e+00 3.860724488043839556e-04 2.712090761125915015e-05 3.007702027781489901e-05 5.323674446969673540e-05 5.771622198606063793e-05 7.346625672507452577e-05 8.070068359934413340e-05
1.560049449231508456e+00 4.045102304544099647e-04 2.748333978298692429e-05 3.270707896894172080e-05 5.413451066951612120e-05 6.026702298509296592e-05 7.470305072879883986e-05 8.736223385230384910e-05
1.569275052124657455e+00 3.413646584122533544e-04 2.383868756359106130e-05 2.696831551850627706e-05 4.559732852421778931e-05 5.150452838856479530e-05 6.417973712248694696e-05 7.082011107492635921e-05
1.578500655017806453e+00 2.505501335329255396e-04 1.700313251367600300e-05 1.958832313937375531e-05 3.264917986980269207e-05 3.687406382849508775e-05 4.557036466117141615e-05 5.122473667989628021e-05
1.587726257910955674e+00 1.760104243408460887e-04 1.168005089062498975e-05 1.344542561052683373e-05 2.296444058890449074e-05 2.544636356762721655e-05 3.176032000883676561e-05 3.576720588338116969e-05
1.596951860804104451e+00 1.248492387434277070e-04 8.020722818150678377e-06 9.252076328287507125e-06 1.569725631948192457e-05 1.795287664067374235e-05 2.138165706282182618e-05 2.510209529949655673e-05
1.606177463697253671e+00 9.100278644516888267e-05 5.985288747935302300e-06 6.482891122391680732e-06 1.157409944247177549e-05 1.283798197809699396e-05 1.688534735053137930e-05 1.780681280713667205e-05
1.615403066590402892e+00 6.855062910384246487e-05 4.414510789709603445e-06 4.703642012895522715e-06 9.131513774883061427e-06 9.326612594696871304e-06 1.324335445905671922e-05 1.291167286364543562e-05
1.624628669483551890e+00 5.331542533893739074e-05 3.253636392530528444e-06 3.621133180143147319e-06 7.104468566213876688e-06 7.120770893701805601e-06 1.098876632719236718e-05 9.773597310365708690e-06
1.633854272376701111e+00 4.255388356144365901e-05 2.551935422612520901e-06 2.797273437102598117e-06 5.621041702037994430e-06 5.638832545346576146e-06 9.217488344848009062e-06 7.666400899218835162e-06
1.643079875269850110e+00 3.481407592836709142e-05 2.051476491493605195e-06 2.223370911921519972e-06 4.454623073207532216e-06 4.390727834811053649e-06 7.668376586077868279e-06 6.165492308549882919e-06
1.652305478162999108e+00 2.907857492877370556e-05 1.728617147485772023e-06 1.826761894411946079e-06 3.660393335325900794e-06 3.644117931924128518e-06 6.404973044963581852e-06 5.054491570397295056e-06
1.661531081056148329e+00 2.472258830337319496e-05 1.459314967686003859e-06 1.514604380104044528e-06 3.206446238914942683e-06 2.979132018963747189e-06 5.389866305298766214e-06 4.302969449687993786e-06
1.670756683949297106e+00 2.138683557021650079e-05 1.332638468846158758e-06 1.245280089383739644e-06 2.733691819085555248e-06 2.563344602986858070e-06 4.722886216796961547e-06 3.749444943118005374e-06
1.679982286842446326e+00 1.881926244777324813e-05 1.171595274736902085e-06 1.143621861434822610e-06 2.376857475232544494e-06 2.277681672903662845e-06 3.965560037333172333e-06 3.380755348597697059e-06
1.689207889735595547e+00 1.675227402060913600e-05 1.101481993392672368e-06 1.035857950833789416e-06 2.253135643768546334e-06 2.046896298633606648e-06 3.698751180256232968e-06 3.086750421716064999e-06
1.698433492628744546e+00 1.511529612604971709e-05 1.010546088472553120e-06 9.619644558692614012e-07 2.135982368404500538e-06 1.913611814098596816e-06 3.767174838188343391e-06 2.863563756487086528e-06
1.707659095521893766e+00 1.375391484871222449e-05 1.046595014662788227e-06 8.793315591818783196e-07 2.151955035674172525e-06 1.716285097346421679e-06 3.599389415825099070e-06 2.662714669930068111e-06
1.716884698415042543e+00 1.262712389394620520e-05 1.030232391615652529e-06 8.548249504551124275e-07 2.226135822031971562e-06 1.665380609467381385e-06 3.709583959514022754e-06 2.491124805580567230e-06
1.726110301308191763e+00 1.170325273292001700e-05 1.009511670248151445e-06 8.299174397171393168e-07 2.262898346642280205e-06 1.618852466269447976e-06 3.837779168592436599e-06 2.359938469713990911e-06
1.735335904201340984e+00 1.093490479858466020e-05 1.080525753948714807e-06 8.099432131556224190e-07 2.302387343899416544e-06 1.534146676010612233e-06 3.966837216435658032e-06 2.217390386945139482e-06
1.744561507094489761e+00 1.030815256869172325e-05 1.067466211444244940e-06 8.362703211059470496e-07 2.372826019281744345e-06 1.524851535736296580e-06 4.065495891807237538e-06 2.183486060414808314e-06
1.753787109987638981e+00 9.766720341225719042e-06 1.100673423662697559e-06 8.475974851231198672e-07 2.449030869907395727e-06 1.560919518406483940e-06 4.169243428052223205e-06 2.114753452046896597e-06
1.763012712880787980e+00 9.299033674139096575e-06 1.109885142879992535e-06 8.454048990111305122e-07 2.492544152319848459e-06 1.553061753533151407e-06 4.273233508344790707e-06 2.047732271355974661e-06
1.772238315773937201e+00 8.923373202616053805e-06 1.140977657539061417e-06 8.582479837711478888e-07 2.522917262768619887e-06 1.605332599449844687e-06 4.344872292618163345e-06 2.013885606712634215e-06
1.781463918667086421e+00 8.591763395540838943e-06 1.203858061762847867e-06 8.809059357708164356e-07 2.578739086675942550e-06 1.613004224416707732e-06 4.397484521262674131e-06 2.016605217842510708e-06
1.790689521560235198e+00 8.310721476694851072e-06 1.251281821727034008e-06 9.206466649982783006e-07 2.640022370735164214e-06 1.628099832652792993e-06 4.445145272807373083e-06 2.007298925043194921e-06
1.799915124453384419e+00 8.080613785552914844e-06 1.264272802917676479e-06 9.552977964780925369e-07 2.687003576398342775e-06 1.664140591461230878e-06 4.480394755034156654e-06 2.006794892458369017e-06
1.809140727346533417e+00 7.879131988840201703e-06 1.288075674124829000e-06 9.820781588691676703e-07 2.736103030269935982e-06 1.716141299093201114e-06 4.519670131468134222e-06 2.038758607735782107e-06
1.818366330239682416e+00 7.722041299409936762e-06 1.303357905712566642e-06 1.021512785572773404e-06 2.767069768539863827e-06 1.772427992546701393e-06 4.542449463396558252e-06 2.108340875899121175e-06
1.827591933132831414e+00 7.583361544489362638e-06 1.324014371915527508e-06 1.059924142655422575e-06 2.802111171116664179e-06 1.816281758956099431e-06 4.570709317450480862e-06 2.139346063342490058e-06
1.836817536025980635e+00 7.458267594635964402e-06 1.365713312902192065e-06 1.091684247943225601e-06 2.841855639673221331e-06 1.860109724897346178e-06 4.627555812592177431e-06 2.150113832082420705e-06
1.846043138919129634e+00 7.349321237797483156e-06 1.411398178314666500e-06 1.106191932860639315e-06 2.876609362658562601e-06 1.899416104909839540e-06 4.687857538536936263e-06 2.189657983115499848e-06
1.855268741812278410e+00 7.263202670762739536e-06 1.435928458852003111e-06 1.150245360233146477e-06 2.915043199859421379e-06 1.924628083906229199e-06 4.740783903654638037e-06 2.242507258514746992e-06
1.864494344705427187e+00 7.192291804352362388e-06 1.463536671771497284e-06 1.185335285904062293e-06 2.951252785505556860e-06 1.983937737947302761e-06 4.791960542781017996e-06 2.294924217121657552e-06
1.873719947598576185e+00 7.139412374054397289e-06 1.481031412536114159e-06 1.230128340876842768e-06 2.980323859263258175e-06 2.014776499434281573e-06 4.836851608373981160e-06 2.351001591946828221e-06
1.882945550491724962e+00 7.095357540587244130e-06 1.497470449951987439e-06 1.267155746236573443e-06 3.012455233541050007e-06 2.068529902306059285e-06 4.883251462413583965e-06 2.404731551777235555e-06
1.892171153384873961e+00 7.054867372155582811e-06 1.519005268148314021e-06 1.295553520862346338e-06 3.050769383171525104e-06 2.122033329556775359e-06 4.935150489714944152e-06 2.450873332359421430e-06
1.901396756278022737e+00 7.025796615792339007e-06 1.541214393991521279e-06 1.316864669914239609e-06 3.077525609114084125e-06 2.188262245961867771e-06 4.983642071455970394e-06 2.498457474999849115e-06
1.910622359171171736e+00 7.014200056010057564e-06 1.551701587850071934e-06 1.362778805296747813e-06 3.094412191389482094e-06 2.238736613455653741e-06 5.021773869130295591e-06 2.554558307768195064e-06
1.919847962064320512e+00 7.007616524507192161e-06 1.563460153007492137e-06 1.385273147595131486e-06 3.114864428568857748e-06 2.297513409655724060e-06 5.061193165588896704e-06 2.609532003966062578e-06
1.929073564957469289e+00 6.999726111911743340e-06 1.585218507447418036e-06 1.407767140602863961e-06 3.141781189358543526e-06 2.357024074779169859e-06 5.095890106308118498e-06 2.652149559399110361e-06
1.938299167850618288e+00 6.999447621976125968e-06 1.595291073146535761e-06 1.423696663280947159e-06 3.165699104740688130e-06 2.402507254165205865e-06 5.123422570829906226e-06 2.697726957389878125e-06
1.947524770743767064e+00 7.010550088877222526e-06 1.603160232831854869e-06 1.461498584747076551e-06 3.182378279358515056e-06 2.442824495964527594e-06 5.143728579110740237e-06 2.748748834656603370e-06
1.956750373636916063e+00 7.014013343667446619e-06 1.625321023046077802e-06 1.488419499736922600e-06 3.210160423466253832e-06 2.494482057821217955e-06 5.175373505182517345e-06 2.786724051664150950e-06
1.965975976530064839e+00 7.027373238182674044e-06 1.637026659007668182e-06 1.513903892875029246e-06 3.231370324869126551e-06 2.536796393788325037e-06 5.200508837443117017e-06 2.829663132867201517e-06
1.975201579423213616e+00 7.043279731902855203e-06 1.649543278226066865e-06 1.537276984360006820e-06 3.252987511734721604e-06 2.588616660936458407e-06 5.226044316312096756e-06 2.870767229329728886e-06
1.984427182316362615e+00 7.063291400802364589e-06 1.664009927501276410e-06 1.549677566082894776e-06 3.273186681079537797e-06 2.639632363603529479e-06 5.250158834269163038e-06 2.919054058556637581e-06
1.993652785209511391e+00 7.087025699878261592e-06 1.674700990010325145e-06 1.577282291828892412e-06 3.300522217648914918e-06 2.688633752163138135e-06 5.272962802774768029e-06 2.967223418718876202e-06
2.002878388102660168e+00 7.112403002164190943e-06 1.687152214314678882e-06 1.597967661797515501e-06 3.328413482361970810e-06 2.740987312584690987e-06 5.296277086105023304e-06 3.016061661122364457e-06
2.012103990995809166e+00 7.139717678735054747e-06 1.701238130131627171e-06 1.615576985193213390e-06 3.356303090237632066e-06 2.788502572848667801e-06 5.319634288915886283e-06 3.058558949945678284e-06
2.021329593888958165e+00 7.169116569178646836e-06 1.714635769202462167e-06 1.634872833249133811e-06 3.375033820599389472e-06 2.836566962550309986e-06 5.342671656509907264e-06 3.102692348022424078e-06
2.030555196782107164e+00 7.200424264950598449e-06 1.727176255668843585e-06 1.658344361864368485e-06 3.392105614186588153e-06 2.883441163396230711e-06 5.365400141427289897e-06 3.163627462117815048e-06
2.039780799675255718e+00 7.232143402740631494e-06 1.740835039036436042e-06 1.683943668038758210e-06 3.416720771674975889e-06 2.927242217425689796e-06 5.389178052497344297e-06 3.231070381799665481e-06
2.049006402568404717e+00 7.259668110214119628e-06 1.759439897821632793e-06 1.698284013715305596e-06 3.453122195674572978e-06 2.956373055879497563e-06 5.418448576605212346e-06 3.290664440923565199e-06
2.058232005461553715e+00 7.295557540883461934e-06 1.771626668773623010e-06 1.715647075260934340e-06 3.482566994515455796e-06 2.997961136886454262e-06 5.440578808351334279e-06 3.348453178389408558e-06
2.067457608354702270e+00 7.332894210686002334e-06 1.783583856467694376e-06 1.733569293735503386e-06 3.511771449987784486e-06 3.041876147626751466e-06 5.462292200687973571e-06 3.399343025359233779e-06
2.076683211247851268e+00 7.371881477256737517e-06 1.799856847407636481e-06 1.750505103861512969e-06 3.540477508371825827e-06 3.086126576722588383e-06 5.483399541034751024e-06 3.449357617193689598e-06
2.085908814141000267e+00 7.408226986862229482e-06 1.823459097925534853e-06 1.764460244208519180e-06 3.572714050758304176e-06 3.125826932415084757e-06 5.507973632331037092e-06 3.494411613575754171e-06
2.095134417034148822e+00 7.451161314991089509e-06 1.837400026720698265e-06 1.790036238937887573e-06 3.592628844820332926e-06 3.170297812207218203e-06 5.526808410893761193e-06 3.543843517782867714e-06
2.104360019927297820e+00 7.492788453612123614e-06 1.854998462668771217e-06 1.813167744523413579e-06 3.612419015096590950e-06 3.211685776461232480e-06 5.547659826653969586e-06 3.589931196502894694e-06
2.113585622820446819e+00 7.535711523078775855e-06 1.864350523101427623e-06 1.832436108157658804e-06 3.631590647786552830e-06 3.251080993454301960e-06 5.567885015892515274e-06 3.635357726763873925e-06
2.122811225713595817e+00 7.576703309479506049e-06 1.872850576824131469e-06 1.848666999623271422e-06 3.653260526397435892e-06 3.287148619609561030e-06 5.590656747863676735e-06 3.677051960332629974e-06
2.132036828606744372e+00 7.615879523167372596e-06 1.886857735981181141e-06 1.861509437348288215e-06 3.677274201736520815e-06 3.320009855873364070e-06 5.615732121556616079e-06 3.715248228920930275e-06
2.141262431499893371e+00 7.657051861545610872e-06 1.900628545874070830e-06 1.878894162160022015e-06 3.699873700854294380e-06 3.352644158377197514e-06 5.639368296278899083e-06 3.753792206745406206e-06
2.150488034393042369e+00 7.699096803072578922e-06 1.915449349620158227e-06 1.891850787698876653e-06 3.732038648830142711e-06 3.383235270102423542e-06 5.662536105962118037e-06 3.791710707352690577e-06
2.159713637286190924e+00 7.743745918496207137e-06 1.929520603147264512e-06 1.904250176253575643e-06 3.768683873843071654e-06 3.412593592796739301e-06 5.683533773441523012e-06 3.830793816575390578e-06
2.168939240179339922e+00 7.787254996749146197e-06 1.942891256890720477e-06 1.915264246471987308e-06 3.807021338463389956e-06 3.439988877711340265e-06 5.706028552924363988e-06 3.867389008357869261e-06
2.178164843072488921e+00 7.833593734111257971e-06 1.953341492408311973e-06 1.928440862130562749e-06 3.843033049931764424e-06 3.469412805116455119e-06 5.726046315579563109e-06 3.905500262901712758e-06
2.187390445965637920e+00 7.883279457074604857e-06 1.960134255703996551e-06 1.945066872921593361e-06 3.871031801522755201e-06 3.501473797599656958e-06 5.742975744780606087e-06 3.945726177041152842e-06
2.196616048858786474e+00 7.932194076066482929e-06 1.968110125336256029e-06 1.960775212541678637e-06 3.891037262811775579e-06 3.532927394875928353e-06 5.760978944825543134e-06 3.984016163422126248e-06
2.205841651751935473e+00 7.979786251131475204e-06 1.978499889216331906e-06 1.974676106910524268e-06 3.908639563455949142e-06 3.566603534503130989e-06 5.780544265311961306e-06 4.019874917957441791e-06
2.215067254645084471e+00 8.026579458925018601e-06 1.990135697749877434e-06 1.987206219906495521e-06 3.944591791028138300e-06 3.598557243098441913e-06 5.801075767847578549e-06 4.053912343853544769e-06
2.224292857538233026e+00 8.072740169296886042e-06 2.002731133728465773e-06 2.004628827988688095e-06 3.971614705253664868e-06 3.628931625581412675e-06 5.822490202464713170e-06 4.086278801871596716e-06
2.233518460431382024e+00 8.120389594283666622e-06 2.014097990816183614e-06 2.023494316256293014e-06 3.997364589265207100e-06 3.658401923608334699e-06 5.842567680999466949e-06 4.119203111509026404e-06
2.242744063324531023e+00 8.169952651834470601e-06 2.022554621621900427e-06 2.043872159140617151e-06 4.021409625356953897e-06 3.687914996557219418e-06 5.860875446525930539e-06 4.153124355940892281e-06
2.251969666217680022e+00 8.219790590067170999e-06 2.030965387353547770e-06 2.064144424767069292e-06 4.045378182602178698e-06 3.721679162664835196e-06 5.879040693552542541e-06 4.186448843109469368e-06
2.261195269110828576e+00 8.268618423043886827e-06 2.040687245367226902e-06 2.082167280104113104e-06 4.070452594000893636e-06 3.753781393536029671e-06 5.898289456604284954e-06 4.217954984556111297e-06
2.270420872003977575e+00 8.317650877531334029e-06 2.051104832739912391e-06 2.098295748834374169e-06 4.095359820907672183e-06 3.783217223260742102e-06 5.917491040189715255e-06 4.248823679935224227e-06
2.279646474897126573e+00 8.366908033900882340e-06 2.063129263914387047e-06 2.114389314522064968e-06 4.120207552280325799e-06 3.812191476553851656e-06 5.951091826022723638e-06 4.279148307140105429e-06
2.288872077790275128e+00 8.415086452073434047e-06 2.076006832710329786e-06 2.129173475557333603e-06 4.146227879604567456e-06 3.839459752427574553e-06 5.994312846072277057e-06 4.307684462939808496e-06
2.298097680683424127e+00 8.463362902130568900e-06 2.088933295649626618e-06 2.143489379149781269e-06 4.172144114589224894e-06 3.866001321982676747e-06 6.037681419213901504e-06 4.335605403201479337e-06
2.307323283576573125e+00 8.513589948693817036e-06 2.100233258959582417e-06 2.159518119353679040e-06 4.196227875329344359e-06 3.892265308851450150e-06 6.079339524652224033e-06 4.364791494294735249e-06
2.316548886469722124e+00 8.564016242109099457e-06 2.113711206987708153e-06 2.175525995379018581e-06 4.220291067296528400e-06 3.913114278962559962e-06 6.121081933585498965e-06 4.393476537380680604e-06
2.325774489362870678e+00 8.614527735935230871e-06 2.128509523815487703e-06 2.191476470638317769e-06 4.244307305985964870e-06 3.933640439152901056e-06 6.162920944028343055e-06 4.421651428775223125e-06
2.335000092256019677e+00 8.666240393634751688e-06 2.144868655921719131e-06 2.208451031032902188e-06 4.267231270541532433e-06 3.954917605196805823e-06 6.203790619948569926e-06 4.450404448464848111e-06
2.344225695149168676e+00 8.720695425719479974e-06 2.158917893815963135e-06 2.228811712053084270e-06 4.288287478249615299e-06 3.978178529639818853e-06 6.242863355629404911e-06 4.481046396031569887e-06
2.353451298042317230e+00 8.774977970766341384e-06 2.171615369329593062e-06 2.251784555254745335e-06 4.307963673805031892e-06 4.004902148091718566e-06 6.280804621286169870e-06 4.511498444284120042e-06
2.362676900935466229e+00 8.829994139074375605e-06 2.180444642010002042e-06 2.275117731247459492e-06 4.327849767004966254e-06 4.032782962106811260e-06 6.319008400352031931e-06 4.541822344716363743e-06
2.371902503828615227e+00 8.885058904592167366e-06 2.191300200658173795e-06 2.298372937406845455e-06 4.347733825560710493e-06 4.060144116917396650e-06 6.357325575356191985e-06 4.571655877921165829e-06
2.381128106721764226e+00 8.938478570281556325e-06 2.200475456611757107e-06 2.319844218950778708e-06 4.369328908201008620e-06 4.085469096993513549e-06 6.397483558780423142e-06 4.599324456316383685e-06
2.390353709614912781e+00 8.991988519942504586e-06 2.208678822414357682e-06 2.341292392001773122e-06 4.390872615672659402e-06 4.110535954142669625e-06 6.437741322125330355e-06 4.626605745515949657e-06
2.399579312508061779e+00 9.044840797446084679e-06 2.219832437099801808e-06 2.361954827864760643e-06 4.413147609877842451e-06 4.134536641872241714e-06 6.478826021398333303e-06 4.652700767218303547e-06
2.408804915401210778e+00 9.098016159208316563e-06 2.236292844227862837e-06 2.380209371509557126e-06 4.435143086699119732e-06 4.158498236576732062e-06 6.519755152949947212e-06 4.678636052661007039e-06
2.418030518294359332e+00 9.153715848955320199e-06 2.247271883717565053e-06 2.396671364134980793e-06 4.454658773185447008e-06 4.181500213544598497e-06 6.558330136003804456e-06 4.706628022796484745e-06
2.427256121187508331e+00 9.207986536301362513e-06 2.260719739815784992e-06 2.411617779623180914e-06 4.475637903825836726e-06 4.208403117137547558e-06 6.598523353440903435e-06 4.732764205588449342e-06
2.436481724080657330e+00 9.261303671922401127e-06 2.275159087424804145e-06 2.425476699784583935e-06 4.497634784137119292e-06 4.232621708070692001e-06 6.639833931899811456e-06 4.757464642386003121e-06
2.445707326973806328e+00 9.312905548884582369e-06 2.290004585655643418e-06 2.436860526197296499e-06 4.521382382829638560e-06 4.248501751253939801e-06 6.683020747742677840e-06 4.779310626515100568e-06
2.454932929866954883e+00 9.364547747092922441e-06 2.303228026399684405e-06 2.447996929521497308e-06 4.545068744904777748e-06 4.264067662823971815e-06 6.726329131045083524e-06 4.795371929058208946e-06
2.464158532760103881e+00 9.416890187964495747e-06 2.315784613952136931e-06 2.459741152308304453e-06 4.570011073209120694e-06 4.290228652265080850e-06 6.769098394867946206e-06 4.811596917554304666e-06
2.473384135653252880e+00 9.470640834840258492e-06 2.326951770578671816e-06 2.475287422171955468e-06 4.595481822514616355e-06 4.317662732791363495e-06 6.810594506330526485e-06 4.828692047325610142e-06
2.482609738546401434e+00 9.524443124971587418e-06 2.338107122746168164e-06 2.492016171721209939e-06 4.620979182496985115e-06 4.345140086752153456e-06 6.852213900596225047e-06 4.845316107006849207e-06
2.491835341439550433e+00 9.575551246522648788e-06 2.351993527443190947e-06 2.505994375068393514e-06 4.649244872727696624e-06 4.369833918020845983e-06 6.896695023538150333e-06 4.858721477029894802e-06
2.501060944332699432e+00 9.628243540865446133e-06 2.362586631503443710e-06 2.520394166479862644e-06 4.675956335613232686e-06 4.396008907487421874e-06 6.939715461168377331e-06 4.873203122282729735e-06
2.510286547225848430e+00 9.684789873464582337e-06 2.369900104831439407e-06 2.536367304004433325e-06 4.698928786661961377e-06 4.425894199878146241e-06 6.979064555566145896e-06 4.890986745593807301e-06
2.519512150118996985e+00 9.737954999153164421e-06 2.384278784825641443e-06 2.548923006866068407e-06 4.720947014516724461e-06 4.452309792381776883e-06 7.021922588991036005e-06 4.910331071283153768e-06
2.528737753012145983e+00 9.790836735426151048e-06 2.391844404717964869e-06 2.561080653779371050e-06 4.738576070654170800e-06 4.478252342542944824e-06 7.065235761011100522e-06 4.940788907072311076e-06
2.537963355905294982e+00 9.846502664915168286e-06 2.401426396772655017e-06 2.578232090023883242e-06 4.753364024527254327e-06 4.506544280676560447e-06 7.105859292464261455e-06 4.973983325640605631e-06
2.547188958798443537e+00 9.902118934627294702e-06 2.415221790618612545e-06 2.599098771521965540e-06 4.768260600519622482e-06 4.532955293715113474e-06 7.146715035448411747e-06 5.007028565842720542e-06
2.556414561691592535e+00 9.953989831492226906e-06 2.436034693937376224e-06 2.616230410921765420e-06 4.786855226115895989e-06 4.555480013410534073e-06 7.191427124426606461e-06 5.036272435822389818e-06
2.565640164584741534e+00 1.000572887301382082e-05 2.455849573381267738e-06 2.633265648661952605e-06 4.810396350597402414e-06 4.576435117143556141e-06 7.236345734924186379e-06 5.059398015689461420e-06
2.574865767477890532e+00 1.005731961646041264e-05 2.474154453435437420e-06 2.649679967083399797e-06 4.834534002753011799e-06 4.593906396117152369e-06 7.281717848798002909e-06 5.076654871937850458e-06
2.584091370371039087e+00 1.010746844734166408e-05 2.488209621101315536e-06 2.664650183813504316e-06 4.860074429757861290e-06 4.612439691411885194e-06 7.328592441103694218e-06 5.092111796660146918e-06
2.593316973264188086e+00 1.015867675371710030e-05 2.500279104675489318e-06 2.679536062789178142e-06 4.884540925458973805e-06 4.636270769388791650e-06 7.374561358493762918e-06 5.108337503933664998e-06
2.602542576157337084e+00 1.020857665830974619e-05 2.520358586152858057e-06 2.690951994922826593e-06 4.910364875717832670e-06 4.660437359404952035e-06 7.422002838853856399e-06 5.122887040184980248e-06
2.611768179050485639e+00 1.025813289171527705e-05 2.540865989012973020e-06 2.705117985647249283e-06 4.936561998029117488e-06 4.681190160130759073e-06 7.469960958540621839e-06 5.136762860362757158e-06
2.620993781943634637e+00 1.030807263382361818e-05 2.558071102941669936e-06 2.720655115650995615e-06 4.962347765383938285e-06 4.701150181392832282e-06 7.517643655034662593e-06 5.150708165695701568e-06
2.630219384836783636e+00 1.035971834309130278e-05 2.572528207708219363e-06 2.725311941191388778e-06 4.986474801332876319e-06 4.722470413194696694e-06 7.563786849504056125e-06 5.169413861441928636e-06
2.639444987729932635e+00 1.041133809947271383e-05 2.586989887879063730e-06 2.738160741894373715e-06 5.010603259851751772e-06 4.740165001397516313e-06 7.610106003210742706e-06 5.197577287797143862e-06
2.648670590623081189e+00 1.046251775946857178e-05 2.601381747541055162e-06 2.750078306249794267e-06 5.035206550698953721e-06 4.758389803387118205e-06 7.657013871176212227e-06 5.225211185199701344e-06
2.657896193516230188e+00 1.051184169889258400e-05 2.615707573939001718e-06 2.760127163497872003e-06 5.061663380189020380e-06 4.768224711637877537e-06 7.705924383673511713e-06 5.250953732009151004e-06
2.667121796409379186e+00 1.056114182778719832e-05 2.630915746650520275e-06 2.773001902633465322e-06 5.088170276051274301e-06 4.778062796845823572e-06 7.755031095661730204e-06 5.276641352597687293e-06
2.676347399302527741e+00 1.061178814392931506e-05 2.650168101345997567e-06 2.787640788810229729e-06 5.113323496792382725e-06 4.790877410247978376e-06 7.802936000064355457e-06 5.303648213786276767e-06
2.685573002195676739e+00 1.066743218385205171e-05 2.667035174567541670e-06 2.807427026227098002e-06 5.133516815072122069e-06 4.808378038315178998e-06 7.846001341074474128e-06 5.335606773469599412e-06
2.694798605088825738e+00 1.072093549866271090e-05 2.684314671258352920e-06 2.825117062322632009e-06 5.155863738973118473e-06 4.832990709138385919e-06 7.891368804920394759e-06 5.365401941895707340e-06
2.704024207981974737e+00 1.077249924959323129e-05 2.697258680254593146e-06 2.840087758648277496e-06 5.180148966858891119e-06 4.857321670528706217e-06 7.938829363951212934e-06 5.380554192060642107e-06
2.713249810875123291e+00 1.082402669173498360e-05 2.704777205817610546e-06 2.855586474061599714e-06 5.204448319922763764e-06 4.881603545899370722e-06 7.986452022456328332e-06 5.392392155936979220e-06
2.722475413768272290e+00 1.087680993141352774e-05 2.711046956353003987e-06 2.870110210835366164e-06 5.227564164905780357e-06 4.907080790169446378e-06 8.033023272170143224e-06 5.405161385176961637e-06
2.731701016661421288e+00 1.093103415445196582e-05 2.722203995365003593e-06 2.885080515697374361e-06 5.252205233712830011e-06 4.933988235233216435e-06 8.078277237633562567e-06 5.419095671265921328e-06
2.740926619554569843e+00 1.098574566860040721e-05 2.733503857809803389e-06 2.901201553339656275e-06 5.283970185814803651e-06 4.961356846249635855e-06 8.123231578233684096e-06 5.436155016133826991e-06
2.750152222447718842e+00 1.103912552225525756e-05 2.746148961179090611e-06 2.916241008321412392e-06 5.305108613468461783e-06 4.987357824893763961e-06 8.169650629591619745e-06 5.462206674061776917e-06
2.759377825340867840e+00 1.109239506989896167e-05 2.758873440265270568e-06 2.932850772222967079e-06 5.326341424337855673e-06 5.013262771799608929e-06 8.216351971067955084e-06 5.488100540946344035e-06
