2.306400723287267349e-02 5.572493953409607200e+16 -8.000000000000000000e+00 2.400000000000000000e+01 8.000000000000000000e+00 3.200000000000000000e+01 3.200000000000000000e+01 4.000000000000000000e+01
3.228961012602173802e-02 1.163078255396037500e+14 4.640625000000000000e+00 4.484375000000000000e+00 1.992187500000000000e+01 1.592187500000000000e+01 3.603125000000000000e+01 2.826562500000000000e+01
4.151521301917080603e-02 2.104248557364754639e+12 4.242187500000000000e+00 4.112548828125000000e+00 1.814208984375000000e+01 1.452490234375000000e+01 3.292553710937500000e+01 2.580004882812500000e+01
5.074081591231988098e-02 1.178572736988835449e+11 3.950714111328125000e+00 3.796569824218750000e+00 1.681668090820312500e+01 1.347073364257812500e+01 3.062672424316406250e+01 2.397091674804687500e+01
5.996641880546894204e-02 1.301894237727610588e+10 3.719211578369140625e+00 3.566249847412109375e+00 1.579136085510253906e+01 1.265615463256835938e+01 2.886455726623535156e+01 2.256422424316406250e+01
6.919202169861800311e-02 2.246726883258648872e+09 3.534840106964111328e+00 3.396340847015380859e+00 1.502509403228759766e+01 1.201531410217285156e+01 2.747829151153564453e+01 2.145362663269042969e+01
7.841762459176707112e-02 5.296187565296710134e+08 3.386218905448913574e+00 3.258900105953216553e+00 1.443962305784225464e+01 1.150363856554031372e+01 2.636799126863479614e+01 2.056017470359802246e+01
8.764322748491613913e-02 1.568588221612628996e+08 3.264006614685058594e+00 3.139383822679519653e+00 1.396858292818069458e+01 1.108540561795234680e+01 2.546839109063148499e+01 1.983226576447486877e+01
9.686883037806519325e-02 5.523747858668705076e+07 3.161444708704948425e+00 3.035286583006381989e+00 1.358813253790140152e+01 1.074075166136026382e+01 2.473516672849655151e+01 1.923480895906686783e+01
1.060944332712142474e-01 2.226401210237697139e+07 3.076230239123106003e+00 2.957631245255470276e+00 1.328162791579961777e+01 1.045572695881128311e+01 2.413728605583310127e+01 1.874319021403789520e+01
1.153200361643633154e-01 9.994982609018588439e+06 3.005389261990785599e+00 2.896057678386569023e+00 1.303720009140670300e+01 1.022029652073979378e+01 2.365252723172307014e+01 1.833973322249948978e+01
1.245456390575123834e-01 4.898251509121814743e+06 2.968528487719595432e+00 2.838251052424311638e+00 1.284627549070864916e+01 1.002711588703095913e+01 2.326473650988191366e+01 1.801153226662427187e+01
1.337712419506614514e-01 2.580955276198142208e+06 2.942465221974998713e+00 2.773039968684315681e+00 1.270263921748846769e+01 9.870753057766705751e+00 2.296208898071199656e+01 1.774907575873658061e+01
1.429968448438105333e-01 1.445114660606578458e+06 2.909995879977941513e+00 2.716263727284967899e+00 1.259236106299795210e+01 9.747178692370653152e+00 2.273595351795665920e+01 1.754534559696912766e+01
1.522224477369596152e-01 8.519140035263855243e+05 2.882165828719735146e+00 2.668378718663007021e+00 1.245956321433186531e+01 9.653272789553739130e+00 2.258013631275389344e+01 1.739521427464205772e+01
1.614480506301086971e-01 5.248726680109119043e+05 2.859583434532396495e+00 2.637812152039259672e+00 1.238097087107598782e+01 9.568856538156978786e+00 2.249037094553932548e+01 1.729503519658464938e+01
1.706736535232577512e-01 3.359508281877737027e+05 2.872714672470465302e+00 2.617244024178944528e+00 1.237605716200778261e+01 9.509522992419078946e+00 2.246397528325906023e+01 1.724236298573669046e+01
1.798992564164068331e-01 2.222918431790192262e+05 2.861088016448775306e+00 2.607455763587495312e+00 1.240469483475317247e+01 9.474076784244971350e+00 2.249962620192673057e+01 1.721389668472693302e+01
1.891248593095559150e-01 1.514327434117565572e+05 2.849587460223119706e+00 2.609535978117492050e+00 1.239088632387574762e+01 9.461770163674373180e+00 2.259722176118521020e+01 1.721389797766460106e+01
1.983504622027049968e-01 1.058447950571591791e+05 2.931128517971956171e+00 2.612023263602168299e+00 1.239759927507839166e+01 9.472245879704132676e+00 2.275781235939939506e+01 1.725701700744684786e+01
2.075760650958540787e-01 7.568357838275711401e+04 3.014661175096989609e+00 2.618387714726850390e+00 1.243188368080882356e+01 9.513264352921396494e+00 2.298359040341165382e+01 1.734366270362806972e+01
2.168016679890031329e-01 5.522350367236623424e+04 2.990059865776856896e+00 2.643181440820626449e+00 1.249379297718405724e+01 9.657015739154303446e+00 2.327793385188851971e+01 1.747492087229329627e+01
2.260272708821522147e-01 4.102865146890059259e+04 3.005473344455822371e+00 2.686761113560351077e+00 1.258369916518859100e+01 9.834254338682512753e+00 2.364550365234754281e+01 1.765255710990459193e+01
2.352528737753012689e-01 3.097824737274378276e+04 3.049635037863481557e+00 2.739321173678035848e+00 1.270226149877635180e+01 9.990357091362966457e+00 2.409239925936344662e+01 1.787904249099301524e+01
2.444784766684503230e-01 2.372951795613157083e+04 3.143769387981592445e+00 2.797966747701138956e+00 1.284910185073022149e+01 1.008367232990713092e+01 2.462638054955823463e+01 1.815759948331105988e+01
2.537040795615994049e-01 1.841239074064509259e+04 3.227928808268188732e+00 2.849409102862409782e+00 1.305421952545293607e+01 1.014383220397576224e+01 2.525716882657798124e+01 1.849226501660086797e+01
2.629296824547484590e-01 1.445106084023672520e+04 3.287346479450206971e+00 2.936945640774865751e+00 1.336999977732921252e+01 1.047750385065955925e+01 2.589857038823356561e+01 1.888796532585183741e+01
2.721552853478975686e-01 1.145701788319909610e+04 3.311407882631101529e+00 3.026421953094541095e+00 1.373759958362643374e+01 1.091437658349423145e+01 2.652244458765562740e+01 1.935059168755469727e+01
2.813808882410466228e-01 9.163401890631657807e+03 3.375008742917998461e+00 3.110267671607289230e+00 1.416320399307733169e+01 1.117397761387292121e+01 2.724154274000648002e+01 1.988705454096088943e+01
2.906064911341957324e-01 7.383847063558099762e+03 3.503418759846681496e+00 3.235356249766482506e+00 1.465412818186814548e+01 1.162578706525073358e+01 2.806488374115815532e+01 2.050526975606408087e+01
2.998320940273447865e-01 5.986160751582669036e+03 3.735628125135917799e+00 3.365977455317079148e+00 1.521886927831474168e+01 1.205255697956272343e+01 2.900192450033227942e+01 2.121398254027553776e+01
3.090576969204938407e-01 4.875174937556223995e+03 3.820400783650256926e+00 3.518335746333832503e+00 1.586350895502437197e+01 1.253464066073320282e+01 3.006255140984740137e+01 2.202223518849768880e+01
3.182832998136429503e-01 3.981375972788130184e+03 4.038670478789754270e+00 3.663937564802836278e+00 1.659931224746469525e+01 1.308357522525875538e+01 3.125379263873765012e+01 2.293807648456504467e+01
3.275089027067920044e-01 3.253237040463618087e+03 4.149454882696318236e+00 3.811510979135618982e+00 1.743608153440982278e+01 1.365813013824163136e+01 3.257592469320161399e+01 2.396566117880229285e+01
3.367345055999411141e-01 2.651961649320901415e+03 4.421185162711935845e+00 3.978543377107143897e+00 1.849677829093343462e+01 1.439651010906482043e+01 3.444433134753535342e+01 2.509753216696572053e+01
3.459601084930901682e-01 2.147825808825365129e+03 4.766531622449747374e+00 4.316582407494024665e+00 1.971036266163855544e+01 1.516598524213441124e+01 3.738127713596622925e+01 2.630370653863110419e+01
3.551857113862392223e-01 1.717619771786007504e+03 5.101523767207254423e+00 4.558692392121201920e+00 2.051807365525564819e+01 1.591232601989986506e+01 4.027538485040190608e+01 2.749836265867111251e+01
3.644113142793883320e-01 1.342947077106402958e+03 5.444334685698777321e+00 4.854829377577971172e+00 2.202450672613281313e+01 1.658960048770427420e+01 4.290519551839747692e+01 2.899868871998251052e+01
3.736369171725373861e-01 1.009511779772358636e+03 5.668628545272326846e+00 4.971892732194760356e+00 2.351316835425029694e+01 1.743788338033198215e+01 4.641671096419270270e+01 2.945895764365263858e+01
3.828625200656864958e-01 7.085306175345913289e+02 5.686169050252260604e+00 5.006611994806803523e+00 2.361613972448230925e+01 1.716077506203566827e+01 4.837061055278081767e+01 2.932525240675136047e+01
3.920881229588355499e-01 4.450122877858674428e+02 4.760107188251367916e+00 4.263078018033581884e+00 2.076061835493715080e+01 1.381811292597376450e+01 4.365947918656968341e+01 2.583235857563602167e+01
4.013137258519846040e-01 2.711869202931945892e+02 9.826891659674288348e-01 1.111544975174069805e+00 5.146805832511574863e+00 2.741559282397020070e+00 1.559557771873159027e+01 3.751391456084832043e+00
4.105393287451337136e-01 3.964408117300423555e+02 8.708965920331934285e+00 9.563757596077039125e+00 3.354016632098171158e+01 3.868759751913847822e+01 7.234689839343923268e+01 7.860116278603692308e+01
4.197649316382827678e-01 1.237232088664364028e+03 2.600907845882875336e+01 2.872908137417289254e+01 9.516996900507729151e+01 1.159629558657950383e+02 1.764288533621063380e+02 2.150812075976693905e+02
4.289905345314318219e-01 2.251464088857489969e+03 1.802346344652369226e+01 1.861658834014178865e+01 7.190886973323176790e+01 8.146833276450342964e+01 1.119610120691522752e+02 1.318156069717897481e+02
4.382161374245809315e-01 2.335214803506943554e+03 7.275066415586479707e-01 3.069676934273957158e-01 8.390329244502936490e-01 4.917697972307450982e+00 9.210306117483924027e-01 1.294101316793512524e+01
4.474417403177299857e-01 2.003147983251462165e+03 7.106356605534983828e+00 6.263557859282173013e+00 2.202723882221084750e+01 2.903874590509212794e+01 3.584347578851566141e+01 5.523858229723464319e+01
4.566673432108790953e-01 1.673419931448028819e+03 7.729115390103288519e+00 6.695555787577632145e+00 2.503250945255786064e+01 2.916316937447322744e+01 4.277847992242163855e+01 5.780757324982118917e+01
4.658929461040280939e-01 1.413887730479974834e+03 7.138516926220063397e+00 6.447102318886891226e+00 2.224876279561249248e+01 2.755061327176167651e+01 4.007159638119196643e+01 5.254627986710033838e+01
4.751185489971772036e-01 1.214358030031044791e+03 6.224705748960104756e+00 5.760199088954323088e+00 1.832335741582255650e+01 2.493657901764390772e+01 3.543615727186511322e+01 4.570835994957292314e+01
4.843441518903262577e-01 1.058446804657330404e+03 5.328182729634818315e+00 4.892612013915595526e+00 1.587083723617229225e+01 2.079846519516831904e+01 2.930240803331798816e+01 4.083487931338595445e+01
4.935697547834753673e-01 9.338362174977395398e+02 4.650811373940200610e+00 4.426380820521899295e+00 1.397450721003724539e+01 1.834559525850954742e+01 2.569800966760112715e+01 3.642105112189244664e+01
5.027953576766244215e-01 8.321208281029897762e+02 4.083873363818725011e+00 3.982869753145791947e+00 1.255719172422175234e+01 1.660796384923730784e+01 2.271984124149071249e+01 3.260301922140547504e+01
5.120209605697735311e-01 7.475847565364639422e+02 3.628051291572319315e+00 3.506270274594953662e+00 1.130080630522934371e+01 1.532646126593090230e+01 2.044049213571486234e+01 2.934457052029642909e+01
5.212465634629225297e-01 6.762616612861639851e+02 3.252218225714955224e+00 3.213541826113328170e+00 1.023644333217339408e+01 1.413516422091436198e+01 1.848701673944708546e+01 2.656685246929077948e+01
5.304721663560716394e-01 6.153270644376640348e+02 2.918789576701442456e+00 2.899163441751397841e+00 9.320421013179156944e+00 1.302249571024299257e+01 1.680967925072900471e+01 2.418893069830539844e+01
5.396977692492206380e-01 5.627171065234145999e+02 2.644836133708167836e+00 2.667901691639940509e+00 8.382856552000930606e+00 1.202884092739202515e+01 1.536231338030086135e+01 2.214167038968696488e+01
5.489233721423698587e-01 5.168874573936745946e+02 2.427235537691672107e+00 2.464131388444116055e+00 7.723663212348014895e+00 1.115394355097868129e+01 1.410588468973946874e+01 2.036758992020332926e+01
5.581489750355188573e-01 4.766577459164869879e+02 2.211431418114614189e+00 2.224863219976498385e+00 7.142317006432165272e+00 1.037950872735302710e+01 1.300834603743248863e+01 1.881992802196464254e+01
5.673745779286679669e-01 4.411087453636291684e+02 2.046234384657623195e+00 2.084220498600302562e+00 6.614783314987676022e+00 9.687627462062835093e+00 1.200176486427852751e+01 1.746106156046624847e+01
5.766001808218169655e-01 4.095127561598590091e+02 1.891036463754232955e+00 1.918317036039013601e+00 6.176843547638725340e+00 9.063902058935298101e+00 1.110986415061086063e+01 1.626068782442445126e+01
5.858257837149661862e-01 3.812853584271565524e+02 1.748569413399252426e+00 1.783952781178754776e+00 5.772007925737966616e+00 8.503483098744482049e+00 1.032345156249095908e+01 1.519429442423336241e+01
5.950513866081151848e-01 3.559512412359345603e+02 1.635221838169854891e+00 1.674253926494998268e+00 5.408949443984283789e+00 7.998217006799450246e+00 9.625806144989269342e+00 1.424193527140630522e+01
6.042769895012642944e-01 3.331195132211718715e+02 1.525719939990040075e+00 1.580907150113205262e+00 5.081475250832170332e+00 7.540943297295086722e+00 9.003436289518219837e+00 1.338727215433357287e+01
6.135025923944132931e-01 3.124655350611423046e+02 1.429904944945576517e+00 1.493479813167709835e+00 4.785260506142947179e+00 7.109452677806928023e+00 8.445361901613011923e+00 1.259466180254656820e+01
6.227281952875624027e-01 2.937173269463153247e+02 1.345168581802283825e+00 1.413969394180639938e+00 4.516314685936208662e+00 6.695343105043036758e+00 7.942572887288804395e+00 1.185689409696760777e+01
6.319537981807114013e-01 2.766452441837310516e+02 1.269854905688873714e+00 1.341416565877693756e+00 4.273982705215416900e+00 6.321422496859611329e+00 7.487617680921175634e+00 1.118877824282776601e+01
6.411794010738606220e-01 2.610540268666213706e+02 1.204947380669409540e+00 1.270133131448574204e+00 4.055286785581017739e+00 5.982420455638617796e+00 7.074288076531615843e+00 1.058131334186677464e+01
6.504050039670096206e-01 2.467766009671735503e+02 1.141580921773055479e+00 1.201198093826121749e+00 3.847150730406298180e+00 5.673928191920282416e+00 6.703007852277409029e+00 1.002694634971086884e+01
6.596306068601587302e-01 2.336691899909428685e+02 1.092335437765086681e+00 1.139396089797656941e+00 3.655889387950253422e+00 5.392218034659634895e+00 6.391732039907338958e+00 9.519297271612543909e+00
6.688562097533077289e-01 2.216074201910538477e+02 1.045540508917326861e+00 1.083442733200456587e+00 3.479762587960891551e+00 5.133385734307495341e+00 6.104287709009611262e+00 9.052943673841213013e+00
6.780818126464568385e-01 2.104831881138907761e+02 9.950903106678197219e-01 1.032113225587806937e+00 3.318717353823103622e+00 4.895645956124980103e+00 5.838214253708542856e+00 8.623250326284221501e+00
6.873074155396059481e-01 2.002021195547465595e+02 9.520126011954914702e-01 9.830459715628592221e-01 3.169358549368212152e+00 4.676677682624983845e+00 5.591367620346318290e+00 8.226233475590078115e+00
6.965330184327550578e-01 1.906814920107529474e+02 9.097599956538999777e-01 9.378032917056486895e-01 3.030365045112858979e+00 4.474481671653080639e+00 5.361872446600841613e+00 7.858451909558453963e+00
7.057586213259040564e-01 1.818485238015534833e+02 8.707674916520602437e-01 8.959890444232314621e-01 2.900837190268447330e+00 4.287327451198706285e+00 5.126427652470624707e+00 7.516918911475954701e+00
7.149842242190531660e-01 1.736389557732326523e+02 8.364672183591324028e-01 8.600055587584165551e-01 2.779910142422124864e+00 4.113710344293792787e+00 4.905194934898275960e+00 7.199030625782512516e+00
7.242098271122021647e-01 1.659958683405222928e+02 8.055919520825796099e-01 8.240740784395086393e-01 2.666787510674225814e+00 3.952316399445294337e+00 4.698321189941879084e+00 6.902507409415477468e+00
7.334354300053513853e-01 1.588686892252279108e+02 7.764607167921724340e-01 7.969700676999593725e-01 2.560764762750096679e+00 3.801993596453712598e+00 4.504484911125786084e+00 6.625345528655486760e+00
7.426610328985003839e-01 1.522123567781654288e+02 7.488907900303729548e-01 7.645481042522987991e-01 2.468366698265811010e+00 3.656775294109053220e+00 4.322515477191643640e+00 6.365777151855127158e+00
7.518866357916494936e-01 1.459866110462450308e+02 7.223479006607647079e-01 7.375938042330858480e-01 2.381804061637438963e+00 3.515596891785293110e+00 4.151372473177247002e+00 6.122237035796388227e+00
7.611122386847984922e-01 1.401553903490917321e+02 6.972743746979119805e-01 7.114522191123455741e-01 2.300445967463787156e+00 3.383332028751567577e+00 3.990128272043449442e+00 5.893334644770078512e+00
7.703378415779476018e-01 1.346863154812067762e+02 6.698389026270206159e-01 6.862066087348068777e-01 2.223874941649029324e+00 3.259204558215344605e+00 3.837953298478794295e+00 5.677830703770808896e+00
7.795634444710966005e-01 1.295502470623168279e+02 6.437831984835895582e-01 6.621451244010074788e-01 2.151716235637735508e+00 3.142523644787175385e+00 3.694103509541832864e+00 5.474617390124492999e+00
7.887890473642458211e-01 1.247209042448621119e+02 6.192714754872525873e-01 6.393277226535900581e-01 2.083632626596084947e+00 3.032672517956129354e+00 3.557909715840395393e+00 5.282701525839343049e+00
7.980146502573948197e-01 1.201745351210019948e+02 5.996231957039981353e-01 6.178317613507431361e-01 2.019319951182268369e+00 2.929007965130608682e+00 3.428768437483512344e+00 5.101190256764567721e+00
8.072402531505439294e-01 1.158896308764428937e+02 5.811857548154648612e-01 5.975529746303891443e-01 1.958503256433033357e+00 2.830823802768804853e+00 3.313006364050934849e+00 4.929278802174124507e+00
8.164658560436929280e-01 1.118466771097224068e+02 5.638164701691010805e-01 5.783976368054766226e-01 1.900933471752296100e+00 2.737983815373382868e+00 3.212159782680572562e+00 4.766239935722694554e+00
8.256914589368421487e-01 1.080279368445210793e+02 5.474188375071662449e-01 5.602812882574852438e-01 1.846384522527600325e+00 2.664002585634520415e+00 3.116524560224746665e+00 4.611414920326154743e+00
8.349170618299911473e-01 1.044172606656267845e+02 5.350405104381081856e-01 5.431276408168059788e-01 1.794563446570066390e+00 2.594171228076447733e+00 3.025740483737976660e+00 4.464205668995731457e+00
8.441426647231402569e-01 1.009999201398474042e+02 5.233857076338637171e-01 5.268676340308218187e-01 1.745363306204509968e+00 2.508675915406129775e+00 2.939479383928045308e+00 4.324067942692181532e+00
8.533682676162892555e-01 9.776246130604162943e+01 5.074857512949080274e-01 5.114386190003870070e-01 1.698625460023549749e+00 2.427060354522211583e+00 2.857441745667586019e+00 4.190505430271656451e+00
8.625938705094383652e-01 9.469257549302818688e+01 4.961653171359898806e-01 4.967836501959226325e-01 1.654193103386162988e+00 2.348928736995588906e+00 2.779353737129540036e+00 4.063064579023091483e+00
8.718194734025873638e-01 9.177898515995769912e+01 4.830287675734012964e-01 4.828508692558841631e-01 1.611922712829780835e+00 2.274356967046642808e+00 2.704964599640490519e+00 3.941330067962056205e+00
8.810450762957365844e-01 8.901134278716165227e+01 4.690645430990940667e-01 4.702393166364089439e-01 1.571682736934349123e+00 2.209566058091880336e+00 2.634044348672063052e+00 3.824920832321467401e+00
8.902706791888855831e-01 8.638014113667382787e+01 4.555888552893350152e-01 4.623661494827189244e-01 1.533352440393613847e+00 2.147752745004538610e+00 2.566381744166605472e+00 3.713486562425146076e+00
8.994962820820346927e-01 8.387663344252507613e+01 4.426850121755165901e-01 4.504679629526435747e-01 1.496820881236274658e+00 2.088725265344763216e+00 2.501782494654648303e+00 3.606704611963863272e+00
9.087218849751836913e-01 8.149276229418877904e+01 4.316812128611218213e-01 4.368064466114844890e-01 1.455879153583254038e+00 2.032307370799657065e+00 2.440067664875996911e+00 3.504277260566212249e+00
9.179474878683329120e-01 7.922109614801890132e+01 4.194172819792498785e-01 4.258320366957377701e-01 1.416508879000446086e+00 1.980865927727364806e+00 2.381072261024698378e+00 3.405929283758879933e+00
9.271730907614816886e-01 7.705477254687706079e+01 4.080258516431456428e-01 4.143174803044473720e-01 1.378743072376039436e+00 1.937400077903305373e+00 2.324643971438746348e+00 3.311405790267542670e+00
9.363986936546309092e-01 7.498744725158070423e+01 3.965522873349840438e-01 4.065346404161118699e-01 1.342485591595149685e+00 1.900738170985079023e+00 2.270642043685271005e+00 3.220414905271098860e+00
9.456242965477800189e-01 7.301324859304715176e+01 3.863388178911861814e-01 3.944583823001863720e-01 1.307505522957868038e+00 1.866464046329568305e+00 2.218936281636970875e+00 3.132791626813173025e+00
9.548498994409290175e-01 7.112673644384113913e+01 3.758239369921767548e-01 3.821916478307798570e-01 1.273827694228359064e+00 1.833935352401383057e+00 2.169406148379593446e+00 3.048331783448034571e+00
9.640755023340780161e-01 6.932286528500929990e+01 3.660198134351446697e-01 3.760885804614844119e-01 1.241410679824852537e+00 1.803075383176803825e+00 2.121939962710911232e+00 2.966844345481462142e+00
9.733011052272271257e-01 6.759695091013557544e+01 3.563654847088031374e-01 3.703086567694384712e-01 1.210182157170521577e+00 1.773813784313205133e+00 2.076434178620857551e+00 2.888150765994140556e+00
9.825267081203763464e-01 6.594464036561670639e+01 3.475054744405667861e-01 3.621473080559240998e-01 1.180074586367581446e+00 1.746086104758333590e+00 2.032792738545751376e+00 2.812083846228858874e+00
9.917523110135253450e-01 6.436188477541230668e+01 3.374382351945257597e-01 3.508445598540816945e-01 1.151024788720576453e+00 1.719833399310545019e+00 1.990926492402294912e+00 2.752169014250299028e+00
1.000977913906674344e+00 6.284491474097041674e+01 3.284160005853209441e-01 3.420000288614843953e-01 1.125786206944738410e+00 1.694539375012418247e+00 1.950752675434721084e+00 2.709569632875584944e+00
1.010203516799823564e+00 6.139021804409525629e+01 3.216223262552801998e-01 3.455558736215067483e-01 1.111006388913232001e+00 1.670525034815319998e+00 1.912194438825650877e+00 2.669135968547912796e+00
1.019429119692972563e+00 5.999451941251396647e+01 3.133343551523566362e-01 3.337338616055944840e-01 1.089730072397138372e+00 1.647838000184847829e+00 1.875180427794255422e+00 2.630794110726803581e+00
1.028654722586121562e+00 5.865476213587954391e+01 3.059034908465321223e-01 3.242099270539853251e-01 1.063881712847397409e+00 1.624513404559174035e+00 1.839644402596917416e+00 2.594476871778610416e+00
1.037880325479270560e+00 5.736809134428806090e+01 2.995015404728533781e-01 3.187576307638195772e-01 1.042345139949844679e+00 1.590388709494114039e+00 1.805524898447465887e+00 2.560123453670833271e+00
1.047105928372419781e+00 5.613183878273377303e+01 2.947027535189690184e-01 3.149341241864860308e-01 1.027779867877626430e+00 1.557161884396158769e+00 1.772764920904933206e+00 2.527679161239866801e+00
1.056331531265569001e+00 5.494350893353549026e+01 2.911378264535073868e-01 3.093371292656783567e-01 1.013996526846554502e+00 1.524994837861200381e+00 1.744264888104453348e+00 2.497095159366359951e+00
1.065557134158718000e+00 5.380076635512645566e+01 2.807071377490899522e-01 3.045439004472214606e-01 9.998988338217316141e-01 1.493837987116648947e+00 1.721453533876868391e+00 2.468328271964459475e+00
1.074782737051866999e+00 5.270142411996398124e+01 2.746113087780983619e-01 2.899623948832541487e-01 9.862178489432480433e-01 1.463644642976674959e+00 1.699983713997227142e+00 2.441340821226404501e+00
1.084008339945015997e+00 5.164343324692057990e+01 2.702875315752208962e-01 2.899810549284396188e-01 9.732329659585872150e-01 1.434370819073869541e+00 1.679833523544026264e+00 2.416100506080717025e+00
1.093233942838165218e+00 5.062487303460160604e+01 2.623327584652059841e-01 2.854386076770651925e-01 9.608659416299047962e-01 1.405975059658473469e+00 1.660979178994452354e+00 2.392580319330186001e+00
1.102459545731314217e+00 4.964394221179656341e+01 2.581554431431456464e-01 2.763895146132497871e-01 9.466425007970116212e-01 1.384820069275022547e+00 1.643401152459503578e+00 2.338290588185159891e+00
1.111685148624463215e+00 4.869895082982781531e+01 2.590479396535840806e-01 2.724688701099964305e-01 9.298271411822298660e-01 1.357799551609360833e+00 1.627084157379492524e+00 2.281406315253384776e+00
1.120910751517612436e+00 4.778831282908491573e+01 2.547320479527073189e-01 2.656062309160773793e-01 9.135418006598570173e-01 1.331525082027795293e+00 1.603088624730546030e+00 2.225678651032339417e+00
1.130136354410761435e+00 4.691053921856272524e+01 2.499576397766389846e-01 2.601714163595616469e-01 8.993828692709584516e-01 1.305472515319166860e+00 1.561826797621009177e+00 2.171027257467919469e+00
1.139361957303910433e+00 4.606423181294853464e+01 2.470460486905423636e-01 2.623632073918642504e-01 8.843847947694456479e-01 1.277112937098422663e+00 1.521328881232726360e+00 2.117373915895718994e+00
1.148587560197059654e+00 4.524807747662789836e+01 2.454165172695894626e-01 2.604353433757964353e-01 8.676165449186896694e-01 1.255439222841886249e+00 1.489338360106906123e+00 2.064642218910393012e+00
1.157813163090208652e+00 4.446084282811833077e+01 2.379961147928781884e-01 2.553645062412499556e-01 8.532060699376700086e-01 1.231780369777879969e+00 1.482916243281472646e+00 2.012757273483060771e+00
1.167038765983357873e+00 4.370136936174231579e+01 2.340164235820338945e-01 2.524349821830966789e-01 8.392066474975337087e-01 1.206172097281253741e+00 1.478694033346982906e+00 1.961645414313181846e+00
1.176264368876506872e+00 4.296856894588245979e+01 2.323557722375255707e-01 2.512849766921831929e-01 8.255961510182743268e-01 1.184167121750412832e+00 1.475753174098571208e+00 1.911233926888222356e+00
1.185489971769655870e+00 4.226141965889342345e+01 2.345290118524516743e-01 2.495035152850562099e-01 8.166052114892750069e-01 1.162633552340267329e+00 1.474120952563445996e+00 1.861450780334990895e+00
1.194715574662805091e+00 4.157896192446175121e+01 2.352281614303208812e-01 2.491230132239223849e-01 8.048147076086209495e-01 1.141936147787667721e+00 1.473830479983419650e+00 1.812224370925399342e+00
1.203941177555954090e+00 4.092029490787204793e+01 2.340696363507532851e-01 2.490752841271941520e-01 8.027016960415167546e-01 1.122363016343236097e+00 1.474921144834588915e+00 1.763448443117823672e+00
1.213166780449103088e+00 4.028457313300117448e+01 2.325177960156494805e-01 2.493417872327299278e-01 7.875871365003490610e-01 1.102478637055355648e+00 1.477439143025755186e+00 1.746270929680406425e+00
1.222392383342252087e+00 3.967100327646642199e+01 2.323925079316992992e-01 2.484279908146262983e-01 7.712433769414630547e-01 1.082803480302494847e+00 1.481409333718218591e+00 1.737263032103783189e+00
1.231617986235401307e+00 3.907884108994834094e+01 2.344043989901223313e-01 2.438970960952460132e-01 7.609305464779154704e-01 1.064296612209126636e+00 1.486869437183649723e+00 1.752463352883417258e+00
1.240843589128550528e+00 3.850738839341132547e+01 2.348240559656531445e-01 2.383828936609759808e-01 7.513438836886763283e-01 1.046695294740331406e+00 1.469945011920898992e+00 1.772310580989703510e+00
1.250069192021699527e+00 3.795599006995516334e+01 2.307221910797494502e-01 2.387786917825422961e-01 7.420673822486634208e-01 1.035777042290604300e+00 1.444940048476162531e+00 1.794318597032471985e+00
1.259294794914848525e+00 3.742403097599492412e+01 2.310968567253581796e-01 2.412992729104814771e-01 7.367244643288870520e-01 1.028966165282497514e+00 1.420443767384433897e+00 1.818623850532610220e+00
1.268520397807997524e+00 3.691093265649152499e+01 2.315208154747523395e-01 2.444180758667968689e-01 7.291871743955837815e-01 1.022395697971916206e+00 1.396367814773718408e+00 1.845378766912403989e+00
1.277746000701146745e+00 3.641614972145116269e+01 2.342285173855103153e-01 2.435460377617175709e-01 7.165185315679423184e-01 1.005511380523721243e+00 1.372724262737676781e+00 1.874753634570282657e+00
1.286971603594295521e+00 3.593916569303240749e+01 2.367606201326637461e-01 2.430253802022548371e-01 7.035611798574379350e-01 9.795291096652292140e-01 1.349470481699690083e+00 1.906938744583747791e+00
1.296197206487444742e+00 3.547948806693985802e+01 2.332600937768773974e-01 2.441278960599078118e-01 6.950231232389683100e-01 9.867182205176732168e-01 1.326560261862063328e+00 1.942146808656019630e+00
1.305422809380593963e+00 3.503664223934861610e+01 2.288573316614588293e-01 2.444579947304106327e-01 6.956020322630749320e-01 9.966959988824584116e-01 1.303942706376481908e+00 1.980615677713785772e+00
1.314648412273742961e+00 3.461016381983250056e+01 2.302249533720015506e-01 2.485192926962440652e-01 6.911712307259634258e-01 9.828722560379929973e-01 1.282691085816374255e+00 2.022611375641432119e+00
1.323874015166892182e+00 3.419958866433950817e+01 2.376024284116269314e-01 2.488535196256691506e-01 7.049041172920667009e-01 9.939981215834166051e-01 1.291201226749450370e+00 2.029739850580746463e+00
1.333099618060040958e+00 3.380443969451262376e+01 2.372690091923956857e-01 2.647643385782245673e-01 7.102296758406936306e-01 1.002422337441359446e+00 1.330725825695992626e+00 2.026701285106121020e+00
1.342325220953190179e+00 3.342420918152259901e+01 2.441300463282232158e-01 2.636376330360192810e-01 7.185496033181024700e-01 1.010410778700823187e+00 1.374809774802884021e+00 2.025961499558189161e+00
1.351550823846339400e+00 3.305833460451169969e+01 2.582868302362228974e-01 2.604989286239955959e-01 7.560701292667957318e-01 1.019377417488399828e+00 1.424052079524749104e+00 2.027703384083448412e+00
1.360776426739488176e+00 3.270616535335283004e+01 2.678002249008315516e-01 2.659464219903213689e-01 7.782705360042001530e-01 1.062417915033552873e+00 1.487063757721777790e+00 2.032138277427431916e+00
1.370002029632637397e+00 3.236691628774949692e+01 2.728047859324860269e-01 2.684520238835830241e-01 7.983555831474262732e-01 1.072714728010872420e+00 1.541303894579321820e+00 2.039509422486062817e+00
1.379227632525786396e+00 3.203960225903439607e+01 2.857827906672056884e-01 2.773706367011534724e-01 8.353643264991532646e-01 1.111885208539806769e+00 1.611206922603692249e+00 2.050095298513333830e+00
1.388453235418935616e+00 3.172294477477120722e+01 2.952168847087293102e-01 2.885587209926683272e-01 8.893020440988124165e-01 1.156587349614049742e+00 1.690118094165271145e+00 2.064212280050380599e+00
1.397678838312084837e+00 3.141523742827433097e+01 3.048214472416930221e-01 2.971217579092808592e-01 9.489380895882746358e-01 1.230022907345340144e+00 1.779549524317921794e+00 2.082215584647880036e+00
1.406904441205233613e+00 3.111414950684675418e+01 3.240281842640335697e-01 3.177807682159716762e-01 9.930145252446784809e-01 1.261862868600442056e+00 1.881107483903793565e+00 2.104496593273140093e+00
1.416130044098382834e+00 3.081643560756863565e+01 3.398356170703209500e-01 3.333832351539030014e-01 1.044416949154840069e+00 1.343597016838725011e+00 1.997313139273096283e+00 2.131473036925463305e+00
1.425355646991532055e+00 3.051750015228297030e+01 3.586331168822418647e-01 3.615864021232404468e-01 1.066348778712765011e+00 1.397674358368185210e+00 2.131053733678911044e+00 2.163449375153970067e+00
1.434581249884680831e+00 3.021073418924548903e+01 3.767840205346111304e-01 3.834560291310182834e-01 1.117629098254763420e+00 1.476856527808251940e+00 2.285964193203728456e+00 2.246024041482851175e+00
1.443806852777830052e+00 2.988648851772323667e+01 3.988303671661554972e-01 4.054364941085104590e-01 1.195492179186086190e+00 1.570704617107750778e+00 2.445869849730080148e+00 2.443099634164902056e+00
1.453032455670979051e+00 2.953045525830836482e+01 4.173695754871253882e-01 4.292381555478677058e-01 1.318587541541827335e+00 1.643889404084504235e+00 2.584819063226049707e+00 2.667604913362865204e+00
1.462258058564128271e+00 2.912106925833953497e+01 4.521017489916410170e-01 4.340087517314259458e-01 1.456583838114351437e+00 1.731064309805883994e+00 2.746501124178301723e+00 2.928937415972640679e+00
1.471483661457277492e+00 2.862525698389467266e+01 4.912842758360760342e-01 4.841026644771808662e-01 1.566152009374278009e+00 1.825758645032344418e+00 2.935935832928915801e+00 3.249112500700153561e+00
1.480709264350426269e+00 2.799136140065056821e+01 5.236391959457549206e-01 5.225742714288585944e-01 1.761721030356085294e+00 1.974024543034268220e+00 3.159601921931855628e+00 3.621295396899544272e+00
1.489934867243575489e+00 2.713722326169055421e+01 5.582032332640771699e-01 5.766544945955871526e-01 1.894168398054439706e+00 2.133242698660094305e+00 3.425861404037114255e+00 3.932919733910221538e+00
1.499160470136724488e+00 2.593012968865093271e+01 5.970924174670635409e-01 6.165649163009021549e-01 2.138534578617377946e+00 2.255198113271919880e+00 3.745243797687052734e+00 4.041353320840524788e+00
1.508386073029873486e+00 2.415430846230056261e+01 6.386936189742051795e-01 6.817167469329916685e-01 2.514834282636282836e+00 2.376955127659343248e+00 4.421750314762089573e+00 4.214984699510676336e+00
1.517611675923022485e+00 2.146558842493190511e+01 6.706810551325048664e-01 7.659409722911441065e-01 2.865331656251139947e+00 2.472633527011179666e+00 5.263654213126581993e+00 4.310915999813385469e+00
1.526837278816171706e+00 1.736533893091284142e+01 7.219646666126671164e-01 7.845626139843808744e-01 3.173978685333032956e+00 2.626498131432038363e+00 5.840997960573417913e+00 4.176828519234122794e+00
1.536062881709320926e+00 1.138166874467551715e+01 6.863942776528499934e-01 7.867399162496404585e-01 3.172373299210109465e+00 2.471056179893295734e+00 5.886548442078881394e+00 3.483705431478123948e+00
1.545288484602469925e+00 4.149061048605211965e+00 4.717729830581012251e-01 6.283214379546628869e-01 2.395082526505456499e+00 1.647602778598384443e+00 5.890863281145547248e+00 2.255913619915856483e+00
1.554514087495618924e+00 3.046529496881885124e-01 1.395864329994616071e-01 1.655175902759976614e-01 7.969089292544291325e-01 2.071442456243439145e-01 2.197213403685236877e+00 2.252070451881365010e-01
1.563739690388767922e+00 8.685486438372580054e+00 9.066750621129795462e-01 9.026693121371813788e-01 3.036307595647906865e+00 3.579485711516632307e+00 5.384446273359303703e+00 6.186033818197376632e+00
1.572965293281917143e+00 3.099551532292778688e+01 1.644060414294571615e+00 1.787768709451874827e+00 5.826990342190200067e+00 6.724461592096112383e+00 9.460274434632928831e+00 1.200762688845395942e+01
1.582190896175066142e+00 5.866261917123582492e+01 2.045833857007117729e+00 2.111056391396331833e+00 6.519262748547227204e+00 8.813650993288028701e+00 1.051689217393265352e+01 1.597876397089768830e+01
1.591416499068215140e+00 8.205152735711995149e+01 1.899645881154000904e+00 2.069767764918879038e+00 5.792296696437304604e+00 8.694259927593719794e+00 9.737249503012435525e+00 1.489804556897469467e+01
1.600642101961364361e+00 8.715751313819052370e+01 2.406042884756828926e+00 2.284785295980952924e+00 8.366411063493174538e+00 1.013923959601054037e+01 1.548284262165077507e+01 1.584708499136252158e+01
1.609867704854513359e+00 6.756625671900549435e+01 2.686567296765858259e+00 2.914203358317251968e+00 1.264912745312607001e+01 1.074944142645825451e+01 2.103944909188288648e+01 2.089058252191916409e+01
1.619093307747662580e+00 4.281719910416043717e+01 2.151373348024371523e+00 2.372243419546308019e+00 1.075873274927974421e+01 9.365019752620646898e+00 1.941593216198413785e+01 1.704901086355363660e+01
1.628318910640811579e+00 2.690518161000314024e+01 1.476949930455209170e+00 1.646976253085263409e+00 7.073248049742822730e+00 6.473365136191386426e+00 1.391040466372483309e+01 1.186299911321460065e+01
1.637544513533960577e+00 1.876195497190378347e+01 1.027411842291098054e+00 1.102847313585328948e+00 4.467369547499750126e+00 4.286626701129632622e+00 9.706497416975494730e+00 7.097727751910076321e+00
1.646770116427109798e+00 1.486053497897123066e+01 6.518193387551551865e-01 7.522063471342761432e-01 2.843125656173612015e+00 2.729881337998785185e+00 6.459385770891433509e+00 4.147822814511906486e+00
1.655995719320258575e+00 1.304604046580652010e+01 3.674083309774562878e-01 4.967247865235275839e-01 1.828635303678559865e+00 1.600280725842443630e+00 4.073428902993551759e+00 2.297534684083471390e+00
1.665221322213407795e+00 1.224820671997554022e+01 2.312697476559559817e-01 3.242305715139046640e-01 1.145977363236697855e+00 9.202074415555561160e-01 2.694256889913130948e+00 1.400823694294471622e+00
1.674446925106557016e+00 1.195001487413805030e+01 1.374152666395698219e-01 1.957992731584958790e-01 6.797478986855338690e-01 5.619799623419723389e-01 1.720849827450132707e+00 9.904830722339106330e-01
1.683672527999706015e+00 1.189734998633200291e+01 1.004115068515591958e-01 1.342278921249899781e-01 4.535460402556026338e-01 4.433779979646423897e-01 1.139528506281244802e+00 8.031785313009027760e-01
1.692898130892855235e+00 1.196207663714420733e+01 9.885870420534992320e-02 1.206423975013635186e-01 4.423599414783101480e-01 4.360324410621601032e-01 8.692802113824171784e-01 7.743967089645025226e-01
1.702123733786004012e+00 1.207819499996103652e+01 1.028656894883113182e-01 1.338520902895972142e-01 4.667478030500884500e-01 4.868135726914548655e-01 1.064899341182726999e+00 8.154813938433331799e-01
1.711349336679153232e+00 1.221133616008954270e+01 1.166645929954164274e-01 1.571648186757457211e-01 5.208619814006567594e-01 5.081357620412045861e-01 1.196186688808118959e+00 9.534411194859142569e-01
1.720574939572302453e+00 1.234369186421681341e+01 1.300674655582021444e-01 1.658884450708555391e-01 5.880516287036083867e-01 5.382080905149475569e-01 1.283247967090080266e+00 9.421534072500286072e-01
1.729800542465451230e+00 1.246631652315103800e+01 1.460294882948893758e-01 1.697858784953591993e-01 6.185680370894157676e-01 6.019547042550215110e-01 1.339490249279535306e+00 1.000111825080274741e+00
1.739026145358600450e+00 1.257507487338323493e+01 1.586811401758385642e-01 1.825258906624522837e-01 6.586114158470515179e-01 6.079871762795914236e-01 1.374020305060021485e+00 1.042138040468945093e+00
1.748251748251749449e+00 1.266845362351227600e+01 1.670906692014728634e-01 1.961948479832944514e-01 6.794116170955248890e-01 6.397191912945814352e-01 1.380774833050088191e+00 1.072113934875629226e+00
1.757477351144898670e+00 1.274635541552605567e+01 1.728581077064053062e-01 2.010366199519602048e-01 6.943507889861315618e-01 6.410868221149623736e-01 1.377415589970842902e+00 1.096456864474392390e+00
1.766702954038047890e+00 1.280942437364675612e+01 1.778533968295636924e-01 2.055852035269616351e-01 6.983850779811273668e-01 6.451854513163599592e-01 1.368053547590520225e+00 1.122844866803060171e+00
1.775928556931196667e+00 1.285866588778176833e+01 1.799969073099205730e-01 2.043054360590357277e-01 6.966336806309083585e-01 6.450009220225094708e-01 1.354590728510704167e+00 1.138557191580421346e+00
1.785154159824345887e+00 1.289523229311737218e+01 1.814164571365637357e-01 2.044406722798228770e-01 6.908140770563591104e-01 6.808942836045854818e-01 1.344216988919258782e+00 1.148453035422889457e+00
1.794379762717494886e+00 1.292030342456018488e+01 1.819794408632304794e-01 2.036384384976610562e-01 6.843382399646742442e-01 6.730738322453344580e-01 1.354961987737185680e+00 1.157580940715646989e+00
1.803605365610643885e+00 1.293502195080444395e+01 1.823440602233645791e-01 2.031623271131799413e-01 6.772068820389431920e-01 6.627831767255614182e-01 1.359143389944373226e+00 1.163107737980414669e+00
1.812830968503793105e+00 1.294046046939760863e+01 1.828334543778513677e-01 2.009590227496218517e-01 6.690344944367829783e-01 6.553555879319965527e-01 1.343238641733879746e+00 1.162210148417322841e+00
1.822056571396942104e+00 1.293760696803654753e+01 1.810072492297187807e-01 1.979326345127212505e-01 6.601595563793534183e-01 6.555407475805097306e-01 1.326414109590864143e+00 1.149534011375115128e+00
1.831282174290091325e+00 1.292736077863865241e+01 1.753632752191869315e-01 1.947187521615223460e-01 6.508340214223835574e-01 6.565101129414667724e-01 1.309027557347462789e+00 1.136152571792846899e+00
1.840507777183240323e+00 1.291053436718155289e+01 1.736152479525721049e-01 1.915466549296631626e-01 6.412458861724612547e-01 6.563405222971301356e-01 1.291346349120443548e+00 1.122338789564578221e+00
