2.306400723287267349e-02 1.943525371799456320e+17 3.200000000000000000e+01 -3.200000000000000000e+01 3.200000000000000000e+01 3.200000000000000000e+01 6.400000000000000000e+01 3.200000000000000000e+01
3.228961012602173802e-02 4.056481922928159375e+14 8.000000000000000000e+00 8.687500000000000000e+00 2.875000000000000000e+01 3.737500000000000000e+01 5.193750000000000000e+01 6.756250000000000000e+01
4.151521301917080603e-02 7.339012828396731445e+12 7.981445312500000000e+00 8.573242187500000000e+00 2.861328125000000000e+01 3.709765625000000000e+01 5.158203125000000000e+01 6.708105468750000000e+01
5.074081591231988098e-02 4.110522231366081543e+11 7.034362792968750000e+00 7.522949218750000000e+00 2.522760009765625000e+01 3.279211425781250000e+01 4.551452636718750000e+01 5.918572998046875000e+01
5.996641880546894204e-02 4.540632264520376587e+10 5.957313537597656250e+00 6.371940612792968750e+00 2.137371063232421875e+01 2.786019134521484375e+01 3.859516906738281250e+01 5.018392181396484375e+01
6.919202169861800311e-02 7.835937853818117142e+09 4.961715698242187500e+00 5.314072608947753906e+00 1.780958747863769531e+01 2.328207874298095703e+01 3.218924140930175781e+01 4.185037040710449219e+01
7.841762459176707112e-02 1.847159202935908318e+09 4.095302581787109375e+00 4.407427787780761719e+00 1.470685315132141113e+01 1.928378629684448242e+01 2.660801362991333008e+01 3.458992123603820801e+01
8.764322748491613913e-02 5.470798198142426014e+08 3.355793833732604980e+00 3.630702376365661621e+00 1.205769777297973633e+01 1.585884654521942139e+01 2.183901548385620117e+01 2.838641965389251709e+01
9.686883037806519325e-02 1.926537556266232431e+08 2.727101027965545654e+00 2.957637459039688110e+00 9.804730951786041260e+00 1.293576735258102417e+01 1.777995231747627258e+01 2.310688447952270508e+01
1.060944332712142474e-01 7.765172672950085998e+07 2.190842032432556152e+00 2.381035715341567993e+00 7.883433595299720764e+00 1.043303190171718597e+01 1.431533046066761017e+01 1.860511423647403717e+01
1.153200361643633154e-01 3.486082200466491282e+07 1.729736700654029846e+00 1.894455678761005402e+00 6.235309094190597534e+00 8.276283875107765198e+00 1.134024880826473236e+01 1.476250556111335754e+01
1.245456390575123834e-01 1.708483806164058298e+07 1.336667694151401520e+00 1.473458118736743927e+00 4.810950614511966705e+00 6.402444880455732346e+00 8.765996281057596207e+00 1.142810595780611038e+01
1.337712419506614514e-01 9.002730738110655919e+06 9.907342214137315750e-01 1.098780522122979164e+00 3.569733109325170517e+00 4.765189412981271744e+00 6.519543491303920746e+00 8.508752629160881042e+00
1.429968448438105333e-01 5.041207473577843979e+06 6.851864475756883621e-01 7.693349653854966164e-01 2.478532455861568451e+00 3.311622170731425285e+00 4.541264435276389122e+00 5.928195731714367867e+00
1.522224477369596152e-01 2.972262280322640203e+06 4.204223216511309147e-01 4.770245547406375408e-01 1.510320606175810099e+00 2.014214821159839630e+00 2.766703729052096605e+00 3.623921943828463554e+00
1.614480506301086971e-01 1.831609561424773652e+06 1.783448201604187489e-01 2.067469332832843065e-01 6.408398372586816549e-01 8.432700738776475191e-01 1.163052347255870700e+00 1.570213564671576023e+00
1.706736535232577512e-01 1.172682675409555435e+06 4.251355677843093872e-02 4.221115633845329285e-02 2.002520130481570959e-01 1.494788613636046648e-01 3.537102364934980869e-01 2.662597871385514736e-01
1.798992564164068331e-01 7.762552876122700982e+05 2.631341528613120317e-01 2.453864441486075521e-01 1.161852270946837962e+00 8.734097767155617476e-01 2.107050092425197363e+00 1.546182343037799001e+00
1.891248593095559150e-01 5.291055438632589066e+05 4.675594575237482786e-01 4.319503809092566371e-01 2.051580284954980016e+00 1.544184907339513302e+00 3.747225311584770679e+00 2.767962358775548637e+00
1.983504622027049968e-01 3.700979946938827052e+05 6.760282705072313547e-01 6.086728420923464000e-01 2.884214129531756043e+00 2.173148427216801792e+00 5.302402830333448946e+00 3.916990574740339071e+00
2.075760650958540787e-01 2.648979441369702690e+05 8.638707025093026459e-01 7.785164433880709112e-01 3.673211049987003207e+00 2.770557391631882638e+00 6.798211940506007522e+00 5.012146803142968565e+00
2.168016679890031329e-01 1.935360593580318964e+05 1.051009344228077680e+00 9.400957874604500830e-01 4.430781052273232490e+00 3.359233405790291727e+00 8.258784989069681615e+00 6.070835118822287768e+00
2.260272708821522147e-01 1.440287826230031496e+05 1.236253880691947415e+00 1.104047249013092369e+00 5.168319660151610151e+00 3.967458006751257926e+00 9.707689747068798169e+00 7.109625098615651950e+00
2.352528737753012689e-01 1.089794652369912656e+05 1.407524095586268231e+00 1.271039711544290185e+00 5.896802927556564100e+00 4.586141449661226943e+00 1.116886897181393579e+01 8.144864810223225504e+00
2.444784766684503230e-01 8.370496340260819125e+04 1.604764154675649479e+00 1.442421092637232505e+00 6.627169228930142708e+00 5.199665666601504199e+00 1.266766029504651669e+01 9.193308176763821393e+00
2.537040795615994049e-01 6.517084186977694480e+04 1.799962527256866451e+00 1.613829205613001250e+00 7.370213674636033829e+00 5.730907207522250246e+00 1.423198517115815775e+01 1.027280383407196496e+01
2.629296824547484590e-01 5.136905448123386304e+04 1.992164670271449722e+00 1.801032485731411725e+00 8.188937892475223634e+00 6.392032595183991361e+00 1.587824446555168834e+01 1.140310265208245255e+01
2.721552853478975686e-01 4.094486020375946100e+04 2.205408552479639184e+00 1.973058467308874242e+00 9.066178788852994330e+00 7.158160756058350671e+00 1.751535749946924625e+01 1.260685881011886522e+01
2.813808882410466228e-01 3.296788537601401913e+04 2.398804376702173613e+00 2.179683304973877966e+00 1.001993294148269342e+01 7.817866642551962286e+00 1.927877892029937357e+01 1.391092815337469801e+01
2.906064911341957324e-01 2.678859537380711481e+04 2.631390894632204436e+00 2.436757914787449408e+00 1.107517818201085902e+01 8.693102936595096253e+00 2.121000655825264403e+01 1.534811306512710871e+01
2.998320940273447865e-01 2.194650910322365962e+04 2.994132687650562730e+00 2.715018363582203165e+00 1.226359311227133730e+01 9.657674648755346425e+00 2.335981155807894538e+01 1.695957384568828274e+01
3.090576969204938407e-01 1.811040440836253765e+04 3.313996208667958854e+00 2.992039517226658063e+00 1.362283015486173099e+01 1.071610624482855201e+01 2.579387376115118968e+01 1.879823500822749338e+01
3.182832998136429503e-01 1.503867033931134938e+04 3.717056265988503583e+00 3.361623612372568459e+00 1.520944608554236765e+01 1.194803176340610662e+01 2.859664648668695008e+01 2.093367609019696829e+01
3.275089027067920044e-01 1.255255282134095251e+04 4.119180147325096186e+00 3.743975438870620565e+00 1.709795039070013445e+01 1.340762671751690505e+01 3.187941908124048496e+01 2.345892828826981713e+01
3.367345055999411141e-01 1.051775262428383394e+04 4.679025146710046101e+00 4.197859679245084408e+00 1.958967595400281425e+01 1.517746925491155707e+01 3.626481101665376627e+01 2.650001547314604977e+01
3.459601084930901682e-01 8.831452786548685253e+03 5.521588062923910911e+00 4.949406539673873340e+00 2.266537303505174350e+01 1.748153468757118389e+01 4.265750901154569874e+01 3.023302505006722640e+01
3.551857113862392223e-01 7.412805084388406613e+03 6.507112842759852356e+00 5.744424051196801884e+00 2.585959700778039405e+01 2.012369534386107262e+01 5.047696178714886628e+01 3.489891264793641312e+01
3.644113142793883320e-01 6.195414364400475279e+03 7.803207511844448163e+00 6.912626640228154429e+00 3.124116972601768794e+01 2.368111028474959312e+01 6.033098931568656553e+01 4.163040196267866122e+01
3.736369171725373861e-01 5.120522685413714498e+03 9.496385258826194331e+00 8.269916086277589784e+00 3.895045581545218738e+01 2.930334384862635488e+01 7.593244519064046472e+01 4.989482419875457708e+01
3.828625200656864958e-01 4.129513453111323543e+03 1.208660505140960595e+01 1.052970850606288877e+01 4.917902494541613123e+01 3.652473017478632755e+01 9.867903376168851537e+01 6.317469081255194396e+01
3.920881229588355499e-01 3.155017782117075512e+03 1.564805921194465554e+01 1.355728433612284789e+01 6.508637934165517436e+01 4.535066240177138752e+01 1.317942011292461757e+02 8.738262566820958455e+01
4.013137258519846040e-01 2.119977334222730860e+03 1.983296976762812847e+01 1.691806358103212915e+01 7.556726170666752296e+01 5.741367412322779273e+01 1.732310712040193721e+02 1.185806420812423312e+02
4.105393287451337136e-01 1.031026378091924698e+03 1.684340935308637199e+01 1.700882679572646339e+01 7.705945123273227182e+01 5.899824743249223502e+01 1.768964518043660519e+02 1.170352922728895919e+02
4.197649316382827678e-01 4.692648382513080492e+02 2.947980874032623433e+00 4.708673870233326397e+00 1.661134593987537755e+01 1.080758448191204479e+01 3.813296979250759478e+01 1.174398254887984194e+01
4.289905345314318219e-01 1.273614763523526108e+03 2.784380879537934561e+01 3.073546942810526161e+01 1.212633818025008168e+02 1.230602320747098020e+02 2.003760032473451247e+02 1.909109504238724639e+02
4.382161374245809315e-01 2.146274779392405435e+03 2.131082414620186682e+01 2.411611110139210723e+01 9.159225519777419322e+01 7.721115952188074516e+01 1.530094135099288906e+02 1.346280771488707160e+02
4.474417403177299857e-01 2.390771941463113308e+03 1.106490196269805892e+01 1.146949504640087980e+01 4.480626212866809510e+01 3.929342300424423229e+01 7.856058271630035961e+01 6.778026209539984848e+01
4.566673432108790953e-01 2.330384247280747331e+03 4.843977226515562506e+00 5.276417178909923678e+00 1.908471067401251275e+01 1.840917714145234640e+01 3.490613590585553538e+01 3.325481561426431654e+01
4.658929461040280939e-01 2.174471044326675838e+03 2.236933396885888214e+00 2.288377192840016505e+00 8.309135609267286782e+00 7.909055208639074408e+00 1.419252203838414061e+01 1.518815222893863393e+01
4.751185489971772036e-01 1.998718757201844483e+03 7.948069085900897335e-01 7.328854168570160255e-01 2.643618024800389321e+00 2.665500382389382139e+00 3.746323382083119213e+00 5.803519043212645556e+00
4.843441518903262577e-01 1.828371375910120605e+03 8.217939982955613232e-02 2.365397200173902093e-02 1.094339780738664558e-01 6.421039608669616428e-01 1.454460261679741961e-01 1.685090271918852523e+00
4.935697547834753673e-01 1.671288484673310222e+03 4.820792815394270292e-01 3.857576057880578446e-01 1.245885997515415511e+00 2.043066897025482831e+00 1.854602178032337179e+00 4.679492396108798857e+00
5.027953576766244215e-01 1.529186620401434539e+03 7.129931437841605657e-01 6.241516516070078069e-01 2.009137463056276829e+00 2.910952199136318086e+00 3.396786343942039821e+00 6.370633554898859074e+00
5.120209605697735311e-01 1.401584000542290596e+03 8.268179963290549495e-01 7.616079067506689171e-01 2.441496514888513047e+00 3.577050232702049470e+00 4.238554087506145152e+00 7.271292512943773545e+00
5.212465634629225297e-01 1.287261329434344134e+03 8.843081444124436530e-01 8.462723313027709082e-01 2.635442514745363951e+00 3.922503337979378557e+00 4.693878425049433645e+00 7.702826421196959927e+00
5.304721663560716394e-01 1.184823490154456749e+03 9.036874086439183884e-01 9.045293596750525467e-01 2.749874478222864127e+00 4.077547120696181082e+00 4.914236734942733165e+00 7.850632191444219643e+00
5.396977692492206380e-01 1.092915758769476270e+03 9.019012103135537473e-01 8.997665784663695376e-01 2.745153923937778018e+00 4.125032601360317130e+00 4.953308325244961452e+00 7.825261490801722175e+00
5.489233721423698587e-01 1.010301162488600312e+03 8.816215655155019704e-01 8.962917820991833651e-01 2.711022259710716753e+00 4.069781364075311103e+00 4.903358537041981435e+00 7.694427728084065166e+00
5.581489750355188573e-01 9.358807310477998271e+02 8.578353108825922391e-01 8.535036508784514808e-01 2.659754694388766438e+00 4.044583362438743279e+00 4.799895159142806733e+00 7.500278600721003386e+00
5.673745779286679669e-01 8.686905099651762612e+02 8.302266127926714034e-01 8.147133498656558004e-01 2.590786380956387802e+00 3.955972839268270036e+00 4.664914450072615182e+00 7.269557470678819300e+00
5.766001808218169655e-01 8.078898088492785519e+02 7.991930023979421094e-01 8.022658401637272618e-01 2.519579196685413081e+00 3.848409108694795577e+00 4.512416630366828940e+00 7.019432015780807887e+00
5.858257837149661862e-01 7.527469417638711775e+02 7.649005747648516262e-01 7.684709705102932276e-01 2.443965892274263751e+00 3.717180018038106937e+00 4.351394668479201755e+00 6.760994563609642682e+00
5.950513866081151848e-01 7.026251172429883809e+02 7.304066745205091138e-01 7.447606083243272224e-01 2.360299185227859198e+00 3.558578359144235037e+00 4.187645701341580207e+00 6.501415943726556179e+00
6.042769895012642944e-01 6.569695256297060268e+02 6.961976640047851106e-01 7.216145204557733450e-01 2.283786274140652495e+00 3.404078945443188786e+00 4.024894712513969353e+00 6.245299608128334512e+00
6.135025923944132931e-01 6.152959483901610156e+02 6.697616436450744004e-01 6.945559346361278585e-01 2.203068305790225168e+00 3.255004813404639208e+00 3.865505945871518634e+00 5.995549210906574444e+00
6.227281952875624027e-01 5.771808962599690176e+02 6.444920729634304735e-01 6.651735851091871154e-01 2.123426811096805977e+00 3.112073365328683394e+00 3.710941409718998329e+00 5.753933730602511787e+00
6.319537981807114013e-01 5.422531529905600109e+02 6.195225791681195915e-01 6.370215513204584568e-01 2.045577366287488985e+00 2.975557703485605998e+00 3.562060991375915364e+00 5.521460896147232233e+00
6.411794010738606220e-01 5.101865582506678720e+02 5.981186791526624802e-01 6.095747334960606167e-01 1.969880207216419876e+00 2.844998962453530567e+00 3.419321529194235154e+00 5.298626991547848775e+00
6.504050039670096206e-01 4.806938593044367281e+02 5.739045073240731654e-01 5.830344743410478259e-01 1.896396140006459063e+00 2.720970043652528148e+00 3.282910354797877517e+00 5.085585694323299322e+00
6.596306068601587302e-01 4.535214737648622645e+02 5.502345093564713352e-01 5.530970836641699862e-01 1.825642191527492741e+00 2.603266476005899221e+00 3.152835708436612094e+00 4.882263147078163001e+00
6.688562097533077289e-01 4.284450242561734967e+02 5.313424937984905227e-01 5.320786511833262011e-01 1.752396667664697816e+00 2.491625202090915536e+00 3.028988399285083233e+00 4.688436884185989584e+00
6.780818126464568385e-01 4.052655252331514930e+02 5.101223172531490491e-01 5.117977423693673700e-01 1.690651472327601823e+00 2.385751440055969397e+00 2.911184071709669752e+00 4.503790196505065069e+00
6.873074155396059481e-01 3.838061203326669215e+02 4.907845521676108547e-01 4.903347737684384811e-01 1.630809479996003120e+00 2.285336508134491851e+00 2.799192259314224884e+00 4.327949647857906257e+00
6.965330184327550578e-01 3.639092846690894589e+02 4.723414725941097458e-01 4.699504035667132484e-01 1.571153884463512895e+00 2.190069546928327782e+00 2.692756360258442783e+00 4.160510941470249691e+00
7.057586213259040564e-01 3.454344202699857647e+02 4.544888166655027817e-01 4.505846626587413084e-01 1.511571648681751867e+00 2.099645101309931761e+00 2.591607328969416812e+00 4.001056677010126350e+00
7.149842242190531660e-01 3.282557845078231367e+02 4.382726387156594683e-01 4.331794009309533067e-01 1.450293397640280091e+00 2.013767885287904846e+00 2.495472993505131853e+00 3.849168433069905859e+00
7.242098271122021647e-01 3.122607011559393868e+02 4.214314235583174195e-01 4.170766033880681789e-01 1.391988525958879563e+00 1.932155629529120233e+00 2.404084314545514189e+00 3.704434863896096886e+00
7.334354300053513853e-01 2.973480118468800697e+02 4.045642545053169670e-01 4.017309109718780746e-01 1.336483020443665737e+00 1.854540627219876114e+00 2.317179500316115082e+00 3.566456990557298923e+00
7.426610328985003839e-01 2.834267324920820101e+02 3.901828637714288561e-01 3.870537283311819010e-01 1.283610663978151933e+00 1.780670401803490677e+00 2.234506617099555115e+00 3.434851516742014610e+00
7.518866357916494936e-01 2.704148848595085042e+02 3.770301001147799980e-01 3.724204866084619425e-01 1.233213697178314305e+00 1.710307789030991898e+00 2.155825145521589548e+00 3.309252756397768280e+00
7.611122386847984922e-01 2.582384781948589421e+02 3.643501496246130955e-01 3.596688544341759552e-01 1.185143081029764289e+00 1.643230635699183040e+00 2.080906800986156213e+00 3.189313590454872838e+00
7.703378415779476018e-01 2.468306196761921001e+02 3.516505985264188894e-01 3.481064528747026543e-01 1.141720200466778579e+00 1.579231255157253599e+00 2.009535844279952244e+00 3.074705750109643532e+00
7.795634444710966005e-01 2.361307357478375195e+02 3.390841865721654358e-01 3.367207788653274747e-01 1.104278889115590800e+00 1.518115736368571334e+00 1.941509043226517406e+00 2.965119639231943438e+00
7.887890473642458211e-01 2.260838890998909392e+02 3.279519554786247681e-01 3.256456602957769064e-01 1.068525951317354838e+00 1.459703173097068429e+00 1.876635400039930346e+00 2.860263847926120206e+00
7.980146502573948197e-01 2.166401783375044943e+02 3.161125575923051656e-01 3.173686334039587109e-01 1.034369922695844934e+00 1.403824858616047777e+00 1.814735726081522671e+00 2.759864465903461905e+00
8.072402531505439294e-01 2.077542092955446265e+02 3.049069456050119697e-01 3.085967858351068571e-01 9.994291521406637457e-01 1.357589778422067184e+00 1.755642122113215464e+00 2.663664273135111671e+00
8.164658560436929280e-01 1.993846285619413266e+02 2.940456019588282288e-01 3.015524055994376340e-01 9.645902121928884299e-01 1.314123338773299565e+00 1.699197405188613175e+00 2.571421862746944953e+00
8.256914589368421487e-01 1.914937111282747253e+02 2.844123912045688485e-01 2.947967116408278798e-01 9.332881996689081916e-01 1.272486847165112067e+00 1.645254511104184303e+00 2.482910734838696953e+00
8.349170618299911473e-01 1.840469952319452887e+02 2.763461112856759883e-01 2.883213793360539512e-01 9.119504333515635608e-01 1.232581204662608343e+00 1.593675892524004212e+00 2.397918388135707346e+00
8.441426647231402569e-01 1.770129584207910511e+02 2.651680951772164008e-01 2.820763971788267099e-01 8.852926339479267881e-01 1.194313363123200133e+00 1.544332926511287951e+00 2.316236056893700379e+00
8.533682676162892555e-01 1.703627297033585251e+02 2.549221166318602627e-01 2.737433746655995037e-01 8.622177946999443066e-01 1.157595964499051888e+00 1.497105340662756134e+00 2.237673050715613954e+00
8.625938705094383652e-01 1.640698333354871750e+02 2.468588752945777287e-01 2.599367680671207381e-01 8.419326118248307012e-01 1.122346989371663994e+00 1.451880663671175853e+00 2.162066727024807733e+00
8.718194734025873638e-01 1.581099604024685163e+02 2.386810723158703240e-01 2.466091028747996461e-01 8.193694434288829598e-01 1.087938640868458151e+00 1.408553703839061200e+00 2.089251943897295405e+00
8.810450762957365844e-01 1.524607648606170471e+02 2.306089204757881816e-01 2.421388696965038889e-01 7.939603460570481275e-01 1.048156541570619993e+00 1.367026057357406899e+00 2.019073443014207214e+00
8.902706791888855831e-01 1.471016811408860860e+02 2.224307117496095998e-01 2.342885341162741497e-01 7.694867052561278342e-01 1.009808697991758208e+00 1.327205646987437149e+00 1.951385148602156505e+00
8.994962820820346927e-01 1.420137607919467655e+02 2.157690018868549942e-01 2.217305221947469818e-01 7.457010497856515485e-01 9.728104676667896911e-01 1.289006290964522350e+00 1.886049509234482002e+00
9.087218849751836913e-01 1.371795259627035364e+02 2.101948410235081610e-01 2.186493666506237332e-01 7.236638893755866775e-01 9.370823730023118969e-01 1.252347301388596179e+00 1.822936881197961156e+00
9.179474878683329120e-01 1.325828378020192417e+02 2.046924602522040004e-01 2.115179991188824715e-01 7.039937049627553733e-01 9.025496854731613894e-01 1.217153111002005517e+00 1.761924951622091839e+00
9.271730907614816886e-01 1.282087780932710075e+02 1.996097952826971778e-01 2.030369778605916053e-01 6.850951475446436234e-01 8.691420420852153939e-01 1.183352927035144830e+00 1.702898199244216926e+00
9.363986936546309092e-01 1.240435426487471915e+02 1.948345861841147553e-01 1.979760402384442841e-01 6.670683942733006688e-01 8.367930912377090635e-01 1.150880410674318455e+00 1.645747390499806784e+00
9.456242965477800189e-01 1.200743451685956273e+02 1.881433955379350209e-01 1.903112359740077864e-01 6.468540159984002003e-01 8.183738951180288268e-01 1.119673380657658868e+00 1.590369108534744669e+00
9.548498994409290175e-01 1.162893304249590756e+02 1.811251954138555220e-01 1.842256991942150535e-01 6.225559647944862718e-01 8.025334132567536471e-01 1.089673539501745836e+00 1.536665312715712162e+00
9.640755023340780161e-01 1.126774957675788329e+02 1.769776658636317279e-01 1.789266429977942607e-01 6.018985396483600425e-01 7.874057621597359002e-01 1.060826220897325811e+00 1.484542926232748528e+00
9.733011052272271257e-01 1.092286200651755337e+02 1.718072602509010949e-01 1.737555651543800650e-01 5.882822726083674070e-01 7.729658069919054242e-01 1.033080156869345956e+00 1.442910595968044163e+00
9.825267081203763464e-01 1.059331992999514540e+02 1.677313567257954219e-01 1.674168880502406864e-01 5.777776476527520799e-01 7.591900798112334314e-01 1.006381176003202427e+00 1.406589754593113639e+00
9.917523110135253450e-01 1.027823881225821765e+02 1.636067632316695608e-01 1.659177990348155163e-01 5.677678857251748923e-01 7.460567005940106355e-01 9.806661081967575910e-01 1.371614262917560723e+00
1.000977913906674344e+00 9.976794675376049781e+01 1.598050703630349290e-01 1.603537933296053097e-01 5.584577428222416984e-01 7.294125203887347197e-01 9.559166965479732880e-01 1.337925628147459634e+00
1.010203516799823564e+00 9.688219268744627755e+01 1.567916996082487913e-01 1.561727871208091756e-01 5.455801637957051753e-01 7.100939561248083010e-01 9.320932436426829781e-01 1.305468917908584103e+00
1.019429119692972563e+00 9.411795671151499221e+01 1.527902539693997142e-01 1.529428007520010624e-01 5.329832097432216642e-01 6.912784970829761733e-01 9.091585376071407154e-01 1.274192539123546908e+00
1.028654722586121562e+00 9.146854281476083770e+01 1.492116634232303340e-01 1.489274242354809985e-01 5.194499129187732933e-01 6.728672025462145712e-01 8.870777127610693924e-01 1.244048035078094472e+00
1.037880325479270560e+00 8.892769159606696405e+01 1.467351818540691966e-01 1.445529888063248336e-01 4.936722204730301655e-01 6.550275192325756279e-01 8.658181225479921750e-01 1.214989899325829015e+00
1.047105928372419781e+00 8.648954683287607281e+01 1.440200151652817340e-01 1.423854377683966277e-01 4.817842678502586296e-01 6.377336211744051298e-01 8.453492240340665376e-01 1.186975405212123746e+00
1.056331531265569001e+00 8.414862490253025840e+01 1.411897876188561440e-01 1.394766274032832598e-01 4.715106772657264855e-01 6.171406627778139864e-01 8.256424733508538338e-01 1.159964449920778407e+00
1.065557134158718000e+00 8.189978678225961062e+01 1.358865778286428849e-01 1.362053698494491982e-01 4.616461470859576366e-01 5.964792070292048720e-01 8.066712315452804205e-01 1.133919412059128717e+00
1.074782737051866999e+00 7.973821238209150408e+01 1.354226872162627160e-01 1.301291177782246677e-01 4.477033427291416956e-01 5.768021892864254596e-01 7.884106803791581797e-01 1.108805021904615273e+00
1.084008339945015997e+00 7.765937699018573426e+01 1.318949399340851869e-01 1.259972707568834949e-01 4.329915791767575683e-01 5.665896703057597961e-01 7.708377477119654486e-01 1.084588243533204377e+00
1.093233942838165218e+00 7.565902963246375634e+01 1.283875823740601163e-01 1.219499321343562315e-01 4.183759712046821733e-01 5.568556394904931039e-01 7.539310421769869208e-01 1.054773461450949412e+00
1.102459545731314217e+00 7.373317316826310730e+01 1.252765096983807780e-01 1.187360129893590965e-01 4.040140102990363857e-01 5.319621731706547507e-01 7.376707969544469279e-01 1.027340485051013275e+00
1.111685148624463215e+00 7.187804596138001045e+01 1.233592624296449003e-01 1.142640467165847440e-01 3.883686204048615309e-01 5.228005432189490875e-01 7.220388225300808926e-01 1.009541861917497840e+00
1.120910751517612436e+00 7.009010498155932112e+01 1.233435641339468702e-01 1.105759697241666117e-01 3.828130664030453545e-01 5.177873038787055293e-01 7.070184684235698569e-01 9.929558181197961630e-01
1.130136354410761435e+00 6.836601020544109986e+01 1.197349558184725993e-01 1.121872544403572647e-01 3.796795475859369162e-01 5.084593137059982837e-01 6.925945939692894626e-01 9.764224785136548235e-01
1.139361957303910433e+00 6.670261019843812278e+01 1.169135409715238438e-01 1.114177963776796787e-01 3.699044673287090745e-01 5.068669835848709226e-01 6.787600638657096397e-01 9.610873603556626676e-01
1.148587560197059654e+00 6.509692877010135703e+01 1.141590688513645091e-01 1.141847007148157900e-01 3.608983482128422793e-01 4.983740929972526601e-01 6.655586968986710872e-01 9.465482788289278915e-01
1.157813163090208652e+00 6.354615260548003164e+01 1.116192639506436990e-01 1.157656635429376024e-01 3.536377696107635416e-01 4.915529920776080530e-01 6.529180186365124428e-01 9.327990166120940785e-01
1.167038765983357873e+00 6.204761978385894139e+01 1.096308506574388275e-01 1.147685444742307936e-01 3.524200931078027565e-01 4.909465150103358155e-01 6.466404045769209574e-01 9.198358748621586756e-01
1.176264368876506872e+00 6.059880910425189882e+01 1.081180798271930144e-01 1.127359388692710240e-01 3.513824353447958515e-01 4.807652897136591719e-01 6.511398879490357672e-01 9.076577872086204479e-01
1.185489971769655870e+00 5.919733014426018514e+01 1.081715621823136075e-01 1.115240610471275318e-01 3.328773095479746758e-01 4.856921038252082212e-01 6.564134208971097451e-01 8.962664620006037808e-01
1.194715574662805091e+00 5.784091398546762974e+01 1.049075467422824204e-01 1.094554831065934764e-01 3.200209396112754234e-01 4.665310893810996618e-01 6.624455040368104619e-01 8.856665565780232896e-01
1.203941177555954090e+00 5.652740454460076336e+01 1.033939588224299655e-01 1.104928212218325712e-01 3.183433793018792812e-01 4.515406611201768783e-01 6.598708914649620283e-01 8.758658881275707131e-01
1.213166780449103088e+00 5.525475045537828578e+01 1.043918388747115955e-01 1.083168130659188932e-01 3.188227829906438160e-01 4.428398203342212014e-01 6.447043833124794787e-01 8.668756866339606404e-01
1.222392383342252087e+00 5.402099745141808285e+01 1.038796602576752548e-01 1.070725236858507401e-01 3.215488930241505727e-01 4.373411496915124985e-01 6.300707763802435579e-01 8.587108965914893588e-01
1.231617986235401307e+00 5.282428120604417643e+01 1.013739738955621306e-01 1.058433243820928737e-01 3.327002470152820024e-01 4.425034514310652867e-01 6.168420678148578418e-01 8.513905355401973907e-01
1.240843589128550528e+00 5.166282059051929565e+01 9.999916849339030023e-02 1.095694116398249207e-01 3.347989638665964662e-01 4.307555536016138831e-01 6.243320963030214443e-01 8.449381192045564148e-01
1.250069192021699527e+00 5.053491131850771723e+01 9.956493047008052599e-02 1.093463202444695526e-01 3.406007639442378832e-01 4.312275427060683342e-01 6.339664913257792023e-01 8.393821651107487014e-01
1.259294794914848525e+00 4.943891995189472510e+01 1.017163114700352367e-01 1.092332299900817816e-01 3.406359503020439661e-01 4.242919683174051215e-01 6.456905256146114880e-01 8.347567891434195531e-01
1.268520397807997524e+00 4.837327825210071808e+01 1.029160689535544293e-01 1.085678832194503229e-01 3.391634624533281794e-01 4.308450166111228441e-01 6.586577725236821834e-01 8.311024126931627620e-01
1.277746000701146745e+00 4.733647787267147322e+01 1.050000587705355315e-01 1.093047797534723031e-01 3.440605886119314505e-01 4.263339790008302543e-01 6.729707942731266712e-01 8.284666019994659791e-01
1.286971603594295521e+00 4.632706540451513177e+01 1.052543887185066751e-01 1.095160195766524680e-01 3.512935324513790647e-01 4.391876692896801160e-01 6.887460807833747367e-01 8.269050662033521348e-01
1.296197206487444742e+00 4.534363780667200672e+01 1.057219227152330632e-01 1.105181085877831038e-01 3.543723959664433210e-01 4.611214273071766456e-01 7.061162794971593826e-01 8.264828467327447470e-01
1.305422809380593963e+00 4.438483828578623047e+01 1.085914336708313499e-01 1.123857591271857359e-01 3.665037276777951547e-01 4.681462792255857153e-01 7.252220443318293519e-01 8.272757382585282926e-01
1.314648412273742961e+00 4.344935273081662075e+01 1.102767237462884964e-01 1.185026668101514247e-01 3.802399677525514221e-01 4.839883477698876391e-01 7.462464078018129499e-01 8.293719909458943107e-01
1.323874015166892182e+00 4.253590687237712586e+01 1.128008815168968226e-01 1.192842575401797944e-01 3.950092763700681076e-01 4.929119995248925079e-01 7.693891507386396711e-01 8.328743555349333860e-01
1.333099618060040958e+00 4.164326442823401209e+01 1.151143464294221985e-01 1.219048949273542348e-01 4.110771538752686638e-01 4.942487941009900965e-01 7.948802591557750929e-01 8.379025474229067072e-01
1.342325220953190179e+00 4.077022663286964388e+01 1.190539184725309951e-01 1.258455459208818183e-01 4.234412429464242678e-01 4.973940476485907425e-01 8.229861600796084531e-01 8.445962239373088210e-01
1.351550823846339400e+00 3.991563375290866844e+01 1.247620861731064679e-01 1.341230519209943850e-01 4.659361576002183369e-01 5.122417023329006724e-01 8.540168381469328551e-01 8.677314357402181599e-01
1.360776426739488176e+00 3.907836949806724647e+01 1.304481201740088636e-01 1.377926113864660351e-01 4.725557466423708775e-01 5.340499669156741902e-01 8.883346381080130527e-01 8.723342099959623397e-01
1.370002029632637397e+00 3.825736970712821972e+01 1.344569387704268593e-01 1.459467387087798329e-01 4.816874263035586523e-01 5.398731493638422307e-01 9.263652172851593036e-01 8.764471714695645232e-01
1.379227632525786396e+00 3.745163741369696453e+01 1.401882417702893235e-01 1.519239281396593810e-01 5.223431754061991228e-01 5.722553280499127482e-01 9.686112549681666906e-01 9.045822385392128240e-01
1.388453235418935616e+00 3.666026752988410209e+01 1.458749096223357355e-01 1.583792627555311583e-01 5.666586628943974802e-01 6.152771628373230328e-01 1.015664675012409646e+00 9.214827798077038779e-01
1.397678838312084837e+00 3.588248618107503063e+01 1.512294494866424088e-01 1.663198057275465658e-01 6.021520516027933922e-01 6.727832101461359571e-01 1.068246983745204659e+00 9.563467957415241472e-01
1.406904441205233613e+00 3.511771260919889670e+01 1.615987911532172916e-01 1.754845385747856312e-01 6.332103165575233561e-01 6.794828629337246184e-01 1.149175451722932451e+00 9.633764721840734069e-01
1.416130044098382834e+00 3.436565626912957327e+01 1.735088901589065813e-01 1.842820986319253507e-01 6.721492839764522387e-01 6.945941537231306029e-01 1.226686259501711618e+00 1.012039791144012213e+00
1.425355646991532055e+00 3.362646955446937369e+01 1.855491547260044172e-01 1.930858237113355358e-01 7.164066619608604469e-01 7.257912054353568010e-01 1.289755708607714269e+00 1.080909932058382594e+00
1.434581249884680831e+00 3.290098978342930280e+01 1.985853449004579829e-01 2.064454821577896837e-01 7.652555937823564136e-01 7.574978361364372859e-01 1.360659209114764678e+00 1.156238043780799529e+00
1.443806852777830052e+00 3.219112677548609724e+01 2.127691610703763558e-01 2.121993004526245841e-01 8.199873891432076789e-01 8.053712090159770298e-01 1.451473014257643968e+00 1.235039465376569723e+00
1.453032455670979051e+00 3.150049213236358270e+01 2.266082146889800697e-01 2.301603568201748828e-01 8.829125762731848681e-01 8.640448601822647845e-01 1.563430436359602993e+00 1.313742569679835270e+00
1.462258058564128271e+00 3.083543728628298197e+01 2.398193145473577204e-01 2.498704220733003467e-01 9.461838425149089460e-01 8.864454282877325397e-01 1.692805652088637203e+00 1.415924104025240382e+00
1.471483661457277492e+00 3.020679569535590048e+01 2.575647425967275694e-01 2.695268795435232789e-01 1.021252432050996362e+00 9.555316906792725717e-01 1.853452350577654784e+00 1.539328059229685408e+00
1.480709264350426269e+00 2.963285789051437646e+01 2.786218760923091509e-01 2.963889664790606560e-01 1.119664791566744810e+00 1.029922831015205986e+00 2.031884338834540671e+00 1.685116893585320241e+00
1.489934867243575489e+00 2.914452581784386354e+01 3.077370144989650669e-01 3.295843435259371290e-01 1.238021639120756134e+00 1.131696936103416817e+00 2.256687130331595625e+00 1.854213979314437211e+00
1.499160470136724488e+00 2.879428909676101966e+01 3.353409614113651571e-01 3.843925600287114719e-01 1.372024362667296771e+00 1.189959470136447095e+00 2.555667340993583281e+00 2.055503966492345569e+00
1.508386073029873486e+00 2.867154097288667103e+01 3.876905587893944016e-01 4.266184662560057461e-01 1.510736614783478871e+00 1.368135261743155695e+00 2.870624123817243856e+00 2.368085771190809652e+00
1.517611675923022485e+00 2.892630479198777849e+01 4.308723375146570334e-01 4.748375494893970483e-01 1.689890282594355142e+00 1.581177415602585512e+00 3.192769234717079740e+00 2.844350959914667243e+00
1.526837278816171706e+00 2.979296831758066233e+01 5.116492953360136653e-01 5.370333059006426879e-01 1.967862252584236415e+00 1.798208379322545625e+00 3.555251729200730182e+00 3.474391893732285297e+00
1.536062881709320926e+00 3.154671714272745930e+01 5.761570643429010374e-01 6.265010849784111713e-01 2.183815938672196921e+00 2.168643168791867026e+00 3.943226113225016149e+00 3.842800994669239856e+00
1.545288484602469925e+00 3.411337724333365884e+01 6.438989400837513699e-01 6.942880962551640778e-01 2.514070392873968274e+00 2.410654250676003585e+00 4.299604034730293733e+00 4.105558732560062651e+00
1.554514087495618924e+00 3.587063710165705999e+01 6.487554038699556713e-01 7.368312443559759117e-01 2.798229864196898120e+00 2.404849271009787515e+00 4.738748375925261769e+00 4.398828308763544470e+00
1.563739690388767922e+00 3.327057138163966243e+01 7.755702757827407368e-01 8.651085114863690251e-01 3.379578707750795274e+00 2.662135137070702484e+00 6.037169972118441308e+00 4.091659620903413952e+00
1.572965293281917143e+00 2.540991398312692695e+01 8.392659709238721177e-01 9.066327017253961174e-01 4.039193074210619017e+00 2.558320548822401008e+00 6.839765807071600534e+00 4.116470383470776540e+00
1.582190896175066142e+00 1.622047504984932331e+01 6.287173931247735936e-01 7.043975690492381148e-01 3.522293029717467050e+00 1.961377112414382395e+00 6.496506648252179161e+00 2.803237751831945346e+00
1.591416499068215140e+00 1.076362526736728320e+01 4.041219911123885566e-01 4.225110502505167176e-01 1.998693313093530932e+00 9.348049416495882724e-01 3.480538384314558087e+00 1.569069017923851561e+00
1.600642101961364361e+00 1.431032421026927359e+01 9.801695051913874579e-01 1.023643129087062675e+00 4.047246352722298823e+00 3.738227071997997086e+00 6.805729074547185675e+00 5.812730162880049178e+00
1.609867704854513359e+00 2.535479404640497592e+01 1.049486200875779929e+00 1.030721115668018939e+00 3.949897345896783207e+00 4.799013360107021953e+00 6.898511114830057522e+00 1.128233836686576197e+01
1.619093307747662580e+00 3.418294830865492884e+01 7.013031705849925856e-01 6.179509699123784117e-01 2.726012401216379999e+00 3.038844406571911350e+00 4.082385270467071336e+00 7.143601175555165383e+00
1.628318910640811579e+00 3.773235519197497467e+01 4.094179391486463260e-01 3.595487042895797458e-01 1.303178094775390150e+00 1.834898205296497053e+00 2.198061787356671459e+00 4.118627612494364598e+00
1.637544513533960577e+00 3.823676269515233628e+01 2.451178302168699474e-01 2.258368330887208231e-01 8.109621386013401434e-01 1.055383440349345392e+00 1.355215698557884707e+00 2.080534378892480163e+00
1.646770116427109798e+00 3.752703257683646854e+01 2.278430160834048479e-01 2.021237991629760700e-01 7.335134047347153796e-01 9.322691174722947949e-01 1.271281377763280318e+00 1.585194632254953717e+00
1.655995719320258575e+00 3.642860811735071280e+01 2.394434833009668750e-01 2.236480300470091720e-01 7.209177103974298007e-01 9.742550042872295535e-01 1.429314278918106140e+00 1.746657553429940890e+00
1.665221322213407795e+00 3.526190179199328156e+01 2.462649821585429777e-01 2.242104631703227824e-01 7.639301948025476463e-01 9.811219198207936643e-01 1.506393118637298301e+00 1.998003582195593708e+00
1.674446925106557016e+00 3.414226168735832090e+01 2.492171242671190612e-01 2.177281742086165650e-01 7.741876065943884555e-01 1.043169572782097987e+00 1.529294429147576295e+00 2.098762143489295795e+00
1.683672527999706015e+00 3.310538090266594224e+01 2.450736538894133787e-01 2.081331102278554113e-01 7.989034806728767535e-01 1.063052783827032499e+00 1.518707253122265399e+00 2.118987363504057697e+00
1.692898130892855235e+00 3.215659387671671965e+01 2.386882846538682657e-01 2.082430035395432810e-01 7.959490774845718875e-01 1.045459031150915763e+00 1.489232666952730710e+00 2.096177227407395094e+00
1.702123733786004012e+00 3.129026838222344153e+01 2.363877813735477673e-01 2.009343800106577760e-01 7.851322671240303919e-01 1.021536302434704169e+00 1.434113480913840277e+00 2.015223792973419137e+00
1.711349336679153232e+00 3.049747970289718069e+01 2.315579429474183826e-01 2.015794690442440640e-01 7.706221456894652988e-01 9.922983504980322778e-01 1.359520855591927813e+00 1.931664369349917365e+00
1.720574939572302453e+00 2.976900060780540969e+01 2.221655640557784750e-01 1.986354839595954047e-01 7.488760496917237219e-01 9.601064819993041510e-01 1.289204696718890375e+00 1.851336570196991715e+00
1.729800542465451230e+00 2.909638538212358227e+01 2.157292445517349222e-01 1.860868077754105343e-01 7.368017031686413532e-01 9.271783870635772473e-01 1.243481118912558969e+00 1.775476863456997734e+00
1.739026145358600450e+00 2.847227659679988321e+01 2.115360503685259630e-01 1.819740575978379127e-01 7.152800320312096005e-01 8.879802788246635714e-01 1.213052733392753879e+00 1.704502064902303715e+00
1.748251748251749449e+00 2.789040392585369332e+01 2.033559098920889596e-01 1.806919903823605011e-01 6.951125441917049841e-01 8.507822782896212743e-01 1.181688414353128991e+00 1.638397354030548314e+00
1.757477351144898670e+00 2.734547239409232589e+01 1.954029401746630867e-01 1.776188042542301559e-01 6.714199180293967117e-01 8.164764152613877002e-01 1.150263384713529291e+00 1.576929457703577953e+00
1.766702954038047890e+00 2.683302237651599853e+01 1.906885532630049340e-01 1.741889528607458715e-01 6.487622746681935837e-01 7.847734756465065686e-01 1.119331277581498085e+00 1.519778254420565133e+00
1.775928556931196667e+00 2.634929418293235415e+01 1.854624887945419687e-01 1.697117004456067946e-01 6.273204764552460233e-01 7.554058326488330977e-01 1.089233787217239069e+00 1.466624708642516595e+00
1.785154159824345887e+00 2.589110872359164617e+01 1.785504234965138437e-01 1.625615248066054619e-01 6.070717482333911619e-01 7.281316574389968821e-01 1.060172413947128689e+00 1.417125147371951499e+00
1.794379762717494886e+00 2.545576672939016305e+01 1.732396677444505428e-01 1.568134780655974225e-01 5.879610710409863827e-01 7.027352927879206845e-01 1.032255821460598355e+00 1.370952998558895075e+00
1.803605365610643885e+00 2.504096541272513576e+01 1.719244818055294388e-01 1.514439887902767623e-01 5.698853765204994204e-01 6.790258001180511371e-01 1.005531350296777759e+00 1.327806002759572834e+00
1.812830968503793105e+00 2.464473025143938756e+01 1.675000176746372915e-01 1.471743729672922996e-01 5.528339716092425249e-01 6.626267162786021458e-01 9.782272132640983386e-01 1.287408650281243183e+00
1.822056571396942104e+00 2.426535938885319865e+01 1.631824056779613841e-01 1.434320051969173448e-01 5.367379839762982385e-01 6.479909039355113975e-01 9.503870281546511478e-01 1.249512068309520885e+00
1.831282174290091325e+00 2.390137835179576697e+01 1.593765280368053538e-01 1.407288504332520063e-01 5.215302665398269255e-01 6.337906384979916652e-01 9.237968231489404047e-01 1.213892611592520154e+00
1.840507777183240323e+00 2.355150312276543900e+01 1.555887001094191646e-01 1.373741755342869908e-01 5.071468506598684201e-01 6.200228868131958393e-01 8.948961787848972449e-01 1.180349861663135158e+00
