4.612801446574533726e-01 1.746906374176164036e+03 2.871273335378646152e+00 2.660027987973535346e+00 7.518793288180859236e+00 9.847430811498497860e+00 1.163243720466948616e+01 1.523838332596506007e+01
4.705057475506024267e-01 1.527586534137821673e+03 2.815516531887396923e+00 2.693864768688172262e+00 7.299685590918215894e+00 9.719899641799656820e+00 1.110894652642355140e+01 1.459836955233890876e+01
4.797313504437515363e-01 1.346780485769789721e+03 2.591201947333502176e+00 2.544827046383261404e+00 6.930354024763346388e+00 8.859854897558761877e+00 1.026549955245741330e+01 1.318563389143173481e+01
4.889569533369005905e-01 1.197389976371677221e+03 2.330557544351904653e+00 2.308037594745883325e+00 6.376572968117898199e+00 7.958637478679065680e+00 9.393821886842488311e+00 1.185909609396048836e+01
4.981825562300497001e-01 1.072604233625173947e+03 2.099528368136134304e+00 2.062977997515190509e+00 5.559839488586248990e+00 7.122411184607244650e+00 8.586189625238375811e+00 1.100180921609103279e+01
5.074081591231986987e-01 9.671080278583208383e+02 1.875316738870083100e+00 1.856319844401582486e+00 5.081107388665600411e+00 6.413539742367333929e+00 7.831026794179251738e+00 1.007880809137122924e+01
5.166337620163478084e-01 8.769215307183626464e+02 1.718149657563685651e+00 1.681392363141867463e+00 4.644521474334851519e+00 5.772374171423393818e+00 7.150609922694684428e+00 9.057714481735729350e+00
5.258593649094969180e-01 7.990659541548549214e+02 1.575592890210373298e+00 1.531032756028139374e+00 4.186545495917357584e+00 5.283894197988161068e+00 6.548010560837042249e+00 8.199808146790246610e+00
5.350849678026460277e-01 7.312841818684905775e+02 1.449410758287399403e+00 1.409748101363902606e+00 3.756229642909715949e+00 4.896883609744008936e+00 6.016854663217372945e+00 7.549096470245217461e+00
5.443105706957950263e-01 6.718385952905006206e+02 1.330045116998462618e+00 1.314456177265924453e+00 3.439833953624201968e+00 4.529717613443608570e+00 5.548648587614593453e+00 6.925183176348355119e+00
5.535361735889441359e-01 6.193698273425439993e+02 1.218557843084909109e+00 1.226354836426367001e+00 3.194124278777167092e+00 4.190562229904116975e+00 5.134946139470571325e+00 6.359433697769873106e+00
5.627617764820932456e-01 5.727982926026480754e+02 1.127840609615759604e+00 1.143610304954677304e+00 2.974581823180642459e+00 3.889519836341719383e+00 4.768118642141644159e+00 5.864935375853974620e+00
5.719873793752422442e-01 5.312548336844050709e+02 1.048301242776801701e+00 1.079656123617951380e+00 2.777853037630279687e+00 3.627843031325483025e+00 4.441552529093200974e+00 5.430078560559422840e+00
5.812129822683913538e-01 4.940311394636563591e+02 9.809742835913652925e-01 9.946250224849109145e-01 2.600190146585248385e+00 3.415560054782758925e+00 4.126488823328941180e+00 5.045445267482250529e+00
5.904385851615404635e-01 4.605437124484074047e+02 9.203732697614555036e-01 9.256223571724717658e-01 2.439262947872862242e+00 3.221569778328387201e+00 3.871148016292750071e+00 4.708384238003020528e+00
5.996641880546894621e-01 4.303072506375737021e+02 8.603424147848386383e-01 8.689462065765951593e-01 2.292478730470691062e+00 3.042042091116627489e+00 3.640204635268844413e+00 4.446113938575877000e+00
6.088897909478385717e-01 4.029146740597966527e+02 8.079698923120872678e-01 8.196721308354995017e-01 2.131389090073298576e+00 2.870209915552834445e+00 3.430608201831091719e+00 4.206069208311248531e+00
6.181153938409876814e-01 3.780219166093420995e+02 7.611430207964531292e-01 7.778529705739174460e-01 1.988051163681859634e+00 2.713387009220411983e+00 3.239756167241750973e+00 3.985853976405792309e+00
6.273409967341367910e-01 3.553361890656313449e+02 7.198769397515434321e-01 7.346981159881806889e-01 1.883031390447001741e+00 2.569840667976052373e+00 3.065423935937303668e+00 3.783357432024502032e+00
6.365665996272857896e-01 3.346068084519012018e+02 6.841073951780458628e-01 6.931630526077583454e-01 1.790462432255537806e+00 2.438076589079969381e+00 2.905704692396454902e+00 3.596724475733310555e+00
6.457922025204348992e-01 3.156179513946149768e+02 6.510405680087956171e-01 6.634943251808635978e-01 1.704919392735803285e+00 2.316802898757941875e+00 2.758023810890279037e+00 3.424325700239990056e+00
6.550178054135840089e-01 2.981828687566312510e+02 6.201890839346333451e-01 6.325661644510205406e-01 1.614552099532943430e+00 2.204899492227184510e+00 2.621888035803408457e+00 3.264729132886770913e+00
6.642434083067330075e-01 2.821392235147940255e+02 5.919325892928668509e-01 6.031525935309218767e-01 1.529718914774264249e+00 2.101180109684946729e+00 2.496384382433120663e+00 3.116674674556350055e+00
6.734690111998820061e-01 2.673453016699251066e+02 5.659557788665665612e-01 5.825220652749862893e-01 1.451961875941151447e+00 2.005033855868930459e+00 2.380390579981508381e+00 2.979051495251383130e+00
6.826946140930312268e-01 2.536769086759630625e+02 5.408815499276045102e-01 5.564784946926693010e-01 1.380479959881625973e+00 1.915720525126516804e+00 2.272931265810996138e+00 2.850878309589234050e+00
6.919202169861803364e-01 2.410248092312077688e+02 5.165313019441271081e-01 5.303034923593941130e-01 1.314490135557861095e+00 1.832581388647355425e+00 2.173155424041084416e+00 2.731286300548703139e+00
7.011458198793293350e-01 2.292926014949980811e+02 4.936587384725328320e-01 5.055681240005185373e-01 1.255171535563817997e+00 1.755036303034415823e+00 2.080317728815202827e+00 2.619504401882920774e+00
7.103714227724783337e-01 2.183949414110292935e+02 4.723488002816509379e-01 4.827583034682731977e-01 1.204051936915789156e+00 1.682572710051232434e+00 1.993763056204329587e+00 2.514846641907666935e+00
7.195970256656274433e-01 2.082560512648975077e+02 4.530126435132899587e-01 4.629031775766065948e-01 1.156088233951066968e+00 1.614736367572078279e+00 1.912913574777036274e+00 2.416701268251870260e+00
7.288226285587766640e-01 1.988084605679185586e+02 4.354539140370548012e-01 4.435146368038260789e-01 1.111013842227549731e+00 1.551123516566491389e+00 1.837257941738130285e+00 2.324521400604623977e+00
7.380482314519256626e-01 1.899919380346032654e+02 4.167922892325464090e-01 4.259796494912961862e-01 1.068837733809317569e+00 1.491374241241004484e+00 1.766342224619194212e+00 2.237816989132568324e+00
7.472738343450746612e-01 1.817525816562011300e+02 4.013366693404805119e-01 4.114116660994397989e-01 1.031933122330201513e+00 1.435166822740711723e+00 1.699762242508086274e+00 2.156147886248930945e+00
7.564994372382237708e-01 1.740420402794511858e+02 3.862146229812424281e-01 3.965622913479478484e-01 9.970763584546773473e-01 1.381401760513568888e+00 1.637157079638939194e+00 2.079117867020841004e+00
7.657250401313729915e-01 1.668168451239466776e+02 3.728416740409841168e-01 3.821644291219854495e-01 9.641184842344614481e-01 1.330306552417454213e+00 1.578573595164158405e+00 2.006369458009885420e+00
7.749506430245219901e-01 1.600378336407477207e+02 3.612350305836571351e-01 3.677338687062956524e-01 9.300204182690094967e-01 1.282148332143009384e+00 1.522620410118150858e+00 1.937579455625268565e+00
7.841762459176709887e-01 1.536696512731244866e+02 3.494497090275103801e-01 3.538848996535080005e-01 8.959606314423922413e-01 1.236694856058136338e+00 1.470134117606335167e+00 1.871028552708565940e+00
7.934018488108200984e-01 1.476803192088685535e+02 3.372094980054214375e-01 3.408639432203983688e-01 8.637990666260577655e-01 1.193736906259687203e+00 1.420511914840972167e+00 1.807915293119094713e+00
8.026274517039692080e-01 1.420408582513605040e+02 3.256130753647141773e-01 3.286040007139092722e-01 8.333887776011010828e-01 1.153085551066084236e+00 1.373540913308005429e+00 1.748148658437628455e+00
8.118530545971182066e-01 1.367249605875099121e+02 3.146133047645776060e-01 3.170449138787034826e-01 8.045970413782868036e-01 1.115027427643639157e+00 1.329028199819362044e+00 1.691486827811104376e+00
8.210786574902672053e-01 1.317087025759734047e+02 3.041673396733415302e-01 3.061325310780489417e-01 7.773037017091439793e-01 1.080919798792365327e+00 1.286798598518060999e+00 1.637709992031034290e+00
8.303042603834164259e-01 1.269702927811382409e+02 2.938124676237379163e-01 2.958179911465208534e-01 7.524717198106145588e-01 1.049285252762729215e+00 1.246692723438414419e+00 1.586617954565824107e+00
8.395298632765655356e-01 1.224898503810104415e+02 2.831892731088885284e-01 2.864703084716637704e-01 7.288076810244632497e-01 1.016762732958270021e+00 1.208565278975783031e+00 1.538028035432731144e+00
8.487554661697145342e-01 1.182492098354810963e+02 2.744422210916468430e-01 2.780202762110803860e-01 7.062069862453483893e-01 9.855623381534996952e-01 1.172283572760221659e+00 1.491773234902950662e+00
8.579810690628635328e-01 1.142317483108766965e+02 2.660979329797754644e-01 2.699421517036313389e-01 6.846007412054717634e-01 9.557832504982854971e-01 1.137726210803748472e+00 1.447700620441537467e+00
8.672066719560127535e-01 1.104222328844583814e+02 2.579151899520297775e-01 2.622240653252845277e-01 6.639254715039442090e-01 9.273339903141959439e-01 1.104781949729400026e+00 1.405669906267121405e+00
8.764322748491618631e-01 1.068066849818455779e+02 2.503505386022197854e-01 2.548600065773030110e-01 6.445203698697667960e-01 9.001303353986287448e-01 1.073348684676901144e+00 1.365552199465341232e+00
8.856578777423108617e-01 1.033722598652518627e+02 2.431789874943319774e-01 2.478283144694586326e-01 6.270560637779993840e-01 8.740946216738763042e-01 1.043332554741851936e+00 1.327228890531102934e+00
8.948834806354598603e-01 1.001071392970484624e+02 2.360211791323507668e-01 2.415804488450277177e-01 6.103812831034787223e-01 8.491033678308639310e-01 1.014647150503805051e+00 1.290590669484643627e+00
9.041090835286089700e-01 9.700043576229410291e+01 2.291634158440700730e-01 2.356909153049713268e-01 5.944380989081849975e-01 8.251079326388151003e-01 9.872128104590132125e-01 1.255536651438916351e+00
9.133346864217581906e-01 9.404210685375353762e+01 2.224692904364502510e-01 2.283476256046270692e-01 5.791716450629280644e-01 8.020852904720214838e-01 9.609559950736468181e-01 1.221973597805217082e+00
9.225602893149071893e-01 9.122287860975639262e+01 2.158669447198349189e-01 2.217153148942827556e-01 5.645665363833956008e-01 7.799779832127029522e-01 9.358087287708656277e-01 1.189815221261355305e+00
9.317858922080561879e-01 8.853417675468541859e+01 2.099273920094759660e-01 2.151095141686454326e-01 5.505861074083924223e-01 7.587326397362090802e-01 9.110267281106700921e-01 1.158981564252599128e+00
9.410114951012052975e-01 8.596806492817660228e+01 2.040926892591983233e-01 2.085843655245298578e-01 5.371964348506566012e-01 7.382996143071949291e-01 8.868408526608533293e-01 1.129398442185461704e+00
9.502370979943544071e-01 8.351718910598395951e+01 1.990780550863178178e-01 2.020505845638780329e-01 5.243661034112960806e-01 7.186326611069375758e-01 8.635337672836698175e-01 1.100996943660689453e+00
9.594627008875034058e-01 8.117472751591017754e+01 1.940529510833357563e-01 1.957203386655947952e-01 5.120659957676281238e-01 6.996886406887199428e-01 8.410575674535039070e-01 1.073712981101337505e+00
9.686883037806525154e-01 7.893434543872822928e+01 1.892135684322511224e-01 1.895026304131022243e-01 5.002691039842375176e-01 6.814272546903907823e-01 8.193673976063564623e-01 1.047486885994388217e+00
9.779139066738016250e-01 7.679015435872128137e+01 1.844491531525136452e-01 1.846763481070894386e-01 4.889503599591478178e-01 6.629432863935562636e-01 7.984212040716016645e-01 1.022263043703063090e+00
9.871395095669507347e-01 7.473667499317033958e+01 1.798328058575009436e-01 1.802744764829213864e-01 4.780864828212258999e-01 6.447468611952018591e-01 7.781795098784414222e-01 9.979895634447899511e-01
9.963651124600997333e-01 7.276880378612493416e+01 1.753786896877755908e-01 1.759628279952920593e-01 4.670956962293928427e-01 6.272657301358179893e-01 7.586052091277650788e-01 9.746179795732956563e-01
1.005590715353248843e+00 7.088178250056486718e+01 1.710586467899020136e-01 1.718031466208742586e-01 4.544169130384432265e-01 6.118073332839060186e-01 7.396633788722368763e-01 9.521029807775533982e-01
1.014816318246397842e+00 6.907117058537593834e+01 1.669191814767003734e-01 1.677876120977117580e-01 4.427359198430735887e-01 5.968525214846494009e-01 7.213211066730167431e-01 9.304021642160194006e-01
1.024041921139547062e+00 6.733282003062768695e+01 1.625122152707803025e-01 1.638313743247437060e-01 4.336753385389613413e-01 5.814242625167196366e-01 7.044508174253536481e-01 9.094758119596093593e-01
1.033267524032696061e+00 6.566285245686007954e+01 1.586300864876903916e-01 1.599765550706280237e-01 4.249757203921262771e-01 5.657869796941383811e-01 6.895296169043376722e-01 8.892866874215741291e-01
1.042493126925845059e+00 6.405763821234342004e+01 1.549757145822923121e-01 1.565748819447918549e-01 4.165531685352164004e-01 5.512202823221201697e-01 6.751359962858742847e-01 8.697998497204721957e-01
1.051718729818994280e+00 6.251377727704028331e+01 1.516639071780261361e-01 1.528243048982531604e-01 4.078741599403770124e-01 5.375589282592088125e-01 6.612462817319055830e-01 8.509824841530289063e-01
1.060944332712143279e+00 6.102808179363709229e+01 1.485720694475745063e-01 1.497667016371480031e-01 3.971424266158365413e-01 5.242778101171978733e-01 6.478382290598574400e-01 8.328037471558502602e-01
1.070169935605292277e+00 5.959756006508266779e+01 1.455816577539366108e-01 1.472475308148872841e-01 3.866774965404999875e-01 5.113441373653344613e-01 6.348909202704362542e-01 8.152346243121897373e-01
1.079395538498441276e+00 5.821940187478108442e+01 1.426883065092425795e-01 1.433226175258255353e-01 3.778126540612163353e-01 4.987466023692164185e-01 6.223846680243383389e-01 7.982478001124846401e-01
1.088621141391590497e+00 5.689096500023082115e+01 1.398878918866017784e-01 1.402452136950458339e-01 3.701986250001851886e-01 4.864670143675837721e-01 6.103009271858326201e-01 7.818175383117775823e-01
1.097846744284739717e+00 5.560976280382732284e+01 1.370310319375533936e-01 1.362891022018430931e-01 3.628382438750108463e-01 4.744863266609229413e-01 5.986222126194888915e-01 7.659195718443001510e-01
1.107072347177888716e+00 5.437345279582031310e+01 1.345492616867076663e-01 1.342828430713964849e-01 3.553284809256709309e-01 4.627861487183082545e-01 5.873320224758629138e-01 7.505310013572241701e-01
1.116297950071037715e+00 5.317982607430887754e+01 1.317506933879784015e-01 1.312546628107185143e-01 3.467473239935117135e-01 4.539371982991013965e-01 5.764147662412355544e-01 7.356302015118174609e-01
1.125523552964186713e+00 5.202679755576568255e+01 1.291938396999796623e-01 1.280887520329727636e-01 3.383637287064615862e-01 4.455394421950131800e-01 5.658556968528642983e-01 7.208712715806626647e-01
1.134749155857335934e+00 5.091239691706855552e+01 1.264630653039091612e-01 1.245899881515555307e-01 3.301277504791002571e-01 4.360348481414675348e-01 5.556408461905562035e-01 7.060493629362980528e-01
1.143974758750484932e+00 4.983476017640752076e+01 1.238358525013936173e-01 1.217350239670338397e-01 3.223658993076838897e-01 4.246128371170811988e-01 5.457569632553571637e-01 6.916117921457214379e-01
1.153200361643633931e+00 4.879212184588902801e+01 1.205859574781200649e-01 1.185172311627127328e-01 3.141359659438762719e-01 4.115641239776905991e-01 5.361914543229957530e-01 6.775382963085263555e-01
1.162425964536783152e+00 4.778280759314361603e+01 1.181761103245477784e-01 1.165908799526249595e-01 3.073573499699620015e-01 4.004049427647800030e-01 5.269323243254007139e-01 6.638091561803918239e-01
1.171651567429932372e+00 4.680522735283638980e+01 1.160233549203084635e-01 1.143804969722310716e-01 3.001470554291856274e-01 3.926981357372980597e-01 5.179681186512112845e-01 6.504050970908039631e-01
1.180877170323081371e+00 4.585786883167199335e+01 1.135653812316661515e-01 1.123834427816774451e-01 2.916861228468405898e-01 3.851932293157744880e-01 5.092878644722134140e-01 6.373071866231825311e-01
1.190102773216230370e+00 4.493929135222524707e+01 1.113337026110201577e-01 1.093923679644319691e-01 2.840458735233113430e-01 3.779451268179769841e-01 5.008810105860774797e-01 6.244967274040149618e-01
1.199328376109379368e+00 4.404811998166911025e+01 1.092341448202134302e-01 1.073844037681865871e-01 2.784167268132051731e-01 3.709764164541979881e-01 4.927373646091552928e-01 6.119551430933327651e-01
1.208553979002528589e+00 4.318303989113727681e+01 1.070367098015339025e-01 1.050655839127330182e-01 2.737265835195898944e-01 3.640375983872488064e-01 4.848470261506108159e-01 5.996638553396067550e-01
1.217779581895677588e+00 4.234279088982091110e+01 1.048216258069842866e-01 1.022518474767650787e-01 2.692893929229782657e-01 3.572625647974092544e-01 4.772003143346594811e-01 5.876041490448713489e-01
1.227005184788826586e+00 4.152616207481561617e+01 1.024354483433072005e-01 1.004533927100297319e-01 2.650324441590541369e-01 3.506423936924178975e-01 4.697876876943638536e-01 5.757570227523416406e-01
1.236230787681975807e+00 4.073198653283372295e+01 1.007631297950979388e-01 9.916197253735248296e-02 2.608355302660640973e-01 3.426587673910859166e-01 4.625996540206003260e-01 5.641030202895365164e-01
1.245456390575124805e+00 3.995913602280307941e+01 9.910822403674046654e-02 9.571327573694077273e-02 2.567807001567601333e-01 3.346437179814003571e-01 4.556266671794304557e-01 5.543732829597871614e-01
1.254681993468273804e+00 3.920651555842807312e+01 9.730995610561166131e-02 9.381462195665335457e-02 2.527743416891610195e-01 3.266370528381941085e-01 4.488590071742919463e-01 5.460160913546800998e-01
1.263907596361422803e+00 3.847305779628667466e+01 9.558740239755536550e-02 9.264343839935662572e-02 2.466922941408853376e-01 3.195911974099274744e-01 4.422866387767996343e-01 5.378792552067892530e-01
1.273133199254572023e+00 3.775771711676047460e+01 9.347715084979313360e-02 9.057607719064009189e-02 2.453160347450733525e-01 3.119520340685895121e-01 4.358990428066178424e-01 5.299472743343969228e-01
1.282358802147721244e+00 3.705946326060801255e+01 9.221769281494829329e-02 8.732725505356597751e-02 2.418225589549223287e-01 3.088399984384082586e-01 4.296850125262920983e-01 5.218227652264673111e-01
1.291584405040870243e+00 3.637727435109457730e+01 9.056123930880488615e-02 8.562528904217003856e-02 2.362465411583301034e-01 3.059010391204921575e-01 4.236324054928601868e-01 5.105499740728944857e-01
1.300810007934019241e+00 3.571012908731477609e+01 8.852832403323418475e-02 8.480289650965033843e-02 2.299566286889458411e-01 3.023382416173987508e-01 4.177278384199283323e-01 4.993929012721665117e-01
1.310035610827168240e+00 3.505699783443810702e+01 8.673441522505953571e-02 8.332110929000435817e-02 2.236440240781902844e-01 2.969523963543565515e-01 4.119563089170839021e-01 4.883124815071582248e-01
1.319261213720317460e+00 3.441683225495047793e+01 8.403300512956235480e-02 8.053204402606439771e-02 2.173259988603817305e-01 2.913497634765960242e-01 4.063007230774786649e-01 4.772998361393661071e-01
1.328486816613466459e+00 3.378855301277246781e+01 8.118134873262761175e-02 7.892186702571279966e-02 2.118893861833797132e-01 2.847094389614497345e-01 4.007413013639506971e-01 4.663278248254982827e-01
1.337712419506615458e+00 3.317103492640652007e+01 8.038825837606111691e-02 7.786937058772736009e-02 2.055451815325142206e-01 2.775641499444319038e-01 3.952548265178847942e-01 4.553665700835907160e-01
1.346938022399764678e+00 3.256308872883633398e+01 7.930832726471237493e-02 7.777588076253039162e-02 2.021312181516989881e-01 2.657035645486729436e-01 3.898136855104610277e-01 4.443730068295366209e-01
1.356163625292913677e+00 3.196343828175591995e+01 7.734722961795625906e-02 7.766647786020186572e-02 2.008728749665209534e-01 2.582971124341995051e-01 3.843846418318861424e-01 4.319530020547546201e-01
1.365389228186062898e+00 3.137069164570047164e+01 7.589490284320987712e-02 7.809349757647154888e-02 1.997584281407895901e-01 2.578689049065872041e-01 3.789272532975509478e-01 4.244242670687654595e-01
1.374614831079211896e+00 3.078330375715284362e+01 7.521334850298089236e-02 7.734024079995194256e-02 1.971082848176664015e-01 2.543243088979281197e-01 3.733506027649653447e-01 4.173510653368310841e-01
1.383840433972360895e+00 3.019952750064578240e+01 7.423680522463627085e-02 7.535478791061223092e-02 1.952368340732455465e-01 2.518394390100446856e-01 3.676797585512439070e-01 4.103461022839098860e-01
1.393066036865510116e+00 2.961734851487213405e+01 7.223128099023057302e-02 7.490103935834824256e-02 2.009483622312941975e-01 2.464723274488811455e-01 3.618147595739884537e-01 4.033679930095175337e-01
1.402291639758658892e+00 2.903439685376397961e+01 6.916563860207602943e-02 7.293875010248029866e-02 1.999836226550222307e-01 2.392965790484815614e-01 3.584965607580059554e-01 3.963684539605729640e-01
1.411517242651808113e+00 2.844782516513474491e+01 6.739893131257446157e-02 6.988401064723959166e-02 1.987128046099435608e-01 2.382083803263945754e-01 3.694229098941974598e-01 3.893236103620836275e-01
1.420742845544957333e+00 2.785413755080331910e+01 6.754634598194186879e-02 6.996006041593716418e-02 2.026347021923662339e-01 2.401289204763514817e-01 3.807977948446250593e-01 3.936996877447889176e-01
1.429968448438106332e+00 2.724894434696749457e+01 6.811274770364761366e-02 6.984138491012004124e-02 1.997895090928807349e-01 2.446173787142349454e-01 3.733579620331219928e-01 3.929228736744363459e-01
1.439194051331255553e+00 2.662660326077975270e+01 6.785461476171761319e-02 6.977640671517093551e-02 2.044720953399874475e-01 2.432369920584278589e-01 3.619162965321578440e-01 3.791923889606749754e-01
1.448419654224404329e+00 2.597968219832754144e+01 6.890173827518353278e-02 7.269560857163881451e-02 2.015041828419938952e-01 2.545317256229751024e-01 3.498445118614128546e-01 3.943788947913304810e-01
1.457645257117553550e+00 2.529813561342465889e+01 6.925779424011935248e-02 7.340123907127349412e-02 2.167301021075509482e-01 2.568473349043145504e-01 3.398715822780005169e-01 3.947080475491908658e-01
1.466870860010702771e+00 2.456800926712127620e+01 7.340956201793247260e-02 7.530679690068708965e-02 2.280026353140982565e-01 2.668132705565824381e-01 3.732154911617620030e-01 4.018090227045973961e-01
1.476096462903851547e+00 2.376935015513151939e+01 7.888135879163371555e-02 8.019707836659506484e-02 2.480832623108426560e-01 2.676092720620744103e-01 3.973259118088527941e-01 4.292850126821292633e-01
1.485322065797000768e+00 2.287274968667510322e+01 8.532176634472321552e-02 8.606189035822708888e-02 2.667934425951798971e-01 2.775734873623747490e-01 4.180562608455531404e-01 4.626343177147731467e-01
1.494547668690149766e+00 2.183351291571944230e+01 9.326561928693166692e-02 9.634208151232925843e-02 2.877043866539885641e-01 3.133614149997541176e-01 5.177383838447902065e-01 5.225910209971047493e-01
1.503773271583298987e+00 2.058177033795450228e+01 1.051720713996857626e-01 1.101048736437810760e-01 3.202600108234356924e-01 3.457753336681363976e-01 6.127078127818670339e-01 5.793208397153541966e-01
1.512998874476448208e+00 1.900626961381944469e+01 1.215688367109741819e-01 1.288050073818460817e-01 3.831034816538441135e-01 3.866190791164534346e-01 7.296061320075715173e-01 7.085446485508732906e-01
1.522224477369596984e+00 1.693182253902156731e+01 1.485060294640554446e-01 1.565475316486590884e-01 4.736988827297601290e-01 4.812466392307612750e-01 8.775615680343342717e-01 9.122311304133283727e-01
1.531450080262746205e+00 1.410952724620890208e+01 1.863170856660918417e-01 1.975173364474400728e-01 5.983473914321635334e-01 5.898603504022545962e-01 1.074620993514772138e+00 1.117967253011785900e+00
1.540675683155895204e+00 1.032897484477101635e+01 2.255789871997286866e-01 2.362118489751168227e-01 7.539427462862793305e-01 6.685465392775657989e-01 1.246157869517714900e+00 1.235334243050786540e+00
1.549901286049044202e+00 5.993909115286156108e+00 2.478777784298831222e-01 2.497626455589294636e-01 7.821981225437051322e-01 7.695991313110077670e-01 1.383534206345927053e+00 1.131360714179469262e+00
1.559126888942193201e+00 3.167087599819239152e+00 2.312949989102688342e-01 2.220287706041563780e-01 7.903777228791994958e-01 6.772328448170252813e-01 1.157967689410021705e+00 1.005835287691018376e+00
1.568352491835342422e+00 4.320575941077707149e+00 2.157359071908251380e-01 2.223354448533889638e-01 7.074628845720845050e-01 7.123505914843804021e-01 1.235495672193199113e+00 1.062598899403787822e+00
1.577578094728491642e+00 8.896237452792892242e+00 2.446082658535519982e-01 2.303831009690142650e-01 7.763901611316210705e-01 8.189625919246878993e-01 1.282980707558266431e+00 1.192339340972042194e+00
1.586803697621640641e+00 1.557933865240336679e+01 3.423000527823560901e-01 3.992727838464720236e-01 1.200194023545664734e+00 1.177503464776789244e+00 1.732410112982593731e+00 1.801313081082465573e+00
1.596029300514789639e+00 2.451507774605650880e+01 4.651189787143295007e-01 5.299341740910499254e-01 1.504964451206038945e+00 1.611201425859540848e+00 2.308425412083760619e+00 2.403801594500958316e+00
1.605254903407938860e+00 3.321194542037468977e+01 3.807228709805698941e-01 3.686380878056354504e-01 8.804803145933846054e-01 1.347892949643632932e+00 1.440757394162929472e+00 2.098377546427020235e+00
1.614480506301087859e+00 3.678221022526830808e+01 2.391351616078054576e-01 2.469519385840897030e-01 4.838789121801880810e-01 7.393417662209458285e-01 7.512137033764787475e-01 1.306586124785745540e+00
1.623706109194236857e+00 3.597165794221412938e+01 2.406927685255979554e-01 2.540625977579296091e-01 5.619857876694069887e-01 7.714165547850768689e-01 8.831335583789723387e-01 1.251552572080953496e+00
1.632931712087385856e+00 3.387347611733642339e+01 2.646872852949755384e-01 2.754656124322139021e-01 6.583853991859669463e-01 8.649552380982612476e-01 9.980730563693072099e-01 1.517392447379222631e+00
1.642157314980535077e+00 3.185063895013360025e+01 2.600203252145334432e-01 2.589200601259165069e-01 7.104165049065542803e-01 8.715671145555603516e-01 9.999035322107943102e-01 1.448144984382704337e+00
1.651382917873684297e+00 3.018030965214083849e+01 2.423406164924450934e-01 2.430201685311459414e-01 7.287691587203042332e-01 8.212753480404728634e-01 9.474065285750121745e-01 1.360225519890327917e+00
1.660608520766833296e+00 2.883601645795738833e+01 2.188991680300560461e-01 2.267539553301567423e-01 6.825532795473527869e-01 7.489014336896531177e-01 9.089581999254292555e-01 1.232414567384420678e+00
1.669834123659982295e+00 2.774301075049807608e+01 1.940246311883342401e-01 2.066520303733661024e-01 6.142435137438368997e-01 7.027208364053265655e-01 8.611176229017800665e-01 1.122282965296808044e+00
1.679059726553131293e+00 2.683622781496790566e+01 1.764712123084954953e-01 1.956493523315145922e-01 5.623875042993873308e-01 6.342953140180931371e-01 8.112756852781686234e-01 1.029826500309248161e+00
1.688285329446280514e+00 2.606758531504447518e+01 1.623790286587833975e-01 1.839703302523574280e-01 5.124355356924930049e-01 5.762470136622788175e-01 7.639273854836190480e-01 9.524691167876362385e-01
1.697510932339429290e+00 2.540291206654146805e+01 1.510443428195777926e-01 1.722403167631689769e-01 4.788487064823705452e-01 5.289899558229684828e-01 7.206172974449849278e-01 8.874009619297140716e-01
1.706736535232578511e+00 2.481797610555980782e+01 1.420209659620041975e-01 1.578178635905729266e-01 4.478828840678907852e-01 4.988441526792257719e-01 6.816283468664003919e-01 8.259075694894804087e-01
1.715962138125727732e+00 2.429540171446228314e+01 1.341232068690203505e-01 1.507393851739102786e-01 4.198297013446499193e-01 4.649882362209432074e-01 6.467330717180068689e-01 7.713233507157042368e-01
1.725187741018876730e+00 2.382252923667502031e+01 1.262744414117946690e-01 1.425741321078533019e-01 3.946094377579569823e-01 4.423021239035165308e-01 6.155251317683543277e-01 7.166942189716678513e-01
1.734413343912025951e+00 2.338997388205144645e+01 1.217182883662282222e-01 1.339012789372340251e-01 3.719937315543191403e-01 4.239642669672250008e-01 5.875628984865564064e-01 6.648736206594350051e-01
1.743638946805174728e+00 2.299065782705328331e+01 1.170142519248464907e-01 1.292012973576923685e-01 3.517012817859033191e-01 4.114193573114377500e-01 5.624284877903846791e-01 6.200300348817826546e-01
1.752864549698323948e+00 2.261915460912405962e+01 1.123040614025221373e-01 1.250623074299852533e-01 3.339952158861336784e-01 3.921006749743973785e-01 5.397488027030838964e-01 5.929395209643324449e-01
1.762090152591473169e+00 2.227123913897582597e+01 1.079019916457397699e-01 1.200079916954237547e-01 3.170508881842586391e-01 3.774824777221859051e-01 5.191998241464155228e-01 5.704512670958692411e-01
1.771315755484621945e+00 2.194357416835071461e+01 1.043409949398643732e-01 1.147007356704214942e-01 3.007976790063473516e-01 3.592543048140193207e-01 5.005039081733571038e-01 5.502211417920293002e-01
1.780541358377771166e+00 2.163348843928601895e+01 1.006844200929535305e-01 1.110198291694466377e-01 2.853994467151252934e-01 3.466592754526089948e-01 4.834245594556598746e-01 5.319186464636338485e-01
1.789766961270920165e+00 2.133881731163547357e+01 9.718206696356190832e-02 1.071574565065560591e-01 2.715076583980966518e-01 3.362076628507111309e-01 4.677606842913100138e-01 5.152733834223326426e-01
1.798992564164069385e+00 2.105778659880182246e+01 9.425362182480512274e-02 1.031106381281787776e-01 2.592340087892601730e-01 3.284269768431151704e-01 4.525760920574910529e-01 5.000624550851355821e-01
1.808218167057218606e+00 2.078892672418030330e+01 9.061176780243229700e-02 1.004311886232684969e-01 2.527656920066583268e-01 3.172776885896269050e-01 4.376743127634519226e-01 4.852571655698625364e-01
1.817443769950367383e+00 2.053100845736340219e+01 8.868518229702004874e-02 9.875223490745455024e-02 2.430432168882710187e-01 3.080285026194324871e-01 4.276883467544969619e-01 4.699990416924357817e-01
1.826669372843516603e+00 2.028299421766502064e+01 8.692224081525523616e-02 9.682247049545367190e-02 2.361272989231402164e-01 3.007795680747236133e-01 4.162210050562009656e-01 4.559991355690691250e-01
1.835894975736665824e+00 2.004400075225238353e+01 8.512491892534157500e-02 9.407013654532647706e-02 2.278933340188586953e-01 2.939454570751820484e-01 4.055262103351005010e-01 4.431091764121362075e-01
