9.225602893149067790e-04 1.024943443288665109e-04 4.517632938680577002e-06 4.440855595320739274e-06 1.002249905203607145e-05 9.296349728950728639e-06 1.300078623701923363e-05 1.340377462813055422e-05
1.014816318246397446e-02 1.055279068404725139e-04 4.633884434060691476e-06 4.539201753673655039e-06 1.023484824441517566e-05 9.548376665751334615e-06 1.346072498654667712e-05 1.379639433374760932e-05
1.937376607561304073e-02 1.084539278532861196e-04 4.696596218635074494e-06 4.691134730264311819e-06 1.047956114303414451e-05 9.827620741167166505e-06 1.386308861623696052e-05 1.412858965478849501e-05
2.859936896876210874e-02 1.114737452087107472e-04 4.814547129796626431e-06 4.831237010059332760e-06 1.076103189407738646e-05 1.003438907843484087e-05 1.426575340697118217e-05 1.445588180113465738e-05
3.782497186191117328e-02 1.146324401477752110e-04 4.970232423429191441e-06 4.933093062588480237e-06 1.106104081902968301e-05 1.022798094255435327e-05 1.467973033179567675e-05 1.478840138238022195e-05
4.705057475506025516e-02 1.179587344908166217e-04 5.129244021514947193e-06 5.092255625878793087e-06 1.136019377222626447e-05 1.049512427272401545e-05 1.511062310403268167e-05 1.513107148785036292e-05
5.627617764820931623e-02 1.214734480578251972e-04 5.290269821516826142e-06 5.205212300875272907e-06 1.173369579205631326e-05 1.076381868452420390e-05 1.556200523525591139e-05 1.552639248556401453e-05
6.550178054135838424e-02 1.252120016475840941e-04 5.462382882306097325e-06 5.405522129940906512e-06 1.206002432027904300e-05 1.110639380708970604e-05 1.603929536478276223e-05 1.597479946864455830e-05
7.472738343450743836e-02 1.291818365243607085e-04 5.622923234903560736e-06 5.570602218670699188e-06 1.237905417590158281e-05 1.144072615660440969e-05 1.654321833259264044e-05 1.644789773554116558e-05
8.395298632765652025e-02 1.334216720558320144e-04 5.826942378220768392e-06 5.768552738484692159e-06 1.275813915013382762e-05 1.179882235712027794e-05 1.707915789050069920e-05 1.695028889883457512e-05
9.317858922080557438e-02 1.379556750523383991e-04 6.037583041882592459e-06 5.932099337042196592e-06 1.316065580660096229e-05 1.218274074485836862e-05 1.765003951730177972e-05 1.748430393236957139e-05
1.024041921139546424e-01 1.428184796819646004e-04 6.262287668314992818e-06 6.118704489895888162e-06 1.358927516289612524e-05 1.259535919775217356e-05 1.826022943340039717e-05 1.805394688805499605e-05
1.116297950071036965e-01 1.480533500680025131e-04 6.500418376584999290e-06 6.357623516156207365e-06 1.404612760715727026e-05 1.304022601981950241e-05 1.891522845965431577e-05 1.866424598972595363e-05
1.208553979002527506e-01 1.537028696563337083e-04 6.753160028113395098e-06 6.583225042252141297e-06 1.453383952404788647e-05 1.351723643596274027e-05 1.962021249994630131e-05 1.929719272225090656e-05
1.300810007934018186e-01 1.598096469100851935e-04 7.016166442460930637e-06 6.873455190486581256e-06 1.511887187469288527e-05 1.396202569820629842e-05 2.038010218310834726e-05 2.000096583975132826e-05
1.393066036865509005e-01 1.664481353420176524e-04 7.284894177001221280e-06 7.201889205174499950e-06 1.562823931799533226e-05 1.443505443635554925e-05 2.120446631074043723e-05 2.079036167158360105e-05
1.485322065796999824e-01 1.736850226894509055e-04 7.581490986096364694e-06 7.486811278789443688e-06 1.624557737376781919e-05 1.504916923028378254e-05 2.210131477908491588e-05 2.162023936093225183e-05
1.577578094728490643e-01 1.815682987191472443e-04 7.946635394882997682e-06 7.801769208879224963e-06 1.694092196122617836e-05 1.571624743418919613e-05 2.307533610170146138e-05 2.252025135280596784e-05
1.669834123659981462e-01 1.902346417614827773e-04 8.288807451211239194e-06 8.180614962712906904e-06 1.770901337732637610e-05 1.644672549480359451e-05 2.421845931607565666e-05 2.350568955087218442e-05
1.762090152591472003e-01 1.997728166068842427e-04 8.650794810858398283e-06 8.534908428362708707e-06 1.855061386537714026e-05 1.724597947515751754e-05 2.565648760778765631e-05 2.458572808998146265e-05
1.854346181522962822e-01 2.103227580053795300e-04 9.109192039668357688e-06 8.903081578440962202e-06 1.947882999898126600e-05 1.803801176620661298e-05 2.725940106744240447e-05 2.612602249952938015e-05
1.946602210454453641e-01 2.220407731429269670e-04 9.583619604335388191e-06 9.490424374977913429e-06 2.050805901555259104e-05 1.908333186025616040e-05 2.905374385508995884e-05 2.789100586363937526e-05
2.038858239385944460e-01 2.351126517488144716e-04 1.015019388859897224e-05 1.001850409434895694e-05 2.167167072447142261e-05 1.999529182121855789e-05 3.107214317819747803e-05 2.955723263479544875e-05
2.131114268317435001e-01 2.497772998214027487e-04 1.088689700946870098e-05 1.049938036735758792e-05 2.303056332767433123e-05 2.120702200805279873e-05 3.285179297173902724e-05 3.142806854141398393e-05
2.223370297248925820e-01 2.663113092434925538e-04 1.162039319675542892e-05 1.121172124047680472e-05 2.438389245432506791e-05 2.276008664464561977e-05 3.517633673284206643e-05 3.353825142559472964e-05
2.315626326180416361e-01 2.850679523471286885e-04 1.248723826998191476e-05 1.199582284358910586e-05 2.629826676130332533e-05 2.430324222156343217e-05 3.800416194094270858e-05 3.593427655544331224e-05
2.407882355111907180e-01 3.064813045342083928e-04 1.339694641317194443e-05 1.283078925982435040e-05 2.828480718905686253e-05 2.595664922899141571e-05 4.124752492514865672e-05 3.867203700601035566e-05
2.500138384043397721e-01 3.310998329323195885e-04 1.448647851193203334e-05 1.379169491927845648e-05 3.053814117533740951e-05 2.804007365135141160e-05 4.499655297786803220e-05 4.182215115813050750e-05
2.592394412974888818e-01 3.596184721109108289e-04 1.566883149580660176e-05 1.483925175546169052e-05 3.281012987063630518e-05 3.055244256013696282e-05 4.936765704387691047e-05 4.547418655695347096e-05
2.684650441906379359e-01 3.929672377558344229e-04 1.706491209763679601e-05 1.625286979388439797e-05 3.576486875514153395e-05 3.323654545839830254e-05 5.412279374684525034e-05 4.974704199380285434e-05
2.776906470837869900e-01 4.323020395594910138e-04 1.865719039970738799e-05 1.789528234444098982e-05 3.974154521209192917e-05 3.666922097386249649e-05 6.030166964548225794e-05 5.479029977865007344e-05
2.869162499769360997e-01 4.792046928078503697e-04 2.061258805256826771e-05 1.977132416811501047e-05 4.399559673427051905e-05 4.124655360444238984e-05 6.783150488348925911e-05 6.080728023749452146e-05
2.961418528700851538e-01 5.358161469431276360e-04 2.294721517482765840e-05 2.206496438145535977e-05 4.910517368196022376e-05 4.587028984490300852e-05 7.698592247711412775e-05 6.807314158731943461e-05
3.053674557632342079e-01 6.050740869028279657e-04 2.577941514402622321e-05 2.476410394795173619e-05 5.531712219919969215e-05 5.103841897398343156e-05 8.811331786495453337e-05 7.696589811368543740e-05
3.145930586563833176e-01 6.911512542582462764e-04 2.957299859432773251e-05 2.810466809114191191e-05 6.300747445881296500e-05 5.818521272039456176e-05 1.021364869153233408e-04 8.802166007180730126e-05
3.238186615495323717e-01 8.000811058063763683e-04 3.409874600162157189e-05 3.275969396624486395e-05 7.270436594912477700e-05 6.728947979470515858e-05 1.197495531554416395e-04 1.020156517321615160e-04
3.330442644426814813e-01 9.408839537693831304e-04 4.019396729298269078e-05 3.844836955920838493e-05 8.519540046508637145e-05 7.908113549921790865e-05 1.413388003524392381e-04 1.201056697369747711e-04
3.422698673358305355e-01 1.127407005759992068e-03 4.884692808191553118e-05 4.626486110264563939e-05 1.020795136485175281e-04 9.468768948870222649e-05 1.700134395503445812e-04 1.440701594561360609e-04
3.514954702289795896e-01 1.381981143976897036e-03 5.945439338209449441e-05 5.692608142721512603e-05 1.268544684977078885e-04 1.162382122134851276e-04 2.092513184091702658e-04 1.767719132597714553e-04
3.607210731221286992e-01 1.742163086406392372e-03 7.457449858039072628e-05 7.215413360807279401e-05 1.592014065457457266e-04 1.466240502156516620e-04 2.648930854519000993e-04 2.228540521603498015e-04
3.699466760152777534e-01 2.274258916785895819e-03 9.697394386022411758e-05 9.593073288968008080e-05 2.088708168612595124e-04 1.971041943014989646e-04 3.472322420222779225e-04 2.913137107681427682e-04
3.791722789084268630e-01 3.102947274432327988e-03 1.340923851887295890e-04 1.308556945381509837e-04 2.891699554372021558e-04 2.721741142709247809e-04 4.917685436344227008e-04 3.976145018548789614e-04
3.883978818015759171e-01 4.476877151230588582e-03 1.939091965341352419e-04 1.894223636252113929e-04 4.173368745708522926e-04 3.915868225961658539e-04 7.581455138951581976e-04 5.737897522530787352e-04
3.976234846947249713e-01 6.908114156826228140e-03 3.014367440530522219e-04 3.011214831598000435e-04 6.983954707198139142e-04 6.184677077648546850e-04 1.167309244539443437e-03 8.935162128367053064e-04
4.068490875878740809e-01 1.132250407138596718e-02 5.088624740730088303e-04 5.231042415818568797e-04 1.215619848538834064e-03 1.042639650731423326e-03 2.012115949666746367e-03 1.462448342326090958e-03
4.160746904810231350e-01 1.784190615780947495e-02 8.045311795450878212e-04 8.271075763943910863e-04 2.082957383729201056e-03 1.556262130497056834e-03 3.266976264046404094e-03 2.323283157589058762e-03
4.253002933741722447e-01 1.998338274562253339e-02 8.650857940635352239e-04 9.038729083782684470e-04 2.189325452224610835e-03 1.805532307367380129e-03 3.306482904598510159e-03 2.566572231418748351e-03
4.345258962673212988e-01 1.379092467114937347e-02 5.878650363941480272e-04 6.249962396905565237e-04 1.467784623277157072e-03 1.238903243380216554e-03 2.558136616677886624e-03 1.760572225292959814e-03
4.437514991604703529e-01 7.948434099512376519e-03 3.377254393550424560e-04 3.444605031439462034e-04 8.331082991178805769e-04 7.083397162944739256e-04 1.422163326406659239e-03 9.919263296958207368e-04
4.529771020536194626e-01 4.707278071923988970e-03 2.007847401016126659e-04 2.060647467772257213e-04 4.597549209841515078e-04 4.158373507199587815e-04 7.067838065693120980e-04 5.782279676916522379e-04
4.622027049467684612e-01 2.985187033769138350e-03 1.273919278688140366e-04 1.342760679440046026e-04 2.949194343576161045e-04 2.724075246007800349e-04 4.332491298766607754e-04 3.610461767986901209e-04
4.714283078399175708e-01 2.015311978860488858e-03 8.497298252544858641e-05 8.976250777900630050e-05 1.971429674020980759e-04 1.816772644976656203e-04 3.014445775769212903e-04 2.466823474697879895e-04
4.806539107330666249e-01 1.430694318107828857e-03 6.046493023952395629e-05 6.319712353255188889e-05 1.388607446976032611e-04 1.278531905121980689e-04 2.229925084876588619e-04 1.751298745605418209e-04
4.898795136262157346e-01 1.056817932482801304e-03 4.430104906772390494e-05 4.691481146544746773e-05 1.014373010604628124e-04 9.346629066547167478e-05 1.703254050307702414e-04 1.295787677926422748e-04
4.991051165193647332e-01 8.056496145199954070e-04 3.390918896304783575e-05 3.573283100368742846e-05 7.951826512032488404e-05 7.068010248513804591e-05 1.336144597035279552e-04 9.908656813536348158e-05
5.083307194125139539e-01 6.300413688338268913e-04 2.631901015692306254e-05 2.776413724430110228e-05 6.196386047692382069e-05 5.504023375120991809e-05 1.045795629053619061e-04 7.781506567087050161e-05
5.175563223056629525e-01 5.031385022788222462e-04 2.153005216598221933e-05 2.224613819032448918e-05 4.934173061821962511e-05 4.428820503614742336e-05 8.179115263786296448e-05 6.362391334460817992e-05
5.267819251988120621e-01 4.088715958749691544e-04 1.764721425042553582e-05 1.818070985312952945e-05 4.061758296275359880e-05 3.630654140152094660e-05 6.840487849081074026e-05 5.276654824859733448e-05
5.360075280919610607e-01 3.372016930423781238e-04 1.457398398281589290e-05 1.492018875636782170e-05 3.388258068440160335e-05 3.016659109113305291e-05 5.786139330861720873e-05 4.379178658554057271e-05
5.452331309851101704e-01 2.816202124221380975e-04 1.211215650376534607e-05 1.244209439350851300e-05 2.816487494672461961e-05 2.529588997821817726e-05 4.943124798325009960e-05 3.680636543140720701e-05
5.544587338782591690e-01 2.377926217290207136e-04 1.009724137218854807e-05 1.048654407506590530e-05 2.384318804078721429e-05 2.192245557765173242e-05 4.259882278368913632e-05 3.128405164102890357e-05
5.636843367714083897e-01 2.027144522185150193e-04 8.595503324801238854e-06 8.950504365901664622e-06 2.026152942506014888e-05 1.897184953048009328e-05 3.666664895799680128e-05 2.694051736837072952e-05
5.729099396645573883e-01 1.742677587920015933e-04 7.399232541933844099e-06 7.659393117144010221e-06 1.736435989202879480e-05 1.656710336792778927e-05 3.181522412892947909e-05 2.344615449397047875e-05
5.821355425577064979e-01 1.509610815952120799e-04 6.523498873495958044e-06 6.761881895666694208e-06 1.528592679645712489e-05 1.464189925069872339e-05 2.782902010409953140e-05 2.059965570974336252e-05
5.913611454508554965e-01 1.316405866209536429e-04 5.718445480747304114e-06 5.925546830656027971e-06 1.335412910547089673e-05 1.301178270890773899e-05 2.451279628379047690e-05 1.824614288410541390e-05
6.005867483440046062e-01 1.155026611985931302e-04 5.050142415053370231e-06 5.244530470570972339e-06 1.171589287449713562e-05 1.172206974819510125e-05 2.173000600746340387e-05 1.626725400827865617e-05
6.098123512371537158e-01 1.018979561321655650e-04 4.497002797770269927e-06 4.690384153856685338e-06 1.036218493498450158e-05 1.042238579987490562e-05 1.937163451339514203e-05 1.458754661584103838e-05
6.190379541303028255e-01 9.035624848402022539e-05 4.039934061178575568e-06 4.150112019817703540e-06 9.249132299706392920e-06 9.533132059977392778e-06 1.735861361333274446e-05 1.315391753379892606e-05
6.282635570234518241e-01 8.050233272723207416e-05 3.656051840710523664e-06 3.729086646054620554e-06 8.337940107033911964e-06 8.638254503358052446e-06 1.562817762310152322e-05 1.192306833113258250e-05
6.374891599166009337e-01 7.202836374938367738e-05 3.273906185776489499e-06 3.365178805710830547e-06 7.448262913492125241e-06 7.801203250562338066e-06 1.412909408262902984e-05 1.085819979159426249e-05
6.467147628097499323e-01 6.471029584987062530e-05 2.949633143628361382e-06 3.050722178965560864e-06 6.811107619676258929e-06 6.994716299658064202e-06 1.282396905025037163e-05 9.933837483380768621e-06
6.559403657028991530e-01 5.835680979619151034e-05 2.713674578251303515e-06 2.753604035810938027e-06 6.219421811174316562e-06 6.383370851905041980e-06 1.168093177199308217e-05 9.136747302659270281e-06
6.651659685960481516e-01 5.281021790269282848e-05 2.485060292589145819e-06 2.524447075065361834e-06 5.770735300562286954e-06 5.841450832081838040e-06 1.067382535142098081e-05 8.525763445824249484e-06
6.743915714891972613e-01 4.795541074292085376e-05 2.287555775150748258e-06 2.341673438175785973e-06 5.358284367315609294e-06 5.519863216121784547e-06 9.707645302406853888e-06 7.981167794234178970e-06
6.836171743823462599e-01 4.368711156303974811e-05 2.135096325832095744e-06 2.140287516565870206e-06 4.956692085341873823e-06 5.170791350820436822e-06 8.825403564134114154e-06 7.493522451432360913e-06
6.928427772754953695e-01 3.992209089402292110e-05 1.966605221112410729e-06 1.979049455141739487e-06 4.588126394455419108e-06 4.828553336723339826e-06 8.030909345919808289e-06 7.055715425632682366e-06
7.020683801686443681e-01 3.658800463683861817e-05 1.850480444840023862e-06 1.841080958271016450e-06 4.297672932597438613e-06 4.488069823140218443e-06 7.312657812737739598e-06 6.661098877204481912e-06
7.112939830617935888e-01 3.362947195254106640e-05 1.702961011466061839e-06 1.703797990489375202e-06 3.939062960175902068e-06 4.196031705332829167e-06 6.661428175706529350e-06 6.304794733132797430e-06
7.205195859549425874e-01 3.099848193956612590e-05 1.584721412888137344e-06 1.570094095411286037e-06 3.614618892427414951e-06 3.934689519462217819e-06 6.068844535553561130e-06 5.982569439315509508e-06
7.297451888480916971e-01 2.863947612941775421e-05 1.467812786208018752e-06 1.448480626954109352e-06 3.328012667764399424e-06 3.697874260699735618e-06 5.597050495343130344e-06 5.687820870398694695e-06
7.389707917412406957e-01 2.653900482930087032e-05 1.390729400445565595e-06 1.346768947240127568e-06 3.067442719072051283e-06 3.585762589358438261e-06 5.244882663826698932e-06 5.421267597644304257e-06
7.481963946343899163e-01 2.465253181961697392e-05 1.297947087647328962e-06 1.285777898500804539e-06 2.847076452977414130e-06 3.349320043555420071e-06 4.914795217740412520e-06 5.177778230803213198e-06
7.574219975275389150e-01 2.295846301915277285e-05 1.252877839711533168e-06 1.193484463924794549e-06 2.685670236089778289e-06 3.279904850055052217e-06 4.604906150966906131e-06 4.955532074550301547e-06
7.666476004206880246e-01 2.143175543296183688e-05 1.197459800963243161e-06 1.143609202901146995e-06 2.514009732747333071e-06 3.225684697407590727e-06 4.312814419760409773e-06 4.751919232117554273e-06
7.758732033138370232e-01 2.005721790306344302e-05 1.163618409641995426e-06 1.159511068464132968e-06 2.305272367508019027e-06 3.175059242018763957e-06 4.037785217238332798e-06 4.565687719203831061e-06
7.850988062069861328e-01 1.881668117452252984e-05 1.128011738907033431e-06 1.149090812945713830e-06 2.156066321925999822e-06 3.114091304694674775e-06 3.777578293246444213e-06 4.408515280167198973e-06
7.943244091001351315e-01 1.769403117915256253e-05 1.083690333098895201e-06 1.122479616521228937e-06 2.072701422911340477e-06 3.014998386016827799e-06 3.530424586907511249e-06 4.306211865357408629e-06
8.035500119932843521e-01 1.667856442275285789e-05 1.060385885187549595e-06 1.066375856467256567e-06 2.004419468864861853e-06 2.973096240436435718e-06 3.295514050620028092e-06 4.212030522027847100e-06
8.127756148864333507e-01 1.575850872117319935e-05 1.049198720141361819e-06 1.022978915066804695e-06 1.912690365077619569e-06 2.930474515284958958e-06 3.071955137870374398e-06 4.060717352704751090e-06
8.220012177795824604e-01 1.492664653391954879e-05 1.038696075007855549e-06 9.959969334438902266e-07 1.815633833403880814e-06 2.877722379856956325e-06 2.858873136682225558e-06 3.920491183091481973e-06
8.312268206727314590e-01 1.417068304994495370e-05 1.022495484500201841e-06 9.648271409713683240e-07 1.703518047748422013e-06 2.838876575157768658e-06 2.701913740568294515e-06 3.832313074365187585e-06
8.404524235658805686e-01 1.348332241029282937e-05 9.942354787367000193e-07 9.811331662981869856e-07 1.663913027941177480e-06 2.810796655245840817e-06 2.558422242234911819e-06 3.750912549972122400e-06
8.496780264590296783e-01 1.285998569997153029e-05 9.943952339996785841e-07 9.916838528126963959e-07 1.614542633894163051e-06 2.788084855938267976e-06 2.391456315347742522e-06 3.676177538951251136e-06
8.589036293521787879e-01 1.229384482276948973e-05 9.773017548878948287e-07 9.980151755413583506e-07 1.582280994986437164e-06 2.768566172210879604e-06 2.293097648009984882e-06 3.607488060639484539e-06
8.681292322453277865e-01 1.178060977119626970e-05 9.624870962652749286e-07 1.026516593460496859e-06 1.561565409433551057e-06 2.751031189858810897e-06 2.201424681685701826e-06 3.544621927711912916e-06
8.773548351384768962e-01 1.131305256628100428e-05 9.733290677131544648e-07 1.033561485102265344e-06 1.559358127362263382e-06 2.736348740491400814e-06 2.089188477837447780e-06 3.486763696323629937e-06
8.865804380316258948e-01 1.088991306667620025e-05 9.852116154918447166e-07 1.048568531839906743e-06 1.534151181535085436e-06 2.682403407671734511e-06 2.070191986804072748e-06 3.464823695927054197e-06
8.958060409247751155e-01 1.050718735009728345e-05 9.806457388832115057e-07 1.049176722843977801e-06 1.518998437233768736e-06 2.672227388921784712e-06 2.002479776122785264e-06 3.487433348666091578e-06
9.050316438179241141e-01 1.015865642581763629e-05 9.777511389747237753e-07 1.058663573156528746e-06 1.515349987482515580e-06 2.660277576524695132e-06 1.892315718302253673e-06 3.511550345187267287e-06
9.142572467110732237e-01 9.843675661318312435e-06 9.885603587729816552e-07 1.086803422864550690e-06 1.502199831538943891e-06 2.638174028427375363e-06 1.878829831054232150e-06 3.537513086543653533e-06
9.234828496042222223e-01 9.559533688804826919e-06 1.000816964121460219e-06 1.154879484676320508e-06 1.504469234978244861e-06 2.645010282600790209e-06 1.888299434490563842e-06 3.516660442437050373e-06
9.327084524973712210e-01 9.303956814833729054e-06 1.011353205445611903e-06 1.187914420809626590e-06 1.509404098583314049e-06 2.654087982258606309e-06 1.900690098274147871e-06 3.493256687101711062e-06
9.419340553905202196e-01 9.073730190510835065e-06 1.027997857698189249e-06 1.214051499687734300e-06 1.506142615982886837e-06 2.641492110818847504e-06 1.915731375581240071e-06 3.473015656856916629e-06
9.511596582836694402e-01 8.868764169105144366e-06 1.053197892860078006e-06 1.229788053022438148e-06 1.520287474802984440e-06 2.632528630708630817e-06 1.933465521343536201e-06 3.456277844095690097e-06
9.603852611768185499e-01 8.684667989448453834e-06 1.073347189911499282e-06 1.259476888707869232e-06 1.540113918350610405e-06 2.660151911241791594e-06 1.953524840543897133e-06 3.442281651284523969e-06
9.696108640699675485e-01 8.522953598051889230e-06 1.098926958580283145e-06 1.280759876992303560e-06 1.561093045055012506e-06 2.677225846311553453e-06 1.976070270050611448e-06 3.431702401624125459e-06
9.788364669631165471e-01 8.378668714092876889e-06 1.124737532496040062e-06 1.300389397686780080e-06 1.580185043606062008e-06 2.697344254776927641e-06 2.000715702885812403e-06 3.423355077732005561e-06
9.880620698562656568e-01 8.258727154169684677e-06 1.145700442736855571e-06 1.325284326595907943e-06 1.604735383654682130e-06 2.714276257475311007e-06 2.028124194724593063e-06 3.419659540016958271e-06
9.972876727494148774e-01 8.145247713527068082e-06 1.168762418229511599e-06 1.349331937906039021e-06 1.630465109411860725e-06 2.711749925837264499e-06 2.056718072673315441e-06 3.415851639110927641e-06
1.006513275642563876e+00 8.052767137529827487e-06 1.193596517234806704e-06 1.375343839418896420e-06 1.657853704086226712e-06 2.725208289530482834e-06 2.087904668628780874e-06 3.416267882118922550e-06
1.015738878535712875e+00 7.975618505296804608e-06 1.216654355184833866e-06 1.401271224327252284e-06 1.686544084836665374e-06 2.752090257185982179e-06 2.121089196566328867e-06 3.449420735741141017e-06
1.024964481428862095e+00 7.912834588843037039e-06 1.243753976855364125e-06 1.463611223416142632e-06 1.716715675233541612e-06 2.768859979627370685e-06 2.156352694878484910e-06 3.494126133731775443e-06
1.034190084322011094e+00 7.862970958854530710e-06 1.273535428080932244e-06 1.520503789194128275e-06 1.751124799290356877e-06 2.784349815561491085e-06 2.193615380730779311e-06 3.536841641704420897e-06
1.043415687215160093e+00 7.826593617762527631e-06 1.305055334376920744e-06 1.573599336879275874e-06 1.786973631315469542e-06 2.845901643533968158e-06 2.232941473535780770e-06 3.541681519245056682e-06
1.052641290108309091e+00 7.802086639885042428e-06 1.337188900901061425e-06 1.611495263121512825e-06 1.824468801048201121e-06 2.908257146609213142e-06 2.274291888004977786e-06 3.582549971990984618e-06
1.061866893001458312e+00 7.789563681490853684e-06 1.371528817140050277e-06 1.648600554536537645e-06 1.858713186638998971e-06 2.963116852342922336e-06 2.317736515853293644e-06 3.640217951012535982e-06
1.071092495894607532e+00 7.788194398705534862e-06 1.405688743527433310e-06 1.681790077667783029e-06 1.890503546803311535e-06 2.995481260083060631e-06 2.363227505836478726e-06 3.742880777168309922e-06
1.080318098787756531e+00 7.798174591124008997e-06 1.441377958625594141e-06 1.725450772688523837e-06 1.929669888736644607e-06 3.030234509695283548e-06 2.410953810278911250e-06 3.798455095577570150e-06
1.089543701680905530e+00 7.818568549762284901e-06 1.475782126633547696e-06 1.757870605384012261e-06 1.965853396882182301e-06 3.067693419674791581e-06 2.460785119720228863e-06 3.855985202737481425e-06
1.098769304574054528e+00 7.849384826150203066e-06 1.512417267011658745e-06 1.794359182645768263e-06 2.012410203782159806e-06 3.107289051081870894e-06 2.512889015180127245e-06 3.915696388644087741e-06
1.107994907467203749e+00 7.891302589366314767e-06 1.549901085938281894e-06 1.821352681673582435e-06 2.058023698601926834e-06 3.157423951053611043e-06 2.567441067396077873e-06 3.977974084456671332e-06
1.117220510360352748e+00 7.942827878899580448e-06 1.589389948862562386e-06 1.865231059675293269e-06 2.104584762981232327e-06 3.222215076218357777e-06 2.624393072493578046e-06 4.042548840432205310e-06
1.126446113253501746e+00 8.004400175598201211e-06 1.631747380004274455e-06 1.929222078864431779e-06 2.153140061726593470e-06 3.288088953555044562e-06 2.682104972110445419e-06 4.109724254133914119e-06
1.135671716146650967e+00 8.076339741678004270e-06 1.674660890389788933e-06 1.998230234753823717e-06 2.203713182079326680e-06 3.346155424307686747e-06 2.739798795415138873e-06 4.195448207233334447e-06
1.144897319039799966e+00 8.158606902320486730e-06 1.716827692923533039e-06 2.045414189040803746e-06 2.256461170975592094e-06 3.431159618196005242e-06 2.800426062686266305e-06 4.341844114236745942e-06
1.154122921932948964e+00 8.251509806991523110e-06 1.762717979454977155e-06 2.091309393874245018e-06 2.311633238281906647e-06 3.506487148643259457e-06 2.864221041436688708e-06 4.492062061190283480e-06
1.163348524826097963e+00 8.354661284058937805e-06 1.810331731110125577e-06 2.147254753080046569e-06 2.369216356358563180e-06 3.583789150115703138e-06 2.931145856305499467e-06 4.645819407497733758e-06
1.172574127719247183e+00 8.468773790974542032e-06 1.857536926929164559e-06 2.205341988806233208e-06 2.429478531373089570e-06 3.640037120214306811e-06 3.001593419542892361e-06 4.804039335735721111e-06
1.181799730612396404e+00 8.594281187781142755e-06 1.905103238010967250e-06 2.298944736120704516e-06 2.492546863663579711e-06 3.707407130021352530e-06 3.075732859515122156e-06 4.966968968478860047e-06
1.191025333505545403e+00 8.730957177617329379e-06 1.961601978486305508e-06 2.369258080192130682e-06 2.558132479183911913e-06 3.812334228605664956e-06 3.153598126904003484e-06 5.134506397037550608e-06
1.200250936398694401e+00 8.880304233672228984e-06 2.016934479092455702e-06 2.423512359962923368e-06 2.622943875765027381e-06 3.902258624146161188e-06 3.236012720283438821e-06 5.237253948033976235e-06
1.209476539291843622e+00 9.042564103934039698e-06 2.073328295710483567e-06 2.480247038975747379e-06 2.697023965001627338e-06 3.987132647635073820e-06 3.322838020258755051e-06 5.327430403129681888e-06
1.218702142184992621e+00 9.218373555245893252e-06 2.135168753738455133e-06 2.551479562599699565e-06 2.773232137314069634e-06 4.076223854635044700e-06 3.414641148823309319e-06 5.452929914194302381e-06
1.227927745078141619e+00 9.408579001106341137e-06 2.197202886140243663e-06 2.638449510745426515e-06 2.859767254431901394e-06 4.169795973297617711e-06 3.511743550705961713e-06 5.629278196197676036e-06
1.237153347971290618e+00 9.613883243537437180e-06 2.264594621652240951e-06 2.749769318051580283e-06 2.947069761465732614e-06 4.296558122209134974e-06 3.614644897848503187e-06 5.813256441111726779e-06
1.246378950864439838e+00 9.836699093525877205e-06 2.337244188865073089e-06 2.847661217260834576e-06 3.040224064064029941e-06 4.414580786826926523e-06 3.724191328542688660e-06 6.005912550311419667e-06
1.255604553757589059e+00 1.007601596454955546e-05 2.407859713800396300e-06 2.949325563964874241e-06 3.138457881289102188e-06 4.582785838438126165e-06 3.840197971696802801e-06 6.206854819771300082e-06
1.264830156650738058e+00 1.033597884236375314e-05 2.485047911756050359e-06 3.055306792910464985e-06 3.243162240698200746e-06 4.695972168365869382e-06 3.964277510659461147e-06 6.418871208031487840e-06
1.274055759543887056e+00 1.061656718733063402e-05 2.569795279361167936e-06 3.196462922381633853e-06 3.354477258193409926e-06 4.813759627825034393e-06 4.096566495000029639e-06 6.641863137871076291e-06
1.283281362437036055e+00 1.092100488156971473e-05 2.662080133033552806e-06 3.318801742285127448e-06 3.473505766804687044e-06 4.963005428692267701e-06 4.238430168768829892e-06 6.878082626266851511e-06
1.292506965330185276e+00 1.125130515686476286e-05 2.760325113804305643e-06 3.420409788889824032e-06 3.601000352615248653e-06 5.143937172336284522e-06 4.390784072134796176e-06 7.128797873753700560e-06
1.301732568223334052e+00 1.161123640361038287e-05 2.866010202475914478e-06 3.542905744048299591e-06 3.738041368824599034e-06 5.339228870324454664e-06 4.555003031490924303e-06 7.395763318160798734e-06
1.310958171116483273e+00 1.200259804815063865e-05 2.981004012012231652e-06 3.668894287782415199e-06 3.885643447415518221e-06 5.550478441873186451e-06 4.732265799136293230e-06 7.680993285249075879e-06
1.320183774009632494e+00 1.243052302214068424e-05 3.102650377918646880e-06 3.845033968658704497e-06 4.045358231004877265e-06 5.802599104629302564e-06 4.924563943031781102e-06 7.987263018129231874e-06
1.329409376902781492e+00 1.289989907148367578e-05 3.236003454243566919e-06 3.987098470266401255e-06 4.220352742316986155e-06 6.050194880356539211e-06 5.133834051523251894e-06 8.314388969192835176e-06
1.338634979795930713e+00 1.341557115609151250e-05 3.382900175423277336e-06 4.140159709168854364e-06 4.420102879618327489e-06 6.307575631071347893e-06 5.362345146905954642e-06 8.653188097149391123e-06
1.347860582689079489e+00 1.398559440828828896e-05 3.543031722200343074e-06 4.324477567850168978e-06 4.639561297156923986e-06 6.639088971994269726e-06 5.613368934204718204e-06 9.025570608488731798e-06
1.357086185582228710e+00 1.461687290529188930e-05 3.719760566162858012e-06 4.563201670511836719e-06 4.881501521689557335e-06 7.002055634431869964e-06 5.889938952516230141e-06 9.436237123671703536e-06
1.366311788475377931e+00 1.532018201504954969e-05 3.918262556025629042e-06 4.810273264883124943e-06 5.149809085851374035e-06 7.402105798697344329e-06 6.196474715526704313e-06 9.891850109981616606e-06
1.375537391368526707e+00 1.610741128315581732e-05 4.137310177841176708e-06 5.087329615814047731e-06 5.448993432221403130e-06 7.842148770137929515e-06 6.538026051258021134e-06 1.039990298072756441e-05
1.384762994261675928e+00 1.699405728745952238e-05 4.381929820998534629e-06 5.376091414174533317e-06 5.784777123215985138e-06 8.307280551785032179e-06 6.921042286328369866e-06 1.097005167972777320e-05
1.393988597154824927e+00 1.799863661749682642e-05 4.656390749116122511e-06 5.699774458268937549e-06 6.164015562606058106e-06 8.827700983064241580e-06 7.353343465097402843e-06 1.161385253511963003e-05
1.403214200047974147e+00 1.914527069515778064e-05 4.968044955617916713e-06 6.105427169297840295e-06 6.587341386780924999e-06 9.392991182265808352e-06 7.844968652137624705e-06 1.234637313132401902e-05
1.412439802941123368e+00 2.046438889816758829e-05 5.331798797823321222e-06 6.593803310672099275e-06 7.061898116143431941e-06 1.001234217821405047e-05 8.408670399720988032e-06 1.316331085763560138e-05
1.421665405834272145e+00 2.199495185162241362e-05 5.753601717879953351e-06 7.174837314475595389e-06 7.609824372589815586e-06 1.076143341072179390e-05 9.060731933662897331e-06 1.402272487255995487e-05
1.430891008727421365e+00 2.378933182648467084e-05 6.222550316780086976e-06 7.826577919121848869e-06 8.250652399374043251e-06 1.168512084548951163e-05 9.822957953803496361e-06 1.501314526119479138e-05
1.440116611620570364e+00 2.591546834298974109e-05 6.795263361729734499e-06 8.522718532083811834e-06 9.007235688697247660e-06 1.275696097827976959e-05 1.072381630624654185e-05 1.616651209917919753e-05
1.449342214513719362e+00 2.846725359076383966e-05 7.494524470012060082e-06 9.322345401953203796e-06 9.911885844818218392e-06 1.395800955284639592e-05 1.180234994862331882e-05 1.752642911130415583e-05
1.458567817406868583e+00 3.157288756716292258e-05 8.332447236395115330e-06 1.029162617561583492e-05 1.100861686441094493e-05 1.542476602782552234e-05 1.311206271827688731e-05 1.915180593209010745e-05
1.467793420300017582e+00 3.541435136290028556e-05 9.354714016846697950e-06 1.150048471485324474e-05 1.235887633268886190e-05 1.729776170178646045e-05 1.472870871549120591e-05 2.112545135300163354e-05
1.477019023193166802e+00 4.025283656331600935e-05 1.063462254493637146e-05 1.309917663524338299e-05 1.405116026009804373e-05 1.975215169530604588e-05 1.676105156339169014e-05 2.356511477202076049e-05
1.486244626086316023e+00 4.647289833145107487e-05 1.227681181100257211e-05 1.512556395270762760e-05 1.621286979597629869e-05 2.286551730722236994e-05 1.936919730672274881e-05 2.712959300987924285e-05
1.495470228979464800e+00 5.465384854866643834e-05 1.442382008743370585e-05 1.780566356063921892e-05 1.903097943123031844e-05 2.695930447564946652e-05 2.279411143575892128e-05 3.207779339488310821e-05
1.504695831872614020e+00 6.568094034738200071e-05 1.731026238396323879e-05 2.148550760901463792e-05 2.278514946220904077e-05 3.239454849394344231e-05 2.740376224988865092e-05 3.873291707770542321e-05
1.513921434765763019e+00 8.090879352796148509e-05 2.127563480765319603e-05 2.583984180387771125e-05 2.810572823503419487e-05 3.998131990609078961e-05 3.376001839658144719e-05 4.754343172645124203e-05
1.523147037658912017e+00 1.023042659256053768e-04 2.686390584830344831e-05 3.227605068460652330e-05 3.542119765752890607e-05 5.057987601510614248e-05 4.266810673714060238e-05 6.024202236942508893e-05
1.532372640552061016e+00 1.321887211427860730e-04 3.478917443516991678e-05 4.122805817256307227e-05 4.555755304702272619e-05 6.568052383560600387e-05 5.503033990922418721e-05 7.871978840537867785e-05
1.541598243445210237e+00 1.708681095774489665e-04 4.526184598517809577e-05 5.313506799198546710e-05 5.885820201290064093e-05 8.417507102448321002e-05 7.105109932113387204e-05 1.019937676701415500e-04
1.550823846338359457e+00 2.085491454116686393e-04 5.551518730346018983e-05 6.505896852428084878e-05 7.284214370663230588e-05 1.018264723315407929e-04 8.689726953825879655e-05 1.264743507197600193e-04
1.560049449231508456e+00 2.175627012643136828e-04 5.718535743005914457e-05 6.822687365284178253e-05 7.578182708872517040e-05 1.062832453116150684e-04 9.011640300084406991e-05 1.336564853104120650e-04
1.569275052124657455e+00 1.810982364199759695e-04 4.688439368060826149e-05 5.593336958431026676e-05 6.267243852261944752e-05 8.865882740763751234e-05 7.389998920992159543e-05 1.081537980650359510e-04
1.578500655017806453e+00 1.263299515311418599e-04 3.193844079335051486e-05 3.833892573708576833e-05 4.286816500875020430e-05 6.153700690147025749e-05 5.046804111114006454e-05 7.579906922904915329e-05
1.587726257910955674e+00 8.178223616557236562e-05 2.023569144379443099e-05 2.430417028856000309e-05 2.717491893766108045e-05 3.951314424028205087e-05 3.204848715290794039e-05 5.031087647811293166e-05
1.596951860804104451e+00 5.251658895569563798e-05 1.277012253212374466e-05 1.521099234022716014e-05 1.722377776050333404e-05 2.513965160715906299e-05 2.006112859422279110e-05 3.137931674027255884e-05
1.606177463697253671e+00 3.434457441480973252e-05 8.223119156444435348e-06 9.854485740373908922e-06 1.122369217779181286e-05 1.656021618344018207e-05 1.302586840908930623e-05 2.117206016728066960e-05
1.615403066590402892e+00 2.301981841883029973e-05 5.409720042175127156e-06 6.497080318756429205e-06 7.455723073502856129e-06 1.109885981531930280e-05 8.620670382434926672e-06 1.456010619368388642e-05
1.624628669483551890e+00 1.580549195732457038e-05 3.660563008325939770e-06 4.324456538828159731e-06 5.066607988107184904e-06 7.696204399696406426e-06 5.886755882913326785e-06 1.044009719734936138e-05
1.633854272376701111e+00 1.108750457330028557e-05 2.523767712130743835e-06 2.913140054180090146e-06 3.531383560305533523e-06 5.537997272845807730e-06 4.211701996971646623e-06 7.584921768925686079e-06
1.643079875269850110e+00 7.927601545077207174e-06 1.771522120262508730e-06 2.085355607994193890e-06 2.458223756531519757e-06 3.996328671503817416e-06 3.051375878588525348e-06 5.411628905142313524e-06
1.652305478162999108e+00 5.766734531440531878e-06 1.254474179939371451e-06 1.508423188024729631e-06 1.860674598058518331e-06 3.102454679155746459e-06 2.336452493095420728e-06 4.065168716245919154e-06
1.661531081056148329e+00 4.268277573961457072e-06 9.040552968719797546e-07 1.111332894740404154e-06 1.397147141003857751e-06 2.462626107779043184e-06 2.363276835602937352e-06 3.172264757590306634e-06
1.670756683949297106e+00 3.215802701820478611e-06 6.698509200582377320e-07 8.298788414619604353e-07 1.140527870368548283e-06 1.964704549805169927e-06 2.348566901104136719e-06 2.529175899393077279e-06
1.679982286842446326e+00 2.473300970116021091e-06 5.064580684092000052e-07 6.497589405422275414e-07 1.020299164066077605e-06 1.593888348648821921e-06 2.169079027722899801e-06 2.051663955126225687e-06
1.689207889735595547e+00 1.949829521062379099e-06 3.989812896205771077e-07 5.164816076878910564e-07 9.360116023773895636e-07 1.331253287672365355e-06 2.054223676217281396e-06 1.651876964058669622e-06
1.698433492628744546e+00 1.582834761724108037e-06 3.390488182048931496e-07 4.124041246078126232e-07 9.075809436287011103e-07 1.151994889201777787e-06 1.920373509847077635e-06 1.348337753376481281e-06
1.707659095521893766e+00 1.330157526038359018e-06 2.918174910625204873e-07 3.565001550508873332e-07 8.401749952572274412e-07 1.022210976075175378e-06 1.776274375349689662e-06 1.184170503932493562e-06
1.716884698415042543e+00 1.161763221821417327e-06 2.566814046836749179e-07 3.161047500733058348e-07 7.829188148233249297e-07 9.231888306493431215e-07 1.627306754192287288e-06 1.076318614750812275e-06
1.726110301308191763e+00 1.055975930537708866e-06 2.432194064628930693e-07 3.215778836229929926e-07 7.114073539180307946e-07 8.807077505131389589e-07 1.537728583799272929e-06 9.710492212631632202e-07
1.735335904201340984e+00 9.972364867098550744e-07 2.363258559177949778e-07 3.078794192193011031e-07 6.243886345216261453e-07 8.522916962876577112e-07 1.418233654837416723e-06 9.162183202710585652e-07
1.744561507094489761e+00 9.738498710058314616e-07 2.386267673430620402e-07 3.335817835560348403e-07 6.013578072439114142e-07 8.347400366716676866e-07 1.267649081723532579e-06 9.163523474077833265e-07
1.753787109987638981e+00 9.777617506562647531e-07 2.523658737429854191e-07 3.537849316589301990e-07 5.768807615118420212e-07 8.471895724868171388e-07 1.285275540837202283e-06 9.423801925135566122e-07
1.763012712880787980e+00 1.002366788868075512e-06 2.680727025169523591e-07 3.611988845797692833e-07 5.553060409320245466e-07 8.793514276088446199e-07 1.114944571695459910e-06 9.559013408141731712e-07
1.772238315773937201e+00 1.042668278155892926e-06 2.960664492537310088e-07 3.986557452776463568e-07 5.304830513128648268e-07 9.087474803238224414e-07 1.089987279154946107e-06 1.003366998549653583e-06
1.781463918667086421e+00 1.095144241313373156e-06 3.136246053525622714e-07 3.914833409537150544e-07 4.975835560712470858e-07 9.603489551154200589e-07 1.019314577628752100e-06 1.063224531560205554e-06
1.790689521560235198e+00 1.156577555672783099e-06 3.349866634217796084e-07 4.267776973564498585e-07 4.992665093895222742e-07 9.971889562305955307e-07 9.601490373837760492e-07 1.121022025729249524e-06
1.799915124453384419e+00 1.225396988434318930e-06 3.675848760684704038e-07 4.715282989054714521e-07 5.278442448412809946e-07 1.043974094156208253e-06 1.035894422387834781e-06 1.180508799441935005e-06
1.809140727346533417e+00 1.299289102572163405e-06 3.954968237118397962e-07 4.990603423237377327e-07 5.539773537329221722e-07 1.113882177093426968e-06 1.015189592315406035e-06 1.258910316037363122e-06
1.818366330239682416e+00 1.377052798055518560e-06 4.265200258004202692e-07 5.244359168966894711e-07 6.029637885375187675e-07 1.181571130179232312e-06 9.936205853012649800e-07 1.336075324543334434e-06
1.827591933132831414e+00 1.457609753164060903e-06 4.573605863795626854e-07 5.752397479468419000e-07 6.438021188235052717e-07 1.264385547607906760e-06 9.714962006291833957e-07 1.414277457060120727e-06
1.836817536025980635e+00 1.540186369311423614e-06 4.934912200869266890e-07 6.074186408275615248e-07 6.882396483828494368e-07 1.327060443671559000e-06 1.007778457285112140e-06 1.493769874198334440e-06
1.846043138919129634e+00 1.624102462936819791e-06 5.246459845435024690e-07 6.528307931910975361e-07 7.367838784073077001e-07 1.379482548233015687e-06 1.051190724556565031e-06 1.569996677054748523e-06
1.855268741812278410e+00 1.708809891413887868e-06 5.610243349696606356e-07 7.022626916783326880e-07 7.814220731711622449e-07 1.438304956922979443e-06 1.094604845919364658e-06 1.643768832723235541e-06
1.864494344705427187e+00 1.793866586622947005e-06 5.946782761703615877e-07 7.519241583160927057e-07 8.265234318981514094e-07 1.503358160204899949e-06 1.137936165707081871e-06 1.731062972695957393e-06
1.873719947598576185e+00 1.878957874930078812e-06 6.269536932522099248e-07 7.955966290286242125e-07 8.652053888895616794e-07 1.569743714513324782e-06 1.181155139303003186e-06 1.804285364558086169e-06
1.882945550491724962e+00 1.963840510305672100e-06 6.632251730597840125e-07 8.379094160859712130e-07 9.165308003812503293e-07 1.635452137166876045e-06 1.224217103433591467e-06 1.876056326721905739e-06
1.892171153384873961e+00 2.048394636418486550e-06 6.988303464041229687e-07 8.804705037606217366e-07 9.669837671009056589e-07 1.699721302820185378e-06 1.267146880708386279e-06 1.947229532584933157e-06
1.901396756278022737e+00 2.132348859133918658e-06 7.317240552650601499e-07 9.118219064711317429e-07 1.013052142163650071e-06 1.764279860425300948e-06 1.309868351426674652e-06 2.025585630423077603e-06
1.910622359171171736e+00 2.215641124744099922e-06 7.651628647583611612e-07 9.577186963526314728e-07 1.058870103774646155e-06 1.829850768304519750e-06 1.352411278332385895e-06 2.102675325195335500e-06
1.919847962064320512e+00 2.298248756566558438e-06 7.980115889275878189e-07 1.006682251883510128e-06 1.104379064875917022e-06 1.891013908490272231e-06 1.397209310932338946e-06 2.178654414606262152e-06
1.929073564957469289e+00 2.379923680271294277e-06 8.310845079574752359e-07 1.049932465684775343e-06 1.151510228366295744e-06 1.955143347709338783e-06 1.454792995125927254e-06 2.253391363597217524e-06
1.938299167850618288e+00 2.460622549087327140e-06 8.624416796586838305e-07 1.090073737493627796e-06 1.198598049754603722e-06 2.018222276291035359e-06 1.511603859370140036e-06 2.326918323786668918e-06
1.947524770743767064e+00 2.540569474254277056e-06 8.973465824993670704e-07 1.135684384144249377e-06 1.245322191517855500e-06 2.080438977585550337e-06 1.567549380190669874e-06 2.404624585161324999e-06
1.956750373636916063e+00 2.619489588951839299e-06 9.325973566839595344e-07 1.185903484349947517e-06 1.291586659064803993e-06 2.141607765167386062e-06 1.622838119282272298e-06 2.495202466887890959e-06
1.965975976530064839e+00 2.697385294736314323e-06 9.650318087240071823e-07 1.224899474940370804e-06 1.327333831660805119e-06 2.201918503594047429e-06 1.677468831019237117e-06 2.583688592515678791e-06
1.975201579423213616e+00 2.774375004555966619e-06 9.977301136375198383e-07 1.256641508160985149e-06 1.371072443088499249e-06 2.261493178955449668e-06 1.731529641263675972e-06 2.667916645953447003e-06
1.984427182316362615e+00 2.851370782365331265e-06 1.029821948729132597e-06 1.294308624700612065e-06 1.414850353950009287e-06 2.320022645678406585e-06 1.785037039909545310e-06 2.736786127749371706e-06
1.993652785209511391e+00 2.925547712571050608e-06 1.060193092388149843e-06 1.333903733303101147e-06 1.457304268528104956e-06 2.376687711862159729e-06 1.838032144497962779e-06 2.802521617049954424e-06
2.002878388102660168e+00 2.999655211529239844e-06 1.090653535088733161e-06 1.373148102151327976e-06 1.500326480862106512e-06 2.432635418280512489e-06 1.837266755654947442e-06 2.868421766371516174e-06
2.012103990995809166e+00 3.072873698804410601e-06 1.125915460930999173e-06 1.412910845669879512e-06 1.543851294479460332e-06 2.488170565187054107e-06 1.880825218143134227e-06 2.933508522015457663e-06
2.021329593888958165e+00 3.145180435417504068e-06 1.156575332202693666e-06 1.453698739496640331e-06 1.586590548631773709e-06 2.543304157459893159e-06 1.931672582984816337e-06 2.997801854363425487e-06
2.030555196782107164e+00 3.216544194462019252e-06 1.187879987122743570e-06 1.487869827584955768e-06 1.629775824152118665e-06 2.598026954358513146e-06 1.982228617988402529e-06 3.061301866160278554e-06
2.039780799675255718e+00 3.287050712399772213e-06 1.218057769077483447e-06 1.525608247548609483e-06 1.672739685294358723e-06 2.652305224366574152e-06 2.032542633059496425e-06 3.124089818592602454e-06
2.049006402568404717e+00 3.356743198806191752e-06 1.248838525120925918e-06 1.560645284539495276e-06 1.715385528146868883e-06 2.706180830604025279e-06 2.082653663147935288e-06 3.186194324075426842e-06
2.058232005461553715e+00 3.425575910857144337e-06 1.280348725037820320e-06 1.599763892273472008e-06 1.755368518100614066e-06 2.758654298625535072e-06 2.132537819108863202e-06 3.247614037384752892e-06
2.067457608354702270e+00 3.493698939204644609e-06 1.310627002355038209e-06 1.642777971618519124e-06 1.797225192019023761e-06 2.808668589771950445e-06 2.182263960364541778e-06 3.308496594160070902e-06
2.076683211247851268e+00 3.560739302838767715e-06 1.341440636702538448e-06 1.681300357461443458e-06 1.840549491628005957e-06 2.858994824211406224e-06 2.231667249043770690e-06 3.368516667514973185e-06
2.085908814141000267e+00 3.627262584900257738e-06 1.371934422745852404e-06 1.719782260234814531e-06 1.880426130623646167e-06 2.912217610939651315e-06 2.280951937720877857e-06 3.428207073115297477e-06
2.095134417034148822e+00 3.692989790201845479e-06 1.400685658180029074e-06 1.754577490886338644e-06 1.921871019977794274e-06 2.965107235220459259e-06 2.302636219499125573e-06 3.487282672121380544e-06
2.104360019927297820e+00 3.757945587013594386e-06 1.430402287897474006e-06 1.791202080270856811e-06 1.963193899294311869e-06 3.017695120374873498e-06 2.317696972962234810e-06 3.545786011460417647e-06
2.113585622820446819e+00 3.822194670486727103e-06 1.460700553105292169e-06 1.827687199311926798e-06 2.004421261046181685e-06 3.070041392599724791e-06 2.342785265794700769e-06 3.603799379123944307e-06
2.122811225713595817e+00 3.885795864642092008e-06 1.490693504531993569e-06 1.862416804442532917e-06 2.045575500650861823e-06 3.122183135960266707e-06 2.394375342629471709e-06 3.661375687377962835e-06
2.132036828606744372e+00 3.948759394902863511e-06 1.520411967289766354e-06 1.898220262705025237e-06 2.086108824401204838e-06 3.174108494201448921e-06 2.445821199707978806e-06 3.718500233235048628e-06
2.141262431499893371e+00 4.011038687338854317e-06 1.551555710020820236e-06 1.934185120104557605e-06 2.122644962038299502e-06 3.225791743230608854e-06 2.497115531676987587e-06 3.775133940581471126e-06
2.150488034393042369e+00 4.072705496051071446e-06 1.580031037470481854e-06 1.974713499663455780e-06 2.165523756584334199e-06 3.279296196616287469e-06 2.548250837894090799e-06 3.831391635201663834e-06
2.159713637286190924e+00 4.133889739885743703e-06 1.610970796049248885e-06 2.017539273313403258e-06 2.208352970606048023e-06 3.331243828657212579e-06 2.599317988570545583e-06 3.887335797213428771e-06
2.168939240179339922e+00 4.194315186903463600e-06 1.636863513181127453e-06 2.054677268357064742e-06 2.250384278157725600e-06 3.383730407038055258e-06 2.650221840446248378e-06 3.942737226976777751e-06
2.178164843072488921e+00 4.254198390826003820e-06 1.667704080050947035e-06 2.097916052866636738e-06 2.291235624917440684e-06 3.438036295166080291e-06 2.701027585702335647e-06 3.997805363782113110e-06
2.187390445965637920e+00 4.313608841764543660e-06 1.695427792732037127e-06 2.138001965383344177e-06 2.332065815424456955e-06 3.489810288267774722e-06 2.751764101870311708e-06 4.052604567301330392e-06
2.196616048858786474e+00 4.372461287901652943e-06 1.724494558750114719e-06 2.177640088026773717e-06 2.372732968214583421e-06 3.539521033871436934e-06 2.802469873150662746e-06 4.106959136060130677e-06
2.205841651751935473e+00 4.430809996093186588e-06 1.753571748645993105e-06 2.216118027119647332e-06 2.412792370829818765e-06 3.589128823145640669e-06 2.853094205597399520e-06 4.161037466772968190e-06
2.215067254645084471e+00 4.488684590315827362e-06 1.782640272892245939e-06 2.254487666871177744e-06 2.452795398912581521e-06 3.638633768548495631e-06 2.903657885738452058e-06 4.214855161411749869e-06
2.224292857538233026e+00 4.546094457089281601e-06 1.811684251197858951e-06 2.292843269465201542e-06 2.492732241209875532e-06 3.693847483200632122e-06 2.954236577098492607e-06 4.268303988725537855e-06
2.233518460431382024e+00 4.602988586174963667e-06 1.842109895291672102e-06 2.331093338915984165e-06 2.532598734995263680e-06 3.750452304646450585e-06 3.004753472559855113e-06 4.321446592253449476e-06
2.242744063324531023e+00 4.659505595544145924e-06 1.871706409511415696e-06 2.368823107870628479e-06 2.558915906791605724e-06 3.803854722497669537e-06 3.055283345599719904e-06 4.374365923118639824e-06
2.251969666217680022e+00 4.715460132147325932e-06 1.900922172852482170e-06 2.405410084563437030e-06 2.596342230321213644e-06 3.854502556242950714e-06 3.105202166238272017e-06 4.427949039473616887e-06
2.261195269110828576e+00 4.771027534776187821e-06 1.930937536875199559e-06 2.441092229294217201e-06 2.637298885998664778e-06 3.903591805822496110e-06 3.155788813844943634e-06 4.480091034311428580e-06
2.270420872003977575e+00 4.826315121384376740e-06 1.961050993507303441e-06 2.477953337226665446e-06 2.678330887405163139e-06 3.954825862298013960e-06 3.206442426855919034e-06 4.532067515933063743e-06
2.279646474897126573e+00 4.881202842485856292e-06 1.991113772968532906e-06 2.515726743524880515e-06 2.719401447108345275e-06 4.004557417191586743e-06 3.257376745555665644e-06 4.583266230132059552e-06
2.288872077790275128e+00 4.935658007474101972e-06 2.021967155151115597e-06 2.552999566952618428e-06 2.760489334070256020e-06 4.054668429038545130e-06 3.307797308663618857e-06 4.635213448227126564e-06
2.298097680683424127e+00 4.989743233989932779e-06 2.052362593584923021e-06 2.593437133738034144e-06 2.801629673088054957e-06 4.104373871001639662e-06 3.358514910911034114e-06 4.686405626815156143e-06
2.307323283576573125e+00 5.043498389791129676e-06 2.082072901099429595e-06 2.633891290584967998e-06 2.842865600892720282e-06 4.154060324422683238e-06 3.409290493948529351e-06 4.737384874972288506e-06
2.316548886469722124e+00 5.097029430335450351e-06 2.111574788972571547e-06 2.674403035206314214e-06 2.884359176850726014e-06 4.203785617200565663e-06 3.460172663996989932e-06 4.788228960461217250e-06
2.325774489362870678e+00 5.150116940012928343e-06 2.141121431028708541e-06 2.714496585956583332e-06 2.925880322990368493e-06 4.253429372400451809e-06 3.511069800667322065e-06 4.840447995315892463e-06
2.335000092256019677e+00 5.202916729069409054e-06 2.172086412453062860e-06 2.753011125170303344e-06 2.967484525391073891e-06 4.301492430592380207e-06 3.562047439990880931e-06 4.892936597208613067e-06
2.344225695149168676e+00 5.255246116005666747e-06 2.204668858768374656e-06 2.789981795529507082e-06 3.008767401055231323e-06 4.348827617741761466e-06 3.613130539163701933e-06 4.944954571119108651e-06
2.353451298042317230e+00 5.307521910660902191e-06 2.236793836146105982e-06 2.830004197026174047e-06 3.050012822680090111e-06 4.396570758918298472e-06 3.664206865755952576e-06 4.997320648349821152e-06
2.362676900935466229e+00 5.359459724646846141e-06 2.266701229684454237e-06 2.868538020034269259e-06 3.091749015707124288e-06 4.444125848694333340e-06 3.715450490713222935e-06 5.049311247802772000e-06
2.371902503828615227e+00 5.411109112183870286e-06 2.298832964163746348e-06 2.907083125935835633e-06 3.133576096266310181e-06 4.491663466887941198e-06 3.766788508456576497e-06 5.101126315649393074e-06
2.381128106721764226e+00 5.462495550180018174e-06 2.328776408221663035e-06 2.945648147535047914e-06 3.175504607944042581e-06 4.539445937545971378e-06 3.818232343084408780e-06 5.152784862895973203e-06
2.390353709614912781e+00 5.513529503285963196e-06 2.357488119693033545e-06 2.984193154164307553e-06 3.217502802164089663e-06 4.588245755255203855e-06 3.869741841881722370e-06 5.204218945605327525e-06
2.399579312508061779e+00 5.564422758040985600e-06 2.386626274429867911e-06 3.024043415381774497e-06 3.259649619150840252e-06 4.637106493461655595e-06 3.921417557487260259e-06 5.255580315024737577e-06
2.408804915401210778e+00 5.615078268281312534e-06 2.416659520001232216e-06 3.065891006503310719e-06 3.301910457640151736e-06 4.685981694038858047e-06 3.973214227741885210e-06 5.306797374279611250e-06
2.418030518294359332e+00 5.665499427189201691e-06 2.446715075301733845e-06 3.106328066609967241e-06 3.344281739678156853e-06 4.734864121745368613e-06 4.025138000693844922e-06 5.357865021485328747e-06
2.427256121187508331e+00 5.715598522735548482e-06 2.476670480999739437e-06 3.145206345809608928e-06 3.385939139106279603e-06 4.783708718731788299e-06 4.077148616204973992e-06 5.408716201379621736e-06
2.436481724080657330e+00 5.765579715455515381e-06 2.508546469878475342e-06 3.184135631066048992e-06 3.425815169653075696e-06 4.832897510838734140e-06 4.129341363961636311e-06 5.459501093242823632e-06
2.445707326973806328e+00 5.815369515259412206e-06 2.540822820431863635e-06 3.223109308817031456e-06 3.465754767286539231e-06 4.882857572385550886e-06 4.181680911796359224e-06 5.510158205498362948e-06
2.454932929866954883e+00 5.864946082566337703e-06 2.573199657948944682e-06 3.262028145077496092e-06 3.509218035874737375e-06 4.932726003460907683e-06 4.234155125343757948e-06 5.560673474738545912e-06
2.464158532760103881e+00 5.914310570950786305e-06 2.605676959481871383e-06 3.300894995308196935e-06 3.554296143631152295e-06 4.982607778713594341e-06 4.286777555941384986e-06 5.611032780080068381e-06
2.473384135653252880e+00 5.963512708223801872e-06 2.638269769364004503e-06 3.339924731927094099e-06 3.599563651610391194e-06 5.032551444430808097e-06 4.339564967015396942e-06 5.661283776981899996e-06
2.482609738546401434e+00 6.012519735451235356e-06 2.670968999839608931e-06 3.378550177300054369e-06 3.644439911605559772e-06 5.080628794612211015e-06 4.392508477594863639e-06 5.711387834283957402e-06
2.491835341439550433e+00 6.061356999730003991e-06 2.702875261677125690e-06 3.416513716879067328e-06 3.687944656484928986e-06 5.131165360467169817e-06 4.445618844627750102e-06 5.761365289866516601e-06
2.501060944332699432e+00 6.110010805830387127e-06 2.732855591627038237e-06 3.457834231301484790e-06 3.731556785632557669e-06 5.181743194980353884e-06 4.498891372312294980e-06 5.811201131662947617e-06
2.510286547225848430e+00 6.158615965452508712e-06 2.762805162556592048e-06 3.497194819273562103e-06 3.775349212565828479e-06 5.232442892903290576e-06 4.552393532320682932e-06 5.860990502594905903e-06
2.519512150118996985e+00 6.206949923292946942e-06 2.792831461014445572e-06 3.536562378588652166e-06 3.819253902446932564e-06 5.283128386783439118e-06 4.606017714010316987e-06 5.910564852229347491e-06
2.528737753012145983e+00 6.255252254524124377e-06 2.822995926364598296e-06 3.576052985267290112e-06 3.863363116929783587e-06 5.334060563674233651e-06 4.659881030656690309e-06 5.960100504074837096e-06
2.537963355905294982e+00 6.303271685387465010e-06 2.853232286330444143e-06 3.615549363421157029e-06 3.907581132185457260e-06 5.384818801335445804e-06 4.713865329100248679e-06 6.009397978699381216e-06
2.547188958798443537e+00 6.351271706730973481e-06 2.883610658945195730e-06 3.655175645990444753e-06 3.952010196383018722e-06 5.435795719842978140e-06 4.764499692304374535e-06 6.058657931886378557e-06
2.556414561691592535e+00 6.399125953495448078e-06 2.914099450804845722e-06 3.694870051515269065e-06 3.996602694551879889e-06 5.486829609856400148e-06 4.815183502481228799e-06 6.107781665650086009e-06
2.565640164584741534e+00 6.446828115751884329e-06 2.944988902624983627e-06 3.734634912807148504e-06 4.041356664111125105e-06 5.537913212101358524e-06 4.866030374623405176e-06 6.156752918336873223e-06
2.574865767477890532e+00 6.494464552106380969e-06 2.976189777708615967e-06 3.774502784191869868e-06 4.086306749607204859e-06 5.589103164259036680e-06 4.917077842609999024e-06 6.205646924007541873e-06
2.584091370371039087e+00 6.542036164340559446e-06 3.007530927013421726e-06 3.814482170826763851e-06 4.131453835246267731e-06 5.640395750683690549e-06 4.968329938023888348e-06 6.254449589942003965e-06
2.593316973264188086e+00 6.589395150295314172e-06 3.038973661375865894e-06 3.854210415565880336e-06 4.176740834807434864e-06 5.691605981501842724e-06 5.019718863851710168e-06 6.303038824305460259e-06
2.602542576157337084e+00 6.636732730395455392e-06 3.070569449362633769e-06 3.893624011884555070e-06 4.222243447762302281e-06 5.742837117972108542e-06 5.071333804464523308e-06 6.351563812756977155e-06
2.611768179050485639e+00 6.683977505459422104e-06 3.102301617586620472e-06 3.933129167996751220e-06 4.267934708610393489e-06 5.790604386271651631e-06 5.123141516765159969e-06 6.399967476527268583e-06
2.620993781943634637e+00 6.731109572935584540e-06 3.134162668880877093e-06 3.972719939158954737e-06 4.313807283234512451e-06 5.841690469037731461e-06 5.175134940686370192e-06 6.448223459294540481e-06
2.630219384836783636e+00 6.778237004792018730e-06 3.167426876939142729e-06 4.011251904061284581e-06 4.359904721242864718e-06 5.892893980133900365e-06 5.227365637936455795e-06 6.496413137034852732e-06
2.639444987729932635e+00 6.825166347535406455e-06 3.201127637922677148e-06 4.051480824204344989e-06 4.406151019084944423e-06 5.944110299184112524e-06 5.279741031439630331e-06 6.544383803924510395e-06
2.648670590623081189e+00 6.872104284907063551e-06 3.234993339735045901e-06 4.092490459861763278e-06 4.452628921302381159e-06 5.995448453206321684e-06 5.332346271198585597e-06 6.592281747601121003e-06
2.657896193516230188e+00 6.918958228107573861e-06 3.268997393610613058e-06 4.133575434137531198e-06 4.499302603510279410e-06 6.046858071429386115e-06 5.385143016569389616e-06 6.628684078515381225e-06
2.667121796409379186e+00 6.965720832592526905e-06 3.303138054793592744e-06 4.174185208947378729e-06 4.546169140574277388e-06 6.098326773842508251e-06 5.438138871977939928e-06 6.680681751713531896e-06
2.676347399302527741e+00 7.012413867887701106e-06 3.337421605219372992e-06 4.214888776625681240e-06 4.593238551436184804e-06 6.149872698414489687e-06 5.491343776005013405e-06 6.725702234395234140e-06
2.685573002195676739e+00 7.059114636789414419e-06 3.371871175734290325e-06 4.255730114537895933e-06 4.640542621283779119e-06 6.201535721139150704e-06 5.544795977027695395e-06 6.768538149631058049e-06
2.694798605088825738e+00 7.105749503913088919e-06 3.406465585605442536e-06 4.296676028966970009e-06 4.688051907245028192e-06 6.253266739989564518e-06 5.598461689254153187e-06 6.811153140728739670e-06
2.704024207981974737e+00 7.152323489386087869e-06 3.441206068312941158e-06 4.337925095014961654e-06 4.735769806339041446e-06 6.305077408441112938e-06 5.652342004018459792e-06 6.853566444244108699e-06
2.713249810875123291e+00 7.198833667726375489e-06 3.476092288261151727e-06 4.379723427495675352e-06 4.783695394206442743e-06 6.356956773556037400e-06 5.706437830602915001e-06 6.895760171480032788e-06
2.722475413768272290e+00 7.245367256526401257e-06 3.511150503652942192e-06 4.425409062847443823e-06 4.831864866203418866e-06 6.399962145647254226e-06 5.760791739149030119e-06 6.937804102863798843e-06
2.731701016661421288e+00 7.291839278344019653e-06 3.546355522558004827e-06 4.468514961419529521e-06 4.880244361459843779e-06 6.446176698253136824e-06 5.815363164820658080e-06 6.979620138774637939e-06
2.740926619554569843e+00 7.338263506823932744e-06 3.581711610251108343e-06 4.510786068251854174e-06 4.928839897551622080e-06 6.497911356276574235e-06 5.869065112599550171e-06 7.021212377687092067e-06
2.750152222447718842e+00 7.384746011965462484e-06 3.615810494018588477e-06 4.552636360651525897e-06 4.977696679648389455e-06 6.549626561620378833e-06 5.919884899654534781e-06 7.062670133101610203e-06
2.759377825340867840e+00 7.431041449740358878e-06 3.649603070829258896e-06 4.594657061185679167e-06 5.026712297207831933e-06 6.601054214988371755e-06 5.970861603107393219e-06 7.110844898462750814e-06
